0 0.43559322033898307 0.4107981220657277 0.003389830508474576 0.007042253521126761
0 0.44689265536723166 0.4107981220657277 0.003389830508474576 0.007042253521126761
0 0.4581920903954802 0.4107981220657277 0.003389830508474576 0.007042253521126761
0 0.4694915254237288 0.4107981220657277 0.003389830508474576 0.007042253521126761
0 0.4807909604519774 0.4107981220657277 0.003389830508474576 0.007042253521126761
0 0.492090395480226 0.4096244131455399 0.003389830508474576 0.007042253521126761
0 0.7790960451977401 0.7077464788732394 0.020338983050847456 0.04225352112676056
0 0.7983050847457627 0.846244131455399 0.03615819209039548 0.07511737089201878
1 0.4689265536723164 0.2323943661971831 0.903954802259887 0.39906103286384975
1 0.1553672316384181 0.5164319248826291 0.02711864406779661 0.056338028169014086
1 0.34011299435028247 0.5164319248826291 0.02711864406779661 0.056338028169014086
1 0.5225988700564972 0.5164319248826291 0.02711864406779661 0.056338028169014086
1 0.6661016949152543 0.5164319248826291 0.02711864406779661 0.056338028169014086
1 0.19265536723163842 0.7992957746478874 0.12655367231638417 0.26291079812206575
1 0.3282485875706215 0.7992957746478874 0.12655367231638417 0.26291079812206575
1 0.4638418079096045 0.7992957746478874 0.12655367231638417 0.26291079812206575
1 0.5994350282485875 0.7992957746478874 0.12655367231638417 0.26291079812206575
1 0.7350282485875707 0.7992957746478874 0.12655367231638417 0.26291079812206575
3 0.15254237288135594 0.6232394366197183 0.04632768361581921 0.036384976525821594
3 0.30282485875706217 0.01056338028169014 0.02598870056497175 0.02112676056338028
3 0.3403954802259887 0.01056338028169014 0.0288135593220339 0.02112676056338028
3 0.39011299435028246 0.01056338028169014 0.05141242937853107 0.02112676056338028
3 0.4350282485875706 0.01056338028169014 0.020338983050847456 0.02112676056338028
3 0.46779661016949153 0.01056338028169014 0.02598870056497175 0.02112676056338028
3 0.5016949152542373 0.01056338028169014 0.022598870056497175 0.02112676056338028
3 0.21694915254237288 0.5035211267605634 0.07796610169491526 0.029342723004694836
3 0.4 0.5035211267605634 0.07514124293785311 0.029342723004694836
3 0.5627118644067797 0.5035211267605634 0.03559322033898305 0.029342723004694836
3 0.7350282485875707 0.5035211267605634 0.09322033898305085 0.029342723004694836
3 0.16271186440677965 0.012910798122065728 0.06497175141242938 0.023474178403755867