0 0.6002747252747253 0.011986301369863013 0.025824175824175823 0.023972602739726026
0 0.4785714285714286 0.4520547945205479 0.0032967032967032967 0.00684931506849315
0 0.48956043956043954 0.4520547945205479 0.0032967032967032967 0.00684931506849315
0 0.5005494505494505 0.4520547945205479 0.0032967032967032967 0.00684931506849315
0 0.5115384615384615 0.4520547945205479 0.0032967032967032967 0.00684931506849315
0 0.5225274725274726 0.4520547945205479 0.0032967032967032967 0.00684931506849315
0 0.5335164835164835 0.4509132420091324 0.0032967032967032967 0.00684931506849315
0 0.8126373626373626 0.7408675799086758 0.01978021978021978 0.0410958904109589
0 0.8313186813186814 0.8755707762557078 0.035164835164835165 0.0730593607305936
1 0.7370879120879121 0.012557077625570776 0.18736263736263736 0.02511415525114155
1 0.510989010989011 0.2785388127853881 0.8791208791208791 0.3881278538812785
1 0.20604395604395603 0.5547945205479452 0.026373626373626374 0.0547945205479452
1 0.38571428571428573 0.5547945205479452 0.026373626373626374 0.0547945205479452
1 0.5631868131868132 0.5547945205479452 0.026373626373626374 0.0547945205479452
1 0.7027472527472527 0.5547945205479452 0.026373626373626374 0.0547945205479452
1 0.2423076923076923 0.8299086757990868 0.12307692307692308 0.2557077625570776
1 0.3741758241758242 0.8299086757990868 0.12307692307692308 0.2557077625570776
1 0.506043956043956 0.8299086757990868 0.12307692307692308 0.2557077625570776
1 0.6379120879120879 0.8299086757990868 0.12307692307692308 0.2557077625570776
1 0.7697802197802198 0.8299086757990868 0.12307692307692308 0.2557077625570776
1 0.21895604395604396 0.01141552511415525 0.07417582417582418 0.0228310502283105
2 0.44862637362637364 0.011986301369863013 0.3291208791208791 0.023972602739726026
3 0.2032967032967033 0.658675799086758 0.045054945054945054 0.03538812785388128
3 0.34945054945054943 0.06050228310502283 0.024725274725274724 0.0228310502283105
3 0.38571428571428573 0.06050228310502283 0.027472527472527472 0.0228310502283105
3 0.4340659340659341 0.06050228310502283 0.04945054945054945 0.0228310502283105
3 0.47802197802197804 0.06050228310502283 0.019230769230769232 0.0228310502283105
3 0.5098901098901099 0.06050228310502283 0.024725274725274724 0.0228310502283105
3 0.5428571428571428 0.06050228310502283 0.02142857142857143 0.0228310502283105
3 0.26593406593406593 0.5422374429223744 0.07582417582417582 0.028538812785388126
3 0.44395604395604393 0.5422374429223744 0.07307692307692308 0.028538812785388126
3 0.6021978021978022 0.5422374429223744 0.03461538461538462 0.028538812785388126
3 0.7697802197802198 0.5422374429223744 0.09065934065934066 0.028538812785388126
3 0.2175824175824176 0.04337899543378995 0.06318681318681318 0.0228310502283105
3 0.21318681318681318 0.06506849315068493 0.06318681318681318 0.0228310502283105