0 0.22303370786516855 0.22313084112149534 0.019662921348314606 0.029205607476635514
0 0.7252808988764045 0.1413551401869159 0.06348314606741573 0.016355140186915886
1 0.3808988764044944 0.5093457943925234 0.15955056179775282 0.25
1 0.549438202247191 0.5093457943925234 0.15955056179775282 0.25
1 0.7179775280898877 0.5093457943925234 0.15955056179775282 0.25
3 0.2151685393258427 0.18808411214953272 0.15617977528089888 0.035046728971962614
3 0.3808988764044944 0.75 0.13258426966292136 0.04205607476635514
3 0.549438202247191 0.7394859813084113 0.13258426966292136 0.02102803738317757
3 0.7179775280898877 0.7394859813084113 0.13258426966292136 0.02102803738317757
3 0.34269662921348315 0.33294392523364486 0.08314606741573034 0.03154205607476635
3 0.42528089887640447 0.33294392523364486 0.08314606741573034 0.03154205607476635
3 0.5084269662921348 0.33294392523364486 0.08314606741573034 0.03154205607476635
3 0.5910112359550562 0.33294392523364486 0.08314606741573034 0.03154205607476635
3 0.6741573033707865 0.33294392523364486 0.08314606741573034 0.03154205607476635
3 0.31235955056179776 0.028037383177570093 0.025280898876404494 0.02336448598130841
3 0.349438202247191 0.028037383177570093 0.028089887640449437 0.02336448598130841
3 0.398876404494382 0.028037383177570093 0.05056179775280899 0.02336448598130841
3 0.4438202247191011 0.028037383177570093 0.019662921348314606 0.02336448598130841
3 0.4764044943820225 0.028037383177570093 0.025280898876404494 0.02336448598130841
3 0.5101123595505618 0.028037383177570093 0.021910112359550562 0.02336448598130841
3 0.17359550561797754 0.33060747663551404 0.07303370786516854 0.02102803738317757
3 0.16292134831460675 0.4217289719626168 0.052247191011235955 0.02102803738317757
3 0.1696629213483146 0.4497663551401869 0.06573033707865168 0.02102803738317757
3 0.16573033707865167 0.477803738317757 0.05786516853932584 0.02102803738317757
3 0.1702247191011236 0.5058411214953271 0.06685393258426967 0.02102803738317757
3 0.15224719101123596 0.5338785046728972 0.030337078651685393 0.02102803738317757
3 0.17303370786516853 0.5619158878504673 0.07247191011235955 0.02102803738317757
3 0.15224719101123596 0.5899532710280374 0.030337078651685393 0.02102803738317757
3 0.17415730337078653 0.6179906542056075 0.0747191011235955 0.02102803738317757
3 0.15280898876404495 0.6460280373831776 0.03202247191011236 0.02102803738317757
3 0.15786516853932583 0.7686915887850467 0.04157303370786517 0.02102803738317757
3 0.15 0.7967289719626168 0.025842696629213482 0.02102803738317757
3 0.15168539325842698 0.8247663551401869 0.029213483146067417 0.02102803738317757
3 0.1449438202247191 0.852803738317757 0.015730337078651686 0.02102803738317757
3 0.15393258426966291 0.8808411214953271 0.033707865168539325 0.02102803738317757
3 0.14325842696629212 0.9088785046728972 0.012359550561797753 0.02102803738317757
3 0.14831460674157304 0.9369158878504673 0.023033707865168538 0.02102803738317757
3 0.149438202247191 0.9649532710280374 0.025280898876404494 0.02102803738317757
3 0.14522471910112358 0.9906542056074766 0.016292134831460674 0.016355140186915886
3 0.22415730337078651 0.33060747663551404 0.02247191011235955 0.02102803738317757
3 0.20617977528089887 0.4217289719626168 0.028089887640449437 0.02102803738317757
3 0.21910112359550563 0.4497663551401869 0.02752808988764045 0.02102803738317757
3 0.2101123595505618 0.477803738317757 0.025280898876404494 0.02102803738317757
3 0.21910112359550563 0.5058411214953271 0.024157303370786518 0.02102803738317757
3 0.18089887640449437 0.5338785046728972 0.021348314606741574 0.02102803738317757
3 0.22359550561797753 0.5619158878504673 0.023033707865168538 0.02102803738317757
3 0.18202247191011237 0.5899532710280374 0.02359550561797753 0.02102803738317757
3 0.22696629213483147 0.6179906542056075 0.02359550561797753 0.02102803738317757
3 0.18314606741573033 0.6460280373831776 0.023033707865168538 0.02102803738317757
3 0.1960674157303371 0.7686915887850467 0.028089887640449437 0.02102803738317757
3 0.17808988764044945 0.7967289719626168 0.02359550561797753 0.02102803738317757
3 0.18146067415730338 0.8247663551401869 0.025280898876404494 0.02102803738317757
3 0.16741573033707866 0.852803738317757 0.023033707865168538 0.02102803738317757
3 0.18595505617977529 0.8808411214953271 0.024719101123595506 0.02102803738317757
3 0.16573033707865167 0.9088785046728972 0.025842696629213482 0.02102803738317757
3 0.17247191011235954 0.9369158878504673 0.019662921348314606 0.02102803738317757
3 0.17696629213483145 0.9649532710280374 0.02359550561797753 0.02102803738317757
3 0.1662921348314607 0.9906542056074766 0.02247191011235955 0.016355140186915886
3 0.17752808988764046 0.011682242990654205 0.0651685393258427 0.02336448598130841
3 0.17303370786516853 0.03271028037383177 0.06460674157303371 0.02336448598130841
3 0.17303370786516853 0.14018691588785046 0.07191011235955057 0.02336448598130841