0 0.5548919226393629 0.008274231678486997 0.026734926052332197 0.016548463356973995
0 0.20477815699658702 0.25177304964539005 0.019908987485779295 0.02955082742316785
0 0.7133105802047781 0.1690307328605201 0.06427758816837315 0.016548463356973995
1 0.6965301478953356 0.008865248226950355 0.19397042093287828 0.01773049645390071
1 0.3646188850967008 0.541371158392435 0.161547212741752 0.25295508274231676
1 0.5352673492605233 0.541371158392435 0.161547212741752 0.25295508274231676
1 0.7059158134243458 0.541371158392435 0.161547212741752 0.25295508274231676
1 0.16012514220705348 0.0076832151300236405 0.07679180887372014 0.015366430260047281
2 0.3978953356086462 0.008274231678486997 0.34072810011376564 0.016548463356973995
3 0.4803754266211604 0.005319148936170213 0.12457337883959044 0.010638297872340425
3 0.48606370875995447 0.002955082742316785 0.09726962457337884 0.00591016548463357
3 0.48606370875995447 0.002955082742316785 0.09726962457337884 0.00591016548463357
3 0.19681456200227532 0.21631205673758866 0.15813424345847554 0.03546099290780142
3 0.3646188850967008 0.7848699763593381 0.1342434584755404 0.0425531914893617
3 0.5352673492605233 0.7742316784869976 0.1342434584755404 0.02127659574468085
3 0.7059158134243458 0.7742316784869976 0.1342434584755404 0.02127659574468085
3 0.32593856655290104 0.3628841607565012 0.08418657565415244 0.031914893617021274
3 0.40955631399317405 0.3628841607565012 0.08418657565415244 0.031914893617021274
3 0.4937428896473265 0.3628841607565012 0.08418657565415244 0.031914893617021274
3 0.5773606370875995 0.3628841607565012 0.08418657565415244 0.031914893617021274
3 0.661547212741752 0.3628841607565012 0.08418657565415244 0.031914893617021274
3 0.295221843003413 0.054373522458628844 0.025597269624573378 0.02364066193853428
3 0.33276450511945393 0.054373522458628844 0.02844141069397042 0.02364066193853428
3 0.38282138794084186 0.054373522458628844 0.051194539249146756 0.02364066193853428
3 0.4283276450511945 0.054373522458628844 0.019908987485779295 0.02364066193853428
3 0.4613196814562002 0.054373522458628844 0.025597269624573378 0.02364066193853428
3 0.49544937428896474 0.054373522458628844 0.02218430034129693 0.02364066193853428
3 0.1547212741751991 0.3605200945626478 0.07394766780432309 0.02127659574468085
3 0.14391353811149032 0.45271867612293143 0.052901023890784986 0.02127659574468085
3 0.15073947667804324 0.48108747044917255 0.06655290102389079 0.02127659574468085
3 0.14675767918088736 0.5094562647754137 0.05858930602957907 0.02127659574468085
3 0.15130830489192265 0.5378250591016549 0.0676905574516496 0.02127659574468085
3 0.13310580204778158 0.566193853427896 0.030716723549488054 0.02127659574468085
3 0.1541524459613197 0.5945626477541371 0.07337883959044368 0.02127659574468085
3 0.13310580204778158 0.6229314420803782 0.030716723549488054 0.02127659574468085
3 0.1552901023890785 0.6513002364066194 0.07565415244596133 0.02127659574468085
3 0.133674630261661 0.6796690307328606 0.032423208191126277 0.02127659574468085
3 0.13879408418657566 0.8037825059101655 0.04209328782707622 0.02127659574468085
3 0.13083048919226395 0.8321513002364066 0.026166097838452786 0.02127659574468085
3 0.13253697383390217 0.8605200945626478 0.02957906712172924 0.02127659574468085
3 0.12571103526734925 0.8888888888888888 0.015927189988623434 0.02127659574468085
3 0.1348122866894198 0.91725768321513 0.034129692832764506 0.02127659574468085
3 0.12400455062571103 0.9456264775413712 0.012514220705346985 0.02127659574468085
3 0.1291240045506257 0.9739952718676123 0.023321956769055744 0.02127659574468085
3 0.13026166097838454 0.9952718676122931 0.026166097838452786 0.0070921985815602835
3 0.20591581342434584 0.3605200945626478 0.022753128555176336 0.02127659574468085
3 0.18771331058020477 0.45271867612293143 0.02844141069397042 0.02127659574468085
3 0.20079635949943117 0.48108747044917255 0.027872582480091012 0.02127659574468085
3 0.19169510807736065 0.5094562647754137 0.025597269624573378 0.02127659574468085
3 0.20079635949943117 0.5378250591016549 0.024459613196814563 0.02127659574468085
3 0.1621160409556314 0.566193853427896 0.02161547212741752 0.02127659574468085
3 0.20534698521046643 0.5945626477541371 0.023321956769055744 0.02127659574468085
3 0.1632536973833902 0.6229314420803782 0.023890784982935155 0.02127659574468085
3 0.20875995449374288 0.6513002364066194 0.023890784982935155 0.02127659574468085
3 0.16439135381114903 0.6796690307328606 0.023321956769055744 0.02127659574468085
3 0.17747440273037543 0.8037825059101655 0.02844141069397042 0.02127659574468085
3 0.15927189988623436 0.8321513002364066 0.023890784982935155 0.02127659574468085
3 0.1626848691695108 0.8605200945626478 0.025597269624573378 0.02127659574468085
3 0.14846416382252559 0.8888888888888888 0.023321956769055744 0.02127659574468085
3 0.16723549488054607 0.91725768321513 0.02502844141069397 0.02127659574468085
3 0.14675767918088736 0.9456264775413712 0.026166097838452786 0.02127659574468085
3 0.15358361774744028 0.9739952718676123 0.019908987485779295 0.02127659574468085
3 0.15841865756541523 0.9952718676122931 0.024459613196814563 0.0070921985815602835
3 0.15870307167235495 0.03664302600472813 0.06541524459613197 0.02364066193853428
3 0.1541524459613197 0.0591016548463357 0.06541524459613197 0.02364066193853428
3 0.1541524459613197 0.16784869976359337 0.07281001137656427 0.02364066193853428