0 0.584375 0.02918918918918919 0.023958333333333335 0.04216216216216216
0 0.25 0.32756756756756755 0.018229166666666668 0.02702702702702703
0 0.21666666666666667 0.36 0.010416666666666666 0.021621621621621623
0 0.2760416666666667 0.36 0.010416666666666666 0.021621621621621623
0 0.7296875 0.2518918918918919 0.058854166666666666 0.015135135135135135
0 0.7796875 0.32972972972972975 0.01875 0.03891891891891892
0 0.7807291666666667 0.4875675675675676 0.03333333333333333 0.06918918918918919
0 0.690625 0.9643243243243244 0.046875 0.03351351351351351
0 0.2234375 0.20972972972972972 0.04635416666666667 0.04108108108108108
0 0.2864583333333333 0.20972972972972972 0.07552083333333333 0.04108108108108108
1 0.7140625 0.03027027027027027 0.17708333333333334 0.04216216216216216
1 0.39739583333333334 0.4010810810810811 0.036458333333333336 0.07567567567567568
1 0.41041666666666665 0.8151351351351351 0.14791666666666667 0.23135135135135135
1 0.5666666666666667 0.8151351351351351 0.14791666666666667 0.23135135135135135
1 0.7229166666666667 0.8151351351351351 0.14791666666666667 0.23135135135135135
2 0.440625 0.02918918918918919 0.31145833333333334 0.04216216216216216
2 0.4708333333333333 0.02918918918918919 0.007291666666666667 0.015135135135135135
3 0.1828125 0 0 0
3 0.22291666666666668 0.03027027027027027 0.06979166666666667 0.036756756756756756
3 0.6729166666666667 0.08540540540540541 0.057291666666666664 0.021621621621621623
3 0.71875 0.08540540540540541 0.034375 0.021621621621621623
3 0.7609375 0.08540540540540541 0.050520833333333334 0.021621621621621623
3 0.21770833333333334 0.07783783783783783 0.06927083333333334 0.043243243243243246
3 0.30520833333333336 0.08540540540540541 0.04114583333333333 0.021621621621621623
3 0.346875 0.08540540540540541 0.0234375 0.021621621621621623
3 0.38125 0.08540540540540541 0.026041666666666668 0.021621621621621623
3 0.4270833333333333 0.08540540540540541 0.046875 0.021621621621621623
3 0.46875 0.08540540540540541 0.018229166666666668 0.021621621621621623
3 0.49895833333333334 0.08540540540540541 0.0234375 0.021621621621621623
3 0.5302083333333333 0.08540540540540541 0.0203125 0.021621621621621623
3 0.7963541666666667 0.08324324324324324 0.013020833333333334 0.022702702702702703
3 0.7140625 0.03351351351351351 0.17708333333333334 0.04756756756756757
3 0.49557291666666664 0.15675675675675677 0.9911458333333333 0.0972972972972973
3 0.21770833333333334 0.2508108108108108 0.06666666666666667 0.021621621621621623
3 0.29270833333333335 0.2508108108108108 0.0640625 0.021621621621621623
3 0.2046875 0.36 0.040625 0.02810810810810811
3 0.25677083333333334 0.36 0.05416666666666667 0.02810810810810811
3 0.225 0.46594594594594596 0.08177083333333333 0.01945945945945946
3 0.2265625 0.5502702702702703 0.084375 0.01945945945945946
3 0.221875 0.5762162162162162 0.075 0.01945945945945946
3 0.21875 0.6021621621621621 0.06875 0.01945945945945946
3 0.215625 0.6281081081081081 0.06302083333333333 0.01945945945945946
3 0.20520833333333333 0.654054054054054 0.0421875 0.01945945945945946
3 0.22291666666666668 0.68 0.07708333333333334 0.01945945945945946
3 0.225 0.705945945945946 0.08177083333333333 0.01945945945945946
3 0.2078125 0.7318918918918919 0.04739583333333333 0.01945945945945946
3 0.20572916666666666 0.7578378378378379 0.042708333333333334 0.01945945945945946
3 0.19947916666666668 0.7859459459459459 0.030729166666666665 0.021621621621621623
3 0.2 0.8713513513513513 0.03125 0.01945945945945946
3 0.21145833333333333 0.8972972972972973 0.0546875 0.01945945945945946
3 0.19895833333333332 0.9232432432432433 0.0296875 0.01945945945945946
3 0.2015625 0.9491891891891892 0.034895833333333334 0.01945945945945946
3 0.20052083333333334 0.9751351351351352 0.0328125 0.01945945945945946
3 0.7807291666666667 0.25405405405405407 0.008333333333333333 0.017297297297297298
3 0.7932291666666667 0.25405405405405407 0.008333333333333333 0.017297297297297298
3 0.4005208333333333 0.4010810810810811 0.046875 0.08432432432432432
3 0.4661458333333333 0.42162162162162165 0.084375 0.09513513513513513
3 0.4046875 0.5772972972972973 0.05572916666666667 0.034594594594594595
3 0.6276041666666666 0.9643243243243244 0.06197916666666667 0.024864864864864864
3 0.5161458333333333 0.03027027027027027 0.11354166666666667 0.02810810810810811
3 0.4671875 0.9643243243243244 0.38177083333333334 0.024864864864864864
3 0.5213541666666667 0.02918918918918919 0.08854166666666667 0.021621621621621623
3 0.5213541666666667 0.02918918918918919 0.08854166666666667 0.021621621621621623
3 0.25677083333333334 0.2951351351351351 0.14479166666666668 0.032432432432432434
3 0.47239583333333335 0.4 0.096875 0.04864864864864865
3 0.26875 0.1545945945945946 0.13697916666666668 0.043243243243243246