0 0.5853723404255319 0.02152317880794702 0.025 0.04304635761589404
0 0.24468085106382978 0.22626931567328917 0.018617021276595744 0.02759381898454746
0 0.7335106382978723 0.1490066225165563 0.0601063829787234 0.01545253863134658
0 0.7856382978723404 0.38962472406181015 0.03404255319148936 0.0706401766004415
1 0.7175531914893617 0.02207505518763797 0.18085106382978725 0.04304635761589404
1 0.3941489361702128 0.30132450331125826 0.03723404255319149 0.0772626931567329
1 0.4074468085106383 0.7240618101545254 0.15106382978723404 0.23620309050772628
1 0.5670212765957446 0.7240618101545254 0.15106382978723404 0.23620309050772628
1 0.7265957446808511 0.7240618101545254 0.15106382978723404 0.23620309050772628
1 0.21595744680851064 0.02207505518763797 0.07127659574468086 0.037527593818984545
2 0.438563829787234 0.02152317880794702 0.31861702127659575 0.04304635761589404
2 0.46595744680851064 0.02097130242825607 0.007446808510638298 0.01545253863134658
3 0.5138297872340426 0.02207505518763797 0.11914893617021277 0.02869757174392936
3 0.5191489361702127 0.02097130242825607 0.09361702127659574 0.02207505518763797
3 0.5191489361702127 0.02097130242825607 0.09361702127659574 0.02207505518763797
3 0.25053191489361704 0.19315673289183222 0.1478723404255319 0.033112582781456956
3 0.47074468085106386 0.30022075055187636 0.09893617021276596 0.04966887417218543
3 0.4074468085106383 0.9415011037527594 0.125531914893617 0.019867549668874173
3 0.5670212765957446 0.9415011037527594 0.125531914893617 0.019867549668874173
3 0.7265957446808511 0.9415011037527594 0.125531914893617 0.019867549668874173
3 0.3425531914893617 0.07836644591611479 0.023936170212765957 0.02207505518763797
3 0.3776595744680851 0.07836644591611479 0.026595744680851064 0.02207505518763797
3 0.42446808510638295 0.07836644591611479 0.047872340425531915 0.02207505518763797
3 0.46702127659574466 0.07836644591611479 0.018617021276595744 0.02207505518763797
3 0.4978723404255319 0.07836644591611479 0.023936170212765957 0.02207505518763797
3 0.5297872340425532 0.07836644591611479 0.02074468085106383 0.02207505518763797
3 0.20372340425531915 0.32781456953642385 0.054787234042553194 0.019867549668874173
3 0.2074468085106383 0.3543046357615894 0.06223404255319149 0.019867549668874173
3 0.20797872340425533 0.38079470198675497 0.06329787234042553 0.019867549668874173
3 0.21063829787234042 0.40728476821192056 0.06861702127659575 0.019867549668874173
3 0.20106382978723406 0.4337748344370861 0.04946808510638298 0.019867549668874173
3 0.19095744680851065 0.4602649006622517 0.02872340425531915 0.019867549668874173
3 0.19095744680851065 0.4867549668874172 0.02872340425531915 0.019867549668874173
3 0.1930851063829787 0.5132450331125827 0.03297872340425532 0.019867549668874173
3 0.21170212765957447 0.5397350993377483 0.07074468085106383 0.019867549668874173
3 0.18404255319148935 0.6556291390728477 0.014893617021276596 0.019867549668874173
3 0.18138297872340425 0.6821192052980133 0.009574468085106383 0.019867549668874173
3 0.18829787234042553 0.7086092715231788 0.023404255319148935 0.019867549668874173
3 0.18723404255319148 0.7350993377483444 0.021808510638297873 0.019867549668874173
3 0.20851063829787234 0.8211920529801324 0.06382978723404255 0.019867549668874173
3 0.20904255319148937 0.847682119205298 0.06489361702127659 0.019867549668874173
3 0.22340425531914893 0.8741721854304636 0.09414893617021276 0.019867549668874173
3 0.18882978723404256 0.9006622516556292 0.025 0.019867549668874173
3 0.20159574468085106 0.9271523178807947 0.05 0.019867549668874173
3 0.20212765957446807 0.9536423841059603 0.05159574468085106 0.019867549668874173
3 0.2393617021276596 0.32781456953642385 0.011170212765957447 0.019867549668874173
3 0.24627659574468086 0.3543046357615894 0.010106382978723405 0.019867549668874173
3 0.2478723404255319 0.38079470198675497 0.010106382978723405 0.019867549668874173
3 0.25372340425531914 0.40728476821192056 0.011702127659574468 0.019867549668874173
3 0.23457446808510637 0.4337748344370861 0.011702127659574468 0.019867549668874173
3 0.21382978723404256 0.4602649006622517 0.01223404255319149 0.019867549668874173
3 0.2127659574468085 0.4867549668874172 0.010106382978723405 0.019867549668874173
3 0.2175531914893617 0.5132450331125827 0.009574468085106383 0.019867549668874173
3 0.2553191489361702 0.5397350993377483 0.010106382978723405 0.019867549668874173
3 0.2026595744680851 0.6556291390728477 0.01648936170212766 0.019867549668874173
3 0.19148936170212766 0.6821192052980133 0.005851063829787234 0.019867549668874173
3 0.20585106382978724 0.7086092715231788 0.005851063829787234 0.019867549668874173
3 0.20372340425531915 0.7350993377483444 0.005851063829787234 0.019867549668874173
3 0.25 0.8211920529801324 0.014361702127659574 0.019867549668874173
3 0.25159574468085105 0.847682119205298 0.014361702127659574 0.019867549668874173
3 0.2781914893617021 0.8741721854304636 0.009574468085106383 0.019867549668874173
3 0.20797872340425533 0.9006622516556292 0.007978723404255319 0.019867549668874173
3 0.23351063829787233 0.9271523178807947 0.007446808510638298 0.019867549668874173
3 0.2351063829787234 0.9536423841059603 0.007978723404255319 0.019867549668874173
3 0.2148936170212766 0.06181015452538632 0.061170212765957445 0.02207505518763797
3 0.21063829787234042 0.08278145695364239 0.061170212765957445 0.02207505518763797
3 0.21063829787234042 0.1479028697571744 0.06808510638297872 0.02207505518763797