0 0.6330091533180778 0.007719714964370546 0.02688787185354691 0.015439429928741092
0 0.2654462242562929 0.21258907363420426 0.02002288329519451 0.029691211401425176
0 0.7923340961098398 0.12945368171021376 0.06464530892448513 0.0166270783847981
0 0.8483981693363845 0.38836104513064135 0.036613272311212815 0.07600950118764846
1 0.7754576659038902 0.00831353919239905 0.1950800915331808 0.0166270783847981
1 0.42734553775743706 0.2921615201900237 0.04004576659038902 0.052256532066508314
1 0.4416475972540046 0.7482185273159145 0.16247139588100687 0.25415676959619954
1 0.6132723112128147 0.7482185273159145 0.16247139588100687 0.25415676959619954
1 0.7848970251716247 0.7482185273159145 0.16247139588100687 0.25415676959619954
1 0.23598398169336385 0.007125890736342043 0.07723112128146453 0.014251781472684086
2 0.4751144164759725 0.007719714964370546 0.3426773455377574 0.015439429928741092
3 0.556350114416476 0.004750593824228029 0.12871853546910755 0.009501187648456057
3 0.562070938215103 0.0023752969121140144 0.10125858123569793 0.004750593824228029
3 0.562070938215103 0.0023752969121140144 0.10125858123569793 0.004750593824228029
3 0.272883295194508 0.17695961995249407 0.15903890160183065 0.035629453681710214
3 0.5097254004576659 0.2921615201900237 0.10640732265446225 0.05344418052256532
3 0.4419336384439359 0.9851543942992874 0.13558352402745996 0.027315914489311165
3 0.6132723112128147 0.982185273159145 0.13501144164759726 0.021377672209026127
3 0.7848970251716247 0.982185273159145 0.13501144164759726 0.021377672209026127
3 0.3718535469107552 0.05344418052256532 0.02574370709382151 0.023752969121140142
3 0.4096109839816934 0.05344418052256532 0.028604118993135013 0.023752969121140142
3 0.459954233409611 0.05344418052256532 0.05148741418764302 0.023752969121140142
3 0.505720823798627 0.05344418052256532 0.02002288329519451 0.023752969121140142
3 0.5389016018306636 0.05344418052256532 0.02574370709382151 0.023752969121140142
3 0.5732265446224256 0.05344418052256532 0.02231121281464531 0.023752969121140142
3 0.2305491990846682 0.32185273159144895 0.07437070938215103 0.021377672209026127
3 0.21967963386727687 0.4144893111638955 0.05320366132723112 0.021377672209026127
3 0.2225400457665904 0.44299287410926363 0.05892448512585812 0.021377672209026127
3 0.22654462242562928 0.47149643705463185 0.06693363844393593 0.021377672209026127
3 0.2299771167048055 0.5 0.07379862700228833 0.021377672209026127
3 0.22711670480549198 0.5285035629453682 0.06807780320366133 0.021377672209026127
3 0.20881006864988558 0.5570071258907363 0.030892448512585814 0.021377672209026127
3 0.20881006864988558 0.5855106888361045 0.030892448512585814 0.021377672209026127
3 0.21109839816933637 0.6140142517814727 0.03546910755148741 0.021377672209026127
3 0.20938215102974828 0.6425178147268409 0.032036613272311214 0.021377672209026127
3 0.19965675057208238 0.7672209026128266 0.012585812356979404 0.021377672209026127
3 0.20652173913043478 0.7957244655581948 0.02631578947368421 0.021377672209026127
3 0.22768878718535468 0.8883610451306413 0.06864988558352403 0.021377672209026127
3 0.22826086956521738 0.9168646080760094 0.06979405034324943 0.021377672209026127
3 0.2437070938215103 0.9453681710213777 0.10125858123569793 0.021377672209026127
3 0.22826086956521738 0.9738717339667459 0.06979405034324943 0.021377672209026127
3 0.2208237986270023 0.995249406175772 0.05606407322654462 0.007125890736342043
3 0.2734553775743707 0.32185273159144895 0.005720823798627002 0.021377672209026127
3 0.255720823798627 0.4144893111638955 0.012585812356979404 0.021377672209026127
3 0.261441647597254 0.44299287410926363 0.013157894736842105 0.021377672209026127
3 0.2694508009153318 0.47149643705463185 0.012585812356979404 0.021377672209026127
3 0.27631578947368424 0.5 0.012585812356979404 0.021377672209026127
3 0.2711670480549199 0.5285035629453682 0.013157894736842105 0.021377672209026127
3 0.2322654462242563 0.5570071258907363 0.010297482837528604 0.021377672209026127
3 0.2322654462242563 0.5855106888361045 0.010869565217391304 0.021377672209026127
3 0.23627002288329518 0.6140142517814727 0.008581235697940504 0.021377672209026127
3 0.232837528604119 0.6425178147268409 0.008581235697940504 0.021377672209026127
3 0.21681922196796338 0.7672209026128266 0.015446224256292907 0.021377672209026127
3 0.22597254004576658 0.7957244655581948 0.006292906178489702 0.021377672209026127
3 0.2717391304347826 0.8883610451306413 0.014302059496567507 0.021377672209026127
3 0.272883295194508 0.9168646080760094 0.013157894736842105 0.021377672209026127
3 0.301487414187643 0.9453681710213777 0.008009153318077803 0.021377672209026127
3 0.26887871853546913 0.9738717339667459 0.006292906178489702 0.021377672209026127
3 0.2562929061784897 0.995249406175772 0.009153318077803204 0.007125890736342043
3 0.2345537757437071 0.035629453681710214 0.06578947368421052 0.023752969121140142
3 0.2299771167048055 0.05819477434679335 0.06578947368421052 0.023752969121140142
3 0.2299771167048055 0.12826603325415678 0.07322654462242563 0.023752969121140142