0 0.5838624338624339 0.01978021978021978 0.02486772486772487 0.03956043956043956
0 0.24444444444444444 0.22197802197802197 0.018518518518518517 0.027472527472527472
0 0.7312169312169312 0.14505494505494507 0.059788359788359786 0.015384615384615385
0 0.783068783068783 0.38461538461538464 0.033862433862433865 0.07032967032967033
1 0.7156084656084656 0.02032967032967033 0.18042328042328043 0.04065934065934066
1 0.39365079365079364 0.2967032967032967 0.037037037037037035 0.07692307692307693
1 0.4068783068783069 0.7175824175824176 0.15026455026455027 0.23516483516483516
1 0.5656084656084656 0.7175824175824176 0.15026455026455027 0.23516483516483516
1 0.7243386243386244 0.7175824175824176 0.15026455026455027 0.23516483516483516
1 0.2164021164021164 0.01868131868131868 0.07089947089947089 0.03736263736263736
2 0.43783068783068785 0.01978021978021978 0.31693121693121695 0.03956043956043956
2 0.4650793650793651 0.017582417582417582 0.007407407407407408 0.015384615384615385
3 0.5126984126984127 0.01868131868131868 0.11851851851851852 0.02857142857142857
3 0.517989417989418 0.017582417582417582 0.09312169312169312 0.02197802197802198
3 0.517989417989418 0.017582417582417582 0.09312169312169312 0.02197802197802198
3 0.2507936507936508 0.189010989010989 0.14708994708994708 0.03296703296703297
3 0.46984126984126984 0.2956043956043956 0.09841269841269841 0.04945054945054945
3 0.4068783068783069 0.9340659340659341 0.12486772486772486 0.01978021978021978
3 0.5656084656084656 0.9340659340659341 0.12486772486772486 0.01978021978021978
3 0.7243386243386244 0.9340659340659341 0.12486772486772486 0.01978021978021978
3 0.3423280423280423 0.07472527472527472 0.023809523809523808 0.02197802197802198
3 0.3772486772486772 0.07472527472527472 0.026455026455026454 0.02197802197802198
3 0.4238095238095238 0.07472527472527472 0.047619047619047616 0.02197802197802198
3 0.46613756613756613 0.07472527472527472 0.018518518518518517 0.02197802197802198
3 0.49682539682539684 0.07472527472527472 0.023809523809523808 0.02197802197802198
3 0.5285714285714286 0.07472527472527472 0.020634920634920634 0.02197802197802198
3 0.2111111111111111 0.3230769230769231 0.06825396825396825 0.01978021978021978
3 0.20423280423280424 0.34945054945054943 0.054497354497354496 0.01978021978021978
3 0.20846560846560847 0.3758241758241758 0.06296296296296296 0.01978021978021978
3 0.2015873015873016 0.4021978021978022 0.049206349206349205 0.01978021978021978
3 0.21216931216931217 0.42857142857142855 0.07037037037037037 0.01978021978021978
3 0.20793650793650795 0.45494505494505494 0.06190476190476191 0.01978021978021978
3 0.19153439153439153 0.48131868131868133 0.02857142857142857 0.01978021978021978
3 0.19365079365079366 0.5076923076923077 0.0328042328042328 0.01978021978021978
3 0.19153439153439153 0.5340659340659341 0.02857142857142857 0.01978021978021978
3 0.20952380952380953 0.6494505494505495 0.06455026455026455 0.01978021978021978
3 0.20899470899470898 0.6758241758241759 0.06349206349206349 0.01978021978021978
3 0.22380952380952382 0.7021978021978021 0.09365079365079365 0.01978021978021978
3 0.19788359788359788 0.7285714285714285 0.04126984126984127 0.01978021978021978
3 0.2021164021164021 0.7549450549450549 0.04973544973544974 0.01978021978021978
3 0.20264550264550266 0.7813186813186813 0.051322751322751325 0.01978021978021978
3 0.18571428571428572 0.8670329670329671 0.01746031746031746 0.01978021978021978
3 0.18518518518518517 0.8934065934065935 0.015873015873015872 0.01978021978021978
3 0.18624338624338624 0.9197802197802197 0.01798941798941799 0.01978021978021978
3 0.18518518518518517 0.9461538461538461 0.015873015873015872 0.01978021978021978
3 0.18571428571428572 0.9725274725274725 0.01746031746031746 0.01978021978021978
3 0.25396825396825395 0.3230769230769231 0.01164021164021164 0.01978021978021978
3 0.2402116402116402 0.34945054945054943 0.01164021164021164 0.01978021978021978
3 0.24814814814814815 0.3758241758241758 0.010052910052910053 0.01978021978021978
3 0.23386243386243386 0.4021978021978022 0.010052910052910053 0.01978021978021978
3 0.25555555555555554 0.42857142857142855 0.009523809523809525 0.01978021978021978
3 0.24656084656084656 0.45494505494505494 0.010052910052910053 0.01978021978021978
3 0.21322751322751324 0.48131868131868133 0.009523809523809525 0.01978021978021978
3 0.21798941798941798 0.5076923076923077 0.009523809523809525 0.01978021978021978
3 0.21322751322751324 0.5340659340659341 0.009523809523809525 0.01978021978021978
3 0.25132275132275134 0.6494505494505495 0.012698412698412698 0.01978021978021978
3 0.2492063492063492 0.6758241758241759 0.01164021164021164 0.01978021978021978
3 0.27724867724867724 0.7021978021978021 0.007407407407407408 0.01978021978021978
3 0.22486772486772486 0.7285714285714285 0.007407407407407408 0.01978021978021978
3 0.2328042328042328 0.7549450549450549 0.00582010582010582 0.01978021978021978
3 0.23756613756613756 0.7813186813186813 0.01164021164021164 0.01978021978021978
3 0.20052910052910053 0.8670329670329671 0.00582010582010582 0.01978021978021978
3 0.19947089947089947 0.8934065934065935 0.007407407407407408 0.01978021978021978
3 0.2015873015873016 0.9197802197802197 0.007407407407407408 0.01978021978021978
3 0.1984126984126984 0.9461538461538461 0.005291005291005291 0.01978021978021978
3 0.2015873015873016 0.9725274725274725 0.007407407407407408 0.01978021978021978
3 0.21534391534391534 0.05824175824175824 0.06084656084656084 0.02197802197802198
3 0.2111111111111111 0.07912087912087912 0.06084656084656084 0.02197802197802198
3 0.2111111111111111 0.14395604395604394 0.06772486772486773 0.02197802197802198