0 0.585 0.020787746170678335 0.024736842105263158 0.04157549234135667
0 0.2468421052631579 0.22319474835886213 0.018421052631578946 0.02735229759299781
0 0.7315789473684211 0.14660831509846828 0.05947368421052632 0.015317286652078774
0 0.783157894736842 0.3851203501094092 0.03368421052631579 0.0700218818380744
1 0.7160526315789474 0.021334792122538294 0.1794736842105263 0.04266958424507659
1 0.3957894736842105 0.2964989059080963 0.03684210526315789 0.0350109409190372
1 0.4089473684210526 0.7166301969365426 0.14947368421052631 0.23413566739606126
1 0.5668421052631579 0.7166301969365426 0.14947368421052631 0.23413566739606126
1 0.7247368421052631 0.7166301969365426 0.14947368421052631 0.23413566739606126
1 0.21947368421052632 0.020787746170678335 0.07052631578947369 0.037199124726477024
2 0.43973684210526315 0.020787746170678335 0.31526315789473686 0.04157549234135667
2 0.4668421052631579 0.019693654266958426 0.007368421052631579 0.015317286652078774
3 0.5142105263157895 0.020787746170678335 0.11789473684210526 0.028446389496717725
3 0.5194736842105263 0.019693654266958426 0.09263157894736843 0.02188183807439825
3 0.5194736842105263 0.019693654266958426 0.09263157894736843 0.02188183807439825
3 0.2536842105263158 0.19037199124726478 0.1463157894736842 0.03282275711159737
3 0.47157894736842104 0.2964989059080963 0.09789473684210526 0.04923413566739606
3 0.4089473684210526 0.9321663019693655 0.12421052631578948 0.019693654266958426
3 0.5668421052631579 0.9321663019693655 0.12421052631578948 0.019693654266958426
3 0.7247368421052631 0.9321663019693655 0.12421052631578948 0.019693654266958426
3 0.3447368421052632 0.07658643326039387 0.02368421052631579 0.02188183807439825
3 0.3794736842105263 0.07658643326039387 0.02631578947368421 0.02188183807439825
3 0.42578947368421055 0.07658643326039387 0.04736842105263158 0.02188183807439825
3 0.46789473684210525 0.07658643326039387 0.018421052631578946 0.02188183807439825
3 0.49842105263157893 0.07658643326039387 0.02368421052631579 0.02188183807439825
3 0.53 0.07658643326039387 0.020526315789473684 0.02188183807439825
3 0.21157894736842106 0.3238512035010941 0.06263157894736843 0.019693654266958426
3 0.2073684210526316 0.350109409190372 0.05421052631578947 0.019693654266958426
3 0.21105263157894738 0.37636761487964987 0.06157894736842105 0.019693654266958426
3 0.21421052631578946 0.4026258205689278 0.06789473684210526 0.019693654266958426
3 0.19473684210526315 0.4288840262582057 0.028421052631578948 0.019693654266958426
3 0.20473684210526316 0.4551422319474836 0.04894736842105263 0.019693654266958426
3 0.21526315789473685 0.4814004376367615 0.07 0.019693654266958426
3 0.1968421052631579 0.5076586433260394 0.03263157894736842 0.019693654266958426
3 0.19473684210526315 0.5339168490153173 0.028421052631578948 0.019693654266958426
3 0.19631578947368422 0.6487964989059081 0.031578947368421054 0.019693654266958426
3 0.21263157894736842 0.7341356673960613 0.06421052631578947 0.019693654266958426
3 0.21210526315789474 0.7603938730853391 0.06315789473684211 0.019693654266958426
3 0.2268421052631579 0.7866520787746171 0.0931578947368421 0.019693654266958426
3 0.20105263157894737 0.812910284463895 0.04105263157894737 0.019693654266958426
3 0.19631578947368422 0.8391684901531729 0.032105263157894734 0.019693654266958426
3 0.20578947368421052 0.8654266958424508 0.05105263157894737 0.019693654266958426
3 0.18894736842105264 0.9507658643326039 0.017368421052631578 0.019693654266958426
3 0.18842105263157893 0.9770240700218819 0.015789473684210527 0.019693654266958426
3 0.25157894736842107 0.3238512035010941 0.011052631578947368 0.019693654266958426
3 0.24263157894736842 0.350109409190372 0.011052631578947368 0.019693654266958426
3 0.2505263157894737 0.37636761487964987 0.011578947368421053 0.019693654266958426
3 0.25684210526315787 0.4026258205689278 0.011578947368421053 0.019693654266958426
3 0.2163157894736842 0.4288840262582057 0.009473684210526316 0.019693654266958426
3 0.23578947368421052 0.4551422319474836 0.007894736842105263 0.019693654266958426
3 0.25842105263157894 0.4814004376367615 0.01 0.019693654266958426
3 0.22105263157894736 0.5076586433260394 0.01 0.019693654266958426
3 0.21526315789473685 0.5339168490153173 0.007368421052631579 0.019693654266958426
3 0.22105263157894736 0.6487964989059081 0.013157894736842105 0.019693654266958426
3 0.25473684210526315 0.7341356673960613 0.014210526315789474 0.019693654266958426
3 0.2521052631578947 0.7603938730853391 0.011578947368421053 0.019693654266958426
3 0.28 0.7866520787746171 0.007368421052631579 0.019693654266958426
3 0.22789473684210526 0.812910284463895 0.007368421052631579 0.019693654266958426
3 0.21842105263157896 0.8391684901531729 0.005789473684210527 0.019693654266958426
3 0.23842105263157895 0.8654266958424508 0.007894736842105263 0.019693654266958426
3 0.2036842105263158 0.9507658643326039 0.005789473684210527 0.019693654266958426
3 0.2026315789473684 0.9770240700218819 0.007368421052631579 0.019693654266958426
3 0.21842105263157896 0.060175054704595186 0.060526315789473685 0.02188183807439825
3 0.21421052631578946 0.08096280087527352 0.060526315789473685 0.02188183807439825
3 0.21421052631578946 0.14551422319474835 0.06736842105263158 0.02188183807439825