0 0.6904494382022472 0.4462616822429907 0.09044943820224718 0.056074766355140186
1 0.2095505617977528 0.205607476635514 0.024719101123595506 0.0514018691588785
1 0.42359550561797754 0.46845794392523366 0.39325842696629215 0.5841121495327103
1 0.2095505617977528 0.2757009345794392 0.024719101123595506 0.0514018691588785
1 0.2095505617977528 0.34579439252336447 0.024719101123595506 0.0514018691588785
1 0.2095505617977528 0.4158878504672897 0.024719101123595506 0.0514018691588785
1 0.2095505617977528 0.48598130841121495 0.024719101123595506 0.0514018691588785
1 0.2095505617977528 0.5560747663551402 0.024719101123595506 0.0514018691588785
1 0.2095505617977528 0.6261682242990654 0.024719101123595506 0.0514018691588785
1 0.2095505617977528 0.6962616822429907 0.024719101123595506 0.0514018691588785
1 0.7342696629213483 0.8539719626168224 0.05730337078651685 0.02102803738317757
3 0.4101123595505618 0.8878504672897196 0.41123595505617977 0.037383177570093455
3 0.26264044943820225 0.9947429906542056 0.06685393258426967 0.008177570093457943
3 0.7044943820224719 0.30957943925233644 0.11853932584269664 0.02102803738317757
3 0.7713483146067416 0.6261682242990654 0.03202247191011236 0.028037383177570093
3 0.7404494382022472 0.6834112149532711 0.1696629213483146 0.02102803738317757
3 0.7404494382022472 0.7336448598130841 0.1696629213483146 0.04205607476635514
3 0.7404494382022472 0.794392523364486 0.1696629213483146 0.04205607476635514
3 0.2095505617977528 0.22429906542056074 0.028089887640449437 0.026869158878504672
3 0.2095505617977528 0.29439252336448596 0.028089887640449437 0.026869158878504672
3 0.2095505617977528 0.3644859813084112 0.028089887640449437 0.026869158878504672
3 0.2095505617977528 0.43457943925233644 0.028089887640449437 0.026869158878504672
3 0.2095505617977528 0.5046728971962616 0.028089887640449437 0.026869158878504672
3 0.2095505617977528 0.5747663551401869 0.028089887640449437 0.026869158878504672
3 0.2095505617977528 0.6448598130841121 0.028089887640449437 0.026869158878504672
3 0.2095505617977528 0.7149532710280374 0.028089887640449437 0.026869158878504672
3 0.2095505617977528 0.22429906542056074 0.028089887640449437 0.026869158878504672
3 0.2095505617977528 0.29439252336448596 0.028089887640449437 0.026869158878504672
3 0.2095505617977528 0.3644859813084112 0.028089887640449437 0.026869158878504672
3 0.2095505617977528 0.43457943925233644 0.028089887640449437 0.026869158878504672
3 0.2095505617977528 0.5046728971962616 0.028089887640449437 0.026869158878504672
3 0.2095505617977528 0.5747663551401869 0.028089887640449437 0.026869158878504672
3 0.2095505617977528 0.6448598130841121 0.028089887640449437 0.026869158878504672
3 0.2095505617977528 0.7149532710280374 0.028089887640449437 0.026869158878504672
3 0.7275280898876404 0.2605140186915888 0.1646067415730337 0.05841121495327103
3 0.7455056179775281 0.5128504672897196 0.1707865168539326 0.02102803738317757
3 0.4101123595505618 0.9485981308411215 0.41123595505617977 0.029205607476635514
3 0.700561797752809 0.6238317757009346 0.1101123595505618 0.030373831775700934
3 0.35898876404494384 0.030373831775700934 0.025280898876404494 0.02336448598130841
3 0.3960674157303371 0.030373831775700934 0.028089887640449437 0.02336448598130841
3 0.4455056179775281 0.030373831775700934 0.05056179775280899 0.02336448598130841
3 0.4904494382022472 0.030373831775700934 0.019662921348314606 0.02336448598130841
3 0.5230337078651686 0.030373831775700934 0.025280898876404494 0.02336448598130841
3 0.5567415730337079 0.030373831775700934 0.021910112359550562 0.02336448598130841
3 0.22415730337078651 0.012850467289719626 0.06460674157303371 0.02336448598130841
3 0.2196629213483146 0.035046728971962614 0.06460674157303371 0.02336448598130841
3 0.2910112359550562 0.13317757009345793 0.07191011235955057 0.016355140186915886
3 0.37134831460674156 0.13317757009345793 0.06853932584269663 0.016355140186915886
3 0.42865168539325843 0.13317757009345793 0.025280898876404494 0.016355140186915886
3 0.4707865168539326 0.13317757009345793 0.038202247191011236 0.016355140186915886