0 0.5671296296296297 0.030048076923076924 0.02662037037037037 0.046875
0 0.6446759259259259 0.5204326923076923 0.0931712962962963 0.057692307692307696
1 0.7112268518518519 0.03125 0.19675925925925927 0.046875
1 0.14930555555555555 0.27283653846153844 0.02546296296296296 0.052884615384615384
1 0.3697916666666667 0.5432692307692307 0.4050925925925926 0.6009615384615384
1 0.14930555555555555 0.3449519230769231 0.02546296296296296 0.052884615384615384
1 0.14930555555555555 0.4170673076923077 0.02546296296296296 0.052884615384615384
1 0.14930555555555555 0.4891826923076923 0.02546296296296296 0.052884615384615384
1 0.14930555555555555 0.5612980769230769 0.02546296296296296 0.052884615384615384
1 0.14930555555555555 0.6334134615384616 0.02546296296296296 0.052884615384615384
1 0.14930555555555555 0.7055288461538461 0.02546296296296296 0.052884615384615384
1 0.14930555555555555 0.7776442307692307 0.02546296296296296 0.052884615384615384
1 0.6898148148148148 0.9399038461538461 0.059027777777777776 0.021634615384615384
1 0.16550925925925927 0.03125 0.0775462962962963 0.040865384615384616
2 0.4074074074074074 0.030048076923076924 0.3460648148148148 0.046875
3 0.3559027777777778 0.9747596153846154 0.4236111111111111 0.038461538461538464
3 0.6591435185185185 0.3798076923076923 0.12210648148148148 0.021634615384615384
3 0.7280092592592593 0.7055288461538461 0.03298611111111111 0.028846153846153848
3 0.6961805555555556 0.7644230769230769 0.17476851851851852 0.021634615384615384
3 0.6961805555555556 0.8161057692307693 0.17476851851851852 0.04326923076923077
3 0.6961805555555556 0.8786057692307693 0.17476851851851852 0.04326923076923077
3 0.14930555555555555 0.2920673076923077 0.028935185185185185 0.027644230769230768
3 0.14930555555555555 0.3641826923076923 0.028935185185185185 0.027644230769230768
3 0.14930555555555555 0.4362980769230769 0.028935185185185185 0.027644230769230768
3 0.14930555555555555 0.5084134615384616 0.028935185185185185 0.027644230769230768
3 0.14930555555555555 0.5805288461538461 0.028935185185185185 0.027644230769230768
3 0.14930555555555555 0.6526442307692307 0.028935185185185185 0.027644230769230768
3 0.14930555555555555 0.7247596153846154 0.028935185185185185 0.027644230769230768
3 0.14930555555555555 0.796875 0.028935185185185185 0.027644230769230768
3 0.14930555555555555 0.2920673076923077 0.028935185185185185 0.027644230769230768
3 0.14930555555555555 0.3641826923076923 0.028935185185185185 0.027644230769230768
3 0.14930555555555555 0.4362980769230769 0.028935185185185185 0.027644230769230768
3 0.14930555555555555 0.5084134615384616 0.028935185185185185 0.027644230769230768
3 0.14930555555555555 0.5805288461538461 0.028935185185185185 0.027644230769230768
3 0.14930555555555555 0.6526442307692307 0.028935185185185185 0.027644230769230768
3 0.14930555555555555 0.7247596153846154 0.028935185185185185 0.027644230769230768
3 0.14930555555555555 0.796875 0.028935185185185185 0.027644230769230768
3 0.6828703703703703 0.3293269230769231 0.16956018518518517 0.06009615384615385
3 0.7013888888888888 0.5889423076923077 0.17592592592592593 0.021634615384615384
3 0.6550925925925926 0.703125 0.11342592592592593 0.03125
3 0.30324074074074076 0.09254807692307693 0.026041666666666668 0.02403846153846154
3 0.3414351851851852 0.09254807692307693 0.028935185185185185 0.02403846153846154
3 0.3923611111111111 0.09254807692307693 0.052083333333333336 0.02403846153846154
3 0.4386574074074074 0.09254807692307693 0.02025462962962963 0.02403846153846154
3 0.4722222222222222 0.09254807692307693 0.026041666666666668 0.02403846153846154
3 0.5069444444444444 0.09254807692307693 0.022569444444444444 0.02403846153846154
3 0.16435185185185186 0.07451923076923077 0.06655092592592593 0.02403846153846154
3 0.1597222222222222 0.09735576923076923 0.06655092592592593 0.02403846153846154
3 0.2332175925925926 0.19831730769230768 0.07407407407407407 0.016826923076923076
3 0.3159722222222222 0.19831730769230768 0.07060185185185185 0.016826923076923076
3 0.375 0.19831730769230768 0.026041666666666668 0.016826923076923076
3 0.4184027777777778 0.19831730769230768 0.03935185185185185 0.016826923076923076