0 0.7940503432494279 0.13895486935866982 0.02745995423340961 0.057007125890736345
1 0.32837528604118993 0.11282660332541568 0.02745995423340961 0.057007125890736345
1 0.41304347826086957 0.11282660332541568 0.02745995423340961 0.057007125890736345
1 0.4977116704805492 0.11282660332541568 0.02745995423340961 0.057007125890736345
1 0.5823798627002288 0.11282660332541568 0.02745995423340961 0.057007125890736345
1 0.6670480549199085 0.11282660332541568 0.02745995423340961 0.057007125890736345
1 0.7517162471395881 0.11282660332541568 0.02745995423340961 0.057007125890736345
1 0.36498855835240274 0.42874109263657956 0.16247139588100687 0.33729216152019004
1 0.5366132723112128 0.42874109263657956 0.16189931350114417 0.33729216152019004
1 0.7082379862700229 0.42874109263657956 0.16247139588100687 0.33729216152019004
3 0.32837528604118993 0.17458432304038005 0.057208237986270026 0.03800475059382423
3 0.41304347826086957 0.17458432304038005 0.057208237986270026 0.03800475059382423
3 0.4977116704805492 0.17458432304038005 0.05148741418764302 0.03800475059382423
3 0.5823798627002288 0.17458432304038005 0.03318077803203661 0.03800475059382423
3 0.6670480549199085 0.17458432304038005 0.04691075514874142 0.03800475059382423
3 0.7517162471395881 0.17458432304038005 0.057208237986270026 0.03800475059382423
3 0.19221967963386727 0.30403800475059384 0.15102974828375287 0.017814726840855107
3 0.36498855835240274 0.7589073634204275 0.13958810068649885 0.04275534441805225
3 0.5366132723112128 0.7826603325415677 0.13901601830663615 0.04275534441805225
3 0.7082379862700229 0.7589073634204275 0.13958810068649885 0.04275534441805225
3 0.19221967963386727 0.12589073634204276 0.15102974828375287 0.048693586698337295
3 0.19221967963386727 0.27197149643705465 0.15102974828375287 0.023752969121140142
3 0.19221967963386727 0.5273159144893111 0.15102974828375287 0.023752969121140142
3 0.2923340961098398 0.030878859857482184 0.02574370709382151 0.023752969121140142
3 0.33009153318077805 0.030878859857482184 0.028604118993135013 0.023752969121140142
3 0.3804347826086957 0.030878859857482184 0.05148741418764302 0.023752969121140142
3 0.42620137299771166 0.030878859857482184 0.02002288329519451 0.023752969121140142
3 0.4593821510297483 0.030878859857482184 0.02574370709382151 0.023752969121140142
3 0.4937070938215103 0.030878859857482184 0.02231121281464531 0.023752969121140142
3 0.15503432494279176 0.013064133016627079 0.06578947368421052 0.023752969121140142
3 0.15045766590389015 0.035629453681710214 0.06578947368421052 0.023752969121140142
3 0.19221967963386727 0.5581947743467933 0.15102974828375287 0.014251781472684086
3 0.19221967963386727 0.5878859857482185 0.15102974828375287 0.014251781472684086
3 0.19221967963386727 0.6175771971496437 0.15102974828375287 0.014251781472684086
3 0.19221967963386727 0.6472684085510689 0.15102974828375287 0.014251781472684086
3 0.19221967963386727 0.6769596199524941 0.15102974828375287 0.014251781472684086
3 0.19221967963386727 0.7066508313539193 0.15102974828375287 0.014251781472684086
3 0.19221967963386727 0.7363420427553444 0.15102974828375287 0.014251781472684086
3 0.19221967963386727 0.7660332541567696 0.15102974828375287 0.014251781472684086
3 0.19221967963386727 0.7957244655581948 0.15102974828375287 0.014251781472684086
3 0.19221967963386727 0.8254156769596199 0.15102974828375287 0.014251781472684086
3 0.19221967963386727 0.8551068883610451 0.15102974828375287 0.014251781472684086
3 0.19221967963386727 0.8847980997624703 0.15102974828375287 0.014251781472684086
3 0.19221967963386727 0.9144893111638955 0.15102974828375287 0.014251781472684086
3 0.19221967963386727 0.9441805225653207 0.15102974828375287 0.014251781472684086
3 0.19221967963386727 0.9738717339667459 0.15102974828375287 0.014251781472684086