0 0.5514959723820483 0.008971291866028708 0.02704257767548907 0.017942583732057416
0 0.1858457997698504 0.21650717703349281 0.020138089758342925 0.029904306220095694
0 0.13578826237054084 0.25239234449760767 0.011507479861910242 0.023923444976076555
0 0.19332566168009205 0.25239234449760767 0.011507479861910242 0.023923444976076555
0 0.7117376294591484 0.13277511961722488 0.06501726121979287 0.01674641148325359
0 0.7681242807825086 0.39354066985645936 0.03682393555811277 0.07655502392344497
1 0.6947640966628308 0.009569377990430622 0.1962025316455696 0.019138755980861243
1 0.34464902186421176 0.29784688995215314 0.04027617951668585 0.08373205741626795
1 0.35903337169159955 0.7559808612440191 0.16340621403912542 0.25598086124401914
1 0.5316455696202531 0.7559808612440191 0.16340621403912542 0.25598086124401914
1 0.7042577675489068 0.7559808612440191 0.16340621403912542 0.25598086124401914
1 0.15218642117376294 0.008373205741626795 0.07767548906789414 0.01674641148325359
2 0.392692750287687 0.008971291866028708 0.34464902186421176 0.017942583732057416
2 0.4260644418872267 0.0017942583732057417 0.00863060989643268 0.0035885167464114833
3 0.47612197928653627 0.005980861244019139 0.12600690448791715 0.011961722488038277
3 0.4818757192174914 0.0035885167464114833 0.09838895281933256 0.007177033492822967
3 0.4818757192174914 0.0035885167464114833 0.09838895281933256 0.007177033492822967
3 0.1892980437284235 0.180622009569378 0.15995397008055237 0.03588516746411483
3 0.42750287686996546 0.2966507177033493 0.10701956271576525 0.05382775119617225
3 0.3593210586881473 0.9898325358851675 0.13636363636363635 0.017942583732057416
3 0.5319332566168009 0.9898325358851675 0.13636363636363635 0.017942583732057416
3 0.7045454545454546 0.9898325358851675 0.13636363636363635 0.017942583732057416
3 0.28883774453394706 0.056220095693779906 0.025891829689298044 0.023923444976076555
3 0.32681242807825084 0.056220095693779906 0.028768699654775604 0.023923444976076555
3 0.37744533947065595 0.056220095693779906 0.05178365937859609 0.023923444976076555
3 0.4234752589182969 0.056220095693779906 0.020138089758342925 0.023923444976076555
3 0.4568469505178366 0.056220095693779906 0.025891829689298044 0.023923444976076555
3 0.49136939010356734 0.056220095693779906 0.02243958573072497 0.023923444976076555
3 0.14672036823935558 0.3696172248803828 0.07479861910241657 0.0215311004784689
3 0.13578826237054084 0.46291866028708134 0.053509781357882626 0.0215311004784689
3 0.142692750287687 0.4916267942583732 0.06731875719217491 0.0215311004784689
3 0.1432681242807825 0.5203349282296651 0.06846950517836593 0.0215311004784689
3 0.1386651323360184 0.5490430622009569 0.059263521288837745 0.0215311004784689
3 0.12485615650172613 0.5777511961722488 0.031070195627157654 0.0215311004784689
3 0.12715765247410818 0.6064593301435407 0.03567318757192175 0.0215311004784689
3 0.12485615650172613 0.6351674641148325 0.031070195627157654 0.0215311004784689
3 0.14614499424626007 0.6638755980861244 0.07422324510932106 0.0215311004784689
3 0.1472957422324511 0.6925837320574163 0.07652474108170311 0.0215311004784689
3 0.11565017261219793 0.8181818181818182 0.012658227848101266 0.0215311004784689
3 0.12313003452243959 0.84688995215311 0.02761795166858458 0.0215311004784689
3 0.11219792865362485 0.8755980861244019 0.006329113924050633 0.0215311004784689
3 0.13176064441887228 0.9043062200956937 0.045454545454545456 0.0215311004784689
3 0.12140391254315305 0.9330143540669856 0.02474108170310702 0.0215311004784689
3 0.13463751438434982 0.9617224880382775 0.05063291139240506 0.0215311004784689
3 0.11392405063291139 0.9892344497607656 0.010356731875719217 0.019138755980861243
3 0.1956271576524741 0.3696172248803828 0.01726121979286536 0.0215311004784689
3 0.17318757192174913 0.46291866028708134 0.015535097813578827 0.0215311004784689
3 0.18814729574223246 0.4916267942583732 0.01726121979286536 0.0215311004784689
3 0.18872266973532797 0.5203349282296651 0.015535097813578827 0.0215311004784689
3 0.17779056386651323 0.5490430622009569 0.013233601841196778 0.0215311004784689
3 0.14959723820483314 0.5777511961722488 0.012658227848101266 0.0215311004784689
3 0.15362485615650173 0.6064593301435407 0.01093210586881473 0.0215311004784689
3 0.14844649021864212 0.6351674641148325 0.01093210586881473 0.0215311004784689
3 0.19102416570771003 0.6638755980861244 0.009781357882623706 0.0215311004784689
3 0.19447640966628307 0.6925837320574163 0.01093210586881473 0.0215311004784689
3 0.13118527042577677 0.8181818181818182 0.012658227848101266 0.0215311004784689
3 0.1472957422324511 0.84688995215311 0.014959723820483314 0.0215311004784689
3 0.12600690448791715 0.8755980861244019 0.014959723820483314 0.0215311004784689
3 0.16513233601841196 0.9043062200956937 0.01380897583429229 0.0215311004784689
3 0.14384349827387802 0.9330143540669856 0.012658227848101266 0.0215311004784689
3 0.16800920598388952 0.9617224880382775 0.010356731875719217 0.0215311004784689
3 0.12888377445339472 0.9892344497607656 0.01380897583429229 0.019138755980861243
3 0.15074798619102417 0.03827751196172249 0.0661680092059839 0.023923444976076555
3 0.14614499424626007 0.061004784688995214 0.0661680092059839 0.023923444976076555
3 0.14614499424626007 0.13157894736842105 0.07364787111622555 0.023923444976076555
3 0.2289988492520138 0.13157894736842105 0.07077100115074798 0.023923444976076555