0 0.19390103567318756 0.21291866028708134 0.020138089758342925 0.029904306220095694
0 0.15880322209436135 0.24880382775119617 0.011507479861910242 0.023923444976076555
0 0.2243958573072497 0.24880382775119617 0.011507479861910242 0.023923444976076555
0 0.7255466052934407 0.09330143540669857 0.06501726121979287 0.01674641148325359
0 0.7819332566168009 0.35406698564593303 0.03682393555811277 0.07655502392344497
1 0.358457997698504 0.25717703349282295 0.04027617951668585 0.04784688995215311
1 0.37284234752589185 0.7165071770334929 0.16340621403912542 0.25598086124401914
1 0.5454545454545454 0.7165071770334929 0.16340621403912542 0.25598086124401914
1 0.7180667433831991 0.7165071770334929 0.16340621403912542 0.25598086124401914
3 0.20310701956271576 0.1590909090909091 0.15995397008055237 0.07177033492822966
3 0.42635212888377444 0.25717703349282295 0.07767548906789414 0.05382775119617225
3 0.37284234752589185 0.9521531100478469 0.13578826237054084 0.0215311004784689
3 0.5454545454545454 0.9629186602870813 0.13578826237054084 0.0430622009569378
3 0.7180667433831991 0.9521531100478469 0.13578826237054084 0.0215311004784689
3 0.30264672036823936 0.01674641148325359 0.025891829689298044 0.023923444976076555
3 0.34062140391254314 0.01674641148325359 0.028768699654775604 0.023923444976076555
3 0.3912543153049482 0.01674641148325359 0.05178365937859609 0.023923444976076555
3 0.4372842347525892 0.01674641148325359 0.020138089758342925 0.023923444976076555
3 0.4706559263521289 0.01674641148325359 0.025891829689298044 0.023923444976076555
3 0.5051783659378596 0.01674641148325359 0.02243958573072497 0.023923444976076555
3 0.1524741081703107 0.3660287081339713 0.059263521288837745 0.0215311004784689
3 0.1565017261219793 0.39473684210526316 0.06731875719217491 0.0215311004784689
3 0.15995397008055237 0.423444976076555 0.07422324510932106 0.0215311004784689
3 0.14959723820483314 0.45215311004784686 0.053509781357882626 0.0215311004784689
3 0.1570771001150748 0.48086124401913877 0.06846950517836593 0.0215311004784689
3 0.1386651323360184 0.5095693779904307 0.031070195627157654 0.0215311004784689
3 0.13924050632911392 0.5382775119617225 0.03279631760644419 0.0215311004784689
3 0.1386651323360184 0.5669856459330144 0.031070195627157654 0.0215311004784689
3 0.1611047180667434 0.5956937799043063 0.07652474108170311 0.0215311004784689
3 0.13291139240506328 0.7212918660287081 0.019562715765247412 0.0215311004784689
3 0.13291139240506328 0.75 0.019562715765247412 0.0215311004784689
3 0.1323360184119678 0.7787081339712919 0.0189873417721519 0.0215311004784689
3 0.13291139240506328 0.8074162679425837 0.019562715765247412 0.0215311004784689
3 0.13291139240506328 0.8361244019138756 0.019562715765247412 0.0215311004784689
3 0.1323360184119678 0.8648325358851675 0.0189873417721519 0.0215311004784689
3 0.13291139240506328 0.8935406698564593 0.019562715765247412 0.0215311004784689
3 0.13176064441887228 0.9222488038277512 0.01726121979286536 0.0215311004784689
3 0.13291139240506328 0.9509569377990431 0.019562715765247412 0.0215311004784689
3 0.1904487917146145 0.3660287081339713 0.010356731875719217 0.0215311004784689
3 0.19735327963176064 0.39473684210526316 0.00863060989643268 0.0215311004784689
3 0.2042577675489068 0.423444976076555 0.00805523590333717 0.0215311004784689
3 0.18296892980437285 0.45215311004784686 0.007479861910241657 0.0215311004784689
3 0.19907940161104717 0.48086124401913877 0.00863060989643268 0.0215311004784689
3 0.1611047180667434 0.5095693779904307 0.00805523590333717 0.0215311004784689
3 0.1628308400460299 0.5382775119617225 0.00805523590333717 0.0215311004784689
3 0.1616800920598389 0.5669856459330144 0.00863060989643268 0.0215311004784689
3 0.20713463751438435 0.5956937799043063 0.00863060989643268 0.0215311004784689
3 0.14959723820483314 0.7212918660287081 0.00805523590333717 0.0215311004784689
3 0.14959723820483314 0.75 0.00805523590333717 0.0215311004784689
3 0.14902186421173763 0.7787081339712919 0.00805523590333717 0.0215311004784689
3 0.14844649021864212 0.8074162679425837 0.005753739930955121 0.0215311004784689
3 0.14959723820483314 0.8361244019138756 0.00805523590333717 0.0215311004784689
3 0.14844649021864212 0.8648325358851675 0.006329113924050633 0.0215311004784689
3 0.14844649021864212 0.8935406698564593 0.005753739930955121 0.0215311004784689
3 0.14672036823935558 0.9222488038277512 0.006329113924050633 0.0215311004784689
3 0.14959723820483314 0.9509569377990431 0.00805523590333717 0.0215311004784689
3 0.16455696202531644 0.005980861244019139 0.0667433831990794 0.011961722488038277
3 0.15995397008055237 0.0215311004784689 0.0661680092059839 0.023923444976076555
3 0.15995397008055237 0.09210526315789473 0.07364787111622555 0.023923444976076555
3 0.2428078250863061 0.09210526315789473 0.07077100115074798 0.023923444976076555