0 0.584375 0.02918918918918919 0.023958333333333335 0.04216216216216216
0 0.24739583333333334 0.23027027027027028 0.018229166666666668 0.02702702702702703
0 0.21458333333333332 0.2627027027027027 0.010416666666666666 0.021621621621621623
0 0.26666666666666666 0.2627027027027027 0.010416666666666666 0.021621621621621623
0 0.228125 0.8810810810810811 0.011458333333333333 0.02702702702702703
0 0.24427083333333333 0.8810810810810811 0.021875 0.02702702702702703
0 0.7296875 0.1545945945945946 0.058854166666666666 0.015135135135135135
0 0.7807291666666667 0.3902702702702703 0.03333333333333333 0.06918918918918919
1 0.7140625 0.03027027027027027 0.17708333333333334 0.04216216216216216
1 0.39739583333333334 0.3037837837837838 0.036458333333333336 0.07567567567567568
1 0.41041666666666665 0.7178378378378378 0.14791666666666667 0.23135135135135135
1 0.5666666666666667 0.7178378378378378 0.14791666666666667 0.23135135135135135
1 0.7229166666666667 0.7178378378378378 0.14791666666666667 0.23135135135135135
1 0.22291666666666668 0.03027027027027027 0.06979166666666667 0.036756756756756756
2 0.440625 0.02918918918918919 0.31145833333333334 0.04216216216216216
2 0.4708333333333333 0.02918918918918919 0.007291666666666667 0.015135135135135135
3 0.5161458333333333 0.03027027027027027 0.11354166666666667 0.02810810810810811
3 0.5213541666666667 0.02918918918918919 0.08854166666666667 0.021621621621621623
3 0.5213541666666667 0.02918918918918919 0.08854166666666667 0.021621621621621623
3 0.25677083333333334 0.19783783783783784 0.14479166666666668 0.032432432432432434
3 0.47239583333333335 0.3027027027027027 0.096875 0.04864864864864865
3 0.41041666666666665 0.9308108108108109 0.12291666666666666 0.01945945945945946
3 0.5666666666666667 0.9308108108108109 0.12291666666666666 0.01945945945945946
3 0.7229166666666667 0.9308108108108109 0.12291666666666666 0.01945945945945946
3 0.346875 0.08540540540540541 0.0234375 0.021621621621621623
3 0.38125 0.08540540540540541 0.026041666666666668 0.021621621621621623
3 0.4270833333333333 0.08540540540540541 0.046875 0.021621621621621623
3 0.46875 0.08540540540540541 0.018229166666666668 0.021621621621621623
3 0.49895833333333334 0.08540540540540541 0.0234375 0.021621621621621623
3 0.5302083333333333 0.08540540540540541 0.0203125 0.021621621621621623
3 0.21822916666666667 0.36864864864864866 0.06770833333333333 0.01945945945945946
3 0.2109375 0.45297297297297295 0.05364583333333333 0.01945945945945946
3 0.20833333333333334 0.4789189189189189 0.0484375 0.01945945945945946
3 0.21458333333333332 0.5048648648648648 0.0609375 0.01945945945945946
3 0.21510416666666668 0.5308108108108108 0.06197916666666667 0.01945945945945946
3 0.1984375 0.5567567567567567 0.028125 0.01945945945945946
3 0.1984375 0.5827027027027027 0.028125 0.01945945945945946
3 0.19895833333333332 0.6086486486486486 0.0296875 0.01945945945945946
3 0.20052083333333334 0.6345945945945946 0.03229166666666667 0.01945945945945946
3 0.21770833333333334 0.6605405405405406 0.0671875 0.01945945945945946
3 0.18854166666666666 0.774054054054054 0.008854166666666666 0.01945945945945946
3 0.18697916666666667 0.8 0.005729166666666666 0.01945945945945946
3 0.19010416666666666 0.825945945945946 0.011458333333333333 0.01945945945945946
3 0.21145833333333333 0.9156756756756756 0.05416666666666667 0.01945945945945946
3 0.22447916666666667 0.9416216216216217 0.08020833333333334 0.01945945945945946
3 0.21614583333333334 0.9675675675675676 0.06354166666666666 0.01945945945945946
3 0.25833333333333336 0.36864864864864866 0.007291666666666667 0.01945945945945946
3 0.2453125 0.45297297297297295 0.009895833333333333 0.01945945945945946
3 0.24010416666666667 0.4789189189189189 0.009375 0.01945945945945946
3 0.2526041666666667 0.5048648648648648 0.009375 0.01945945945945946
3 0.2546875 0.5308108108108108 0.010416666666666666 0.01945945945945946
3 0.21822916666666667 0.5567567567567567 0.0067708333333333336 0.01945945945945946
3 0.21822916666666667 0.5827027027027027 0.0067708333333333336 0.01945945945945946
3 0.2203125 0.6086486486486486 0.007291666666666667 0.01945945945945946
3 0.2234375 0.6345945945945946 0.0078125 0.01945945945945946
3 0.2578125 0.6605405405405406 0.007291666666666667 0.01945945945945946
3 0.20208333333333334 0.774054054054054 0.011458333333333333 0.01945945945945946
3 0.19791666666666666 0.8 0.0109375 0.01945945945945946
3 0.20208333333333334 0.825945945945946 0.007291666666666667 0.01945945945945946
3 0.2453125 0.9156756756756756 0.0078125 0.01945945945945946
3 0.2734375 0.9416216216216217 0.011979166666666667 0.01945945945945946
3 0.25625 0.9675675675675676 0.0109375 0.01945945945945946
3 0.221875 0.06918918918918919 0.059895833333333336 0.021621621621621623
3 0.21770833333333334 0.08972972972972973 0.059895833333333336 0.021621621621621623
3 0.21770833333333334 0.1535135135135135 0.06666666666666667 0.021621621621621623
3 0.29270833333333335 0.1535135135135135 0.0640625 0.021621621621621623