0 0.6064971751412429 0.008802816901408451 0.02655367231638418 0.017605633802816902
0 0.23954802259887006 0.21244131455399062 0.01977401129943503 0.029342723004694836
0 0.20847457627118643 0.2476525821596244 0.011299435028248588 0.023474178403755867
0 0.28418079096045196 0.2476525821596244 0.011299435028248588 0.023474178403755867
0 0.19096045197740114 0.8544600938967136 0.03728813559322034 0.03051643192488263
0 0.23785310734463277 0.8544600938967136 0.03446327683615819 0.03051643192488263
0 0.26666666666666666 0.8544600938967136 0.013559322033898305 0.028169014084507043
0 0.21977401129943502 0.9190140845070423 0.012429378531073447 0.029342723004694836
0 0.23728813559322035 0.9190140845070423 0.023728813559322035 0.029342723004694836
0 0.7638418079096045 0.13028169014084506 0.06384180790960452 0.01643192488262911
0 0.8192090395480226 0.38615023474178406 0.03615819209039548 0.07511737089201878
1 0.7471751412429378 0.009389671361502348 0.19265536723163842 0.018779342723004695
1 0.4033898305084746 0.29225352112676056 0.03954802259887006 0.08215962441314555
1 0.4175141242937853 0.7417840375586855 0.16045197740112993 0.2511737089201878
1 0.5870056497175141 0.7417840375586855 0.16045197740112993 0.2511737089201878
1 0.7564971751412429 0.7417840375586855 0.16045197740112993 0.2511737089201878
1 0.21440677966101696 0.008215962441314555 0.07627118644067797 0.01643192488262911
2 0.4505649717514124 0.008802816901408451 0.3384180790960452 0.017605633802816902
2 0.48333333333333334 0.0017605633802816902 0.00847457627118644 0.0035211267605633804
3 0.5324858757062146 0.005868544600938967 0.12372881355932204 0.011737089201877934
3 0.538135593220339 0.0035211267605633804 0.09661016949152543 0.007042253521126761
3 0.538135593220339 0.0035211267605633804 0.09661016949152543 0.007042253521126761
3 0.25084745762711863 0.1772300469483568 0.15706214689265538 0.035211267605633804
3 0.4847457627118644 0.29107981220657275 0.10508474576271186 0.0528169014084507
3 0.41779661016949154 0.9806338028169014 0.13389830508474576 0.036384976525821594
3 0.5872881355932204 0.9806338028169014 0.13389830508474576 0.036384976525821594
3 0.7567796610169492 0.9806338028169014 0.13389830508474576 0.036384976525821594
3 0.34858757062146895 0.05516431924882629 0.025423728813559324 0.023474178403755867
3 0.38587570621468925 0.05516431924882629 0.02824858757062147 0.023474178403755867
3 0.43559322033898307 0.05516431924882629 0.05084745762711865 0.023474178403755867
3 0.4807909604519774 0.05516431924882629 0.01977401129943503 0.023474178403755867
3 0.5135593220338983 0.05516431924882629 0.025423728813559324 0.023474178403755867
3 0.5474576271186441 0.05516431924882629 0.022033898305084745 0.023474178403755867
3 0.19830508474576272 0.3626760563380282 0.05254237288135593 0.02112676056338028
3 0.20564971751412428 0.3908450704225352 0.0672316384180791 0.02112676056338028
3 0.20112994350282487 0.41901408450704225 0.05819209039548023 0.02112676056338028
3 0.20508474576271185 0.4471830985915493 0.06610169491525424 0.02112676056338028
3 0.18022598870056497 0.5387323943661971 0.01638418079096045 0.02112676056338028
3 0.1807909604519774 0.6302816901408451 0.01694915254237288 0.02112676056338028
3 0.1807909604519774 0.6584507042253521 0.01694915254237288 0.02112676056338028
3 0.18022598870056497 0.6866197183098591 0.01638418079096045 0.02112676056338028
3 0.18022598870056497 0.7147887323943662 0.01638418079096045 0.02112676056338028
3 0.1807909604519774 0.7429577464788732 0.01694915254237288 0.02112676056338028
3 0.17966101694915254 0.7711267605633803 0.014689265536723164 0.02112676056338028
3 0.18192090395480226 0.7992957746478874 0.0192090395480226 0.02112676056338028
3 0.20508474576271185 0.9565727699530516 0.0655367231638418 0.02112676056338028
3 0.21977401129943502 0.9847417840375586 0.09548022598870057 0.02112676056338028
3 0.2327683615819209 0.3626760563380282 0.010734463276836158 0.02112676056338028
3 0.24689265536723165 0.3908450704225352 0.00847457627118644 0.02112676056338028
3 0.23728813559322035 0.41901408450704225 0.007909604519774011 0.02112676056338028
3 0.2440677966101695 0.4471830985915493 0.0062146892655367235 0.02112676056338028
3 0.19661016949152543 0.5387323943661971 0.010169491525423728 0.02112676056338028
3 0.196045197740113 0.6302816901408451 0.007909604519774011 0.02112676056338028
3 0.19491525423728814 0.6584507042253521 0.005649717514124294 0.02112676056338028
3 0.19548022598870057 0.6866197183098591 0.007909604519774011 0.02112676056338028
3 0.196045197740113 0.7147887323943662 0.007909604519774011 0.02112676056338028
3 0.19491525423728814 0.7429577464788732 0.005649717514124294 0.02112676056338028
3 0.1943502824858757 0.7711267605633803 0.007909604519774011 0.02112676056338028
3 0.19717514124293786 0.7992957746478874 0.005649717514124294 0.02112676056338028
3 0.24519774011299436 0.9565727699530516 0.00847457627118644 0.02112676056338028
3 0.2751412429378531 0.9847417840375586 0.00847457627118644 0.02112676056338028
3 0.21299435028248587 0.03755868544600939 0.06497175141242938 0.023474178403755867
3 0.20847457627118643 0.05985915492957746 0.06497175141242938 0.023474178403755867
3 0.20847457627118643 0.12910798122065728 0.07231638418079096 0.023474178403755867
3 0.28983050847457625 0.12910798122065728 0.06949152542372881 0.023474178403755867