0 0.5965053763440861 0.020647321428571428 0.025268817204301075 0.041294642857142856
1 0.7303763440860215 0.021205357142857144 0.18333333333333332 0.04241071428571429
1 0.5043010752688172 0.17857142857142858 0.8602150537634409 0.15625
1 0.24946236559139784 0.40848214285714285 0.1 0.20758928571428573
1 0.5720430107526882 0.40848214285714285 0.1 0.20758928571428573
1 0.23548387096774193 0.6361607142857143 0.053763440860215055 0.11160714285714286
1 0.34301075268817205 0.6361607142857143 0.053763440860215055 0.11160714285714286
1 0.5086021505376344 0.6897321428571429 0.21505376344086022 0.26339285714285715
1 0.6655913978494624 0.6361607142857143 0.053763440860215055 0.11160714285714286
1 0.7731182795698924 0.6361607142857143 0.053763440860215055 0.11160714285714286
1 0.4505376344086022 0.9174107142857143 0.053763440860215055 0.11160714285714286
1 0.5580645161290323 0.9174107142857143 0.053763440860215055 0.11160714285714286
1 0.6655913978494624 0.9174107142857143 0.053763440860215055 0.11160714285714286
1 0.7731182795698924 0.9174107142857143 0.053763440860215055 0.11160714285714286
1 0.22311827956989247 0.020089285714285716 0.07204301075268817 0.03794642857142857
2 0.4481182795698925 0.020647321428571428 0.32204301075268815 0.041294642857142856
3 0.40698924731182795 0.43973214285714285 0.15913978494623657 0.015625
3 0.7295698924731183 0.43973214285714285 0.15913978494623657 0.015625
3 0.23548387096774193 0.796875 0.0989247311827957 0.015625
3 0.34301075268817205 0.796875 0.0989247311827957 0.015625
3 0.45161290322580644 0.7734375 0.06290322580645161 0.015625
3 0.6655913978494624 0.796875 0.0989247311827957 0.015625
3 0.7731182795698924 0.796875 0.0989247311827957 0.015625
3 0.40698924731182795 0.3950892857142857 0.15913978494623657 0.04017857142857143
3 0.7295698924731183 0.3950892857142857 0.15913978494623657 0.04017857142857143
3 0.23548387096774193 0.7477678571428571 0.08279569892473118 0.026785714285714284
3 0.34301075268817205 0.7477678571428571 0.08279569892473118 0.026785714285714284
3 0.45161290322580644 0.7310267857142857 0.06290322580645161 0.03459821428571429
3 0.6655913978494624 0.7477678571428571 0.08279569892473118 0.026785714285714284
3 0.7731182795698924 0.7477678571428571 0.08279569892473118 0.026785714285714284
3 0.3510752688172043 0.07700892857142858 0.024193548387096774 0.022321428571428572
3 0.3865591397849462 0.07700892857142858 0.026881720430107527 0.022321428571428572
3 0.4338709677419355 0.07700892857142858 0.04838709677419355 0.022321428571428572
3 0.4768817204301075 0.07700892857142858 0.01881720430107527 0.022321428571428572
3 0.5080645161290323 0.07700892857142858 0.024193548387096774 0.022321428571428572
3 0.5403225806451613 0.07700892857142858 0.020967741935483872 0.022321428571428572
3 0.22204301075268817 0.060267857142857144 0.06182795698924731 0.022321428571428572
3 0.21774193548387097 0.08147321428571429 0.06182795698924731 0.022321428571428572