0 0.584375 0.02918918918918919 0.023958333333333335 0.04216216216216216
0 0.7296875 0.1989189189189189 0.058854166666666666 0.015135135135135135
0 0.690625 0.9643243243243244 0.046875 0.03351351351351351
0 0.2234375 0.20972972972972972 0.04635416666666667 0.04108108108108108
0 0.2864583333333333 0.20972972972972972 0.07552083333333333 0.04108108108108108
1 0.7140625 0.03027027027027027 0.17708333333333334 0.04216216216216216
1 0.390625 0.3481081081081081 0.08333333333333333 0.17297297297297298
1 0.390625 0.6172972972972973 0.08333333333333333 0.17297297297297298
1 0.390625 0.8345945945945946 0.08333333333333333 0.17297297297297298
2 0.440625 0.02918918918918919 0.31145833333333334 0.04216216216216216
2 0.48333333333333334 0.02918918918918919 0.007291666666666667 0.015135135135135135
3 0.1828125 0 0 0
3 0.22291666666666668 0.03027027027027027 0.06979166666666667 0.036756756756756756
3 0.6729166666666667 0.08540540540540541 0.057291666666666664 0.021621621621621623
3 0.71875 0.08540540540540541 0.034375 0.021621621621621623
3 0.7609375 0.08540540540540541 0.050520833333333334 0.021621621621621623
3 0.21770833333333334 0.07783783783783783 0.06927083333333334 0.043243243243243246
3 0.30520833333333336 0.08540540540540541 0.04114583333333333 0.021621621621621623
3 0.346875 0.08540540540540541 0.0234375 0.021621621621621623
3 0.38125 0.08540540540540541 0.026041666666666668 0.021621621621621623
3 0.4270833333333333 0.08540540540540541 0.046875 0.021621621621621623
3 0.46875 0.08540540540540541 0.018229166666666668 0.021621621621621623
3 0.49895833333333334 0.08540540540540541 0.0234375 0.021621621621621623
3 0.5302083333333333 0.08540540540540541 0.0203125 0.021621621621621623
3 0.7963541666666667 0.08324324324324324 0.013020833333333334 0.022702702702702703
3 0.7140625 0.03351351351351351 0.17708333333333334 0.04756756756756757
3 0.27395833333333336 0.13513513513513514 0.0109375 0.021621621621621623
3 0.3046875 0.13513513513513514 0.0296875 0.021621621621621623
3 0.3536458333333333 0.13513513513513514 0.04583333333333333 0.021621621621621623
3 0.4 0.13513513513513514 0.026041666666666668 0.021621621621621623
3 0.20572916666666666 0.1891891891891892 0.042708333333333334 0.021621621621621623
3 0.29322916666666665 0.3362162162162162 0.016666666666666666 0.017297297297297298
3 0.29322916666666665 0.40756756756756757 0.016666666666666666 0.017297297297297298
3 0.2265625 0.5210810810810811 0.08489583333333334 0.01945945945945946
3 0.2015625 0.6054054054054054 0.034895833333333334 0.01945945945945946
3 0.21197916666666666 0.6313513513513513 0.05572916666666667 0.01945945945945946
3 0.2078125 0.6572972972972972 0.046875 0.01945945945945946
3 0.20260416666666667 0.6832432432432433 0.036458333333333336 0.01945945945945946
3 0.20677083333333332 0.7675675675675676 0.0453125 0.01945945945945946
3 0.209375 0.8518918918918919 0.05 0.01945945945945946
3 0.23854166666666668 0.8778378378378379 0.10833333333333334 0.01945945945945946
3 0.21354166666666666 0.9621621621621622 0.058854166666666666 0.01945945945945946
3 0.20260416666666667 0.9881081081081081 0.03697916666666667 0.01945945945945946
3 0.7807291666666667 0.20108108108108108 0.008333333333333333 0.017297297297297298
3 0.7932291666666667 0.20108108108108108 0.008333333333333333 0.017297297297297298
3 0.390625 0.3481081081081081 0.08333333333333333 0.17297297297297298
3 0.6078125 0.3286486486486486 0.3265625 0.05621621621621622
3 0.390625 0.6172972972972973 0.08333333333333333 0.17297297297297298
3 0.6078125 0.5448648648648649 0.3265625 0.02810810810810811
3 0.390625 0.8345945945945946 0.08333333333333333 0.17297297297297298
3 0.6078125 0.7621621621621621 0.3265625 0.02810810810810811
3 0.6078125 0.9794594594594594 0.3265625 0.02810810810810811
3 0.6276041666666666 0.9643243243243244 0.06197916666666667 0.024864864864864864
3 0.5223958333333333 0.03027027027027027 0.10104166666666667 0.02810810810810811
3 0.4822916666666667 0.4627027027027027 0.075 0.02054054054054054
3 0.4822916666666667 0.6248648648648648 0.075 0.02054054054054054
3 0.4822916666666667 0.8616216216216216 0.075 0.02054054054054054
3 0.4671875 0.9643243243243244 0.38177083333333334 0.024864864864864864
3 0.5276041666666667 0.02918918918918919 0.07604166666666666 0.021621621621621623
3 0.5276041666666667 0.02918918918918919 0.07604166666666666 0.021621621621621623
3 0.25677083333333334 0.23351351351351352 0.14479166666666668 0.032432432432432434
3 0.6078125 0.3286486486486486 0.3265625 0.05621621621621622
3 0.6078125 0.5448648648648649 0.3265625 0.02810810810810811
3 0.6078125 0.7621621621621621 0.3265625 0.02810810810810811
3 0.6078125 0.9794594594594594 0.3265625 0.02810810810810811
3 0.26875 0.1545945945945946 0.13697916666666668 0.043243243243243246