0 0.5798941798941799 0.023076923076923078 0.02433862433862434 0.04285714285714286
0 0.7275132275132276 0.2945054945054945 0.059788359788359786 0.015384615384615385
0 0.6211640211640211 0.5010989010989011 0.025925925925925925 0.02857142857142857
0 0.7783068783068783 0.37362637362637363 0.01904761904761905 0.03956043956043956
1 0.7116402116402116 0.024175824175824177 0.17989417989417988 0.04285714285714286
1 0.38306878306878306 0.4461538461538462 0.08465608465608465 0.17582417582417584
1 0.38306878306878306 0.6714285714285714 0.08465608465608465 0.17582417582417584
1 0.2126984126984127 0.024175824175824177 0.07089947089947089 0.03736263736263736
2 0.43386243386243384 0.023076923076923078 0.3164021164021164 0.04285714285714286
2 0.4624338624338624 0.023076923076923078 0.007407407407407408 0.015384615384615385
3 0.5095238095238095 0.024175824175824177 0.11746031746031746 0.02857142857142857
3 0.48783068783068784 0.5142857142857142 0.09947089947089947 0.020879120879120878
3 0.5968253968253968 0.5010989010989011 0.01904761904761905 0.01978021978021978
3 0.6037037037037037 0.6879120879120879 0.33174603174603173 0.015384615384615385
3 0.48783068783068784 0.8032967032967033 0.09947089947089947 0.020879120879120878
3 0.6037037037037037 0.9373626373626374 0.33174603174603173 0.015384615384615385
3 0.5148148148148148 0.023076923076923078 0.09206349206349207 0.02197802197802198
3 0.5148148148148148 0.023076923076923078 0.09206349206349207 0.02197802197802198
3 0.24708994708994708 0.32967032967032966 0.14708994708994708 0.03296703296703297
3 0.6037037037037037 0.41208791208791207 0.33174603174603173 0.02857142857142857
3 0.6037037037037037 0.6516483516483517 0.33174603174603173 0.05714285714285714
3 0.6037037037037037 0.9010989010989011 0.33174603174603173 0.05714285714285714
3 0.3386243386243386 0.08021978021978023 0.023809523809523808 0.02197802197802198
3 0.37354497354497357 0.08021978021978023 0.026455026455026454 0.02197802197802198
3 0.4201058201058201 0.08021978021978023 0.047619047619047616 0.02197802197802198
3 0.4624338624338624 0.08021978021978023 0.018518518518518517 0.02197802197802198
3 0.4931216931216931 0.08021978021978023 0.023809523809523808 0.02197802197802198
3 0.5248677248677248 0.08021978021978023 0.020634920634920634 0.02197802197802198
3 0.20793650793650795 0.621978021978022 0.06878306878306878 0.01978021978021978
3 0.18518518518518517 0.7076923076923077 0.02328042328042328 0.01978021978021978
3 0.19153439153439153 0.734065934065934 0.03597883597883598 0.01978021978021978
3 0.19047619047619047 0.7604395604395604 0.03439153439153439 0.01978021978021978
3 0.18888888888888888 0.7868131868131868 0.031216931216931216 0.01978021978021978
3 0.18253968253968253 0.8131868131868132 0.01798941798941799 0.01978021978021978
3 0.18306878306878308 0.8989010989010989 0.01904761904761905 0.01978021978021978
3 0.2164021164021164 0.9846153846153847 0.08624338624338625 0.01978021978021978
3 0.2523809523809524 0.621978021978022 0.015343915343915344 0.01978021978021978
3 0.21164021164021163 0.7076923076923077 0.02433862433862434 0.01978021978021978
3 0.22486772486772486 0.734065934065934 0.025396825396825397 0.01978021978021978
3 0.22116402116402117 0.7604395604395604 0.021164021164021163 0.01978021978021978
3 0.21587301587301588 0.7868131868131868 0.015873015873015872 0.01978021978021978
3 0.2021164021164021 0.8131868131868132 0.015873015873015872 0.01978021978021978
3 0.20634920634920634 0.8989010989010989 0.022222222222222223 0.01978021978021978
3 0.2724867724867725 0.9846153846153847 0.020105820105820106 0.01978021978021978
3 0.21164021164021163 0.06373626373626373 0.06084656084656084 0.02197802197802198
3 0.2074074074074074 0.08461538461538462 0.06084656084656084 0.02197802197802198
3 0.19523809523809524 0.2846153846153846 0.04338624338624339 0.02197802197802198