0 0.7322222222222222 0.2690531177829099 0.06277777777777778 0.016166281755196306
0 0.7855555555555556 0.35219399538106233 0.02 0.04157043879907621
1 0.3705555555555556 0.4284064665127021 0.08888888888888889 0.18475750577367206
1 0.3705555555555556 0.6605080831408776 0.08888888888888889 0.18475750577367206
1 0.3705555555555556 0.8926096997690531 0.08888888888888889 0.18475750577367206
3 0.4683333333333333 0.48729792147806006 0.08 0.021939953810623556
3 0.4683333333333333 0.6685912240184757 0.08 0.021939953810623556
3 0.4683333333333333 0.9630484988452656 0.08 0.021939953810623556
3 0.22777777777777777 0.30600461893764436 0.15444444444444444 0.03464203233256351
3 0.6022222222222222 0.36605080831408776 0.34833333333333333 0.06004618937644342
3 0.6022222222222222 0.5831408775981525 0.34833333333333333 0.03002309468822171
3 0.6022222222222222 0.8568129330254042 0.34833333333333333 0.03002309468822171
3 0.3238888888888889 0.04387990762124711 0.025 0.023094688221709007
3 0.3605555555555556 0.04387990762124711 0.027777777777777776 0.023094688221709007
3 0.40944444444444444 0.04387990762124711 0.05 0.023094688221709007
3 0.4538888888888889 0.04387990762124711 0.019444444444444445 0.023094688221709007
3 0.4861111111111111 0.04387990762124711 0.025 0.023094688221709007
3 0.5194444444444445 0.04387990762124711 0.021666666666666667 0.023094688221709007
3 0.18666666666666668 0.6131639722863741 0.07222222222222222 0.020785219399538105
3 0.15555555555555556 0.7032332563510393 0.01 0.020785219399538105
3 0.16722222222222222 0.73094688221709 0.03333333333333333 0.020785219399538105
3 0.16333333333333333 0.7586605080831409 0.026111111111111113 0.020785219399538105
3 0.16 0.7863741339491916 0.01888888888888889 0.020785219399538105
3 0.16055555555555556 0.8764434180138568 0.02 0.020785219399538105
3 0.19555555555555557 0.9665127020785219 0.09055555555555556 0.020785219399538105
3 0.23277777777777778 0.6131639722863741 0.014444444444444444 0.020785219399538105
3 0.1761111111111111 0.7032332563510393 0.025555555555555557 0.020785219399538105
3 0.1988888888888889 0.73094688221709 0.023333333333333334 0.020785219399538105
3 0.19 0.7586605080831409 0.021111111111111112 0.020785219399538105
3 0.18055555555555555 0.7863741339491916 0.017222222222222222 0.020785219399538105
3 0.18444444444444444 0.8764434180138568 0.02277777777777778 0.020785219399538105
3 0.2544444444444444 0.9665127020785219 0.021666666666666667 0.020785219399538105
3 0.19055555555555556 0.026558891454965358 0.06388888888888888 0.023094688221709007
3 0.18611111111111112 0.04849884526558892 0.06388888888888888 0.023094688221709007
3 0.17333333333333334 0.2586605080831409 0.04555555555555556 0.023094688221709007