0 0.5888586956521739 0.010158013544018058 0.025543478260869567 0.020316027088036117
0 0.7402173913043478 0.2765237020316027 0.06141304347826087 0.01580135440180587
0 0.7923913043478261 0.3577878103837472 0.01956521739130435 0.040632054176072234
1 0.7241847826086957 0.01072234762979684 0.18532608695652175 0.02144469525959368
1 0.3864130434782609 0.4322799097065463 0.08695652173913043 0.18058690744920994
1 0.3864130434782609 0.6591422121896162 0.08695652173913043 0.18058690744920994
1 0.3864130434782609 0.8860045146726863 0.08695652173913043 0.18058690744920994
1 0.21168478260869567 0.009593679458239277 0.07336956521739131 0.019187358916478554
2 0.4388586956521739 0.010158013544018058 0.32554347826086955 0.020316027088036117
2 0.48342391304347826 0.003386004514672686 0.008152173913043478 0.006772009029345372
3 0.5241847826086956 0.007336343115124154 0.10597826086956522 0.014672686230248307
3 0.48206521739130437 0.4898419864559819 0.0782608695652174 0.02144469525959368
3 0.48206521739130437 0.6670428893905191 0.0782608695652174 0.02144469525959368
3 0.48206521739130437 0.9548532731376975 0.0782608695652174 0.02144469525959368
3 0.5296195652173913 0.005079006772009029 0.07989130434782608 0.010158013544018058
3 0.5296195652173913 0.005079006772009029 0.07989130434782608 0.010158013544018058
3 0.2467391304347826 0.3126410835214447 0.15108695652173912 0.033860045146726865
3 0.6130434782608696 0.37133182844243795 0.3407608695652174 0.05869074492099323
3 0.6130434782608696 0.5835214446952596 0.3407608695652174 0.029345372460496615
3 0.6130434782608696 0.8510158013544018 0.3407608695652174 0.029345372460496615
3 0.3407608695652174 0.056433408577878104 0.024456521739130436 0.022573363431151242
3 0.3766304347826087 0.056433408577878104 0.02717391304347826 0.022573363431151242
3 0.42445652173913045 0.056433408577878104 0.04891304347826087 0.022573363431151242
3 0.46793478260869564 0.056433408577878104 0.019021739130434784 0.022573363431151242
3 0.4994565217391304 0.056433408577878104 0.024456521739130436 0.022573363431151242
3 0.5320652173913043 0.056433408577878104 0.021195652173913043 0.022573363431151242
3 0.20652173913043478 0.6128668171557562 0.07065217391304347 0.020316027088036117
3 0.17608695652173914 0.7009029345372461 0.009782608695652175 0.020316027088036117
3 0.1875 0.7279909706546276 0.03260869565217391 0.020316027088036117
3 0.18369565217391304 0.755079006772009 0.025543478260869567 0.020316027088036117
3 0.18043478260869567 0.7821670428893905 0.01847826086956522 0.020316027088036117
3 0.18097826086956523 0.8702031602708804 0.01956521739130435 0.020316027088036117
3 0.21521739130434783 0.9582392776523702 0.08858695652173913 0.020316027088036117
3 0.2516304347826087 0.6128668171557562 0.014130434782608696 0.020316027088036117
3 0.19619565217391305 0.7009029345372461 0.025 0.020316027088036117
3 0.2184782608695652 0.7279909706546276 0.02282608695652174 0.020316027088036117
3 0.20978260869565218 0.755079006772009 0.020652173913043477 0.020316027088036117
3 0.20054347826086957 0.7821670428893905 0.01684782608695652 0.020316027088036117
3 0.20434782608695654 0.8702031602708804 0.022282608695652174 0.020316027088036117
3 0.2728260869565217 0.9582392776523702 0.021195652173913043 0.020316027088036117
3 0.21032608695652175 0.039503386004514675 0.0625 0.022573363431151242
3 0.20597826086956522 0.060948081264108354 0.0625 0.022573363431151242
3 0.1934782608695652 0.26636568848758463 0.04456521739130435 0.022573363431151242