0 0.5974860335195531 0.02262180974477958 0.026256983240223464 0.04524361948955916
0 0.8324022346368715 0.18793503480278423 0.026815642458100558 0.05568445475638051
1 0.7363128491620111 0.02320185614849188 0.18994413407821228 0.04524361948955916
1 0.3776536312849162 0.16241299303944315 0.026815642458100558 0.05568445475638051
1 0.46033519553072627 0.16241299303944315 0.026815642458100558 0.05568445475638051
1 0.5430167597765363 0.16241299303944315 0.026815642458100558 0.05568445475638051
1 0.6256983240223464 0.16241299303944315 0.026815642458100558 0.05568445475638051
1 0.7083798882681565 0.16241299303944315 0.026815642458100558 0.05568445475638051
1 0.7910614525139665 0.16241299303944315 0.026815642458100558 0.05568445475638051
1 0.4134078212290503 0.4709976798143852 0.15865921787709497 0.3294663573085847
1 0.5810055865921788 0.4709976798143852 0.15810055865921788 0.3294663573085847
1 0.7486033519553073 0.4709976798143852 0.15865921787709497 0.3294663573085847
1 0.20949720670391062 0.02320185614849188 0.07486033519553073 0.03944315545243619
2 0.4432960893854749 0.02262180974477958 0.3346368715083799 0.04524361948955916
3 0.3776536312849162 0.22273781902552203 0.055865921787709494 0.037122969837587005
3 0.46033519553072627 0.22273781902552203 0.055865921787709494 0.037122969837587005
3 0.5430167597765363 0.22273781902552203 0.05027932960893855 0.037122969837587005
3 0.6256983240223464 0.22273781902552203 0.03240223463687151 0.037122969837587005
3 0.7083798882681565 0.22273781902552203 0.04581005586592179 0.037122969837587005
3 0.7910614525139665 0.22273781902552203 0.055865921787709494 0.037122969837587005
3 0.2446927374301676 0.3491879350348028 0.14748603351955308 0.01740139211136891
3 0.4134078212290503 0.8178654292343387 0.13631284916201117 0.04176334106728538
3 0.5810055865921788 0.8178654292343387 0.13575418994413407 0.04176334106728538
3 0.7486033519553073 0.8178654292343387 0.13631284916201117 0.04176334106728538
3 0.2446927374301676 0.1751740139211137 0.14748603351955308 0.04756380510440835
3 0.2446927374301676 0.31786542923433875 0.14748603351955308 0.02320185614849188
3 0.2446927374301676 0.5266821345707656 0.14748603351955308 0.02320185614849188
3 0.2446927374301676 0.6415313225058005 0.14748603351955308 0.02320185614849188
3 0.3424581005586592 0.08236658932714618 0.025139664804469275 0.02320185614849188
3 0.3793296089385475 0.08236658932714618 0.027932960893854747 0.02320185614849188
3 0.42849162011173186 0.08236658932714618 0.05027932960893855 0.02320185614849188
3 0.4731843575418994 0.08236658932714618 0.019553072625698324 0.02320185614849188
3 0.505586592178771 0.08236658932714618 0.025139664804469275 0.02320185614849188
3 0.5391061452513967 0.08236658932714618 0.021787709497206705 0.02320185614849188
3 0.20837988826815643 0.06496519721577726 0.06424581005586592 0.02320185614849188
3 0.20391061452513967 0.08700696055684455 0.06424581005586592 0.02320185614849188
3 0.2446927374301676 0.5568445475638051 0.14748603351955308 0.013921113689095127
3 0.2446927374301676 0.58584686774942 0.14748603351955308 0.013921113689095127
3 0.2446927374301676 0.6716937354988399 0.14748603351955308 0.013921113689095127
3 0.2446927374301676 0.7006960556844548 0.14748603351955308 0.013921113689095127
3 0.2446927374301676 0.7296983758700696 0.14748603351955308 0.013921113689095127
3 0.2446927374301676 0.7587006960556845 0.14748603351955308 0.013921113689095127
3 0.2446927374301676 0.7877030162412993 0.14748603351955308 0.013921113689095127
3 0.2446927374301676 0.8167053364269141 0.14748603351955308 0.013921113689095127
3 0.2446927374301676 0.845707656612529 0.14748603351955308 0.013921113689095127
3 0.2446927374301676 0.8747099767981439 0.14748603351955308 0.013921113689095127
3 0.2446927374301676 0.9037122969837587 0.14748603351955308 0.013921113689095127
3 0.2446927374301676 0.9327146171693735 0.14748603351955308 0.013921113689095127
3 0.2446927374301676 0.9617169373549884 0.14748603351955308 0.013921113689095127
3 0.2446927374301676 0.9907192575406032 0.14748603351955308 0.013921113689095127