0 0.5848167539267015 0.02608695652173913 0.024083769633507852 0.042391304347826085
0 0.7308900523560209 0.25869565217391305 0.059162303664921465 0.015217391304347827
0 0.7811518324607329 0.33695652173913043 0.018848167539267015 0.0391304347826087
1 0.7151832460732984 0.02717391304347826 0.17801047120418848 0.042391304347826085
1 0.3900523560209424 0.40869565217391307 0.08376963350785341 0.17391304347826086
1 0.3900523560209424 0.6271739130434782 0.08376963350785341 0.17391304347826086
1 0.3900523560209424 0.8456521739130435 0.08376963350785341 0.17391304347826086
1 0.22146596858638742 0.02717391304347826 0.07015706806282722 0.03695652173913044
2 0.44031413612565445 0.02608695652173913 0.31308900523560207 0.042391304347826085
2 0.49162303664921464 0.02608695652173913 0.007329842931937173 0.015217391304347827
3 0.5267015706806283 0.02717391304347826 0.09319371727748692 0.02826086956521739
3 0.493717277486911 0.41630434782608694 0.09842931937172775 0.020652173913043477
3 0.493717277486911 0.6630434782608695 0.09842931937172775 0.020652173913043477
3 0.48219895287958114 0.8923913043478261 0.07539267015706806 0.020652173913043477
3 0.5319371727748691 0.02608695652173913 0.06806282722513089 0.021739130434782608
3 0.5319371727748691 0.02608695652173913 0.06806282722513089 0.021739130434782608
3 0.2554973821989529 0.29347826086956524 0.14554973821989528 0.03260869565217391
3 0.6083769633507854 0.3358695652173913 0.32827225130890053 0.02826086956521739
3 0.6083769633507854 0.5684782608695652 0.32827225130890053 0.05652173913043478
3 0.6083769633507854 0.8119565217391305 0.32827225130890053 0.02826086956521739
3 0.3460732984293194 0.08260869565217391 0.02356020942408377 0.021739130434782608
3 0.3806282722513089 0.08260869565217391 0.02617801047120419 0.021739130434782608
3 0.42670157068062825 0.08260869565217391 0.04712041884816754 0.021739130434782608
3 0.468586387434555 0.08260869565217391 0.01832460732984293 0.021739130434782608
3 0.4989528795811518 0.08260869565217391 0.02356020942408377 0.021739130434782608
3 0.5303664921465968 0.08260869565217391 0.020418848167539267 0.021739130434782608
3 0.21675392670157068 0.5826086956521739 0.06806282722513089 0.01956521739130435
3 0.2094240837696335 0.6673913043478261 0.05392670157068063 0.01956521739130435
3 0.2157068062827225 0.6934782608695652 0.06649214659685863 0.01956521739130435
3 0.21675392670157068 0.7195652173913043 0.06858638743455497 0.01956521739130435
3 0.20837696335078534 0.7456521739130435 0.05130890052356021 0.01956521739130435
3 0.2136125654450262 0.7717391304347826 0.06230366492146597 0.01956521739130435
3 0.2157068062827225 0.7978260869565217 0.06596858638743455 0.01956521739130435
3 0.21727748691099477 0.8239130434782609 0.06963350785340314 0.01956521739130435
3 0.1968586387434555 0.85 0.028272251308900525 0.01956521739130435
3 0.19842931937172775 0.8760869565217392 0.03193717277486911 0.01956521739130435
3 0.19240837696335078 0.9896739130434783 0.0193717277486911 0.01847826086956522
3 0.2612565445026178 0.5826086956521739 0.015706806282722512 0.01956521739130435
3 0.2518324607329843 0.6673913043478261 0.024607329842931937 0.01956521739130435
3 0.2643979057591623 0.6934782608695652 0.024083769633507852 0.01956521739130435
3 0.2649214659685864 0.7195652173913043 0.02198952879581152 0.01956521739130435
3 0.2476439790575916 0.7456521739130435 0.02198952879581152 0.01956521739130435
3 0.2534031413612565 0.7717391304347826 0.01099476439790576 0.01956521739130435
3 0.2570680628272251 0.7978260869565217 0.011518324607329843 0.01956521739130435
3 0.2612565445026178 0.8239130434782609 0.011518324607329843 0.01956521739130435
3 0.218848167539267 0.85 0.009947643979057591 0.01956521739130435
3 0.22041884816753926 0.8760869565217392 0.006806282722513089 0.01956521739130435
3 0.2162303664921466 0.9896739130434783 0.025130890052356022 0.01847826086956522
3 0.22041884816753926 0.06630434782608696 0.060209424083769635 0.021739130434782608
3 0.2162303664921466 0.08695652173913043 0.060209424083769635 0.021739130434782608
3 0.20418848167539266 0.24891304347826088 0.04293193717277487 0.021739130434782608