0 0.584375 0.02918918918918919 0.023958333333333335 0.04216216216216216
0 0.20729166666666668 0.29081081081081084 0.010416666666666666 0.021621621621621623
0 0.23958333333333334 0.29081081081081084 0.010416666666666666 0.021621621621621623
0 0.2677083333333333 0.9686486486486486 0.0125 0.025945945945945945
0 0.7296875 0.16324324324324324 0.058854166666666666 0.015135135135135135
0 0.7796875 0.2410810810810811 0.01875 0.03891891891891892
0 0.2234375 0.20972972972972972 0.04635416666666667 0.04108108108108108
0 0.2864583333333333 0.20972972972972972 0.07552083333333333 0.04108108108108108
1 0.7140625 0.03027027027027027 0.17708333333333334 0.04216216216216216
1 0.390625 0.3124324324324324 0.08333333333333333 0.17297297297297298
1 0.390625 0.5297297297297298 0.08333333333333333 0.17297297297297298
1 0.390625 0.7470270270270271 0.08333333333333333 0.17297297297297298
2 0.440625 0.02918918918918919 0.31145833333333334 0.04216216216216216
2 0.4984375 0.02918918918918919 0.007291666666666667 0.015135135135135135
2 0.2 0.9664864864864865 0.03229166666666667 0.02702702702702703
2 0.24166666666666667 0.9664864864864865 0.03229166666666667 0.02702702702702703
3 0.1828125 0 0 0
3 0.22291666666666668 0.03027027027027027 0.06979166666666667 0.036756756756756756
3 0.6729166666666667 0.08540540540540541 0.057291666666666664 0.021621621621621623
3 0.71875 0.08540540540540541 0.034375 0.021621621621621623
3 0.7609375 0.08540540540540541 0.050520833333333334 0.021621621621621623
3 0.21770833333333334 0.07783783783783783 0.06927083333333334 0.043243243243243246
3 0.30520833333333336 0.08540540540540541 0.04114583333333333 0.021621621621621623
3 0.346875 0.08540540540540541 0.0234375 0.021621621621621623
3 0.38125 0.08540540540540541 0.026041666666666668 0.021621621621621623
3 0.4270833333333333 0.08540540540540541 0.046875 0.021621621621621623
3 0.46875 0.08540540540540541 0.018229166666666668 0.021621621621621623
3 0.49895833333333334 0.08540540540540541 0.0234375 0.021621621621621623
3 0.5302083333333333 0.08540540540540541 0.0203125 0.021621621621621623
3 0.7963541666666667 0.08324324324324324 0.013020833333333334 0.022702702702702703
3 0.7140625 0.03351351351351351 0.17708333333333334 0.04756756756756757
3 0.20572916666666666 0.1535135135135135 0.042708333333333334 0.021621621621621623
3 0.2708333333333333 0.1535135135135135 0.06822916666666666 0.021621621621621623
3 0.20208333333333334 0.17513513513513512 0.035416666666666666 0.021621621621621623
3 0.19947916666666668 0.29081081081081084 0.030729166666666665 0.02810810810810811
3 0.23385416666666667 0.29081081081081084 0.027083333333333334 0.02810810810810811
3 0.29322916666666665 0.3783783783783784 0.016666666666666666 0.017297297297297298
3 0.29322916666666665 0.44972972972972974 0.016666666666666666 0.017297297297297298
3 0.203125 0.5632432432432433 0.03802083333333333 0.01945945945945946
3 0.20208333333333334 0.5891891891891892 0.035416666666666666 0.01945945945945946
3 0.20364583333333333 0.6151351351351352 0.03854166666666667 0.01945945945945946
3 0.2109375 0.6410810810810811 0.053125 0.01945945945945946
3 0.21458333333333332 0.667027027027027 0.06041666666666667 0.01945945945945946
3 0.2109375 0.692972972972973 0.05364583333333333 0.01945945945945946
3 0.2046875 0.7189189189189189 0.04114583333333333 0.01945945945945946
3 0.19583333333333333 0.7448648648648649 0.022916666666666665 0.01945945945945946
3 0.19427083333333334 0.7708108108108108 0.019791666666666666 0.01945945945945946
3 0.19947916666666668 0.798918918918919 0.030729166666666665 0.021621621621621623
3 0.21666666666666667 0.8843243243243243 0.06458333333333334 0.01945945945945946
3 0.20572916666666666 0.9102702702702703 0.043229166666666666 0.01945945945945946
3 0.2109375 0.9362162162162162 0.05364583333333333 0.01945945945945946
3 0.7807291666666667 0.1654054054054054 0.008333333333333333 0.017297297297297298
3 0.7932291666666667 0.1654054054054054 0.008333333333333333 0.017297297297297298
3 0.390625 0.3124324324324324 0.08333333333333333 0.17297297297297298
3 0.6078125 0.25405405405405407 0.3265625 0.05621621621621622
3 0.6078125 0.2897297297297297 0.3265625 0.015135135135135135
3 0.390625 0.5297297297297298 0.08333333333333333 0.17297297297297298
3 0.6078125 0.4572972972972973 0.3265625 0.02810810810810811
3 0.390625 0.7470270270270271 0.08333333333333333 0.17297297297297298
3 0.6078125 0.6745945945945946 0.3265625 0.02810810810810811
3 0.6078125 0.8918918918918919 0.3265625 0.02810810810810811
3 0.5296875 0.03027027027027027 0.0859375 0.02810810810810811
3 0.6078125 0.2897297297297297 0.3265625 0.015135135135135135
3 0.4630208333333333 0.37945945945945947 0.03697916666666667 0.015135135135135135
3 0.4822916666666667 0.5372972972972972 0.075 0.02054054054054054
3 0.4822916666666667 0.7545945945945945 0.075 0.02054054054054054
3 0.4630208333333333 0.9675675675675676 0.03697916666666667 0.015135135135135135
3 0.5348958333333333 0.02918918918918919 0.0609375 0.021621621621621623
3 0.2 0.9686486486486486 0.03125 0.03351351351351351
3 0.24166666666666667 0.9686486486486486 0.03125 0.03351351351351351
3 0.5348958333333333 0.02918918918918919 0.0609375 0.021621621621621623
3 0.2 0.9686486486486486 0.03125 0.03351351351351351
3 0.24166666666666667 0.9686486486486486 0.03125 0.03351351351351351
3 0.25677083333333334 0.21945945945945947 0.14479166666666668 0.032432432432432434
3 0.6078125 0.25405405405405407 0.3265625 0.05621621621621622
3 0.6078125 0.4572972972972973 0.3265625 0.02810810810810811
3 0.6078125 0.6745945945945946 0.3265625 0.02810810810810811
3 0.6078125 0.8918918918918919 0.3265625 0.02810810810810811
3 0.26875 0.1545945945945946 0.13697916666666668 0.043243243243243246