0 0.5890625 0.02918918918918919 0.023958333333333335 0.04216216216216216
0 0.7083333333333334 0.9621621621621622 0.165625 0.05189189189189189
0 0.5 0.6551351351351351 0.12916666666666668 0.05189189189189189
1 0.71875 0.03027027027027027 0.17708333333333334 0.04216216216216216
1 0.21302083333333333 0.24864864864864866 0.022916666666666665 0.04756756756756757
1 0.4114583333333333 0.5178378378378379 0.34791666666666665 0.505945945945946
1 0.21302083333333333 0.31351351351351353 0.022916666666666665 0.04756756756756757
1 0.21302083333333333 0.3783783783783784 0.022916666666666665 0.04756756756756757
1 0.21302083333333333 0.44324324324324327 0.022916666666666665 0.04756756756756757
1 0.21302083333333333 0.5081081081081081 0.022916666666666665 0.04756756756756757
1 0.21302083333333333 0.572972972972973 0.022916666666666665 0.04756756756756757
2 0.4453125 0.02918918918918919 0.31145833333333334 0.04216216216216216
3 0.1875 0 0 0
3 0.22760416666666666 0.03027027027027027 0.06979166666666667 0.036756756756756756
3 0.6770833333333334 0.08540540540540541 0.057291666666666664 0.021621621621621623
3 0.7234375 0.08540540540540541 0.034375 0.021621621621621623
3 0.7651041666666667 0.08540540540540541 0.050520833333333334 0.021621621621621623
3 0.22239583333333332 0.07783783783783783 0.06927083333333334 0.043243243243243246
3 0.3098958333333333 0.08540540540540541 0.04114583333333333 0.021621621621621623
3 0.35104166666666664 0.08540540540540541 0.0234375 0.021621621621621623
3 0.3854166666666667 0.08540540540540541 0.026041666666666668 0.021621621621621623
3 0.43125 0.08540540540540541 0.046875 0.021621621621621623
3 0.4734375 0.08540540540540541 0.018229166666666668 0.021621621621621623
3 0.5036458333333333 0.08540540540540541 0.0234375 0.021621621621621623
3 0.534375 0.08540540540540541 0.0203125 0.021621621621621623
3 0.8010416666666667 0.08324324324324324 0.013020833333333334 0.022702702702702703
3 0.71875 0.03351351351351351 0.17708333333333334 0.04756756756756757
3 0.30572916666666666 0.1372972972972973 0.04635416666666667 0.021621621621621623
3 0.3703125 0.1372972972972973 0.0703125 0.021621621621621623
3 0.4479166666666667 0.1372972972972973 0.0734375 0.021621621621621623
3 0.51875 0.1372972972972973 0.05572916666666667 0.021621621621621623
3 0.5723958333333333 0.1372972972972973 0.03854166666666667 0.021621621621621623
3 0.6244791666666667 0.1372972972972973 0.052083333333333336 0.021621621621621623
3 0.21666666666666667 0.18054054054054053 0.050520833333333334 0.015135135135135135
3 0.2765625 0.18054054054054053 0.042708333333333334 0.015135135135135135
3 0.340625 0.18054054054054053 0.06822916666666666 0.015135135135135135
3 0.40208333333333335 0.18054054054054053 0.035416666666666666 0.015135135135135135
3 0.4401041666666667 0.18054054054054053 0.022395833333333334 0.015135135135135135
3 0.465625 0.18054054054054053 0.0109375 0.015135135135135135
3 0.7807291666666667 0.1827027027027027 0.0546875 0.015135135135135135
3 0.7854166666666667 0.2875675675675676 0.011458333333333333 0.022702702702702703
3 0.6697916666666667 0.3762162162162162 0.0890625 0.01945945945945946
3 0.6630208333333333 0.4983783783783784 0.07552083333333333 0.01945945945945946
3 0.684375 0.6302702702702703 0.08645833333333333 0.01945945945945946
3 0.6604166666666667 0.7189189189189189 0.0421875 0.01945945945945946
3 0.6895833333333333 0.8335135135135135 0.04635416666666667 0.021621621621621623
3 0.6302083333333334 0.33297297297297296 0.008333333333333333 0.017297297297297298
3 0.6828125 0.4735135135135135 0.11510416666666666 0.01945945945945946
3 0.7083333333333334 0.7697297297297298 0.165625 0.022702702702702703
3 0.6744791666666666 0.8529729729729729 0.0984375 0.01945945945945946
3 0.6640625 0.8972972972972973 0.07760416666666667 0.025945945945945945
3 0.5 0.37945945945945947 0.234375 0.03783783783783784
3 0.21302083333333333 0.26594594594594595 0.026041666666666668 0.023783783783783784
3 0.21302083333333333 0.3308108108108108 0.026041666666666668 0.023783783783783784
3 0.21302083333333333 0.3956756756756757 0.026041666666666668 0.023783783783783784
3 0.21302083333333333 0.46054054054054056 0.026041666666666668 0.023783783783783784
3 0.21302083333333333 0.5254054054054054 0.026041666666666668 0.023783783783783784
3 0.21302083333333333 0.5902702702702702 0.026041666666666668 0.023783783783783784
3 0.21302083333333333 0.26594594594594595 0.026041666666666668 0.023783783783783784
3 0.21302083333333333 0.3308108108108108 0.026041666666666668 0.023783783783783784
3 0.21302083333333333 0.3956756756756757 0.026041666666666668 0.023783783783783784
3 0.21302083333333333 0.46054054054054056 0.026041666666666668 0.023783783783783784
3 0.21302083333333333 0.5254054054054054 0.026041666666666668 0.023783783783783784
3 0.21302083333333333 0.5902702702702702 0.026041666666666668 0.023783783783783784
3 0.6984375 0.31675675675675674 0.14635416666666667 0.08108108108108109
3 0.7161458333333334 0.5405405405405406 0.15 0.021621621621621623
3 0.7161458333333334 0.5632432432432433 0.15 0.01945945945945946
3 0.7161458333333334 0.5848648648648649 0.15 0.01945945945945946
3 0.7161458333333334 0.6064864864864865 0.15 0.01945945945945946
3 0.7151041666666667 0.6724324324324324 0.1515625 0.021621621621621623
3 0.7151041666666667 0.6951351351351351 0.1515625 0.01945945945945946
3 0.5161458333333333 0.4540540540540541 0.20208333333333334 0.024864864864864864
3 0.5161458333333333 0.47675675675675677 0.20208333333333334 0.01945945945945946
3 0.5161458333333333 0.5275675675675676 0.20208333333333334 0.024864864864864864
3 0.5161458333333333 0.56 0.20208333333333334 0.03891891891891892
3 0.6744791666666666 0.8335135135135135 0.0984375 0.018378378378378378