1 0.16101694915254236 0.21948356807511737 0.05649717514124294 0.11737089201877934
1 0.49887005649717514 0.21948356807511737 0.05649717514124294 0.11737089201877934
1 0.15141242937853108 0.4119718309859155 0.024858757062146894 0.051643192488262914
1 0.36666666666666664 0.704225352112676 0.37740112994350283 0.5492957746478874
1 0.15141242937853108 0.4823943661971831 0.024858757062146894 0.051643192488262914
1 0.15141242937853108 0.5528169014084507 0.024858757062146894 0.051643192488262914
1 0.15141242937853108 0.6232394366197183 0.024858757062146894 0.051643192488262914
1 0.15141242937853108 0.6936619718309859 0.024858757062146894 0.051643192488262914
1 0.15141242937853108 0.7640845070422535 0.024858757062146894 0.051643192488262914
1 0.15141242937853108 0.8345070422535211 0.024858757062146894 0.051643192488262914
1 0.15141242937853108 0.9049295774647887 0.024858757062146894 0.051643192488262914
3 0.63954802259887 0.6666666666666666 0.08192090395480225 0.02112676056338028
3 0.6887005649717514 0.9413145539906104 0.17966101694915254 0.02464788732394366
3 0.15141242937853108 0.4307511737089202 0.02824858757062147 0.025821596244131457
3 0.15141242937853108 0.5011737089201878 0.02824858757062147 0.025821596244131457
3 0.15141242937853108 0.5715962441314554 0.02824858757062147 0.025821596244131457
3 0.15141242937853108 0.642018779342723 0.02824858757062147 0.025821596244131457
3 0.15141242937853108 0.7124413145539906 0.02824858757062147 0.025821596244131457
3 0.15141242937853108 0.7828638497652582 0.02824858757062147 0.025821596244131457
3 0.15141242937853108 0.8532863849765259 0.02824858757062147 0.025821596244131457
3 0.15141242937853108 0.9237089201877934 0.02824858757062147 0.025821596244131457
3 0.15141242937853108 0.4307511737089202 0.02824858757062147 0.025821596244131457
3 0.15141242937853108 0.5011737089201878 0.02824858757062147 0.025821596244131457
3 0.15141242937853108 0.5715962441314554 0.02824858757062147 0.025821596244131457
3 0.15141242937853108 0.642018779342723 0.02824858757062147 0.025821596244131457
3 0.15141242937853108 0.7124413145539906 0.02824858757062147 0.025821596244131457
3 0.15141242937853108 0.7828638497652582 0.02824858757062147 0.025821596244131457
3 0.15141242937853108 0.8532863849765259 0.02824858757062147 0.025821596244131457
3 0.15141242937853108 0.9237089201877934 0.02824858757062147 0.025821596244131457
3 0.6779661016949152 0.4859154929577465 0.15875706214689267 0.0880281690140845
3 0.3288135593220339 0.18544600938967137 0.2514124293785311 0.04460093896713615
3 0.6666666666666666 0.18309859154929578 0.2514124293785311 0.04460093896713615
3 0.6971751412429379 0.7394366197183099 0.16271186440677965 0.023474178403755867
3 0.6971751412429379 0.7640845070422535 0.16271186440677965 0.02112676056338028
3 0.696045197740113 0.8356807511737089 0.16440677966101694 0.023474178403755867
3 0.696045197740113 0.8603286384976526 0.16440677966101694 0.02112676056338028
3 0.3016949152542373 0.01056338028169014 0.02598870056497175 0.02112676056338028
3 0.33926553672316384 0.01056338028169014 0.0288135593220339 0.02112676056338028
3 0.3889830508474576 0.01056338028169014 0.05141242937853107 0.02112676056338028
3 0.43389830508474575 0.01056338028169014 0.020338983050847456 0.02112676056338028
3 0.4666666666666667 0.01056338028169014 0.02598870056497175 0.02112676056338028
3 0.5005649717514125 0.01056338028169014 0.022598870056497175 0.02112676056338028
3 0.1615819209039548 0.012910798122065728 0.06497175141242938 0.023474178403755867
3 0.22033898305084745 0.3380281690140845 0.04632768361581921 0.01643192488262911
3 0.2903954802259887 0.3380281690140845 0.07401129943502825 0.01643192488262911
3 0.35706214689265536 0.3380281690140845 0.0384180790960452 0.01643192488262911
3 0.39096045197740115 0.3380281690140845 0.010169491525423728 0.01643192488262911
3 0.4124293785310734 0.3380281690140845 0.011864406779661017 0.01643192488262911