0 0.584375 0.02918918918918919 0.023958333333333335 0.04216216216216216
0 0.20729166666666668 0.29081081081081084 0.010416666666666666 0.021621621621621623
0 0.7296875 0.16324324324324324 0.058854166666666666 0.015135135135135135
0 0.2234375 0.20972972972972972 0.04635416666666667 0.04108108108108108
0 0.2864583333333333 0.20972972972972972 0.07552083333333333 0.04108108108108108
1 0.7140625 0.03027027027027027 0.17708333333333334 0.04216216216216216
1 0.390625 0.3124324324324324 0.08333333333333333 0.17297297297297298
1 0.390625 0.5297297297297298 0.08333333333333333 0.17297297297297298
1 0.390625 0.774054054054054 0.08333333333333333 0.17297297297297298
2 0.440625 0.02918918918918919 0.31145833333333334 0.04216216216216216
2 0.4984375 0.02918918918918919 0.007291666666666667 0.015135135135135135
3 0.1828125 0 0 0
3 0.22291666666666668 0.03027027027027027 0.06979166666666667 0.036756756756756756
3 0.6729166666666667 0.08540540540540541 0.057291666666666664 0.021621621621621623
3 0.71875 0.08540540540540541 0.034375 0.021621621621621623
3 0.7609375 0.08540540540540541 0.050520833333333334 0.021621621621621623
3 0.21770833333333334 0.07783783783783783 0.06927083333333334 0.043243243243243246
3 0.30520833333333336 0.08540540540540541 0.04114583333333333 0.021621621621621623
3 0.346875 0.08540540540540541 0.0234375 0.021621621621621623
3 0.38125 0.08540540540540541 0.026041666666666668 0.021621621621621623
3 0.4270833333333333 0.08540540540540541 0.046875 0.021621621621621623
3 0.46875 0.08540540540540541 0.018229166666666668 0.021621621621621623
3 0.49895833333333334 0.08540540540540541 0.0234375 0.021621621621621623
3 0.5302083333333333 0.08540540540540541 0.0203125 0.021621621621621623
3 0.7963541666666667 0.08324324324324324 0.013020833333333334 0.022702702702702703
3 0.7140625 0.03351351351351351 0.17708333333333334 0.04756756756756757
3 0.20572916666666666 0.1535135135135135 0.042708333333333334 0.021621621621621623
3 0.2708333333333333 0.1535135135135135 0.06822916666666666 0.021621621621621623
3 0.20208333333333334 0.17513513513513512 0.035416666666666666 0.021621621621621623
3 0.19947916666666668 0.29081081081081084 0.030729166666666665 0.02810810810810811
3 0.29322916666666665 0.3783783783783784 0.016666666666666666 0.017297297297297298
3 0.20052083333333334 0.48 0.0328125 0.01945945945945946
3 0.19739583333333333 0.505945945945946 0.026041666666666668 0.01945945945945946
3 0.196875 0.5318918918918919 0.025 0.01945945945945946
3 0.203125 0.5578378378378378 0.03802083333333333 0.01945945945945946
3 0.1984375 0.5837837837837838 0.028645833333333332 0.01945945945945946
3 0.20677083333333332 0.6097297297297297 0.04479166666666667 0.01945945945945946
3 0.19583333333333333 0.6356756756756756 0.022916666666666665 0.01945945945945946
3 0.19427083333333334 0.6616216216216216 0.019791666666666666 0.01945945945945946
3 0.196875 0.6875675675675675 0.025520833333333333 0.01945945945945946
3 0.19947916666666668 0.7156756756756757 0.030729166666666665 0.021621621621621623
3 0.21302083333333333 0.8010810810810811 0.057291666666666664 0.01945945945945946
3 0.19739583333333333 0.827027027027027 0.026041666666666668 0.01945945945945946
3 0.19947916666666668 0.8529729729729729 0.030208333333333334 0.01945945945945946
3 0.2046875 0.8789189189189189 0.040625 0.01945945945945946
3 0.19635416666666666 0.9048648648648648 0.024479166666666666 0.01945945945945946
3 0.19739583333333333 0.9308108108108109 0.0265625 0.01945945945945946
3 0.20833333333333334 0.9567567567567568 0.0484375 0.01945945945945946
3 0.2046875 0.9827027027027027 0.04114583333333333 0.01945945945945946
3 0.7807291666666667 0.1654054054054054 0.008333333333333333 0.017297297297297298
3 0.7932291666666667 0.1654054054054054 0.008333333333333333 0.017297297297297298
3 0.390625 0.3124324324324324 0.08333333333333333 0.17297297297297298
3 0.6078125 0.25405405405405407 0.3265625 0.05621621621621622
3 0.390625 0.5297297297297298 0.08333333333333333 0.17297297297297298
3 0.6078125 0.5102702702702703 0.3265625 0.05621621621621622
3 0.6078125 0.5459459459459459 0.3265625 0.015135135135135135
3 0.390625 0.774054054054054 0.08333333333333333 0.17297297297297298
3 0.6078125 0.7016216216216217 0.3265625 0.02810810810810811
3 0.6078125 0.918918918918919 0.3265625 0.02810810810810811
3 0.5296875 0.03027027027027027 0.0859375 0.02810810810810811
3 0.4822916666666667 0.3481081081081081 0.075 0.02054054054054054
3 0.6078125 0.5459459459459459 0.3265625 0.015135135135135135
3 0.49375 0.6194594594594595 0.09791666666666667 0.02054054054054054
3 0.4822916666666667 0.7816216216216216 0.075 0.02054054054054054
3 0.5348958333333333 0.02918918918918919 0.0609375 0.021621621621621623
3 0.5348958333333333 0.02918918918918919 0.0609375 0.021621621621621623
3 0.25677083333333334 0.21945945945945947 0.14479166666666668 0.032432432432432434
3 0.6078125 0.25405405405405407 0.3265625 0.05621621621621622
3 0.6078125 0.5102702702702703 0.3265625 0.05621621621621622
3 0.6078125 0.7016216216216217 0.3265625 0.02810810810810811
3 0.6078125 0.918918918918919 0.3265625 0.02810810810810811
3 0.26875 0.1545945945945946 0.13697916666666668 0.043243243243243246