0 0.584375 0.02918918918918919 0.023958333333333335 0.04216216216216216
0 0.8036458333333333 0.1837837837837838 0.025 0.05189189189189189
1 0.7140625 0.03027027027027027 0.17708333333333334 0.04216216216216216
1 0.3796875 0.16 0.025 0.05189189189189189
1 0.45677083333333335 0.16 0.025 0.05189189189189189
1 0.5338541666666666 0.16 0.025 0.05189189189189189
1 0.6109375 0.16 0.025 0.05189189189189189
1 0.6880208333333333 0.16 0.025 0.05189189189189189
1 0.7651041666666667 0.16 0.025 0.05189189189189189
1 0.41302083333333334 0.44756756756756755 0.14791666666666667 0.307027027027027
1 0.5692708333333333 0.44756756756756755 0.14739583333333334 0.307027027027027
1 0.7255208333333333 0.44756756756756755 0.14791666666666667 0.307027027027027
2 0.440625 0.02918918918918919 0.31145833333333334 0.04216216216216216
3 0.1828125 0 0 0
3 0.22291666666666668 0.03027027027027027 0.06979166666666667 0.036756756756756756
3 0.6729166666666667 0.08540540540540541 0.057291666666666664 0.021621621621621623
3 0.71875 0.08540540540540541 0.034375 0.021621621621621623
3 0.7609375 0.08540540540540541 0.050520833333333334 0.021621621621621623
3 0.21770833333333334 0.07783783783783783 0.06927083333333334 0.043243243243243246
3 0.30520833333333336 0.08540540540540541 0.04114583333333333 0.021621621621621623
3 0.346875 0.08540540540540541 0.0234375 0.021621621621621623
3 0.38125 0.08540540540540541 0.026041666666666668 0.021621621621621623
3 0.4270833333333333 0.08540540540540541 0.046875 0.021621621621621623
3 0.46875 0.08540540540540541 0.018229166666666668 0.021621621621621623
3 0.49895833333333334 0.08540540540540541 0.0234375 0.021621621621621623
3 0.5302083333333333 0.08540540540540541 0.0203125 0.021621621621621623
3 0.7963541666666667 0.08324324324324324 0.013020833333333334 0.022702702702702703
3 0.7140625 0.03351351351351351 0.17708333333333334 0.04756756756756757
3 0.2640625 0.1837837837837838 0.15416666666666667 0.15135135135135136
3 0.2557291666666667 0.5275675675675676 0.1375 0.012972972972972972
3 0.2557291666666667 0.5545945945945946 0.1375 0.012972972972972972
3 0.2557291666666667 0.6345945945945946 0.1375 0.012972972972972972
3 0.2557291666666667 0.6616216216216216 0.1375 0.012972972972972972
3 0.2557291666666667 0.6886486486486486 0.1375 0.012972972972972972
3 0.2557291666666667 0.7156756756756757 0.1375 0.012972972972972972
3 0.2557291666666667 0.7427027027027027 0.1375 0.012972972972972972
3 0.2557291666666667 0.7697297297297298 0.1375 0.012972972972972972
3 0.2557291666666667 0.7967567567567567 0.1375 0.012972972972972972
3 0.2557291666666667 0.8237837837837838 0.1375 0.012972972972972972
3 0.2557291666666667 0.8508108108108108 0.1375 0.012972972972972972
3 0.2557291666666667 0.8778378378378379 0.1375 0.012972972972972972
3 0.2557291666666667 0.9048648648648648 0.1375 0.012972972972972972
3 0.2557291666666667 0.9318918918918919 0.1375 0.012972972972972972
3 0.2557291666666667 0.9589189189189189 0.1375 0.012972972972972972
3 0.2557291666666667 0.985945945945946 0.1375 0.012972972972972972
3 0.41302083333333334 0.5708108108108109 0.14791666666666667 0.5535135135135135
3 0.5692708333333333 0.5708108108108109 0.14739583333333334 0.5535135135135135
3 0.7255208333333333 0.5708108108108109 0.14791666666666667 0.5535135135135135
3 0.3796875 0.21621621621621623 0.052083333333333336 0.034594594594594595
3 0.45677083333333335 0.21621621621621623 0.052083333333333336 0.034594594594594595
3 0.5338541666666666 0.21621621621621623 0.046875 0.034594594594594595
3 0.6109375 0.21621621621621623 0.030208333333333334 0.034594594594594595
3 0.6880208333333333 0.21621621621621623 0.035416666666666666 0.034594594594594595
3 0.7651041666666667 0.21621621621621623 0.052083333333333336 0.034594594594594595
3 0.2557291666666667 0.33405405405405403 0.1375 0.016216216216216217
3 0.41302083333333334 0.6994594594594594 0.12708333333333333 0.03891891891891892
3 0.5692708333333333 0.7697297297297298 0.1265625 0.03891891891891892
3 0.7255208333333333 0.7491891891891892 0.12708333333333333 0.03891891891891892
3 0.28541666666666665 0.4151351351351351 0 0.023783783783783784
3 0.28541666666666665 0.4151351351351351 0 0.023783783783783784
3 0.2557291666666667 0.17189189189189188 0.1375 0.04432432432432432
3 0.2557291666666667 0.30486486486486486 0.1375 0.021621621621621623
3 0.2557291666666667 0.49945945945945946 0.1375 0.021621621621621623
3 0.2557291666666667 0.6064864864864865 0.1375 0.021621621621621623