0 0.8590333716915995 0.10406698564593302 0.02761795166858458 0.05741626794258373
1 0.3906789413118527 0.07775119617224881 0.02761795166858458 0.05741626794258373
1 0.47583429228998847 0.07775119617224881 0.02761795166858458 0.05741626794258373
1 0.5609896432681243 0.07775119617224881 0.02761795166858458 0.05741626794258373
1 0.64614499424626 0.07775119617224881 0.02761795166858458 0.05741626794258373
1 0.7313003452243959 0.07775119617224881 0.02761795166858458 0.05741626794258373
1 0.8164556962025317 0.07775119617224881 0.02761795166858458 0.05741626794258373
1 0.42750287686996546 0.39593301435406697 0.16340621403912542 0.3397129186602871
1 0.6001150747986191 0.39593301435406697 0.1628308400460299 0.3397129186602871
1 0.7727272727272727 0.39593301435406697 0.16340621403912542 0.3397129186602871
3 0.3906789413118527 0.13995215311004786 0.05753739930955121 0.03827751196172249
3 0.47583429228998847 0.13995215311004786 0.05753739930955121 0.03827751196172249
3 0.5609896432681243 0.13995215311004786 0.05178365937859609 0.03827751196172249
3 0.64614499424626 0.13995215311004786 0.0333716915995397 0.03827751196172249
3 0.7313003452243959 0.13995215311004786 0.047180667433831994 0.03827751196172249
3 0.8164556962025317 0.13995215311004786 0.05753739930955121 0.03827751196172249
3 0.2537399309551208 0.2703349282296651 0.1518987341772152 0.017942583732057416
3 0.42750287686996546 0.7284688995215312 0.14039125431530494 0.0430622009569378
3 0.6001150747986191 0.7057416267942583 0.13981588032220943 0.0430622009569378
3 0.7727272727272727 0.7057416267942583 0.14039125431530494 0.0430622009569378
3 0.2537399309551208 0.09090909090909091 0.1518987341772152 0.04904306220095694
3 0.2537399309551208 0.23803827751196172 0.1518987341772152 0.023923444976076555
3 0.2537399309551208 0.4533492822966507 0.1518987341772152 0.023923444976076555
3 0.2537399309551208 0.5717703349282297 0.1518987341772152 0.023923444976076555
3 0.35443037974683544 0.004186602870813397 0.026467203682393557 0.008373205741626795
3 0.392692750287687 0.004186602870813397 0.029344073647871116 0.008373205741626795
3 0.4433256616800921 0.004186602870813397 0.0523590333716916 0.008373205741626795
3 0.4890678941311853 0.004186602870813397 0.020713463751438434 0.008373205741626795
3 0.522439585730725 0.004186602870813397 0.026467203682393557 0.008373205741626795
3 0.5569620253164557 0.004186602870813397 0.023014959723820484 0.008373205741626795
3 0.21173762945914845 0.006578947368421052 0.0667433831990794 0.013157894736842105
3 0.2537399309551208 0.48444976076555024 0.1518987341772152 0.014354066985645933
3 0.2537399309551208 0.5143540669856459 0.1518987341772152 0.014354066985645933
3 0.2537399309551208 0.6028708133971292 0.1518987341772152 0.014354066985645933
3 0.2537399309551208 0.6327751196172249 0.1518987341772152 0.014354066985645933
3 0.2537399309551208 0.6626794258373205 0.1518987341772152 0.014354066985645933
3 0.2537399309551208 0.6925837320574163 0.1518987341772152 0.014354066985645933
3 0.2537399309551208 0.722488038277512 0.1518987341772152 0.014354066985645933
3 0.2537399309551208 0.7523923444976076 0.1518987341772152 0.014354066985645933
3 0.2537399309551208 0.7822966507177034 0.1518987341772152 0.014354066985645933
3 0.2537399309551208 0.812200956937799 0.1518987341772152 0.014354066985645933
3 0.2537399309551208 0.8421052631578947 0.1518987341772152 0.014354066985645933
3 0.2537399309551208 0.8720095693779905 0.1518987341772152 0.014354066985645933
3 0.2537399309551208 0.9019138755980861 0.1518987341772152 0.014354066985645933
3 0.2537399309551208 0.9318181818181818 0.1518987341772152 0.014354066985645933
3 0.2537399309551208 0.9617224880382775 0.1518987341772152 0.014354066985645933
3 0.2537399309551208 0.9916267942583732 0.1518987341772152 0.014354066985645933