0 0.7539325842696629 0.20677570093457945 0.06348314606741573 0.016355140186915886
1 0.38820224719101126 0.3679906542056075 0.0898876404494382 0.18691588785046728
1 0.38820224719101126 0.602803738317757 0.0898876404494382 0.18691588785046728
1 0.38820224719101126 0.8376168224299065 0.0898876404494382 0.18691588785046728
3 0.46629213483146065 0.37149532710280375 0.039887640449438204 0.016355140186915886
3 0.48707865168539327 0.610981308411215 0.08089887640449438 0.02219626168224299
3 0.4764044943820225 0.8457943925233645 0.05955056179775281 0.02219626168224299
3 0.24382022471910111 0.2441588785046729 0.15617977528089888 0.035046728971962614
3 0.6224719101123596 0.2897196261682243 0.35224719101123597 0.030373831775700934
3 0.6224719101123596 0.5245327102803738 0.35224719101123597 0.030373831775700934
3 0.6224719101123596 0.7593457943925234 0.35224719101123597 0.030373831775700934
3 0.34101123595505617 0.017523364485981307 0.025280898876404494 0.02336448598130841
3 0.37808988764044943 0.017523364485981307 0.028089887640449437 0.02336448598130841
3 0.42752808988764046 0.017523364485981307 0.05056179775280899 0.02336448598130841
3 0.47247191011235956 0.017523364485981307 0.019662921348314606 0.02336448598130841
3 0.505056179775281 0.017523364485981307 0.025280898876404494 0.02336448598130841
3 0.5387640449438202 0.017523364485981307 0.021910112359550562 0.02336448598130841
3 0.20224719101123595 0.5549065420560748 0.07303370786516854 0.02102803738317757
3 0.18483146067415732 0.6460280373831776 0.038202247191011236 0.02102803738317757
3 0.1842696629213483 0.6740654205607477 0.037640449438202245 0.02102803738317757
3 0.20786516853932585 0.7021028037383178 0.0848314606741573 0.02102803738317757
3 0.20730337078651687 0.7301401869158879 0.08314606741573034 0.02102803738317757
3 0.17584269662921348 0.8212616822429907 0.020224719101123594 0.02102803738317757
3 0.21123595505617979 0.9123831775700935 0.09157303370786517 0.02102803738317757
3 0.2449438202247191 0.5549065420560748 0.007303370786516854 0.02102803738317757
3 0.21292134831460674 0.6460280373831776 0.012359550561797753 0.02102803738317757
3 0.21067415730337077 0.6740654205607477 0.009550561797752809 0.02102803738317757
3 0.2601123595505618 0.7021028037383178 0.012921348314606741 0.02102803738317757
3 0.25617977528089886 0.7301401869158879 0.007865168539325843 0.02102803738317757
3 0.1960674157303371 0.8212616822429907 0.015168539325842697 0.02102803738317757
3 0.26741573033707866 0.9123831775700935 0.014606741573033709 0.02102803738317757
3 0.20617977528089887 0.006425233644859813 0.0651685393258427 0.012850467289719626
3 0.20168539325842696 0.02219626168224299 0.06460674157303371 0.02336448598130841
3 0.18876404494382024 0.19626168224299065 0.046067415730337076 0.02336448598130841
3 0.2589887640449438 0.19626168224299065 0.07359550561797752 0.02336448598130841