0 0.5836898395721926 0.014444444444444444 0.025133689839572194 0.028888888888888888
0 0.1962566844919786 0.37555555555555553 0.0106951871657754 0.022222222222222223
0 0.22941176470588234 0.37555555555555553 0.0106951871657754 0.022222222222222223
0 0.732620320855615 0.24444444444444444 0.06042780748663101 0.015555555555555555
1 0.7168449197860962 0.015 0.18235294117647058 0.03
1 0.3844919786096257 0.3977777777777778 0.0855614973262032 0.17777777777777778
1 0.3844919786096257 0.6211111111111111 0.0855614973262032 0.17777777777777778
1 0.3844919786096257 0.8444444444444444 0.0855614973262032 0.17777777777777778
1 0.21256684491978609 0.013888888888888888 0.07219251336898395 0.027777777777777776
2 0.436096256684492 0.014444444444444444 0.32032085561497325 0.028888888888888888
2 0.4954545454545455 0.0077777777777777776 0.008021390374331552 0.015555555555555555
3 0.5272727272727272 0.011666666666666667 0.08877005347593583 0.023333333333333334
3 0.4786096256684492 0.40555555555555556 0.07700534759358289 0.021111111111111112
3 0.4588235294117647 0.6244444444444445 0.03796791443850268 0.015555555555555555
3 0.4588235294117647 0.8477777777777777 0.03796791443850268 0.015555555555555555
3 0.532620320855615 0.009444444444444445 0.06310160427807486 0.01888888888888889
3 0.532620320855615 0.009444444444444445 0.06310160427807486 0.01888888888888889
3 0.24705882352941178 0.3022222222222222 0.14866310160427806 0.03333333333333333
3 0.6074866310160428 0.3233333333333333 0.3352941176470588 0.028888888888888888
3 0.6074866310160428 0.5466666666666666 0.3352941176470588 0.028888888888888888
3 0.6074866310160428 0.77 0.3352941176470588 0.028888888888888888
3 0.339572192513369 0.06444444444444444 0.02406417112299465 0.022222222222222223
3 0.3748663101604278 0.06444444444444444 0.026737967914438502 0.022222222222222223
3 0.4219251336898396 0.06444444444444444 0.0481283422459893 0.022222222222222223
3 0.4647058823529412 0.06444444444444444 0.01871657754010695 0.022222222222222223
3 0.49572192513368984 0.06444444444444444 0.02406417112299465 0.022222222222222223
3 0.5278074866310161 0.06444444444444444 0.02085561497326203 0.022222222222222223
3 0.20748663101604278 0.6555555555555556 0.06951871657754011 0.02
3 0.18663101604278076 0.7422222222222222 0.028342245989304814 0.02
3 0.18502673796791444 0.7688888888888888 0.025133689839572194 0.02
3 0.1946524064171123 0.7955555555555556 0.04385026737967915 0.02
3 0.19786096256684493 0.8222222222222222 0.05080213903743316 0.02
3 0.18716577540106952 0.8488888888888889 0.028877005347593583 0.02
3 0.1946524064171123 0.8755555555555555 0.04438502673796792 0.02
3 0.18823529411764706 0.9022222222222223 0.031016042780748664 0.02
3 0.1786096256684492 0.9288888888888889 0.01229946524064171 0.02
3 0.17700534759358288 0.9555555555555556 0.00909090909090909 0.02
3 0.24759358288770053 0.6555555555555556 0.0053475935828877 0.02
3 0.20748663101604278 0.7422222222222222 0.0074866310160427805 0.02
3 0.20481283422459892 0.7688888888888888 0.008021390374331552 0.02
3 0.2235294117647059 0.7955555555555556 0.008021390374331552 0.02
3 0.23048128342245988 0.8222222222222222 0.008021390374331552 0.02
3 0.20855614973262032 0.8488888888888889 0.008021390374331552 0.02
3 0.2235294117647059 0.8755555555555555 0.0074866310160427805 0.02
3 0.2106951871657754 0.9022222222222223 0.008021390374331552 0.02
3 0.19197860962566846 0.9288888888888889 0.008021390374331552 0.02
3 0.18877005347593584 0.9555555555555556 0.008021390374331552 0.02
3 0.21122994652406418 0.04777777777777778 0.06149732620320856 0.022222222222222223
3 0.206951871657754 0.06888888888888889 0.06149732620320856 0.022222222222222223
3 0.1946524064171123 0.23444444444444446 0.04385026737967915 0.022222222222222223
3 0.26149732620320854 0.23444444444444446 0.07005347593582888 0.022222222222222223
3 0.19090909090909092 0.25666666666666665 0.03636363636363636 0.022222222222222223