0 0.58125 0.009593679458239277 0.025543478260869567 0.019187358916478554
0 0.1875 0.37133182844243795 0.010869565217391304 0.022573363431151242
0 0.22119565217391304 0.37133182844243795 0.010869565217391304 0.022573363431151242
0 0.7326086956521739 0.2381489841986456 0.06141304347826087 0.01580135440180587
1 0.7165760869565218 0.010158013544018058 0.18532608695652175 0.020316027088036117
1 0.37880434782608696 0.3939051918735892 0.08695652173913043 0.18058690744920994
1 0.37880434782608696 0.6207674943566591 0.08695652173913043 0.18058690744920994
1 0.37880434782608696 0.8476297968397292 0.08695652173913043 0.18058690744920994
1 0.20407608695652174 0.009029345372460496 0.07336956521739131 0.01805869074492099
2 0.43125 0.009593679458239277 0.32554347826086955 0.019187358916478554
2 0.4915760869565217 0.0028216704288939053 0.008152173913043478 0.0056433408577878106
3 0.5239130434782608 0.006772009029345372 0.09021739130434783 0.013544018058690745
3 0.47445652173913044 0.4018058690744921 0.0782608695652174 0.02144469525959368
3 0.4543478260869565 0.6241534988713319 0.03858695652173913 0.01580135440180587
3 0.4543478260869565 0.8510158013544018 0.03858695652173913 0.01580135440180587
3 0.5293478260869565 0.004514672686230248 0.0641304347826087 0.009029345372460496
3 0.5293478260869565 0.004514672686230248 0.0641304347826087 0.009029345372460496
3 0.2391304347826087 0.29683972911963885 0.15108695652173912 0.033860045146726865
3 0.6054347826086957 0.3182844243792325 0.3407608695652174 0.029345372460496615
3 0.6054347826086957 0.5451467268623025 0.3407608695652174 0.029345372460496615
3 0.6054347826086957 0.7720090293453724 0.3407608695652174 0.029345372460496615
3 0.33315217391304347 0.055304740406320545 0.024456521739130436 0.022573363431151242
3 0.3690217391304348 0.055304740406320545 0.02717391304347826 0.022573363431151242
3 0.41684782608695653 0.055304740406320545 0.04891304347826087 0.022573363431151242
3 0.4603260869565217 0.055304740406320545 0.019021739130434784 0.022573363431151242
3 0.49184782608695654 0.055304740406320545 0.024456521739130436 0.022573363431151242
3 0.5244565217391305 0.055304740406320545 0.021195652173913043 0.022573363431151242
3 0.19891304347826086 0.6557562076749436 0.07065217391304347 0.020316027088036117
3 0.17771739130434783 0.7437923250564334 0.028804347826086957 0.020316027088036117
3 0.17608695652173914 0.7708803611738149 0.025543478260869567 0.020316027088036117
3 0.1858695652173913 0.7979683972911964 0.04456521739130435 0.020316027088036117
3 0.1891304347826087 0.8250564334085779 0.051630434782608696 0.020316027088036117
3 0.1782608695652174 0.8521444695259593 0.029347826086956522 0.020316027088036117
3 0.1858695652173913 0.8792325056433409 0.045108695652173916 0.020316027088036117
3 0.1793478260869565 0.9063205417607223 0.03152173913043478 0.020316027088036117
3 0.16956521739130434 0.9334085778781038 0.0125 0.020316027088036117
3 0.16793478260869565 0.9604966139954854 0.00923913043478261 0.020316027088036117
3 0.23967391304347826 0.6557562076749436 0.005434782608695652 0.020316027088036117
3 0.19891304347826086 0.7437923250564334 0.007608695652173913 0.020316027088036117
3 0.19619565217391305 0.7708803611738149 0.008152173913043478 0.020316027088036117
3 0.21521739130434783 0.7979683972911964 0.008152173913043478 0.020316027088036117
3 0.22228260869565217 0.8250564334085779 0.008152173913043478 0.020316027088036117
3 0.2 0.8521444695259593 0.008152173913043478 0.020316027088036117
3 0.21521739130434783 0.8792325056433409 0.007608695652173913 0.020316027088036117
3 0.20217391304347826 0.9063205417607223 0.008152173913043478 0.020316027088036117
3 0.18315217391304348 0.9334085778781038 0.008152173913043478 0.020316027088036117
3 0.17989130434782608 0.9604966139954854 0.008152173913043478 0.020316027088036117
3 0.20271739130434782 0.03837471783295711 0.0625 0.022573363431151242
3 0.1983695652173913 0.05981941309255079 0.0625 0.022573363431151242
3 0.1858695652173913 0.22799097065462753 0.04456521739130435 0.022573363431151242
3 0.25380434782608696 0.22799097065462753 0.07119565217391305 0.022573363431151242
3 0.18206521739130435 0.2505643340857788 0.03695652173913044 0.022573363431151242