0 0.5869109947643979 0.029347826086956522 0.024083769633507852 0.042391304347826085
0 0.6879581151832461 0.8945652173913043 0.12931937172774868 0.01956521739130435
0 0.7068062827225131 0.9565217391304348 0.16649214659685863 0.05217391304347826
1 0.7172774869109948 0.030434782608695653 0.17801047120418848 0.042391304347826085
1 0.2089005235602094 0.25 0.023036649214659685 0.04782608695652174
1 0.4083769633507853 0.5206521739130435 0.34973821989528797 0.508695652173913
1 0.2089005235602094 0.31521739130434784 0.023036649214659685 0.04782608695652174
1 0.2089005235602094 0.3804347826086957 0.023036649214659685 0.04782608695652174
1 0.2089005235602094 0.44565217391304346 0.023036649214659685 0.04782608695652174
1 0.2089005235602094 0.5108695652173914 0.023036649214659685 0.04782608695652174
1 0.2089005235602094 0.5760869565217391 0.023036649214659685 0.04782608695652174
1 0.22356020942408378 0.030434782608695653 0.07015706806282722 0.03695652173913044
2 0.4424083769633508 0.029347826086956522 0.31308900523560207 0.042391304347826085
3 0.6612565445026178 0.45869565217391306 0.07591623036649214 0.01956521739130435
3 0.7068062827225131 0.7130434782608696 0.16649214659685863 0.02282608695652174
3 0.6706806282722513 0.7967391304347826 0.09476439790575916 0.01956521739130435
3 0.2089005235602094 0.2673913043478261 0.02617801047120419 0.02391304347826087
3 0.2089005235602094 0.33260869565217394 0.02617801047120419 0.02391304347826087
3 0.2089005235602094 0.3978260869565217 0.02617801047120419 0.02391304347826087
3 0.2089005235602094 0.46304347826086956 0.02617801047120419 0.02391304347826087
3 0.2089005235602094 0.5282608695652173 0.02617801047120419 0.02391304347826087
3 0.2089005235602094 0.5934782608695652 0.02617801047120419 0.02391304347826087
3 0.2089005235602094 0.2673913043478261 0.02617801047120419 0.02391304347826087
3 0.2089005235602094 0.33260869565217394 0.02617801047120419 0.02391304347826087
3 0.2089005235602094 0.3978260869565217 0.02617801047120419 0.02391304347826087
3 0.2089005235602094 0.46304347826086956 0.02617801047120419 0.02391304347826087
3 0.2089005235602094 0.5282608695652173 0.02617801047120419 0.02391304347826087
3 0.2089005235602094 0.5934782608695652 0.02617801047120419 0.02391304347826087
3 0.6968586387434555 0.3184782608695652 0.14712041884816754 0.08152173913043478
3 0.7146596858638743 0.5260869565217391 0.15078534031413612 0.021739130434782608
3 0.7146596858638743 0.5489130434782609 0.15078534031413612 0.01956521739130435
3 0.7136125654450262 0.6152173913043478 0.15235602094240838 0.021739130434782608
3 0.7136125654450262 0.6380434782608696 0.15235602094240838 0.01956521739130435
3 0.6706806282722513 0.7771739130434783 0.09476439790575916 0.01847826086956522
3 0.6544502617801047 0.8521739130434782 0.061780104712041886 0.021739130434782608
3 0.3481675392670157 0.08586956521739131 0.02356020942408377 0.021739130434782608
3 0.38272251308900523 0.08586956521739131 0.02617801047120419 0.021739130434782608
3 0.42879581151832463 0.08586956521739131 0.04712041884816754 0.021739130434782608
3 0.4706806282722513 0.08586956521739131 0.01832460732984293 0.021739130434782608
3 0.5010471204188481 0.08586956521739131 0.02356020942408377 0.021739130434782608
3 0.5324607329842932 0.08586956521739131 0.020418848167539267 0.021739130434782608
3 0.22251308900523561 0.06956521739130435 0.060209424083769635 0.021739130434782608
3 0.21832460732984293 0.09021739130434783 0.060209424083769635 0.021739130434782608
3 0.27277486910994764 0.1815217391304348 0.04293193717277487 0.015217391304347827
3 0.337696335078534 0.1815217391304348 0.06858638743455497 0.015217391304347827
3 0.3994764397905759 0.1815217391304348 0.0356020942408377 0.015217391304347827
3 0.43717277486910994 0.1815217391304348 0.022513089005235604 0.015217391304347827
3 0.46335078534031415 0.1815217391304348 0.01099476439790576 0.015217391304347827