0 0.5535300925925926 0.009615384615384616 0.027199074074074073 0.019230769230769232
0 0.7893518518518519 0.7079326923076923 0.037037037037037035 0.07692307692307693
1 0.6976273148148148 0.010216346153846154 0.19733796296296297 0.020432692307692308
1 0.14525462962962962 0.33774038461538464 0.05787037037037037 0.1201923076923077
1 0.4913194444444444 0.33774038461538464 0.05787037037037037 0.1201923076923077
1 0.18055555555555555 0.6610576923076923 0.12962962962962962 0.2692307692307692
1 0.31712962962962965 0.6610576923076923 0.12962962962962962 0.2692307692307692
1 0.4537037037037037 0.6610576923076923 0.12962962962962962 0.2692307692307692
1 0.5902777777777778 0.6610576923076923 0.12962962962962962 0.2692307692307692
1 0.7268518518518519 0.6610576923076923 0.12962962962962962 0.2692307692307692
1 0.1519097222222222 0.009014423076923076 0.078125 0.018028846153846152
2 0.39380787037037035 0.009615384615384616 0.34664351851851855 0.019230769230769232
3 0.18287037037037038 0.9122596153846154 0.11574074074074074 0.04326923076923077
3 0.3194444444444444 0.9134615384615384 0.11574074074074074 0.04326923076923077
3 0.45601851851851855 0.9134615384615384 0.11574074074074074 0.04326923076923077
3 0.5925925925925926 0.9122596153846154 0.11574074074074074 0.04326923076923077
3 0.7291666666666666 0.9134615384615384 0.11574074074074074 0.04326923076923077
3 0.31712962962962965 0.30408653846153844 0.25752314814814814 0.042067307692307696
3 0.6631944444444444 0.30408653846153844 0.25752314814814814 0.042067307692307696
3 0.28935185185185186 0.057692307692307696 0.026041666666666668 0.02403846153846154
3 0.3275462962962963 0.057692307692307696 0.028935185185185185 0.02403846153846154
3 0.3784722222222222 0.057692307692307696 0.052083333333333336 0.02403846153846154
3 0.42476851851851855 0.057692307692307696 0.02025462962962963 0.02403846153846154
3 0.4583333333333333 0.057692307692307696 0.026041666666666668 0.02403846153846154
3 0.4930555555555556 0.057692307692307696 0.022569444444444444 0.02403846153846154
3 0.15046296296296297 0.039663461538461536 0.06655092592592593 0.02403846153846154
3 0.14583333333333334 0.0625 0.06655092592592593 0.02403846153846154