0 0.584375 0.02918918918918919 0.023958333333333335 0.04216216216216216
0 0.7296875 0.2518918918918919 0.058854166666666666 0.015135135135135135
0 0.8067708333333333 0.34594594594594597 0.016666666666666666 0.034594594594594595
1 0.7140625 0.03027027027027027 0.17708333333333334 0.04216216216216216
1 0.3619791666666667 0.34594594594594597 0.04479166666666667 0.09297297297297297
1 0.42083333333333334 0.34594594594594597 0.04479166666666667 0.09297297297297297
1 0.4791666666666667 0.34594594594594597 0.04479166666666667 0.09297297297297297
1 0.5380208333333333 0.34594594594594597 0.04479166666666667 0.09297297297297297
1 0.5963541666666666 0.34594594594594597 0.04479166666666667 0.09297297297297297
1 0.6552083333333333 0.34594594594594597 0.04479166666666667 0.09297297297297297
1 0.7135416666666666 0.34594594594594597 0.04479166666666667 0.09297297297297297
1 0.7723958333333333 0.34594594594594597 0.04479166666666667 0.09297297297297297
1 0.390625 0.5286486486486487 0.08333333333333333 0.17297297297297298
1 0.390625 0.7848648648648648 0.08333333333333333 0.17297297297297298
1 0.22291666666666668 0.03027027027027027 0.06979166666666667 0.036756756756756756
2 0.440625 0.02918918918918919 0.31145833333333334 0.04216216216216216
2 0.4984375 0.02918918918918919 0.007291666666666667 0.015135135135135135
3 0.5296875 0.03027027027027027 0.0859375 0.02810810810810811
3 0.6078125 0.5167567567567568 0.3265625 0.015135135135135135
3 0.49375 0.6302702702702703 0.09791666666666667 0.02054054054054054
3 0.4822916666666667 0.8205405405405405 0.075 0.02054054054054054
3 0.6078125 0.9513513513513514 0.3265625 0.015135135135135135
3 0.5348958333333333 0.02918918918918919 0.0609375 0.021621621621621623
3 0.5348958333333333 0.02918918918918919 0.0609375 0.021621621621621623
3 0.25677083333333334 0.31675675675675674 0.14479166666666668 0.032432432432432434
3 0.6078125 0.49513513513513513 0.3265625 0.02810810810810811
3 0.6078125 0.7264864864864865 0.3265625 0.05621621621621622
3 0.6078125 0.9297297297297298 0.3265625 0.02810810810810811
3 0.346875 0.08540540540540541 0.0234375 0.021621621621621623
3 0.38125 0.08540540540540541 0.026041666666666668 0.021621621621621623
3 0.4270833333333333 0.08540540540540541 0.046875 0.021621621621621623
3 0.46875 0.08540540540540541 0.018229166666666668 0.021621621621621623
3 0.49895833333333334 0.08540540540540541 0.0234375 0.021621621621621623
3 0.5302083333333333 0.08540540540540541 0.0203125 0.021621621621621623
3 0.21822916666666667 0.6043243243243244 0.06770833333333333 0.01945945945945946
3 0.19114583333333332 0.6886486486486486 0.0140625 0.01945945945945946
3 0.20572916666666666 0.7145945945945946 0.042708333333333334 0.01945945945945946
3 0.2046875 0.7405405405405405 0.040625 0.01945945945945946
3 0.19739583333333333 0.7664864864864865 0.026041666666666668 0.01945945945945946
3 0.19010416666666666 0.7924324324324324 0.011979166666666667 0.01945945945945946
3 0.196875 0.8183783783783783 0.025520833333333333 0.01945945945945946
3 0.19635416666666666 0.8443243243243244 0.024479166666666666 0.01945945945945946
3 0.19114583333333332 0.8702702702702703 0.013541666666666667 0.01945945945945946
3 0.1984375 0.8962162162162162 0.028125 0.01945945945945946
3 0.26145833333333335 0.6043243243243244 0.013541666666666667 0.01945945945945946
3 0.21197916666666666 0.6886486486486486 0.021875 0.01945945945945946
3 0.24114583333333334 0.7145945945945946 0.021875 0.01945945945945946
3 0.23802083333333332 0.7405405405405405 0.019791666666666666 0.01945945945945946
3 0.22239583333333332 0.7664864864864865 0.018229166666666668 0.01945945945945946
3 0.209375 0.7924324324324324 0.0203125 0.01945945945945946
3 0.22291666666666668 0.8183783783783783 0.0203125 0.01945945945945946
3 0.2203125 0.8443243243243244 0.016666666666666666 0.01945945945945946
3 0.20833333333333334 0.8702702702702703 0.016145833333333335 0.01945945945945946
3 0.2234375 0.8962162162162162 0.015625 0.01945945945945946
3 0.221875 0.06918918918918919 0.059895833333333336 0.021621621621621623
3 0.21770833333333334 0.08972972972972973 0.059895833333333336 0.021621621621621623
3 0.20572916666666666 0.2508108108108108 0.042708333333333334 0.021621621621621623
3 0.2708333333333333 0.2508108108108108 0.06822916666666666 0.021621621621621623
3 0.20208333333333334 0.2724324324324324 0.035416666666666666 0.021621621621621623