0 0.7252559726962458 0.09810874704491726 0.06427758816837315 0.016548463356973995
1 0.35494880546075086 0.26122931442080377 0.09101251422070535 0.18912529550827423
1 0.35494880546075086 0.5283687943262412 0.09101251422070535 0.18912529550827423
1 0.35494880546075086 0.7659574468085106 0.09101251422070535 0.18912529550827423
3 0.5921501706484642 0.2789598108747045 0.35665529010238906 0.016548463356973995
3 0.46757679180887374 0.35933806146572106 0.10693970420932879 0.022458628841607566
3 0.5921501706484642 0.4728132387706856 0.35665529010238906 0.016548463356973995
3 0.46757679180887374 0.574468085106383 0.10693970420932879 0.022458628841607566
3 0.4550625711035267 0.8049645390070922 0.08191126279863481 0.022458628841607566
3 0.20875995449374288 0.1595744680851064 0.15813424345847554 0.03546099290780142
3 0.5921501706484642 0.23995271867612294 0.35665529010238906 0.061465721040189124
3 0.5921501706484642 0.4491725768321513 0.35665529010238906 0.030732860520094562
3 0.5921501706484642 0.7021276595744681 0.35665529010238906 0.061465721040189124
3 0.5921501706484642 0.9243498817966903 0.35665529010238906 0.030732860520094562
3 0.30716723549488056 0.013002364066193853 0.025597269624573378 0.02364066193853428
3 0.3447098976109215 0.013002364066193853 0.02844141069397042 0.02364066193853428
3 0.39476678043230945 0.013002364066193853 0.051194539249146756 0.02364066193853428
3 0.4402730375426621 0.013002364066193853 0.019908987485779295 0.02364066193853428
3 0.4732650739476678 0.013002364066193853 0.025597269624573378 0.02364066193853428
3 0.5073947667804323 0.013002364066193853 0.02218430034129693 0.02364066193853428
3 0.16666666666666666 0.4739952718676123 0.07394766780432309 0.02127659574468085
3 0.13993174061433447 0.566193853427896 0.020477815699658702 0.02127659574468085
3 0.1348122866894198 0.5945626477541371 0.010238907849829351 0.02127659574468085
3 0.14334470989761092 0.6229314420803782 0.027303754266211604 0.02127659574468085
3 0.13765642775881684 0.6513002364066194 0.016496018202502846 0.02127659574468085
3 0.14562002275312855 0.6796690307328606 0.032423208191126277 0.02127659574468085
3 0.14448236632536973 0.7080378250591016 0.02957906712172924 0.02127659574468085
3 0.1422070534698521 0.7364066193853428 0.025597269624573378 0.02127659574468085
3 0.13822525597269625 0.764775413711584 0.017064846416382253 0.02127659574468085
3 0.13879408418657566 0.793144208037825 0.01877133105802048 0.02127659574468085
3 0.15301478953356087 0.91725768321513 0.04664391353811149 0.02127659574468085
3 0.15187713310580206 0.9456264775413712 0.04436860068259386 0.02127659574468085
3 0.13879408418657566 0.9739952718676123 0.01820250284414107 0.02127659574468085
3 0.14533560864618886 0.9952718676122931 0.03128555176336746 0.0070921985815602835
3 0.21046643913538113 0.4739952718676123 0.007963594994311717 0.02127659574468085
3 0.16439135381114903 0.566193853427896 0.02161547212741752 0.02127659574468085
3 0.14732650739476677 0.5945626477541371 0.008532423208191127 0.02127659574468085
3 0.16382252559726962 0.6229314420803782 0.007963594994311717 0.02127659574468085
3 0.15358361774744028 0.6513002364066194 0.007963594994311717 0.02127659574468085
3 0.1689419795221843 0.6796690307328606 0.007963594994311717 0.02127659574468085
3 0.16666666666666666 0.7080378250591016 0.007963594994311717 0.02127659574468085
3 0.1626848691695108 0.7364066193853428 0.007963594994311717 0.02127659574468085
3 0.15358361774744028 0.764775413711584 0.007963594994311717 0.02127659574468085
3 0.1552901023890785 0.793144208037825 0.007963594994311717 0.02127659574468085
3 0.19112627986348124 0.91725768321513 0.022753128555176336 0.02127659574468085
3 0.18373151308304891 0.9456264775413712 0.013083048919226393 0.02127659574468085
3 0.1541524459613197 0.9739952718676123 0.006257110352673493 0.02127659574468085
3 0.16666666666666666 0.9952718676122931 0.006825938566552901 0.0070921985815602835
3 0.17064846416382254 0.004137115839243499 0.06598407281001138 0.008274231678486997
3 0.16609783845278725 0.01773049645390071 0.06541524459613197 0.02364066193853428
3 0.15301478953356087 0.08747044917257683 0.04664391353811149 0.02364066193853428
3 0.2241183162684869 0.08747044917257683 0.0745164960182025 0.02364066193853428
3 0.149032992036405 0.1111111111111111 0.038680318543799774 0.02364066193853428