0 0.5831578947368421 0.02735229759299781 0.024210526315789474 0.04266958424507659
0 0.73 0.2614879649890591 0.05947368421052632 0.015317286652078774
1 0.7142105263157895 0.028446389496717725 0.17894736842105263 0.04266958424507659
1 0.3873684210526316 0.412472647702407 0.08421052631578947 0.175054704595186
1 0.3873684210526316 0.6444201312910285 0.08421052631578947 0.175054704595186
1 0.3873684210526316 0.8643326039387309 0.08421052631578947 0.175054704595186
1 0.21789473684210525 0.028446389496717725 0.07052631578947369 0.037199124726477024
2 0.4378947368421053 0.02735229759299781 0.31473684210526315 0.04266958424507659
2 0.4963157894736842 0.02735229759299781 0.007368421052631579 0.015317286652078774
3 0.5278947368421053 0.028446389496717725 0.0868421052631579 0.028446389496717725
3 0.48 0.487964989059081 0.07578947368421053 0.020787746170678335
3 0.48 0.6805251641137856 0.07578947368421053 0.020787746170678335
3 0.48 0.9201312910284464 0.07578947368421053 0.020787746170678335
3 0.533157894736842 0.02735229759299781 0.06157894736842105 0.02188183807439825
3 0.533157894736842 0.02735229759299781 0.06157894736842105 0.02188183807439825
3 0.2521052631578947 0.31838074398249455 0.1463157894736842 0.03282275711159737
3 0.6068421052631578 0.3927789934354486 0.33 0.05689277899343545
3 0.6068421052631578 0.5853391684901532 0.33 0.05689277899343545
3 0.6068421052631578 0.8052516411378556 0.33 0.05689277899343545
3 0.3431578947368421 0.08424507658643327 0.02368421052631579 0.02188183807439825
3 0.3778947368421053 0.08424507658643327 0.02631578947368421 0.02188183807439825
3 0.4242105263157895 0.08424507658643327 0.04736842105263158 0.02188183807439825
3 0.4663157894736842 0.08424507658643327 0.018421052631578946 0.02188183807439825
3 0.4968421052631579 0.08424507658643327 0.02368421052631579 0.02188183807439825
3 0.5284210526315789 0.08424507658643327 0.020526315789473684 0.02188183807439825
3 0.2131578947368421 0.6094091903719913 0.06842105263157895 0.019693654266958426
3 0.18526315789473685 0.6947483588621444 0.01263157894736842 0.019693654266958426
3 0.19473684210526315 0.7210065645514223 0.032105263157894734 0.019693654266958426
3 0.18421052631578946 0.7472647702407003 0.011052631578947368 0.019693654266958426
3 0.1863157894736842 0.7735229759299781 0.015263157894736841 0.019693654266958426
3 0.1863157894736842 0.799781181619256 0.015263157894736841 0.019693654266958426
3 0.18473684210526317 0.8260393873085339 0.012105263157894737 0.019693654266958426
3 0.18578947368421053 0.9113785557986871 0.01368421052631579 0.019693654266958426
3 0.19157894736842104 0.937636761487965 0.025789473684210525 0.019693654266958426
3 0.19157894736842104 0.9638949671772429 0.025789473684210525 0.019693654266958426
3 0.1831578947368421 0.9896061269146609 0.009473684210526316 0.018599562363238512
3 0.25526315789473686 0.6094091903719913 0.011052631578947368 0.019693654266958426
3 0.2036842105263158 0.6947483588621444 0.019473684210526317 0.019693654266958426
3 0.22 0.7210065645514223 0.011578947368421053 0.019693654266958426
3 0.19631578947368422 0.7472647702407003 0.007368421052631579 0.019693654266958426
3 0.2005263157894737 0.7735229759299781 0.007368421052631579 0.019693654266958426
3 0.1994736842105263 0.799781181619256 0.005789473684210527 0.019693654266958426
3 0.19631578947368422 0.8260393873085339 0.005789473684210527 0.019693654266958426
3 0.20210526315789473 0.9113785557986871 0.01368421052631579 0.019693654266958426
3 0.21473684210526317 0.937636761487965 0.014210526315789474 0.019693654266958426
3 0.21421052631578946 0.9638949671772429 0.01263157894736842 0.019693654266958426
3 0.1968421052631579 0.9896061269146609 0.01263157894736842 0.018599562363238512
3 0.2168421052631579 0.06783369803063458 0.060526315789473685 0.02188183807439825
3 0.21263157894736842 0.0886214442013129 0.060526315789473685 0.02188183807439825
3 0.2005263157894737 0.25164113785557984 0.0431578947368421 0.02188183807439825
3 0.26631578947368423 0.25164113785557984 0.06894736842105263 0.02188183807439825
3 0.1968421052631579 0.2735229759299781 0.035789473684210524 0.02188183807439825