0 0.5804232804232804 0.027472527472527472 0.02433862433862434 0.04285714285714286
0 0.2037037037037037 0.3923076923076923 0.010582010582010581 0.02197802197802198
0 0.728042328042328 0.25384615384615383 0.059788359788359786 0.015384615384615385
0 0.8063492063492064 0.34945054945054943 0.016931216931216932 0.035164835164835165
1 0.7121693121693121 0.02857142857142857 0.17989417989417988 0.04285714285714286
1 0.3544973544973545 0.34945054945054943 0.0455026455026455 0.0945054945054945
1 0.4142857142857143 0.34945054945054943 0.0455026455026455 0.0945054945054945
1 0.47354497354497355 0.34945054945054943 0.0455026455026455 0.0945054945054945
1 0.5333333333333333 0.34945054945054943 0.0455026455026455 0.0945054945054945
1 0.5925925925925926 0.34945054945054943 0.0455026455026455 0.0945054945054945
1 0.6523809523809524 0.34945054945054943 0.0455026455026455 0.0945054945054945
1 0.7116402116402116 0.34945054945054943 0.0455026455026455 0.0945054945054945
1 0.7714285714285715 0.34945054945054943 0.0455026455026455 0.0945054945054945
1 0.3835978835978836 0.5351648351648352 0.08465608465608465 0.17582417582417584
1 0.3835978835978836 0.756043956043956 0.08465608465608465 0.17582417582417584
1 0.21322751322751324 0.02857142857142857 0.07089947089947089 0.03736263736263736
2 0.4343915343915344 0.027472527472527472 0.3164021164021164 0.04285714285714286
2 0.4973544973544973 0.027472527472527472 0.007407407407407408 0.015384615384615385
3 0.526984126984127 0.02857142857142857 0.08306878306878307 0.02857142857142857
3 0.4666666666666667 0.5428571428571428 0.056084656084656084 0.020879120879120878
3 0.4666666666666667 0.9846153846153847 0.056084656084656084 0.020879120879120878
3 0.5322751322751322 0.027472527472527472 0.05767195767195767 0.02197802197802198
3 0.5322751322751322 0.027472527472527472 0.05767195767195767 0.02197802197802198
3 0.24761904761904763 0.31978021978021975 0.14708994708994708 0.03296703296703297
3 0.6042328042328042 0.46153846153846156 0.33174603174603173 0.02857142857142857
3 0.6042328042328042 0.6824175824175824 0.33174603174603173 0.02857142857142857
3 0.6042328042328042 0.9032967032967033 0.33174603174603173 0.02857142857142857
3 0.33915343915343915 0.08461538461538462 0.023809523809523808 0.02197802197802198
3 0.37407407407407406 0.08461538461538462 0.026455026455026454 0.02197802197802198
3 0.42063492063492064 0.08461538461538462 0.047619047619047616 0.02197802197802198
3 0.46296296296296297 0.08461538461538462 0.018518518518518517 0.02197802197802198
3 0.4936507936507937 0.08461538461538462 0.023809523809523808 0.02197802197802198
3 0.5253968253968254 0.08461538461538462 0.020634920634920634 0.02197802197802198
3 0.19047619047619047 0.5846153846153846 0.0328042328042328 0.01978021978021978
3 0.19576719576719576 0.610989010989011 0.043915343915343914 0.01978021978021978
3 0.19735449735449737 0.6373626373626373 0.04708994708994709 0.01978021978021978
3 0.20052910052910053 0.6637362637362637 0.05291005291005291 0.01978021978021978
3 0.20052910052910053 0.6901098901098901 0.05291005291005291 0.01978021978021978
3 0.20052910052910053 0.7164835164835165 0.05291005291005291 0.01978021978021978
3 0.19470899470899472 0.7428571428571429 0.0417989417989418 0.01978021978021978
3 0.19365079365079366 0.7692307692307693 0.039153439153439155 0.01978021978021978
3 0.20264550264550266 0.7956043956043956 0.05767195767195767 0.01978021978021978
3 0.20105820105820105 0.910989010989011 0.054497354497354496 0.01978021978021978
3 0.18994708994708995 0.9373626373626374 0.032275132275132276 0.01978021978021978
3 0.18783068783068782 0.9637362637362638 0.028042328042328042 0.01978021978021978
3 0.1925925925925926 0.9895604395604396 0.0380952380952381 0.01868131868131868
3 0.21851851851851853 0.5846153846153846 0.016931216931216932 0.01978021978021978
3 0.22804232804232805 0.610989010989011 0.014285714285714285 0.01978021978021978
3 0.22962962962962963 0.6373626373626373 0.01216931216931217 0.01978021978021978
3 0.23492063492063492 0.6637362637362637 0.010052910052910053 0.01978021978021978
3 0.23544973544973544 0.6901098901098901 0.01216931216931217 0.01978021978021978
3 0.23597883597883598 0.7164835164835165 0.01164021164021164 0.01978021978021978
3 0.22433862433862434 0.7428571428571429 0.01164021164021164 0.01978021978021978
3 0.2216931216931217 0.7692307692307693 0.01164021164021164 0.01978021978021978
3 0.24074074074074073 0.7956043956043956 0.01216931216931217 0.01978021978021978
3 0.2396825396825397 0.910989010989011 0.015873015873015872 0.01978021978021978
3 0.21746031746031746 0.9373626373626374 0.0164021164021164 0.01978021978021978
3 0.21322751322751324 0.9637362637362638 0.0164021164021164 0.01978021978021978
3 0.22063492063492063 0.9895604395604396 0.012698412698412698 0.01868131868131868
3 0.21216931216931217 0.06813186813186813 0.06084656084656084 0.02197802197802198
3 0.20793650793650795 0.08901098901098901 0.06084656084656084 0.02197802197802198
3 0.19576719576719576 0.25274725274725274 0.04338624338624339 0.02197802197802198
3 0.2619047619047619 0.25274725274725274 0.06931216931216931 0.02197802197802198
3 0.18994708994708995 0.27472527472527475 0.031746031746031744 0.02197802197802198