0 0.7717391304347826 0.18527315914489312 0.06464530892448513 0.0166270783847981
0 0.8564073226544623 0.28859857482185275 0.018306636155606407 0.03800475059382423
1 0.36784897025171626 0.28859857482185275 0.04919908466819222 0.1021377672209026
1 0.43249427917620137 0.28859857482185275 0.04919908466819222 0.1021377672209026
1 0.4965675057208238 0.28859857482185275 0.04919908466819222 0.1021377672209026
1 0.5612128146453089 0.28859857482185275 0.04919908466819222 0.1021377672209026
1 0.6252860411899314 0.28859857482185275 0.04919908466819222 0.1021377672209026
1 0.6899313501144165 0.28859857482185275 0.04919908466819222 0.1021377672209026
1 0.7540045766590389 0.28859857482185275 0.04919908466819222 0.1021377672209026
1 0.818649885583524 0.28859857482185275 0.04919908466819222 0.1021377672209026
1 0.39931350114416475 0.48931116389548696 0.09153318077803203 0.19002375296912113
1 0.39931350114416475 0.7280285035629454 0.09153318077803203 0.19002375296912113
3 0.5 0.5285035629453682 0.08237986270022883 0.022565320665083134
3 0.6378718535469108 0.672209026128266 0.358695652173913 0.0166270783847981
3 0.5125858123569794 0.7529691211401425 0.10755148741418764 0.022565320665083134
3 0.2522883295194508 0.25653206650831356 0.15903890160183065 0.035629453681710214
3 0.6378718535469108 0.4251781472684085 0.358695652173913 0.06175771971496437
3 0.6378718535469108 0.6484560570071259 0.358695652173913 0.030878859857482184
3 0.6378718535469108 0.9026128266033254 0.358695652173913 0.06175771971496437
3 0.3512585812356979 0.007719714964370546 0.02631578947368421 0.015439429928741092
3 0.3893020594965675 0.007719714964370546 0.02917620137299771 0.015439429928741092
3 0.4396453089244851 0.007719714964370546 0.05205949656750572 0.015439429928741092
3 0.4851258581235698 0.007719714964370546 0.020594965675057208 0.015439429928741092
3 0.5183066361556065 0.007719714964370546 0.02631578947368421 0.015439429928741092
3 0.5526315789473685 0.007719714964370546 0.02288329519450801 0.015439429928741092
3 0.20995423340961097 0.5724465558194775 0.07437070938215103 0.021377672209026127
3 0.19622425629290619 0.665083135391924 0.04691075514874142 0.021377672209026127
3 0.1859267734553776 0.6935866983372921 0.02688787185354691 0.021377672209026127
3 0.18649885583524028 0.7220902612826603 0.02803203661327231 0.021377672209026127
3 0.1950800915331808 0.7505938242280285 0.04462242562929062 0.021377672209026127
3 0.18707093821510298 0.7790973871733967 0.028604118993135013 0.021377672209026127
3 0.18878718535469108 0.8076009501187649 0.03260869565217391 0.021377672209026127
3 0.18935926773455378 0.836104513064133 0.033752860411899316 0.021377672209026127
3 0.18649885583524028 0.8646080760095012 0.02803203661327231 0.021377672209026127
3 0.18135011441647597 0.8931116389548693 0.017162471395881007 0.021377672209026127
3 0.2574370709382151 0.5724465558194775 0.014874141876430207 0.021377672209026127
3 0.2311212814645309 0.665083135391924 0.016018306636155607 0.021377672209026127
3 0.2116704805491991 0.6935866983372921 0.017734553775743706 0.021377672209026127
3 0.2128146453089245 0.7220902612826603 0.017734553775743706 0.021377672209026127
3 0.2294050343249428 0.7505938242280285 0.017162471395881007 0.021377672209026127
3 0.2133867276887872 0.7790973871733967 0.017162471395881007 0.021377672209026127
3 0.21739130434782608 0.8076009501187649 0.017162471395881007 0.021377672209026127
3 0.21796338672768878 0.836104513064133 0.016590389016018305 0.021377672209026127
3 0.2128146453089245 0.8646080760095012 0.017734553775743706 0.021377672209026127
3 0.20022883295194507 0.8931116389548693 0.015446224256292907 0.021377672209026127
3 0.20938215102974828 0.010095011876484561 0.06636155606407322 0.020190023752969122
3 0.19622425629290619 0.1840855106888361 0.04691075514874142 0.023752969121140142
3 0.26773455377574373 0.1840855106888361 0.07494279176201372 0.023752969121140142
3 0.19221967963386727 0.20783847980997625 0.038901601830663615 0.023752969121140142