0 0.5694594594594594 0.010650224215246636 0.025405405405405406 0.021300448430493273
0 0.46054054054054056 0.44170403587443946 0.003243243243243243 0.006726457399103139
0 0.47135135135135137 0.44170403587443946 0.003243243243243243 0.006726457399103139
0 0.4821621621621622 0.44170403587443946 0.005405405405405406 0.011210762331838564
0 0.492972972972973 0.44170403587443946 0.003243243243243243 0.006726457399103139
1 0.7040540540540541 0.011210762331838564 0.18432432432432433 0.02242152466367713
1 0.1308108108108108 0.2707399103139013 0.2616216216216216 0.38004484304932734
1 0.4810810810810811 0.2701793721973094 0.86 0.3789237668161435
1 0.21675675675675676 0.6737668161434978 0.12108108108108108 0.2522421524663677
1 0.3464864864864865 0.6737668161434978 0.12108108108108108 0.2522421524663677
1 0.47621621621621624 0.6737668161434978 0.12108108108108108 0.2522421524663677
1 0.605945945945946 0.6737668161434978 0.12108108108108108 0.2522421524663677
1 0.7356756756756757 0.6737668161434978 0.12108108108108108 0.2522421524663677
1 0.19432432432432434 0.010089686098654708 0.07297297297297298 0.020179372197309416
2 0.42027027027027025 0.010650224215246636 0.3237837837837838 0.021300448430493273
2 0.46783783783783783 0.003923766816143498 0.008108108108108109 0.007847533632286996
3 0.5067567567567568 0.007847533632286996 0.10216216216216216 0.01569506726457399
3 0.5121621621621621 0.005605381165919282 0.07621621621621621 0.011210762331838564
3 0.5121621621621621 0.005605381165919282 0.07621621621621621 0.011210762331838564
3 0.21297297297297296 0.5190582959641256 0.11297297297297297 0.020179372197309416
3 0.21675675675675676 0.929372197309417 0.10594594594594595 0.03923766816143498
3 0.3464864864864865 0.9091928251121076 0.10594594594594595 0.03923766816143498
3 0.47621621621621624 0.9091928251121076 0.10594594594594595 0.03923766816143498
3 0.605945945945946 0.929372197309417 0.10594594594594595 0.03923766816143498
3 0.7356756756756757 0.9091928251121076 0.10594594594594595 0.03923766816143498
3 0.3227027027027027 0.05717488789237668 0.024324324324324326 0.02242152466367713
3 0.3583783783783784 0.05717488789237668 0.02702702702702703 0.02242152466367713
3 0.40594594594594596 0.05717488789237668 0.04864864864864865 0.02242152466367713
3 0.4491891891891892 0.05717488789237668 0.01891891891891892 0.02242152466367713
3 0.4805405405405405 0.05717488789237668 0.024324324324324326 0.02242152466367713
3 0.512972972972973 0.05717488789237668 0.02108108108108108 0.02242152466367713
3 0.19297297297297297 0.04035874439461883 0.062162162162162166 0.02242152466367713
3 0.18864864864864864 0.061659192825112105 0.062162162162162166 0.02242152466367713