0 0.5929228998849252 0.01674641148325359 0.02704257767548907 0.03349282296650718
0 0.4769850402761795 0.4820574162679426 0.0034522439585730723 0.007177033492822967
0 0.48849252013808975 0.4820574162679426 0.0034522439585730723 0.007177033492822967
0 0.5 0.4820574162679426 0.005753739930955121 0.011961722488038277
0 0.5115074798619103 0.4820574162679426 0.0034522439585730723 0.007177033492822967
1 0.7361910241657077 0.017344497607655503 0.1962025316455696 0.034688995215311005
1 0.13262370540851554 0.2996411483253589 0.26524741081703107 0.4055023923444976
1 0.498849252013809 0.29904306220095694 0.9154200230149597 0.4043062200956938
1 0.21749136939010358 0.7296650717703349 0.12888377445339472 0.26913875598086123
1 0.35558112773302647 0.7296650717703349 0.12888377445339472 0.26913875598086123
1 0.4936708860759494 0.7296650717703349 0.12888377445339472 0.26913875598086123
1 0.6317606444188723 0.7296650717703349 0.12888377445339472 0.26913875598086123
1 0.7698504027617952 0.7296650717703349 0.12888377445339472 0.26913875598086123
1 0.19361334867663982 0.016148325358851676 0.07767548906789414 0.03229665071770335
2 0.4341196777905639 0.01674641148325359 0.34464902186421176 0.03349282296650718
2 0.4844649021864212 0.009569377990430622 0.00805523590333717 0.01674641148325359
3 0.5261795166858458 0.01375598086124402 0.10874568469505179 0.02751196172248804
3 0.5319332566168009 0.011363636363636364 0.0811277330264672 0.022727272727272728
3 0.5319332566168009 0.011363636363636364 0.0811277330264672 0.022727272727272728
3 0.213463751438435 0.5645933014354066 0.12025316455696203 0.0215311004784689
3 0.21777905638665132 0.9898325358851675 0.11334867663981588 0.017942583732057416
3 0.3558688147295742 0.979066985645933 0.11334867663981588 0.039473684210526314
3 0.49395857307249713 0.979066985645933 0.11334867663981588 0.039473684210526314
3 0.63204833141542 0.9898325358851675 0.11334867663981588 0.017942583732057416
3 0.770138089758343 0.979066985645933 0.11334867663981588 0.039473684210526314
3 0.3302646720368239 0.07177033492822966 0.025891829689298044 0.023923444976076555
3 0.36823935558112775 0.07177033492822966 0.028768699654775604 0.023923444976076555
3 0.4188722669735328 0.07177033492822966 0.05178365937859609 0.023923444976076555
3 0.46490218642117376 0.07177033492822966 0.020138089758342925 0.023923444976076555
3 0.4982738780207135 0.07177033492822966 0.025891829689298044 0.023923444976076555
3 0.5327963176064442 0.07177033492822966 0.02243958573072497 0.023923444976076555
3 0.19217491369390102 0.05382775119617225 0.0661680092059839 0.023923444976076555
3 0.18757192174913695 0.07655502392344497 0.0661680092059839 0.023923444976076555