0 0.5981182795698925 0.011160714285714286 0.025268817204301075 0.022321428571428572
1 0.7319892473118279 0.01171875 0.18333333333333332 0.0234375
1 0.5059139784946236 0.15959821428571427 0.8602150537634409 0.15625
1 0.2908602150537634 0.4720982142857143 0.2064516129032258 0.26785714285714285
1 0.5059139784946236 0.4720982142857143 0.2064516129032258 0.26785714285714285
1 0.7209677419354839 0.4720982142857143 0.2064516129032258 0.26785714285714285
1 0.34838709677419355 0.8627232142857143 0.32204301075268815 0.26339285714285715
1 0.567741935483871 0.8627232142857143 0.0989247311827957 0.20758928571428573
1 0.774731182795699 0.8091517857142857 0.053763440860215055 0.11160714285714286
1 0.225 0.010602678571428572 0.07258064516129033 0.021205357142857144
2 0.4497311827956989 0.011160714285714286 0.32204301075268815 0.022321428571428572
3 0.26505376344086023 0.9464285714285714 0.11666666666666667 0.015625
3 0.6709677419354839 0.8917410714285714 0.07473118279569893 0.015625
3 0.774731182795699 0.9698660714285714 0.0989247311827957 0.015625
3 0.5059139784946236 0.30691964285714285 0.6365591397849463 0.05357142857142857
3 0.5059139784946236 0.6997767857142857 0.6365591397849463 0.05357142857142857
3 0.2908602150537634 0.6049107142857143 0.15483870967741936 0.022321428571428572
3 0.5059139784946236 0.6049107142857143 0.15483870967741936 0.022321428571428572
3 0.7209677419354839 0.6049107142857143 0.15483870967741936 0.022321428571428572
3 0.26505376344086023 0.9040178571428571 0.11666666666666667 0.03459821428571429
3 0.6709677419354839 0.8515625 0.07473118279569893 0.03125
3 0.774731182795699 0.9207589285714286 0.08279569892473118 0.026785714285714284
3 0.35268817204301073 0.05803571428571429 0.024193548387096774 0.022321428571428572
3 0.3881720430107527 0.05803571428571429 0.026881720430107527 0.022321428571428572
3 0.43548387096774194 0.05803571428571429 0.04838709677419355 0.022321428571428572
3 0.478494623655914 0.05803571428571429 0.01881720430107527 0.022321428571428572
3 0.5096774193548387 0.05803571428571429 0.024193548387096774 0.022321428571428572
3 0.5419354838709678 0.05803571428571429 0.020967741935483872 0.022321428571428572
3 0.22365591397849463 0.041294642857142856 0.06182795698924731 0.022321428571428572
3 0.21935483870967742 0.0625 0.06182795698924731 0.022321428571428572