1 0.484375 0.1346153846153846 0.9259259259259259 0.16826923076923078
1 0.25289351851851855 0.47115384615384615 0.2222222222222222 0.28846153846153844
1 0.484375 0.47115384615384615 0.2222222222222222 0.28846153846153844
1 0.7158564814814815 0.47115384615384615 0.2222222222222222 0.28846153846153844
1 0.3148148148148148 0.8743990384615384 0.3472222222222222 0.24879807692307693
1 0.5512152777777778 0.8894230769230769 0.10706018518518519 0.21875
1 0.7737268518518519 0.8341346153846154 0.05787037037037037 0.1201923076923077
3 0.22511574074074073 0.9819711538461539 0.1255787037037037 0.016826923076923076
3 0.6620370370370371 0.9230769230769231 0.08043981481481481 0.016826923076923076
3 0.484375 0.2932692307692308 0.6851851851851852 0.057692307692307696
3 0.484375 0.7163461538461539 0.6851851851851852 0.057692307692307696
3 0.25289351851851855 0.6141826923076923 0.16666666666666666 0.02403846153846154
3 0.484375 0.6141826923076923 0.16666666666666666 0.02403846153846154
3 0.7158564814814815 0.6141826923076923 0.16666666666666666 0.02403846153846154
3 0.22511574074074073 0.9362980769230769 0.1255787037037037 0.037259615384615384
3 0.6620370370370371 0.8798076923076923 0.08043981481481481 0.03365384615384615
3 0.7737268518518519 0.9543269230769231 0.08912037037037036 0.028846153846153848
3 0.3194444444444444 0.025240384615384616 0.026041666666666668 0.02403846153846154
3 0.3576388888888889 0.025240384615384616 0.028935185185185185 0.02403846153846154
3 0.4085648148148148 0.025240384615384616 0.052083333333333336 0.02403846153846154
3 0.4548611111111111 0.025240384615384616 0.02025462962962963 0.02403846153846154
3 0.48842592592592593 0.025240384615384616 0.026041666666666668 0.02403846153846154
3 0.5231481481481481 0.025240384615384616 0.022569444444444444 0.02403846153846154
3 0.18055555555555555 0.010216346153846154 0.06712962962962964 0.020432692307692308
3 0.17592592592592593 0.030048076923076924 0.06655092592592593 0.02403846153846154