0 0.5773936170212766 0.016004415011037526 0.025 0.03200883002207505
0 0.725531914893617 0.18322295805739514 0.0601063829787234 0.01545253863134658
1 0.7098404255319148 0.016556291390728478 0.18138297872340425 0.033112582781456956
1 0.3792553191489362 0.3355408388520971 0.0851063829787234 0.17660044150110377
1 0.3792553191489362 0.5573951434878587 0.0851063829787234 0.17660044150110377
1 0.3792553191489362 0.7792494481236203 0.0851063829787234 0.17660044150110377
1 0.20824468085106382 0.01545253863134658 0.07180851063829788 0.03090507726269316
2 0.4305851063829787 0.016004415011037526 0.31861702127659575 0.03200883002207505
2 0.4297872340425532 0.009933774834437087 0.007446808510638298 0.01545253863134658
3 0.49148936170212765 0.013245033112582781 0.1478723404255319 0.026490066225165563
3 0.601063829787234 0.2836644591611479 0.33351063829787236 0.01545253863134658
3 0.4845744680851064 0.358719646799117 0.1 0.02097130242825607
3 0.4845744680851064 0.7869757174392936 0.1 0.02097130242825607
3 0.4968085106382979 0.011037527593818985 0.12234042553191489 0.02207505518763797
3 0.4968085106382979 0.011037527593818985 0.12234042553191489 0.02207505518763797
3 0.2425531914893617 0.19536423841059603 0.1478723404255319 0.06622516556291391
3 0.601063829787234 0.26158940397350994 0.33351063829787236 0.02869757174392936
3 0.601063829787234 0.4977924944812362 0.33351063829787236 0.05739514348785872
3 0.601063829787234 0.7052980132450332 0.33351063829787236 0.02869757174392936
3 0.601063829787234 0.9271523178807947 0.33351063829787236 0.02869757174392936
3 0.3345744680851064 0.0673289183222958 0.023936170212765957 0.02207505518763797
3 0.3696808510638298 0.0673289183222958 0.026595744680851064 0.02207505518763797
3 0.41648936170212764 0.0673289183222958 0.047872340425531915 0.02207505518763797
3 0.45904255319148934 0.0673289183222958 0.018617021276595744 0.02207505518763797
3 0.4898936170212766 0.0673289183222958 0.023936170212765957 0.02207505518763797
3 0.5218085106382979 0.0673289183222958 0.02074468085106383 0.02207505518763797
3 0.20319148936170212 0.5055187637969095 0.06914893617021277 0.019867549668874173
3 0.21595744680851064 0.5916114790286976 0.09521276595744681 0.019867549668874173
3 0.19042553191489361 0.6181015452538632 0.043617021276595745 0.019867549668874173
3 0.1819148936170213 0.6445916114790287 0.026595744680851064 0.019867549668874173
3 0.1898936170212766 0.6710816777041942 0.04308510638297872 0.019867549668874173
3 0.22021276595744682 0.6975717439293598 0.10372340425531915 0.019867549668874173
3 0.1803191489361702 0.7240618101545254 0.023936170212765957 0.019867549668874173
3 0.21808510638297873 0.7505518763796909 0.09893617021276596 0.019867549668874173
3 0.1776595744680851 0.7770419426048565 0.018085106382978722 0.019867549668874173
3 0.17819148936170212 0.8631346578366446 0.019148936170212766 0.019867549668874173
3 0.21170212765957447 0.9492273730684326 0.08670212765957447 0.019867549668874173
3 0.25159574468085105 0.5055187637969095 0.022340425531914895 0.019867549668874173
3 0.27872340425531916 0.5916114790286976 0.02446808510638298 0.019867549668874173
3 0.22819148936170214 0.6181015452538632 0.026595744680851064 0.019867549668874173
3 0.21010638297872342 0.6445916114790287 0.023936170212765957 0.019867549668874173
3 0.2276595744680851 0.6710816777041942 0.026063829787234042 0.019867549668874173
3 0.2877659574468085 0.6975717439293598 0.026063829787234042 0.019867549668874173
3 0.20638297872340425 0.7240618101545254 0.022872340425531913 0.019867549668874173
3 0.28191489361702127 0.7505518763796909 0.022340425531914895 0.019867549668874173
3 0.19946808510638298 0.7770419426048565 0.02074468085106383 0.019867549668874173
3 0.2047872340425532 0.8631346578366446 0.02872340425531915 0.019867549668874173
3 0.2702127659574468 0.9492273730684326 0.025 0.019867549668874173
3 0.20691489361702128 0.05077262693156733 0.061170212765957445 0.02207505518763797
3 0.2026595744680851 0.0717439293598234 0.061170212765957445 0.02207505518763797