0 0.584375 0.02918918918918919 0.023958333333333335 0.04216216216216216
0 0.2234375 0.3589189189189189 0.010416666666666666 0.021621621621621623
0 0.2677083333333333 0.9805405405405405 0.0125 0.025945945945945945
0 0.7296875 0.1989189189189189 0.058854166666666666 0.015135135135135135
1 0.7140625 0.03027027027027027 0.17708333333333334 0.04216216216216216
1 0.390625 0.3481081081081081 0.08333333333333333 0.17297297297297298
1 0.390625 0.5654054054054054 0.08333333333333333 0.17297297297297298
1 0.390625 0.7827027027027027 0.08333333333333333 0.17297297297297298
1 0.22291666666666668 0.03027027027027027 0.06979166666666667 0.036756756756756756
2 0.440625 0.02918918918918919 0.31145833333333334 0.04216216216216216
2 0.46458333333333335 0.02918918918918919 0.007291666666666667 0.015135135135135135
2 0.2 0.9783783783783784 0.03229166666666667 0.02702702702702703
2 0.24166666666666667 0.9783783783783784 0.03229166666666667 0.02702702702702703
3 0.5130208333333334 0.03027027027027027 0.11979166666666667 0.02810810810810811
3 0.5182291666666666 0.02918918918918919 0.09479166666666666 0.021621621621621623
3 0.2 0.9805405405405405 0.03125 0.03351351351351351
3 0.24166666666666667 0.9805405405405405 0.03125 0.03351351351351351
3 0.5182291666666666 0.02918918918918919 0.09479166666666666 0.021621621621621623
3 0.2 0.9805405405405405 0.03125 0.03351351351351351
3 0.24166666666666667 0.9805405405405405 0.03125 0.03351351351351351
3 0.25677083333333334 0.27135135135135136 0.14479166666666668 0.06486486486486487
3 0.6078125 0.3286486486486486 0.3265625 0.05621621621621622
3 0.6078125 0.5070270270270271 0.3265625 0.05621621621621622
3 0.6078125 0.7243243243243244 0.3265625 0.05621621621621622
3 0.6078125 0.9416216216216217 0.3265625 0.05621621621621622
3 0.346875 0.08540540540540541 0.0234375 0.021621621621621623
3 0.38125 0.08540540540540541 0.026041666666666668 0.021621621621621623
3 0.4270833333333333 0.08540540540540541 0.046875 0.021621621621621623
3 0.46875 0.08540540540540541 0.018229166666666668 0.021621621621621623
3 0.49895833333333334 0.08540540540540541 0.0234375 0.021621621621621623
3 0.5302083333333333 0.08540540540540541 0.0203125 0.021621621621621623
3 0.21822916666666667 0.4648648648648649 0.06770833333333333 0.01945945945945946
3 0.19166666666666668 0.5491891891891892 0.015104166666666667 0.01945945945945946
3 0.19479166666666667 0.5751351351351351 0.020833333333333332 0.01945945945945946
3 0.19375 0.601081081081081 0.019270833333333334 0.01945945945945946
3 0.1953125 0.6270270270270271 0.021875 0.01945945945945946
3 0.19427083333333334 0.652972972972973 0.019791666666666666 0.01945945945945946
3 0.18854166666666666 0.6789189189189189 0.008854166666666666 0.01945945945945946
3 0.190625 0.7048648648648649 0.0125 0.01945945945945946
3 0.1953125 0.7308108108108108 0.021875 0.01945945945945946
3 0.19895833333333332 0.7567567567567568 0.0296875 0.01945945945945946
3 0.2125 0.8702702702702703 0.05677083333333333 0.01945945945945946
3 0.21145833333333333 0.8962162162162162 0.05416666666666667 0.01945945945945946
3 0.21145833333333333 0.9221621621621622 0.05416666666666667 0.01945945945945946
3 0.20833333333333334 0.9481081081081081 0.0484375 0.01945945945945946
3 0.26145833333333335 0.4648648648648649 0.013541666666666667 0.01945945945945946
3 0.21041666666666667 0.5491891891891892 0.0171875 0.01945945945945946
3 0.215625 0.5751351351351351 0.016145833333333335 0.01945945945945946
3 0.2140625 0.601081081081081 0.015104166666666667 0.01945945945945946
3 0.2171875 0.6270270270270271 0.015625 0.01945945945945946
3 0.2140625 0.652972972972973 0.015104166666666667 0.01945945945945946
3 0.203125 0.6789189189189189 0.015104166666666667 0.01945945945945946
3 0.2078125 0.7048648648648649 0.016145833333333335 0.01945945945945946
3 0.2171875 0.7308108108108108 0.016145833333333335 0.01945945945945946
3 0.22447916666666667 0.7567567567567568 0.015625 0.01945945945945946
3 0.2520833333333333 0.8702702702702703 0.015625 0.01945945945945946
3 0.25104166666666666 0.8962162162162162 0.019791666666666666 0.01945945945945946
3 0.2515625 0.9221621621621622 0.021354166666666667 0.01945945945945946
3 0.24479166666666666 0.9481081081081081 0.01875 0.01945945945945946
3 0.221875 0.06918918918918919 0.059895833333333336 0.021621621621621623
3 0.21770833333333334 0.08972972972972973 0.059895833333333336 0.021621621621621623
3 0.23177083333333334 0.1891891891891892 0.09479166666666666 0.021621621621621623
3 0.20572916666666666 0.21081081081081082 0.042708333333333334 0.021621621621621623
3 0.2713541666666667 0.21081081081081082 0.06979166666666667 0.021621621621621623