0 0.5904255319148937 0.02759381898454746 0.02446808510638298 0.04304635761589404
0 0.7388297872340426 0.20088300220750552 0.0601063829787234 0.01545253863134658
1 0.722872340425532 0.02869757174392936 0.18085106382978725 0.04304635761589404
1 0.4127659574468085 0.3995584988962472 0.15106382978723404 0.31346578366445915
1 0.5723404255319149 0.3995584988962472 0.15106382978723404 0.31346578366445915
1 0.7319148936170212 0.3995584988962472 0.15106382978723404 0.31346578366445915
1 0.22127659574468084 0.02869757174392936 0.07127659574468086 0.037527593818984545
2 0.44361702127659575 0.02759381898454746 0.3180851063829787 0.04304635761589404
2 0.4978723404255319 0.02759381898454746 0.007446808510638298 0.01545253863134658
3 0.5324468085106383 0.02869757174392936 0.0925531914893617 0.02869757174392936
3 0.38563829787234044 0.6490066225165563 0.07553191489361702 0.02097130242825607
3 0.4127659574468085 0.7218543046357616 0.12978723404255318 0.01434878587196468
3 0.5452127659574468 0.67439293598234 0.07553191489361702 0.02097130242825607
3 0.7047872340425532 0.630242825607064 0.07553191489361702 0.02097130242825607
3 0.5377659574468086 0.02759381898454746 0.06702127659574468 0.02207505518763797
3 0.5377659574468086 0.02759381898454746 0.06702127659574468 0.02207505518763797
3 0.25585106382978723 0.2582781456953642 0.1478723404255319 0.033112582781456956
3 0.4127659574468085 0.6931567328918322 0.12978723404255318 0.039735099337748346
3 0.5723404255319149 0.7185430463576159 0.12978723404255318 0.039735099337748346
3 0.7319148936170212 0.67439293598234 0.12978723404255318 0.039735099337748346
3 0.3478723404255319 0.08498896247240618 0.023936170212765957 0.02207505518763797
3 0.3829787234042553 0.08498896247240618 0.026595744680851064 0.02207505518763797
3 0.4297872340425532 0.08498896247240618 0.047872340425531915 0.02207505518763797
3 0.4723404255319149 0.08498896247240618 0.018617021276595744 0.02207505518763797
3 0.5031914893617021 0.08498896247240618 0.023936170212765957 0.02207505518763797
3 0.5351063829787234 0.08498896247240618 0.02074468085106383 0.02207505518763797
3 0.21648936170212765 0.5518763796909493 0.06914893617021277 0.019867549668874173
3 0.1925531914893617 0.6379690949227373 0.02127659574468085 0.019867549668874173
3 0.19680851063829788 0.6644591611479028 0.029787234042553193 0.019867549668874173
3 0.19680851063829788 0.6909492273730684 0.03031914893617021 0.019867549668874173
3 0.19414893617021275 0.717439293598234 0.025 0.019867549668874173
3 0.19627659574468084 0.7439293598233996 0.02872340425531915 0.019867549668874173
3 0.22446808510638297 0.7704194260485652 0.0851063829787234 0.019867549668874173
3 0.22234042553191488 0.7969094922737306 0.08138297872340426 0.019867549668874173
3 0.21063829787234042 0.8233995584988962 0.0574468085106383 0.019867549668874173
3 0.19680851063829788 0.8498896247240618 0.029787234042553193 0.019867549668874173
3 0.1920212765957447 0.9657836644591612 0.02074468085106383 0.019867549668874173
3 0.19654255319148936 0.9906181015452539 0.02925531914893617 0.016556291390728478
3 0.2611702127659574 0.5518763796909493 0.015425531914893617 0.019867549668874173
3 0.2170212765957447 0.6379690949227373 0.021808510638297873 0.019867549668874173
3 0.22446808510638297 0.6644591611479028 0.02021276595744681 0.019867549668874173
3 0.22287234042553192 0.6909492273730684 0.015425531914893617 0.019867549668874173
3 0.21808510638297873 0.717439293598234 0.015957446808510637 0.019867549668874173
3 0.22180851063829787 0.7439293598233996 0.01648936170212766 0.019867549668874173
3 0.2776595744680851 0.7704194260485652 0.014893617021276596 0.019867549668874173
3 0.27287234042553193 0.7969094922737306 0.014361702127659574 0.019867549668874173
3 0.25 0.8233995584988962 0.014893617021276596 0.019867549668874173
3 0.22021276595744682 0.8498896247240618 0.011702127659574468 0.019867549668874173
3 0.21436170212765956 0.9657836644591612 0.017553191489361703 0.019867549668874173
3 0.2220744680851064 0.9906181015452539 0.01648936170212766 0.016556291390728478
3 0.22021276595744682 0.0684326710816777 0.061170212765957445 0.02207505518763797
3 0.21595744680851064 0.08940397350993377 0.061170212765957445 0.02207505518763797
3 0.23031914893617023 0.19094922737306844 0.09680851063829787 0.02207505518763797
3 0.20372340425531915 0.2130242825607064 0.043617021276595745 0.02207505518763797