0 0.5804232804232804 0.023076923076923078 0.02433862433862434 0.04285714285714286
0 0.728042328042328 0.15934065934065933 0.059788359788359786 0.015384615384615385
1 0.7121693121693121 0.024175824175824177 0.17989417989417988 0.04285714285714286
1 0.3835978835978836 0.310989010989011 0.08465608465608465 0.17582417582417584
1 0.3835978835978836 0.5318681318681319 0.08465608465608465 0.17582417582417584
1 0.3835978835978836 0.7527472527472527 0.08465608465608465 0.17582417582417584
1 0.21322751322751324 0.024175824175824177 0.07089947089947089 0.03736263736263736
2 0.4343915343915344 0.023076923076923078 0.3164021164021164 0.04285714285714286
2 0.4354497354497355 0.023076923076923078 0.007407407407407408 0.015384615384615385
3 0.4962962962962963 0.024175824175824177 0.14497354497354498 0.02857142857142857
3 0.4666666666666667 0.31868131868131866 0.056084656084656084 0.020879120879120878
3 0.4883597883597884 0.5681318681318681 0.09947089947089947 0.020879120879120878
3 0.4883597883597884 0.8087912087912088 0.09947089947089947 0.020879120879120878
3 0.6042328042328042 0.921978021978022 0.33174603174603173 0.015384615384615385
3 0.4886243386243386 0.9923076923076923 0.1 0.013186813186813187
3 0.5015873015873016 0.023076923076923078 0.11957671957671957 0.02197802197802198
3 0.5015873015873016 0.023076923076923078 0.11957671957671957 0.02197802197802198
3 0.24761904761904763 0.210989010989011 0.14708994708994708 0.06593406593406594
3 0.6042328042328042 0.23736263736263735 0.33174603174603173 0.02857142857142857
3 0.6042328042328042 0.4725274725274725 0.33174603174603173 0.05714285714285714
3 0.6042328042328042 0.6934065934065934 0.33174603174603173 0.05714285714285714
3 0.6042328042328042 0.9 0.33174603174603173 0.02857142857142857
3 0.33915343915343915 0.08021978021978023 0.023809523809523808 0.02197802197802198
3 0.37407407407407406 0.08021978021978023 0.026455026455026454 0.02197802197802198
3 0.42063492063492064 0.08021978021978023 0.047619047619047616 0.02197802197802198
3 0.46296296296296297 0.08021978021978023 0.018518518518518517 0.02197802197802198
3 0.4936507936507937 0.08021978021978023 0.023809523809523808 0.02197802197802198
3 0.5253968253968254 0.08021978021978023 0.020634920634920634 0.02197802197802198
3 0.20846560846560847 0.5197802197802198 0.06878306878306878 0.01978021978021978
3 0.19365079365079366 0.6054945054945055 0.039153439153439155 0.01978021978021978
3 0.19206349206349208 0.6318681318681318 0.03650793650793651 0.01978021978021978
3 0.18306878306878308 0.6582417582417582 0.01798941798941799 0.01978021978021978
3 0.1835978835978836 0.743956043956044 0.01904761904761905 0.01978021978021978
3 0.21693121693121692 0.8296703296703297 0.08624338624338625 0.01978021978021978
3 0.19047619047619047 0.9153846153846154 0.0328042328042328 0.01978021978021978
3 0.25555555555555554 0.5197802197802198 0.020105820105820106 0.01978021978021978
3 0.22804232804232805 0.6054945054945055 0.02433862433862434 0.01978021978021978
3 0.22592592592592592 0.6318681318681318 0.025925925925925925 0.01978021978021978
3 0.2015873015873016 0.6582417582417582 0.014285714285714285 0.01978021978021978
3 0.2074074074074074 0.743956043956044 0.023809523809523808 0.01978021978021978
3 0.27566137566137566 0.8296703296703297 0.025925925925925925 0.01978021978021978
3 0.22328042328042327 0.9153846153846154 0.026984126984126985 0.01978021978021978
3 0.20952380952380953 0.9417582417582417 0.020634920634920634 0.01978021978021978
3 0.21216931216931217 0.06373626373626373 0.06084656084656084 0.02197802197802198
3 0.20793650793650795 0.08461538461538462 0.06084656084656084 0.02197802197802198
3 0.2222222222222222 0.14945054945054945 0.0962962962962963 0.02197802197802198