0 0.5713879408418657 0.008865248226950355 0.026734926052332197 0.01773049645390071
0 0.729806598407281 0.14066193853427897 0.06427758816837315 0.016548463356973995
1 0.7130261660978384 0.009456264775413711 0.19397042093287828 0.018912529550827423
1 0.3594994311717861 0.3037825059101655 0.09101251422070535 0.18912529550827423
1 0.3594994311717861 0.541371158392435 0.09101251422070535 0.18912529550827423
1 0.3594994311717861 0.7789598108747045 0.09101251422070535 0.18912529550827423
1 0.1766211604095563 0.008274231678486997 0.07679180887372014 0.016548463356973995
2 0.41439135381114905 0.008865248226950355 0.34072810011376564 0.01773049645390071
2 0.4138225255972696 0.0017730496453900709 0.008532423208191127 0.0035460992907801418
3 0.47952218430034127 0.00591016548463357 0.15813424345847554 0.01182033096926714
3 0.459613196814562 0.34278959810874704 0.08191126279863481 0.022458628841607566
3 0.459613196814562 0.549645390070922 0.08191126279863481 0.022458628841607566
3 0.459613196814562 0.8605200945626478 0.08191126279863481 0.022458628841607566
3 0.4852104664391354 0.0035460992907801418 0.13083048919226395 0.0070921985815602835
3 0.4852104664391354 0.0035460992907801418 0.13083048919226395 0.0070921985815602835
3 0.21331058020477817 0.17848699763593381 0.15813424345847554 0.03546099290780142
3 0.5967007963594995 0.23995271867612294 0.35665529010238906 0.061465721040189124
3 0.5967007963594995 0.46217494089834515 0.35665529010238906 0.030732860520094562
3 0.5967007963594995 0.7576832151300237 0.35665529010238906 0.061465721040189124
3 0.5967007963594995 0.9657210401891253 0.35665529010238906 0.061465721040189124
3 0.3117178612059158 0.05555555555555555 0.025597269624573378 0.02364066193853428
3 0.3492605233219568 0.05555555555555555 0.02844141069397042 0.02364066193853428
3 0.3993174061433447 0.05555555555555555 0.051194539249146756 0.02364066193853428
3 0.4448236632536974 0.05555555555555555 0.019908987485779295 0.02364066193853428
3 0.4778156996587031 0.05555555555555555 0.025597269624573378 0.02364066193853428
3 0.5119453924914675 0.05555555555555555 0.02218430034129693 0.02364066193853428
3 0.17121729237770195 0.4929078014184397 0.07394766780432309 0.02127659574468085
3 0.14846416382252559 0.5851063829787234 0.02844141069397042 0.02127659574468085
3 0.15756541524459614 0.6134751773049646 0.04664391353811149 0.02127659574468085
3 0.18486916951080773 0.6418439716312057 0.1018202502844141 0.02127659574468085
3 0.18714448236632536 0.6702127659574468 0.10580204778156997 0.02127659574468085
3 0.14391353811149032 0.6985815602836879 0.019340159271899887 0.02127659574468085
3 0.14448236632536973 0.7907801418439716 0.020477815699658702 0.02127659574468085
3 0.18031854379977247 0.8829787234042553 0.09271899886234357 0.02127659574468085
3 0.15187713310580206 0.975177304964539 0.03526734926052332 0.02127659574468085
3 0.2167235494880546 0.4929078014184397 0.011945392491467578 0.02127659574468085
3 0.17633674630261661 0.5851063829787234 0.02104664391353811 0.02127659574468085
3 0.1899886234357224 0.6134751773049646 0.013083048919226393 0.02127659574468085
3 0.2440273037542662 0.6418439716312057 0.010238907849829351 0.02127659574468085
3 0.24744027303754265 0.6702127659574468 0.007963594994311717 0.02127659574468085
3 0.16040955631399317 0.6985815602836879 0.007963594994311717 0.02127659574468085
3 0.16609783845278725 0.7907801418439716 0.017064846416382253 0.02127659574468085
3 0.23720136518771331 0.8829787234042553 0.01478953356086462 0.02127659574468085
3 0.18145620022753128 0.975177304964539 0.01763367463026166 0.02127659574468085
3 0.16666666666666666 0.9958628841607565 0.011376564277588168 0.00591016548463357
3 0.1751990898748578 0.037825059101654845 0.06541524459613197 0.02364066193853428
3 0.17064846416382254 0.06028368794326241 0.06541524459613197 0.02364066193853428
3 0.18600682593856654 0.13002364066193853 0.10352673492605233 0.02364066193853428