0 0.5848167539267015 0.02717391304347826 0.024083769633507852 0.042391304347826085
0 0.7308900523560209 0.16195652173913044 0.059162303664921465 0.015217391304347827
1 0.7151832460732984 0.02826086956521739 0.17801047120418848 0.042391304347826085
1 0.3900523560209424 0.3119565217391304 0.08376963350785341 0.17391304347826086
1 0.3900523560209424 0.5304347826086957 0.08376963350785341 0.17391304347826086
1 0.3900523560209424 0.7489130434782608 0.08376963350785341 0.17391304347826086
1 0.22146596858638742 0.02826086956521739 0.07015706806282722 0.03695652173913044
2 0.44031413612565445 0.02717391304347826 0.31308900523560207 0.042391304347826085
2 0.4397905759162304 0.02717391304347826 0.007329842931937173 0.015217391304347827
3 0.5005235602094241 0.02826086956521739 0.1450261780104712 0.02826086956521739
3 0.48219895287958114 0.31956521739130433 0.07539267015706806 0.020652173913043477
3 0.46282722513089003 0.533695652173913 0.03717277486910995 0.015217391304347827
3 0.46282722513089003 0.7521739130434782 0.03717277486910995 0.015217391304347827
3 0.5057591623036649 0.02717391304347826 0.11989528795811519 0.021739130434782608
3 0.5057591623036649 0.02717391304347826 0.11989528795811519 0.021739130434782608
3 0.2554973821989529 0.1967391304347826 0.14554973821989528 0.03260869565217391
3 0.6083769633507854 0.2391304347826087 0.32827225130890053 0.02826086956521739
3 0.6083769633507854 0.45760869565217394 0.32827225130890053 0.02826086956521739
3 0.6083769633507854 0.6760869565217391 0.32827225130890053 0.02826086956521739
3 0.6083769633507854 0.8945652173913043 0.32827225130890053 0.02826086956521739
3 0.3460732984293194 0.08369565217391305 0.02356020942408377 0.021739130434782608
3 0.3806282722513089 0.08369565217391305 0.02617801047120419 0.021739130434782608
3 0.42670157068062825 0.08369565217391305 0.04712041884816754 0.021739130434782608
3 0.468586387434555 0.08369565217391305 0.01832460732984293 0.021739130434782608
3 0.4989528795811518 0.08369565217391305 0.02356020942408377 0.021739130434782608
3 0.5303664921465968 0.08369565217391305 0.020418848167539267 0.021739130434782608
3 0.19581151832460733 0.40217391304347827 0.02617801047120419 0.01956521739130435
3 0.2293193717277487 0.4282608695652174 0.093717277486911 0.01956521739130435
3 0.19214659685863875 0.5130434782608696 0.018848167539267015 0.01956521739130435
3 0.225130890052356 0.5978260869565217 0.08534031413612565 0.01956521739130435
3 0.19895287958115182 0.6826086956521739 0.032460732984293195 0.01956521739130435
3 0.19947643979057592 0.7673913043478261 0.034031413612565446 0.01956521739130435
3 0.1931937172774869 0.8521739130434782 0.020942408376963352 0.01956521739130435
3 0.1931937172774869 0.8782608695652174 0.020942408376963352 0.01956521739130435
3 0.20680628272251309 0.9630434782608696 0.04869109947643979 0.01956521739130435
3 0.2130890052356021 0.9891304347826086 0.0612565445026178 0.01956521739130435
3 0.2157068062827225 0.40217391304347827 0.007853403141361256 0.01956521739130435
3 0.28219895287958113 0.4282608695652174 0.006806282722513089 0.01956521739130435
3 0.20785340314136125 0.5130434782608696 0.007329842931937173 0.01956521739130435
3 0.2732984293193717 0.5978260869565217 0.005235602094240838 0.01956521739130435
3 0.22198952879581152 0.6826086956521739 0.007329842931937173 0.01956521739130435
3 0.22303664921465968 0.7673913043478261 0.007329842931937173 0.01956521739130435
3 0.21047120418848167 0.8521739130434782 0.007853403141361256 0.01956521739130435
3 0.21099476439790577 0.8782608695652174 0.009947643979057591 0.01956521739130435
3 0.23769633507853402 0.9630434782608696 0.007853403141361256 0.01956521739130435
3 0.25026178010471206 0.9891304347826086 0.007329842931937173 0.01956521739130435
3 0.22041884816753926 0.06739130434782609 0.060209424083769635 0.021739130434782608
3 0.2162303664921466 0.08804347826086957 0.060209424083769635 0.021739130434782608
3 0.23036649214659685 0.15217391304347827 0.09528795811518324 0.021739130434782608