0 0.5964864864864865 0.008408071748878924 0.025405405405405406 0.016816143497757848
0 0.7470270270270271 0.13340807174887892 0.06108108108108108 0.01569506726457399
1 0.731081081081081 0.008968609865470852 0.18432432432432433 0.017937219730941704
1 0.39513513513513515 0.2881165919282511 0.08648648648648649 0.17937219730941703
1 0.39513513513513515 0.5134529147982063 0.08648648648648649 0.17937219730941703
1 0.39513513513513515 0.7387892376681614 0.08648648648648649 0.17937219730941703
1 0.22135135135135134 0.007847533632286996 0.07297297297297298 0.01569506726457399
2 0.4472972972972973 0.008408071748878924 0.3237837837837838 0.016816143497757848
2 0.4905405405405405 0.0016816143497757848 0.008108108108108109 0.0033632286995515697
3 0.5316216216216216 0.005605381165919282 0.10648648648648648 0.011210762331838564
3 0.48 0.29596412556053814 0.057297297297297295 0.021300448430493273
3 0.49135135135135133 0.5616591928251121 0.08054054054054054 0.021300448430493273
3 0.48 0.7466367713004485 0.057297297297297295 0.021300448430493273
3 0.49135135135135133 0.9719730941704036 0.08054054054054054 0.021300448430493273
3 0.537027027027027 0.0033632286995515697 0.08054054054054054 0.006726457399103139
3 0.537027027027027 0.0033632286995515697 0.08054054054054054 0.006726457399103139
3 0.2562162162162162 0.2141255605381166 0.15027027027027026 0.033632286995515695
3 0.6205405405405405 0.21300448430493274 0.3389189189189189 0.02914798206278027
3 0.6205405405405405 0.4786995515695067 0.3389189189189189 0.02914798206278027
3 0.6205405405405405 0.6636771300448431 0.3389189189189189 0.02914798206278027
3 0.6205405405405405 0.8890134529147982 0.3389189189189189 0.02914798206278027
3 0.3497297297297297 0.052690582959641255 0.024324324324324326 0.02242152466367713
3 0.3854054054054054 0.052690582959641255 0.02702702702702703 0.02242152466367713
3 0.432972972972973 0.052690582959641255 0.04864864864864865 0.02242152466367713
3 0.47621621621621624 0.052690582959641255 0.01891891891891892 0.02242152466367713
3 0.5075675675675676 0.052690582959641255 0.024324324324324326 0.02242152466367713
3 0.54 0.052690582959641255 0.02108108108108108 0.02242152466367713
3 0.21621621621621623 0.5123318385650224 0.07027027027027027 0.020179372197309416
3 0.19135135135135134 0.5997757847533632 0.02054054054054054 0.020179372197309416
3 0.19567567567567568 0.6266816143497758 0.02918918918918919 0.020179372197309416
3 0.19135135135135134 0.6535874439461884 0.02108108108108108 0.020179372197309416
3 0.1891891891891892 0.6804932735426009 0.016216216216216217 0.020179372197309416
3 0.18972972972972973 0.7073991031390134 0.017297297297297298 0.020179372197309416
3 0.19783783783783784 0.734304932735426 0.03405405405405405 0.020179372197309416
3 0.1918918918918919 0.7612107623318386 0.021621621621621623 0.020179372197309416
3 0.1908108108108108 0.7881165919282511 0.02 0.020179372197309416
3 0.20378378378378378 0.8150224215246636 0.04540540540540541 0.020179372197309416
3 0.1935135135135135 0.9327354260089686 0.025405405405405406 0.020179372197309416
3 0.20864864864864865 0.9596412556053812 0.055675675675675676 0.020179372197309416
3 0.1908108108108108 0.9865470852017937 0.02 0.020179372197309416
3 0.2610810810810811 0.5123318385650224 0.014054054054054054 0.020179372197309416
3 0.21297297297297296 0.5997757847533632 0.016756756756756756 0.020179372197309416
3 0.22162162162162163 0.6266816143497758 0.016216216216216217 0.020179372197309416
3 0.21351351351351353 0.6535874439461884 0.016216216216216217 0.020179372197309416
3 0.20756756756756756 0.6804932735426009 0.015675675675675675 0.020179372197309416
3 0.2091891891891892 0.7073991031390134 0.016216216216216217 0.020179372197309416
3 0.22648648648648648 0.734304932735426 0.016756756756756756 0.020179372197309416
3 0.21297297297297296 0.7612107623318386 0.015675675675675675 0.020179372197309416
3 0.21243243243243243 0.7881165919282511 0.016756756756756756 0.020179372197309416
3 0.23783783783783785 0.8150224215246636 0.016756756756756756 0.020179372197309416
3 0.22108108108108107 0.9327354260089686 0.023243243243243242 0.020179372197309416
3 0.25027027027027027 0.9596412556053812 0.02054054054054054 0.020179372197309416
3 0.21081081081081082 0.9865470852017937 0.014054054054054054 0.020179372197309416
3 0.22 0.03587443946188341 0.062162162162162166 0.02242152466367713
3 0.21567567567567567 0.05717488789237668 0.062162162162162166 0.02242152466367713
3 0.23027027027027028 0.12331838565022421 0.09837837837837837 0.02242152466367713
3 0.2518918918918919 0.13452914798206278 0.14162162162162162 0.04484304932735426
3 0.2724324324324324 0.14573991031390135 0.04 0.02242152466367713
3 0.2518918918918919 0.15695067264573992 0.14162162162162162 0.04484304932735426