0 0.584375 0.02918918918918919 0.023958333333333335 0.04216216216216216
0 0.7067708333333333 0.5113513513513513 0.12708333333333333 0.05189189189189189
0 0.7145833333333333 0.5848648648648649 0.14322916666666666 0.05189189189189189
1 0.7140625 0.03027027027027027 0.17708333333333334 0.04216216216216216
1 0.20833333333333334 0.24756756756756756 0.022916666666666665 0.04756756756756757
1 0.328125 0.5167567567567568 0.196875 0.505945945945946
1 0.20833333333333334 0.3124324324324324 0.022916666666666665 0.04756756756756757
2 0.440625 0.02918918918918919 0.31145833333333334 0.04216216216216216
3 0.1828125 0 0 0
3 0.22291666666666668 0.03027027027027027 0.06979166666666667 0.036756756756756756
3 0.6729166666666667 0.08540540540540541 0.057291666666666664 0.021621621621621623
3 0.71875 0.08540540540540541 0.034375 0.021621621621621623
3 0.7609375 0.08540540540540541 0.050520833333333334 0.021621621621621623
3 0.21770833333333334 0.07783783783783783 0.06927083333333334 0.043243243243243246
3 0.30520833333333336 0.08540540540540541 0.04114583333333333 0.021621621621621623
3 0.346875 0.08540540540540541 0.0234375 0.021621621621621623
3 0.38125 0.08540540540540541 0.026041666666666668 0.021621621621621623
3 0.4270833333333333 0.08540540540540541 0.046875 0.021621621621621623
3 0.46875 0.08540540540540541 0.018229166666666668 0.021621621621621623
3 0.49895833333333334 0.08540540540540541 0.0234375 0.021621621621621623
3 0.5302083333333333 0.08540540540540541 0.0203125 0.021621621621621623
3 0.7963541666666667 0.08324324324324324 0.013020833333333334 0.022702702702702703
3 0.7140625 0.03351351351351351 0.17708333333333334 0.04756756756756757
3 0.31666666666666665 0.1372972972972973 0.07708333333333334 0.021621621621621623
3 0.38333333333333336 0.1372972972972973 0.044270833333333336 0.021621621621621623
3 0.4390625 0.1372972972972973 0.05364583333333333 0.021621621621621623
3 0.5 0.1372972972972973 0.05520833333333333 0.021621621621621623
3 0.5453125 0.1372972972972973 0.0234375 0.021621621621621623
3 0.5973958333333333 0.1372972972972973 0.06770833333333333 0.021621621621621623
3 0.21197916666666666 0.18054054054054053 0.050520833333333334 0.015135135135135135
3 0.29791666666666666 0.18054054054054053 0.09479166666666666 0.015135135135135135
3 0.37604166666666666 0.18054054054054053 0.042708333333333334 0.015135135135135135
3 0.44114583333333335 0.18054054054054053 0.06979166666666667 0.015135135135135135
3 0.49270833333333336 0.18054054054054053 0.015104166666666667 0.015135135135135135
3 0.5166666666666667 0.18054054054054053 0.0140625 0.015135135135135135
3 0.5484375 0.18054054054054053 0.03125 0.015135135135135135
3 0.7760416666666666 0.1827027027027027 0.0546875 0.015135135135135135
3 0.48802083333333335 0.3772972972972973 0.09583333333333334 0.01945945945945946
3 0.6114583333333333 0.2572972972972973 0.0125 0.022702702702702703
3 0.47760416666666666 0.5156756756756756 0.07552083333333333 0.01945945945945946
3 0.6901041666666666 0.3264864864864865 0.06302083333333333 0.01945945945945946
3 0.7140625 0.3783783783783784 0.058333333333333334 0.015135135135135135
3 0.6859375 0.6464864864864864 0.058333333333333334 0.021621621621621623
3 0.6828125 0.7243243243243244 0.052083333333333336 0.021621621621621623
3 0.47760416666666666 0.4908108108108108 0.07552083333333333 0.01945945945945946
3 0.5067708333333333 0.5697297297297297 0.13385416666666666 0.01945945945945946
3 0.6927083333333334 0.4 0.09947916666666666 0.015135135135135135
3 0.6927083333333334 0.42162162162162165 0.09947916666666666 0.015135135135135135
3 0.6895833333333333 0.9124324324324324 0.06197916666666667 0.01945945945945946
3 0.20833333333333334 0.2648648648648649 0.026041666666666668 0.023783783783783784
3 0.20833333333333334 0.32972972972972975 0.026041666666666668 0.023783783783783784
3 0.20833333333333334 0.2648648648648649 0.026041666666666668 0.023783783783783784
3 0.20833333333333334 0.32972972972972975 0.026041666666666668 0.023783783783783784
3 0.525 0.3178378378378378 0.16979166666666667 0.08108108108108109
3 0.7223958333333333 0.2810810810810811 0.12760416666666666 0.021621621621621623
3 0.7223958333333333 0.3027027027027027 0.12760416666666666 0.018378378378378378
3 0.7213541666666666 0.6659459459459459 0.1296875 0.05837837837837838
3 0.7213541666666666 0.7243243243243244 0.1296875 0.01945945945945946
3 0.6927083333333334 0.37945945945945947 0.09947916666666666 0.017297297297297298
3 0.7145833333333333 0.46594594594594596 0.14322916666666666 0.021621621621621623
3 0.7145833333333333 0.8389189189189189 0.14322916666666666 0.023783783783783784
3 0.6895833333333333 0.8918918918918919 0.06197916666666667 0.021621621621621623