0 0.5894736842105263 0.02516411378555799 0.024210526315789474 0.04266958424507659
1 0.7205263157894737 0.0262582056892779 0.17894736842105263 0.04266958424507659
1 0.4994736842105263 0.18161925601750548 0.8421052631578947 0.15317286652078774
1 0.2889473684210526 0.487964989059081 0.20210526315789473 0.26258205689277897
1 0.4994736842105263 0.487964989059081 0.20210526315789473 0.26258205689277897
1 0.71 0.487964989059081 0.20210526315789473 0.26258205689277897
1 0.3452631578947368 0.8703501094091903 0.3157894736842105 0.25711159737417943
1 0.56 0.8708971553610503 0.0968421052631579 0.20350109409190373
1 0.7626315789473684 0.8183807439824945 0.05263157894736842 0.10940919037199125
1 0.22421052631578947 0.0262582056892779 0.07052631578947369 0.037199124726477024
2 0.4442105263157895 0.02516411378555799 0.31473684210526315 0.04266958424507659
3 0.2636842105263158 0.9529540481400438 0.11421052631578947 0.015317286652078774
3 0.6610526315789473 0.899343544857768 0.0731578947368421 0.015317286652078774
3 0.7626315789473684 0.975929978118162 0.0968421052631579 0.015317286652078774
3 0.4994736842105263 0.32603938730853393 0.6231578947368421 0.0525164113785558
3 0.4994736842105263 0.7111597374179431 0.6231578947368421 0.0525164113785558
3 0.2889473684210526 0.6181619256017505 0.15157894736842106 0.02188183807439825
3 0.4994736842105263 0.6181619256017505 0.15157894736842106 0.02188183807439825
3 0.71 0.6181619256017505 0.15157894736842106 0.02188183807439825
3 0.2636842105263158 0.9113785557986871 0.11421052631578947 0.03391684901531729
3 0.6610526315789473 0.8599562363238512 0.0731578947368421 0.030634573304157548
3 0.7626315789473684 0.9277899343544858 0.08105263157894736 0.0262582056892779
3 0.3494736842105263 0.08205689277899343 0.02368421052631579 0.02188183807439825
3 0.38421052631578945 0.08205689277899343 0.02631578947368421 0.02188183807439825
3 0.4305263157894737 0.08205689277899343 0.04736842105263158 0.02188183807439825
3 0.4726315789473684 0.08205689277899343 0.018421052631578946 0.02188183807439825
3 0.5031578947368421 0.08205689277899343 0.02368421052631579 0.02188183807439825
3 0.5347368421052632 0.08205689277899343 0.020526315789473684 0.02188183807439825
3 0.2231578947368421 0.06564551422319474 0.060526315789473685 0.02188183807439825
3 0.21894736842105264 0.08643326039387308 0.060526315789473685 0.02188183807439825