0 0.584375 0.02918918918918919 0.023958333333333335 0.04216216216216216
0 0.7296875 0.16324324324324324 0.058854166666666666 0.015135135135135135
1 0.7140625 0.03027027027027027 0.17708333333333334 0.04216216216216216
1 0.390625 0.3124324324324324 0.08333333333333333 0.17297297297297298
1 0.390625 0.5297297297297298 0.08333333333333333 0.17297297297297298
1 0.390625 0.7470270270270271 0.08333333333333333 0.17297297297297298
1 0.22291666666666668 0.03027027027027027 0.06979166666666667 0.036756756756756756
2 0.440625 0.02918918918918919 0.31145833333333334 0.04216216216216216
2 0.48854166666666665 0.02918918918918919 0.007291666666666667 0.015135135135135135
3 0.525 0.03027027027027027 0.09583333333333334 0.02810810810810811
3 0.4630208333333333 0.37513513513513513 0.03697916666666667 0.015135135135135135
3 0.5302083333333333 0.02918918918918919 0.07083333333333333 0.021621621621621623
3 0.5302083333333333 0.02918918918918919 0.07083333333333333 0.021621621621621623
3 0.25677083333333334 0.2410810810810811 0.14479166666666668 0.032432432432432434
3 0.6078125 0.2789189189189189 0.3265625 0.02810810810810811
3 0.6078125 0.4572972972972973 0.3265625 0.02810810810810811
3 0.6078125 0.6745945945945946 0.3265625 0.02810810810810811
3 0.6078125 0.8918918918918919 0.3265625 0.02810810810810811
3 0.346875 0.08540540540540541 0.0234375 0.021621621621621623
3 0.38125 0.08540540540540541 0.026041666666666668 0.021621621621621623
3 0.4270833333333333 0.08540540540540541 0.046875 0.021621621621621623
3 0.46875 0.08540540540540541 0.018229166666666668 0.021621621621621623
3 0.49895833333333334 0.08540540540540541 0.0234375 0.021621621621621623
3 0.5302083333333333 0.08540540540540541 0.0203125 0.021621621621621623
3 0.21822916666666667 0.3621621621621622 0.06770833333333333 0.01945945945945946
3 0.19322916666666667 0.4464864864864865 0.018229166666666668 0.01945945945945946
3 0.19791666666666666 0.47243243243243244 0.027604166666666666 0.01945945945945946
3 0.1921875 0.4983783783783784 0.016145833333333335 0.01945945945945946
3 0.1953125 0.5827027027027027 0.022395833333333334 0.01945945945945946
3 0.19739583333333333 0.6086486486486486 0.026041666666666668 0.01945945945945946
3 0.1921875 0.6345945945945946 0.016145833333333335 0.01945945945945946
3 0.1984375 0.6605405405405406 0.028645833333333332 0.01945945945945946
3 0.19947916666666668 0.6864864864864865 0.030729166666666665 0.01945945945945946
3 0.196875 0.7124324324324325 0.025 0.01945945945945946
3 0.196875 0.7383783783783784 0.025520833333333333 0.01945945945945946
3 0.19583333333333333 0.7643243243243243 0.0234375 0.01945945945945946
3 0.19947916666666668 0.7902702702702703 0.030729166666666665 0.01945945945945946
3 0.20833333333333334 0.9037837837837838 0.04791666666666667 0.01945945945945946
3 0.19947916666666668 0.9297297297297298 0.030208333333333334 0.01945945945945946
3 0.20052083333333334 0.9556756756756757 0.0328125 0.01945945945945946
3 0.203125 0.9816216216216216 0.03802083333333333 0.01945945945945946
3 0.2625 0.3621621621621622 0.016145833333333335 0.01945945945945946
3 0.21458333333333332 0.4464864864864865 0.01875 0.01945945945945946
3 0.2203125 0.47243243243243244 0.011458333333333333 0.01945945945945946
3 0.20729166666666668 0.4983783783783784 0.007291666666666667 0.01945945945945946
3 0.21770833333333334 0.5827027027027027 0.016145833333333335 0.01945945945945946
3 0.2203125 0.6086486486486486 0.0140625 0.01945945945945946
3 0.2109375 0.6345945945945946 0.015625 0.01945945945945946
3 0.2234375 0.6605405405405406 0.015625 0.01945945945945946
3 0.22552083333333334 0.6864864864864865 0.015625 0.01945945945945946
3 0.21927083333333333 0.7124324324324325 0.014583333333333334 0.01945945945945946
3 0.21927083333333333 0.7383783783783784 0.013541666666666667 0.01945945945945946
3 0.2171875 0.7643243243243243 0.013541666666666667 0.01945945945945946
3 0.22395833333333334 0.7902702702702703 0.011458333333333333 0.01945945945945946
3 0.24479166666666666 0.9037837837837838 0.019791666666666666 0.01945945945945946
3 0.22552083333333334 0.9297297297297298 0.0171875 0.01945945945945946
3 0.22708333333333333 0.9556756756756757 0.014583333333333334 0.01945945945945946
3 0.23229166666666667 0.9816216216216216 0.015104166666666667 0.01945945945945946
3 0.221875 0.06918918918918919 0.059895833333333336 0.021621621621621623
3 0.21770833333333334 0.08972972972972973 0.059895833333333336 0.021621621621621623
3 0.23177083333333334 0.1535135135135135 0.09479166666666666 0.021621621621621623
3 0.20572916666666666 0.17513513513513512 0.042708333333333334 0.021621621621621623
3 0.2786458333333333 0.17513513513513512 0.08489583333333334 0.021621621621621623
3 0.2171875 0.19675675675675675 0.04583333333333333 0.021621621621621623