0 0.5927807486631016 0.020555555555555556 0.025133689839572194 0.04111111111111111
0 0.741711229946524 0.15666666666666668 0.06042780748663101 0.015555555555555555
0 0.6385026737967915 0.5322222222222223 0.034224598930481284 0.028888888888888888
0 0.6385026737967915 0.9788888888888889 0.034224598930481284 0.028888888888888888
1 0.7259358288770054 0.021111111111111112 0.18235294117647058 0.042222222222222223
1 0.39358288770053473 0.31 0.0855614973262032 0.17777777777777778
1 0.39358288770053473 0.5377777777777778 0.0855614973262032 0.17777777777777778
1 0.39358288770053473 0.7611111111111111 0.0855614973262032 0.17777777777777778
1 0.22139037433155082 0.02 0.07165775401069518 0.03777777777777778
2 0.4451871657754011 0.020555555555555556 0.32032085561497325 0.04111111111111111
2 0.509090909090909 0.01888888888888889 0.0074866310160427805 0.015555555555555555
3 0.5390374331550802 0.02 0.08342245989304813 0.028888888888888888
3 0.47754010695187166 0.3788888888888889 0.05668449197860963 0.021111111111111112
3 0.48770053475935826 0.5455555555555556 0.07700534759358289 0.021111111111111112
3 0.6096256684491979 0.5322222222222223 0.019251336898395723 0.02
3 0.48770053475935826 0.7688888888888888 0.07700534759358289 0.021111111111111112
3 0.477807486631016 0.99 0.0572192513368984 0.017777777777777778
3 0.6096256684491979 0.9788888888888889 0.019251336898395723 0.02
3 0.544385026737968 0.01888888888888889 0.057754010695187166 0.022222222222222223
3 0.544385026737968 0.01888888888888889 0.057754010695187166 0.022222222222222223
3 0.25614973262032087 0.23666666666666666 0.14866310160427806 0.03333333333333333
3 0.6165775401069519 0.27555555555555555 0.3352941176470588 0.028888888888888888
3 0.6165775401069519 0.4633333333333333 0.3352941176470588 0.028888888888888888
3 0.6165775401069519 0.6866666666666666 0.3352941176470588 0.028888888888888888
3 0.6165775401069519 0.91 0.3352941176470588 0.028888888888888888
3 0.34866310160427805 0.07666666666666666 0.02406417112299465 0.022222222222222223
3 0.3839572192513369 0.07666666666666666 0.026737967914438502 0.022222222222222223
3 0.4310160427807487 0.07666666666666666 0.0481283422459893 0.022222222222222223
3 0.4737967914438503 0.07666666666666666 0.01871657754010695 0.022222222222222223
3 0.5048128342245989 0.07666666666666666 0.02406417112299465 0.022222222222222223
3 0.5368983957219251 0.07666666666666666 0.02085561497326203 0.022222222222222223
3 0.21657754010695188 0.5322222222222223 0.06951871657754011 0.02
3 0.19144385026737967 0.6188888888888889 0.019251336898395723 0.02
3 0.2251336898395722 0.7055555555555556 0.08716577540106951 0.02
3 0.1983957219251337 0.7922222222222223 0.033155080213903745 0.02
3 0.19893048128342247 0.9055555555555556 0.034759358288770054 0.02
3 0.1927807486631016 0.9905555555555555 0.021925133689839574 0.016666666666666666
3 0.2609625668449198 0.5322222222222223 0.014438502673796792 0.02
3 0.21390374331550802 0.6188888888888889 0.020320855614973262 0.02
3 0.2812834224598931 0.7055555555555556 0.019251336898395723 0.02
3 0.2288770053475936 0.7922222222222223 0.0213903743315508 0.02
3 0.21283422459893048 0.8188888888888889 0.011229946524064172 0.02
3 0.22727272727272727 0.9055555555555556 0.016042780748663103 0.02
3 0.2179144385026738 0.9905555555555555 0.022994652406417113 0.016666666666666666
3 0.22032085561497325 0.06 0.06149732620320856 0.022222222222222223
3 0.2160427807486631 0.0811111111111111 0.06149732620320856 0.022222222222222223
3 0.23048128342245988 0.14666666666666667 0.09732620320855614 0.022222222222222223
3 0.20374331550802138 0.1688888888888889 0.04385026737967915 0.022222222222222223
3 0.2711229946524064 0.1688888888888889 0.07219251336898395 0.022222222222222223
3 0.19732620320855615 0.19111111111111112 0.03155080213903743 0.022222222222222223