0 0.577807486631016 0.021111111111111112 0.025133689839572194 0.042222222222222223
0 0.7267379679144385 0.15777777777777777 0.06042780748663101 0.015555555555555555
0 0.6235294117647059 0.5333333333333333 0.034224598930481284 0.028888888888888888
0 0.6235294117647059 0.98 0.034224598930481284 0.028888888888888888
1 0.7109625668449198 0.021666666666666667 0.18235294117647058 0.043333333333333335
1 0.3786096256684492 0.3111111111111111 0.0855614973262032 0.17777777777777778
1 0.3786096256684492 0.5388888888888889 0.0855614973262032 0.17777777777777778
1 0.3786096256684492 0.7622222222222222 0.0855614973262032 0.17777777777777778
1 0.20641711229946524 0.021111111111111112 0.07165775401069518 0.03777777777777778
2 0.43021390374331553 0.021111111111111112 0.32032085561497325 0.042222222222222223
2 0.49411764705882355 0.02 0.0074866310160427805 0.015555555555555555
3 0.5240641711229946 0.021111111111111112 0.08342245989304813 0.028888888888888888
3 0.4625668449197861 0.38 0.05668449197860963 0.021111111111111112
3 0.4727272727272727 0.5466666666666666 0.07700534759358289 0.021111111111111112
3 0.5946524064171123 0.5333333333333333 0.019251336898395723 0.02
3 0.4727272727272727 0.77 0.07700534759358289 0.021111111111111112
3 0.4628342245989305 0.9905555555555555 0.0572192513368984 0.016666666666666666
3 0.5946524064171123 0.98 0.019251336898395723 0.02
3 0.5294117647058824 0.02 0.057754010695187166 0.022222222222222223
3 0.5294117647058824 0.02 0.057754010695187166 0.022222222222222223
3 0.2411764705882353 0.23777777777777778 0.14866310160427806 0.03333333333333333
3 0.6016042780748663 0.27666666666666667 0.3352941176470588 0.028888888888888888
3 0.6016042780748663 0.46444444444444444 0.3352941176470588 0.028888888888888888
3 0.6016042780748663 0.6877777777777778 0.3352941176470588 0.028888888888888888
3 0.6016042780748663 0.9111111111111111 0.3352941176470588 0.028888888888888888
3 0.3336898395721925 0.07777777777777778 0.02406417112299465 0.022222222222222223
3 0.3689839572192513 0.07777777777777778 0.026737967914438502 0.022222222222222223
3 0.4160427807486631 0.07777777777777778 0.0481283422459893 0.022222222222222223
3 0.4588235294117647 0.07777777777777778 0.01871657754010695 0.022222222222222223
3 0.4898395721925134 0.07777777777777778 0.02406417112299465 0.022222222222222223
3 0.5219251336898396 0.07777777777777778 0.02085561497326203 0.022222222222222223
3 0.2016042780748663 0.5333333333333333 0.06951871657754011 0.02
3 0.17647058823529413 0.62 0.019251336898395723 0.02
3 0.21016042780748664 0.7066666666666667 0.08716577540106951 0.02
3 0.18342245989304812 0.7933333333333333 0.033155080213903745 0.02
3 0.1839572192513369 0.9066666666666666 0.034759358288770054 0.02
3 0.17780748663101603 0.9911111111111112 0.021925133689839574 0.015555555555555555
3 0.24598930481283424 0.5333333333333333 0.014438502673796792 0.02
3 0.19893048128342247 0.62 0.020320855614973262 0.02
3 0.2663101604278075 0.7066666666666667 0.019251336898395723 0.02
3 0.21390374331550802 0.7933333333333333 0.0213903743315508 0.02
3 0.19786096256684493 0.82 0.011229946524064172 0.02
3 0.21229946524064172 0.9066666666666666 0.016042780748663103 0.02
3 0.20294117647058824 0.9911111111111112 0.022994652406417113 0.015555555555555555
3 0.2053475935828877 0.06111111111111111 0.06149732620320856 0.022222222222222223
3 0.20106951871657755 0.08222222222222222 0.06149732620320856 0.022222222222222223
3 0.21550802139037434 0.14777777777777779 0.09732620320855614 0.022222222222222223
3 0.18877005347593584 0.17 0.04385026737967915 0.022222222222222223
3 0.25614973262032087 0.17 0.07219251336898395 0.022222222222222223
3 0.18235294117647058 0.1922222222222222 0.03155080213903743 0.022222222222222223