0 0.8043981481481481 0.10336538461538461 0.06539351851851852 0.016826923076923076
1 0.4496527777777778 0.31971153846153844 0.16435185185185186 0.34134615384615385
1 0.6232638888888888 0.31971153846153844 0.16435185185185186 0.34134615384615385
1 0.796875 0.31971153846153844 0.16435185185185186 0.34134615384615385
3 0.4201388888888889 0.5709134615384616 0.08217592592592593 0.02283653846153846
3 0.59375 0.5709134615384616 0.08217592592592593 0.02283653846153846
3 0.7673611111111112 0.5925480769230769 0.08217592592592593 0.02283653846153846
3 0.796875 0.671875 0.1412037037037037 0.015625
3 0.2789351851851852 0.1658653846153846 0.16087962962962962 0.036057692307692304
3 0.4496527777777778 0.6189903846153846 0.1412037037037037 0.04326923076923077
3 0.6232638888888888 0.6189903846153846 0.1412037037037037 0.04326923076923077
3 0.796875 0.640625 0.1412037037037037 0.04326923076923077
3 0.37905092592592593 0.016826923076923076 0.026041666666666668 0.02403846153846154
3 0.41724537037037035 0.016826923076923076 0.028935185185185185 0.02403846153846154
3 0.4681712962962963 0.016826923076923076 0.052083333333333336 0.02403846153846154
3 0.5144675925925926 0.016826923076923076 0.02025462962962963 0.02403846153846154
3 0.5480324074074074 0.016826923076923076 0.026041666666666668 0.02403846153846154
3 0.5827546296296297 0.016826923076923076 0.022569444444444444 0.02403846153846154
3 0.2361111111111111 0.4855769230769231 0.07523148148148148 0.021634615384615384
3 0.21469907407407407 0.5793269230769231 0.032407407407407406 0.021634615384615384
3 0.23206018518518517 0.6081730769230769 0.06770833333333333 0.021634615384615384
3 0.22974537037037038 0.6370192307692307 0.0625 0.021634615384615384
3 0.25983796296296297 0.6658653846153846 0.1232638888888889 0.021634615384615384
3 0.21469907407407407 0.6947115384615384 0.03298611111111111 0.021634615384615384
3 0.21180555555555555 0.7235576923076923 0.027199074074074073 0.021634615384615384
3 0.24710648148148148 0.7524038461538461 0.09780092592592593 0.021634615384615384
3 0.21006944444444445 0.78125 0.023148148148148147 0.021634615384615384
3 0.24479166666666666 0.8100961538461539 0.09259259259259259 0.021634615384615384
3 0.22511574074074073 0.9362980769230769 0.05381944444444445 0.021634615384615384
3 0.20949074074074073 0.9651442307692307 0.022569444444444444 0.021634615384615384
3 0.2144097222222222 0.9909855769230769 0.031828703703703706 0.015625
3 0.2829861111111111 0.4855769230769231 0.01273148148148148 0.021634615384615384
3 0.24594907407407407 0.5793269230769231 0.024305555555555556 0.021634615384615384
3 0.2760416666666667 0.6081730769230769 0.013310185185185185 0.021634615384615384
3 0.2708333333333333 0.6370192307692307 0.013310185185185185 0.021634615384615384
3 0.3315972222222222 0.6658653846153846 0.01273148148148148 0.021634615384615384
3 0.24131944444444445 0.6947115384615384 0.013310185185185185 0.021634615384615384
3 0.234375 0.7235576923076923 0.010416666666666666 0.021634615384615384
3 0.30324074074074076 0.7524038461538461 0.008101851851851851 0.021634615384615384
3 0.22916666666666666 0.78125 0.008101851851851851 0.021634615384615384
3 0.2986111111111111 0.8100961538461539 0.008680555555555556 0.021634615384615384
3 0.2638888888888889 0.9362980769230769 0.017939814814814815 0.021634615384615384
3 0.2332175925925926 0.9651442307692307 0.017939814814814815 0.021634615384615384
3 0.24074074074074073 0.9909855769230769 0.016203703703703703 0.015625
3 0.24016203703703703 0.006009615384615385 0.06712962962962964 0.01201923076923077
3 0.2355324074074074 0.021634615384615384 0.06655092592592593 0.02403846153846154
3 0.2511574074074074 0.09254807692307693 0.10532407407407407 0.02403846153846154
3 0.2222222222222222 0.11658653846153846 0.047453703703703706 0.02403846153846154
3 0.27835648148148145 0.11658653846153846 0.04456018518518518 0.02403846153846154