0 0.5943548387096774 0.018973214285714284 0.025268817204301075 0.03794642857142857
0 0.7440860215053764 0.15401785714285715 0.06075268817204301 0.015625
1 0.728225806451613 0.01953125 0.18333333333333332 0.0390625
1 0.41451612903225804 0.3549107142857143 0.15268817204301074 0.3169642857142857
1 0.5758064516129032 0.3549107142857143 0.15268817204301074 0.3169642857142857
1 0.7370967741935484 0.3549107142857143 0.15268817204301074 0.3169642857142857
1 0.22123655913978493 0.018415178571428572 0.07258064516129033 0.036830357142857144
2 0.4459677419354839 0.018973214285714284 0.32204301075268815 0.03794642857142857
2 0.5005376344086021 0.015625 0.007526881720430108 0.015625
3 0.535483870967742 0.016741071428571428 0.0935483870967742 0.029017857142857144
3 0.3870967741935484 0.5881696428571429 0.07634408602150537 0.021205357142857144
3 0.5483870967741935 0.5881696428571429 0.07634408602150537 0.021205357142857144
3 0.7096774193548387 0.6082589285714286 0.07634408602150537 0.021205357142857144
3 0.7370967741935484 0.6819196428571429 0.13118279569892474 0.014508928571428572
3 0.5408602150537635 0.015625 0.06774193548387097 0.022321428571428572
3 0.5408602150537635 0.015625 0.06774193548387097 0.022321428571428572
3 0.25591397849462366 0.21205357142857142 0.14946236559139786 0.033482142857142856
3 0.41451612903225804 0.6328125 0.13118279569892474 0.04017857142857143
3 0.5758064516129032 0.6328125 0.13118279569892474 0.04017857142857143
3 0.7370967741935484 0.6529017857142857 0.13118279569892474 0.04017857142857143
3 0.3489247311827957 0.07366071428571429 0.024193548387096774 0.022321428571428572
3 0.3844086021505376 0.07366071428571429 0.026881720430107527 0.022321428571428572
3 0.43172043010752686 0.07366071428571429 0.04838709677419355 0.022321428571428572
3 0.4747311827956989 0.07366071428571429 0.01881720430107527 0.022321428571428572
3 0.5059139784946236 0.07366071428571429 0.024193548387096774 0.022321428571428572
3 0.5381720430107527 0.07366071428571429 0.020967741935483872 0.022321428571428572
3 0.2161290322580645 0.5089285714285714 0.06989247311827956 0.020089285714285716
3 0.19623655913978494 0.5959821428571429 0.030107526881720432 0.020089285714285716
3 0.21236559139784947 0.6227678571428571 0.06290322580645161 0.020089285714285716
3 0.21021505376344085 0.6495535714285714 0.05806451612903226 0.020089285714285716
3 0.23817204301075268 0.6763392857142857 0.11451612903225807 0.020089285714285716
3 0.19623655913978494 0.703125 0.03064516129032258 0.020089285714285716
3 0.1935483870967742 0.7299107142857143 0.025268817204301075 0.020089285714285716
3 0.22634408602150538 0.7566964285714286 0.09086021505376345 0.020089285714285716
3 0.19193548387096773 0.7834821428571429 0.021505376344086023 0.020089285714285716
3 0.22419354838709676 0.8102678571428571 0.08602150537634409 0.020089285714285716
3 0.20591397849462365 0.9274553571428571 0.05 0.020089285714285716
3 0.1913978494623656 0.9542410714285714 0.020967741935483872 0.020089285714285716
3 0.1956989247311828 0.9810267857142857 0.02903225806451613 0.020089285714285716
3 0.25967741935483873 0.5089285714285714 0.011827956989247311 0.020089285714285716
3 0.2252688172043011 0.5959821428571429 0.02258064516129032 0.020089285714285716
3 0.2532258064516129 0.6227678571428571 0.012365591397849462 0.020089285714285716
3 0.24838709677419354 0.6495535714285714 0.012365591397849462 0.020089285714285716
3 0.30483870967741933 0.6763392857142857 0.011827956989247311 0.020089285714285716
3 0.22096774193548388 0.703125 0.012365591397849462 0.020089285714285716
3 0.21451612903225806 0.7299107142857143 0.00967741935483871 0.020089285714285716
3 0.278494623655914 0.7566964285714286 0.007526881720430108 0.020089285714285716
3 0.20967741935483872 0.7834821428571429 0.007526881720430108 0.020089285714285716
3 0.27419354838709675 0.8102678571428571 0.008064516129032258 0.020089285714285716
3 0.24193548387096775 0.9274553571428571 0.016666666666666666 0.020089285714285716
3 0.21344086021505376 0.9542410714285714 0.016666666666666666 0.020089285714285716
3 0.22043010752688172 0.9810267857142857 0.014516129032258065 0.020089285714285716
3 0.21989247311827956 0.056919642857142856 0.06182795698924731 0.022321428571428572
3 0.21559139784946235 0.078125 0.06182795698924731 0.022321428571428572
3 0.23010752688172043 0.14397321428571427 0.0978494623655914 0.022321428571428572
3 0.2032258064516129 0.16629464285714285 0.04408602150537634 0.022321428571428572
3 0.2553763440860215 0.16629464285714285 0.04139784946236559 0.022321428571428572