0 0.5869109947643979 0.025 0.024083769633507852 0.042391304347826085
0 0.7329842931937173 0.15978260869565217 0.059162303664921465 0.015217391304347827
1 0.7172774869109948 0.02608695652173913 0.17801047120418848 0.042391304347826085
1 0.4120418848167539 0.35543478260869565 0.1486910994764398 0.30869565217391304
1 0.569109947643979 0.35543478260869565 0.1486910994764398 0.30869565217391304
1 0.7261780104712042 0.35543478260869565 0.1486910994764398 0.30869565217391304
1 0.22356020942408378 0.02608695652173913 0.07015706806282722 0.03695652173913044
2 0.4424083769633508 0.025 0.31308900523560207 0.042391304347826085
2 0.49581151832460735 0.025 0.007329842931937173 0.015217391304347827
3 0.5298429319371728 0.02608695652173913 0.09109947643979058 0.02826086956521739
3 0.38534031413612563 0.5826086956521739 0.0743455497382199 0.020652173913043477
3 0.5424083769633508 0.5826086956521739 0.0743455497382199 0.020652173913043477
3 0.6994764397905759 0.6021739130434782 0.0743455497382199 0.020652173913043477
3 0.7261780104712042 0.6739130434782609 0.12774869109947645 0.014130434782608696
3 0.5350785340314136 0.025 0.06596858638743455 0.021739130434782608
3 0.5350785340314136 0.025 0.06596858638743455 0.021739130434782608
3 0.25759162303664923 0.21630434782608696 0.14554973821989528 0.03260869565217391
3 0.4120418848167539 0.6260869565217392 0.12774869109947645 0.0391304347826087
3 0.569109947643979 0.6260869565217392 0.12774869109947645 0.0391304347826087
3 0.7261780104712042 0.6456521739130435 0.12774869109947645 0.0391304347826087
3 0.3481675392670157 0.08152173913043478 0.02356020942408377 0.021739130434782608
3 0.38272251308900523 0.08152173913043478 0.02617801047120419 0.021739130434782608
3 0.42879581151832463 0.08152173913043478 0.04712041884816754 0.021739130434782608
3 0.4706806282722513 0.08152173913043478 0.01832460732984293 0.021739130434782608
3 0.5010471204188481 0.08152173913043478 0.02356020942408377 0.021739130434782608
3 0.5324607329842932 0.08152173913043478 0.020418848167539267 0.021739130434782608
3 0.218848167539267 0.5054347826086957 0.06806282722513089 0.01956521739130435
3 0.19947643979057592 0.5902173913043478 0.02931937172774869 0.01956521739130435
3 0.21518324607329842 0.616304347826087 0.0612565445026178 0.01956521739130435
3 0.2130890052356021 0.6423913043478261 0.05654450261780105 0.01956521739130435
3 0.24031413612565444 0.6684782608695652 0.11151832460732984 0.01956521739130435
3 0.19947643979057592 0.6945652173913044 0.029842931937172777 0.01956521739130435
3 0.1968586387434555 0.7206521739130435 0.024607329842931937 0.01956521739130435
3 0.22879581151832462 0.7467391304347826 0.08848167539267016 0.01956521739130435
3 0.19528795811518324 0.7728260869565218 0.020942408376963352 0.01956521739130435
3 0.22670157068062827 0.7989130434782609 0.08376963350785341 0.01956521739130435
3 0.2089005235602094 0.9130434782608695 0.04869109947643979 0.01956521739130435
3 0.19476439790575917 0.9391304347826087 0.020418848167539267 0.01956521739130435
3 0.19895287958115182 0.9652173913043478 0.028272251308900525 0.01956521739130435
3 0.20418848167539266 0.9902173913043478 0.039790575916230364 0.017391304347826087
3 0.2612565445026178 0.5054347826086957 0.011518324607329843 0.01956521739130435
3 0.22774869109947643 0.5902173913043478 0.02198952879581152 0.01956521739130435
3 0.2549738219895288 0.616304347826087 0.012041884816753926 0.01956521739130435
3 0.25026178010471206 0.6423913043478261 0.012041884816753926 0.01956521739130435
3 0.30523560209424083 0.6684782608695652 0.011518324607329843 0.01956521739130435
3 0.22356020942408378 0.6945652173913044 0.012041884816753926 0.01956521739130435
3 0.21727748691099477 0.7206521739130435 0.009424083769633508 0.01956521739130435
3 0.27958115183246074 0.7467391304347826 0.007329842931937173 0.01956521739130435
3 0.21256544502617802 0.7728260869565218 0.007329842931937173 0.01956521739130435
3 0.2753926701570681 0.7989130434782609 0.007853403141361256 0.01956521739130435
3 0.24397905759162303 0.9130434782608695 0.016230366492146597 0.01956521739130435
3 0.2162303664921466 0.9391304347826087 0.016230366492146597 0.01956521739130435
3 0.22303664921465968 0.9652173913043478 0.014136125654450262 0.01956521739130435
3 0.23298429319371727 0.9902173913043478 0.012565445026178011 0.017391304347826087
3 0.22251308900523561 0.06521739130434782 0.060209424083769635 0.021739130434782608
3 0.21832460732984293 0.08586956521739131 0.060209424083769635 0.021739130434782608
3 0.2324607329842932 0.15 0.09528795811518324 0.021739130434782608
3 0.20628272251308902 0.17173913043478262 0.04293193717277487 0.021739130434782608
3 0.2570680628272251 0.17173913043478262 0.04031413612565445 0.021739130434782608