0 0.5744623655913978 0.012276785714285714 0.025268817204301075 0.024553571428571428
0 0.7026881720430107 0.46316964285714285 0.13548387096774195 0.05357142857142857
0 0.7086021505376344 0.5390625 0.1478494623655914 0.05357142857142857
1 0.7083333333333334 0.012834821428571428 0.18333333333333332 0.025669642857142856
1 0.1860215053763441 0.22767857142857142 0.023655913978494623 0.049107142857142856
1 0.3096774193548387 0.5055803571428571 0.2032258064516129 0.5223214285714286
1 0.1860215053763441 0.29464285714285715 0.023655913978494623 0.049107142857142856
1 0.1860215053763441 0.36160714285714285 0.023655913978494623 0.049107142857142856
1 0.1860215053763441 0.42857142857142855 0.023655913978494623 0.049107142857142856
1 0.6456989247311828 0.3560267857142857 0.01935483870967742 0.04017857142857143
1 0.6478494623655914 0.8716517857142857 0.023655913978494623 0.049107142857142856
1 0.2013440860215054 0.01171875 0.07258064516129033 0.0234375
2 0.4260752688172043 0.012276785714285714 0.32204301075268815 0.024553571428571428
3 0.4817204301075269 0.5066964285714286 0.11344086021505376 0.020089285714285716
3 0.49408602150537634 0.5881696428571429 0.1381720430107527 0.020089285714285716
3 0.7010752688172043 0.3638392857142857 0.07258064516129033 0.015625
3 0.7193548387096774 0.8805803571428571 0.10268817204301076 0.020089285714285716
3 0.7021505376344086 0.9508928571428571 0.10268817204301076 0.020089285714285716
3 0.1860215053763441 0.24553571428571427 0.026881720430107527 0.024553571428571428
3 0.1860215053763441 0.3125 0.026881720430107527 0.024553571428571428
3 0.1860215053763441 0.3794642857142857 0.026881720430107527 0.024553571428571428
3 0.1860215053763441 0.44642857142857145 0.026881720430107527 0.024553571428571428
3 0.1860215053763441 0.24553571428571427 0.026881720430107527 0.024553571428571428
3 0.1860215053763441 0.3125 0.026881720430107527 0.024553571428571428
3 0.1860215053763441 0.3794642857142857 0.026881720430107527 0.024553571428571428
3 0.1860215053763441 0.44642857142857145 0.026881720430107527 0.024553571428571428
3 0.5129032258064516 0.31473214285714285 0.17526881720430107 0.11160714285714286
3 0.7166666666666667 0.2622767857142857 0.13172043010752688 0.022321428571428572
3 0.7155913978494624 0.6227678571428571 0.1338709677419355 0.060267857142857144
3 0.7155913978494624 0.6830357142857143 0.1338709677419355 0.020089285714285716
3 0.7010752688172043 0.34263392857142855 0.07258064516129033 0.017857142857142856
3 0.7086021505376344 0.41629464285714285 0.1478494623655914 0.022321428571428572
3 0.7086021505376344 0.8013392857142857 0.1478494623655914 0.024553571428571428
3 0.7193548387096774 0.8604910714285714 0.10268817204301076 0.018973214285714284
3 0.7021505376344086 0.9296875 0.10268817204301076 0.022321428571428572
3 0.32903225806451614 0.060267857142857144 0.024193548387096774 0.022321428571428572
3 0.36451612903225805 0.060267857142857144 0.026881720430107527 0.022321428571428572
3 0.4118279569892473 0.060267857142857144 0.04838709677419355 0.022321428571428572
3 0.45483870967741935 0.060267857142857144 0.01881720430107527 0.022321428571428572
3 0.4860215053763441 0.060267857142857144 0.024193548387096774 0.022321428571428572
3 0.5182795698924731 0.060267857142857144 0.020967741935483872 0.022321428571428572
3 0.2 0.04352678571428571 0.06182795698924731 0.022321428571428572
3 0.1956989247311828 0.06473214285714286 0.06182795698924731 0.022321428571428572
3 0.278494623655914 0.15848214285714285 0.0978494623655914 0.015625
3 0.35913978494623655 0.15848214285714285 0.04408602150537634 0.015625
3 0.42634408602150536 0.15848214285714285 0.07204301075268817 0.015625
3 0.47634408602150535 0.15848214285714285 0.00913978494623656 0.015625
3 0.4978494623655914 0.15848214285714285 0.014516129032258065 0.015625
3 0.5306451612903226 0.15848214285714285 0.03225806451612903 0.015625