0 0.617231638418079 0.022887323943661973 0.02655367231638418 0.045774647887323945
0 0.7519774011299435 0.5070422535211268 0.1423728813559322 0.056338028169014086
0 0.7581920903954802 0.5868544600938967 0.1553672316384181 0.056338028169014086
1 0.7576271186440678 0.023474178403755867 0.192090395480226 0.045774647887323945
1 0.20903954802259886 0.25938967136150237 0.024858757062146894 0.051643192488262914
1 0.3389830508474576 0.5516431924882629 0.2135593220338983 0.5492957746478874
1 0.20903954802259886 0.32981220657276994 0.024858757062146894 0.051643192488262914
1 0.20903954802259886 0.40023474178403756 0.024858757062146894 0.051643192488262914
1 0.20903954802259886 0.4706572769953052 0.024858757062146894 0.051643192488262914
1 0.692090395480226 0.39436619718309857 0.020338983050847456 0.04225352112676056
1 0.6943502824858757 0.9366197183098591 0.024858757062146894 0.051643192488262914
1 0.2248587570621469 0.023474178403755867 0.07570621468926554 0.03990610328638498
2 0.4612994350282486 0.022887323943661973 0.3384180790960452 0.045774647887323945
3 0.519774011299435 0.5528169014084507 0.1192090395480226 0.02112676056338028
3 0.5327683615819209 0.6384976525821596 0.14519774011299436 0.02112676056338028
3 0.7502824858757062 0.4025821596244131 0.07627118644067797 0.01643192488262911
3 0.7694915254237288 0.9460093896713615 0.10790960451977401 0.02112676056338028
3 0.20903954802259886 0.27816901408450706 0.02824858757062147 0.025821596244131457
3 0.20903954802259886 0.3485915492957746 0.02824858757062147 0.025821596244131457
3 0.20903954802259886 0.41901408450704225 0.02824858757062147 0.025821596244131457
3 0.20903954802259886 0.4894366197183099 0.02824858757062147 0.025821596244131457
3 0.20903954802259886 0.27816901408450706 0.02824858757062147 0.025821596244131457
3 0.20903954802259886 0.3485915492957746 0.02824858757062147 0.025821596244131457
3 0.20903954802259886 0.41901408450704225 0.02824858757062147 0.025821596244131457
3 0.20903954802259886 0.4894366197183099 0.02824858757062147 0.025821596244131457
3 0.5525423728813559 0.35093896713615025 0.18418079096045198 0.11737089201877934
3 0.7666666666666667 0.29577464788732394 0.1384180790960452 0.023474178403755867
3 0.7655367231638418 0.6748826291079812 0.14067796610169492 0.06338028169014084
3 0.7655367231638418 0.7382629107981221 0.14067796610169492 0.02112676056338028
3 0.7502824858757062 0.38028169014084506 0.07627118644067797 0.018779342723004695
3 0.7581920903954802 0.45774647887323944 0.1553672316384181 0.023474178403755867
3 0.7581920903954802 0.8626760563380281 0.1553672316384181 0.025821596244131457
3 0.7694915254237288 0.9248826291079812 0.10790960451977401 0.01995305164319249
3 0.751412429378531 0.9923708920187794 0.10847457627118644 0.012910798122065728
3 0.3593220338983051 0.08333333333333333 0.025423728813559324 0.023474178403755867
3 0.39661016949152544 0.08333333333333333 0.02824858757062147 0.023474178403755867
3 0.4463276836158192 0.08333333333333333 0.05084745762711865 0.023474178403755867
3 0.4915254237288136 0.08333333333333333 0.01977401129943503 0.023474178403755867
3 0.5242937853107345 0.08333333333333333 0.025423728813559324 0.023474178403755867
3 0.5581920903954802 0.08333333333333333 0.022033898305084745 0.023474178403755867
3 0.22372881355932203 0.06572769953051644 0.06497175141242938 0.023474178403755867
3 0.2192090395480226 0.0880281690140845 0.06497175141242938 0.023474178403755867
3 0.30621468926553674 0.18661971830985916 0.10282485875706214 0.01643192488262911
3 0.39096045197740115 0.18661971830985916 0.04632768361581921 0.01643192488262911
3 0.4615819209039548 0.18661971830985916 0.07570621468926554 0.01643192488262911
3 0.5141242937853108 0.18661971830985916 0.0096045197740113 0.01643192488262911
3 0.536723163841808 0.18661971830985916 0.015254237288135594 0.01643192488262911
3 0.5711864406779661 0.18661971830985916 0.03389830508474576 0.01643192488262911