0 0.5888586956521739 0.012415349887133182 0.025543478260869567 0.024830699774266364
0 0.7402173913043478 0.14221218961625282 0.06141304347826087 0.01580135440180587
0 0.6353260869565217 0.5191873589164786 0.034782608695652174 0.029345372460496615
0 0.6342391304347826 0.7460496613995485 0.03260869565217391 0.029345372460496615
1 0.7241847826086957 0.012979683972911963 0.18532608695652175 0.025959367945823927
1 0.3864130434782609 0.2979683972911964 0.08695652173913043 0.18058690744920994
1 0.3864130434782609 0.5248306997742663 0.08695652173913043 0.18058690744920994
1 0.3864130434782609 0.7516930022573364 0.08695652173913043 0.18058690744920994
1 0.21168478260869567 0.011851015801354402 0.07336956521739131 0.023702031602708805
2 0.4388586956521739 0.012415349887133182 0.32554347826086955 0.024830699774266364
3 0.48206521739130437 0.3058690744920993 0.0782608695652174 0.02144469525959368
3 0.48206521739130437 0.5327313769751693 0.0782608695652174 0.02144469525959368
3 0.6059782608695652 0.5191873589164786 0.01956521739130435 0.020316027088036117
3 0.4940217391304348 0.7595936794582393 0.10217391304347827 0.02144469525959368
3 0.6059782608695652 0.7460496613995485 0.01956521739130435 0.020316027088036117
3 0.48206521739130437 0.9864559819413092 0.0782608695652174 0.02144469525959368
3 0.2467391304347826 0.13769751693002258 0.15108695652173912 0.033860045146726865
3 0.6130434782608696 0.22234762979683972 0.3407608695652174 0.029345372460496615
3 0.6130434782608696 0.4492099322799097 0.3407608695652174 0.029345372460496615
3 0.6130434782608696 0.6760722347629797 0.3407608695652174 0.029345372460496615
3 0.6130434782608696 0.9029345372460497 0.3407608695652174 0.029345372460496615
3 0.3407608695652174 0.060948081264108354 0.024456521739130436 0.022573363431151242
3 0.3766304347826087 0.060948081264108354 0.02717391304347826 0.022573363431151242
3 0.42445652173913045 0.060948081264108354 0.04891304347826087 0.022573363431151242
3 0.46793478260869564 0.060948081264108354 0.019021739130434784 0.022573363431151242
3 0.4994565217391304 0.060948081264108354 0.024456521739130436 0.022573363431151242
3 0.5320652173913043 0.060948081264108354 0.021195652173913043 0.022573363431151242
3 0.20652173913043478 0.43792325056433407 0.07065217391304347 0.020316027088036117
3 0.19293478260869565 0.5259593679458239 0.044021739130434785 0.020316027088036117
3 0.1934782608695652 0.5530474040632054 0.04456521739130435 0.020316027088036117
3 0.1934782608695652 0.5801354401805869 0.045108695652173916 0.020316027088036117
3 0.21521739130434783 0.6072234762979684 0.08804347826086957 0.020316027088036117
3 0.21141304347826087 0.6343115124153499 0.08043478260869565 0.020316027088036117
3 0.20434782608695654 0.6613995485327314 0.06684782608695652 0.020316027088036117
3 0.1793478260869565 0.6884875846501128 0.016304347826086956 0.020316027088036117
3 0.22065217391304348 0.7155756207674944 0.09891304347826087 0.020316027088036117
3 0.20597826086956522 0.7426636568848759 0.07010869565217391 0.020316027088036117
3 0.18097826086956523 0.8611738148984198 0.01956521739130435 0.020316027088036117
3 0.21521739130434783 0.9492099322799097 0.08858695652173913 0.020316027088036117
3 0.25271739130434784 0.43792325056433407 0.016304347826086956 0.020316027088036117
3 0.22391304347826088 0.5259593679458239 0.0125 0.020316027088036117
3 0.23043478260869565 0.5530474040632054 0.024456521739130436 0.020316027088036117
3 0.22608695652173913 0.5801354401805869 0.014130434782608696 0.020316027088036117
3 0.2673913043478261 0.6072234762979684 0.01141304347826087 0.020316027088036117
3 0.2592391304347826 0.6343115124153499 0.010326086956521738 0.020316027088036117
3 0.24565217391304348 0.6613995485327314 0.010326086956521738 0.020316027088036117
3 0.19402173913043477 0.6884875846501128 0.007608695652173913 0.020316027088036117
3 0.27717391304347827 0.7155756207674944 0.008152173913043478 0.020316027088036117
3 0.24782608695652175 0.7426636568848759 0.007608695652173913 0.020316027088036117
3 0.20434782608695654 0.8611738148984198 0.022282608695652174 0.020316027088036117
3 0.2728260869565217 0.9492099322799097 0.021195652173913043 0.020316027088036117
3 0.21032608695652175 0.04401805869074492 0.0625 0.022573363431151242
3 0.20597826086956522 0.0654627539503386 0.0625 0.022573363431151242