0 0.6024193548387097 0.018973214285714284 0.025268817204301075 0.03794642857142857
0 0.7521505376344086 0.15401785714285715 0.06075268817204301 0.015625
0 0.6483870967741936 0.5267857142857143 0.034408602150537634 0.029017857142857144
0 0.6473118279569893 0.7511160714285714 0.03225806451612903 0.029017857142857144
1 0.7362903225806452 0.01953125 0.18333333333333332 0.0390625
1 0.4021505376344086 0.3080357142857143 0.08602150537634409 0.17857142857142858
1 0.4021505376344086 0.5323660714285714 0.08602150537634409 0.17857142857142858
1 0.4021505376344086 0.7566964285714286 0.08602150537634409 0.17857142857142858
1 0.2293010752688172 0.018415178571428572 0.07258064516129033 0.036830357142857144
2 0.45403225806451614 0.018973214285714284 0.32204301075268815 0.03794642857142857
3 0.4967741935483871 0.3158482142857143 0.07741935483870968 0.021205357142857144
3 0.4967741935483871 0.5401785714285714 0.07741935483870968 0.021205357142857144
3 0.6193548387096774 0.5267857142857143 0.01935483870967742 0.020089285714285716
3 0.5086021505376344 0.7645089285714286 0.1010752688172043 0.021205357142857144
3 0.6193548387096774 0.7511160714285714 0.01935483870967742 0.020089285714285716
3 0.4967741935483871 0.9888392857142857 0.07741935483870968 0.021205357142857144
3 0.2639784946236559 0.14955357142857142 0.14946236559139786 0.033482142857142856
3 0.6263440860215054 0.23325892857142858 0.3370967741935484 0.029017857142857144
3 0.6263440860215054 0.4575892857142857 0.3370967741935484 0.029017857142857144
3 0.6263440860215054 0.6819196428571429 0.3370967741935484 0.029017857142857144
3 0.6263440860215054 0.90625 0.3370967741935484 0.029017857142857144
3 0.35698924731182796 0.07366071428571429 0.024193548387096774 0.022321428571428572
3 0.3924731182795699 0.07366071428571429 0.026881720430107527 0.022321428571428572
3 0.4397849462365591 0.07366071428571429 0.04838709677419355 0.022321428571428572
3 0.4827956989247312 0.07366071428571429 0.01881720430107527 0.022321428571428572
3 0.513978494623656 0.07366071428571429 0.024193548387096774 0.022321428571428572
3 0.546236559139785 0.07366071428571429 0.020967741935483872 0.022321428571428572
3 0.22419354838709676 0.44642857142857145 0.06989247311827956 0.020089285714285716
3 0.210752688172043 0.5334821428571429 0.043548387096774194 0.020089285714285716
3 0.21129032258064517 0.5602678571428571 0.04408602150537634 0.020089285714285716
3 0.21129032258064517 0.5870535714285714 0.044623655913978495 0.020089285714285716
3 0.23279569892473118 0.6138392857142857 0.08709677419354839 0.020089285714285716
3 0.22903225806451613 0.640625 0.07956989247311828 0.020089285714285716
3 0.22204301075268817 0.6674107142857143 0.06612903225806452 0.020089285714285716
3 0.19731182795698926 0.6941964285714286 0.016129032258064516 0.020089285714285716
3 0.23817204301075268 0.7209821428571429 0.0978494623655914 0.020089285714285716
3 0.22365591397849463 0.7477678571428571 0.06935483870967742 0.020089285714285716
3 0.1989247311827957 0.8649553571428571 0.01935483870967742 0.020089285714285716
3 0.23279569892473118 0.9520089285714286 0.08763440860215053 0.020089285714285716
3 0.2698924731182796 0.44642857142857145 0.016129032258064516 0.020089285714285716
3 0.2413978494623656 0.5334821428571429 0.012365591397849462 0.020089285714285716
3 0.2478494623655914 0.5602678571428571 0.024193548387096774 0.020089285714285716
3 0.2435483870967742 0.5870535714285714 0.013978494623655914 0.020089285714285716
3 0.28440860215053765 0.6138392857142857 0.01129032258064516 0.020089285714285716
3 0.2763440860215054 0.640625 0.01021505376344086 0.020089285714285716
3 0.2629032258064516 0.6674107142857143 0.01021505376344086 0.020089285714285716
3 0.2118279569892473 0.6941964285714286 0.007526881720430108 0.020089285714285716
3 0.2940860215053763 0.7209821428571429 0.008064516129032258 0.020089285714285716
3 0.26505376344086023 0.7477678571428571 0.007526881720430108 0.020089285714285716
3 0.22204301075268817 0.8649553571428571 0.02204301075268817 0.020089285714285716
3 0.28978494623655915 0.9520089285714286 0.020967741935483872 0.020089285714285716
3 0.22795698924731184 0.056919642857142856 0.06182795698924731 0.022321428571428572
3 0.22365591397849463 0.078125 0.06182795698924731 0.022321428571428572