0 0.5885416666666666 0.026442307692307692 0.02662037037037037 0.046875
0 0.75 0.17548076923076922 0.06539351851851852 0.016826923076923076
0 0.6383101851851852 0.5769230769230769 0.037037037037037035 0.03125
0 0.6371527777777778 0.8185096153846154 0.034722222222222224 0.03125
1 0.7326388888888888 0.027644230769230768 0.19675925925925927 0.046875
1 0.3732638888888889 0.34134615384615385 0.09259259259259259 0.19230769230769232
1 0.3732638888888889 0.5829326923076923 0.09259259259259259 0.19230769230769232
1 0.3732638888888889 0.8245192307692307 0.09259259259259259 0.19230769230769232
1 0.1869212962962963 0.027644230769230768 0.0775462962962963 0.040865384615384616
2 0.4288194444444444 0.026442307692307692 0.3460648148148148 0.046875
3 0.47511574074074076 0.34975961538461536 0.08333333333333333 0.02283653846153846
3 0.47511574074074076 0.5913461538461539 0.08333333333333333 0.02283653846153846
3 0.6070601851851852 0.5769230769230769 0.020833333333333332 0.021634615384615384
3 0.4878472222222222 0.8329326923076923 0.1087962962962963 0.02283653846153846
3 0.6070601851851852 0.8185096153846154 0.020833333333333332 0.021634615384615384
3 0.22453703703703703 0.17067307692307693 0.16087962962962962 0.036057692307692304
3 0.6145833333333334 0.2608173076923077 0.3628472222222222 0.03125
3 0.6145833333333334 0.5024038461538461 0.3628472222222222 0.03125
3 0.6145833333333334 0.7439903846153846 0.3628472222222222 0.03125
3 0.6145833333333334 0.984375 0.36342592592592593 0.028846153846153848
3 0.3246527777777778 0.0889423076923077 0.026041666666666668 0.02403846153846154
3 0.3628472222222222 0.0889423076923077 0.028935185185185185 0.02403846153846154
3 0.41377314814814814 0.0889423076923077 0.052083333333333336 0.02403846153846154
3 0.4600694444444444 0.0889423076923077 0.02025462962962963 0.02403846153846154
3 0.49363425925925924 0.0889423076923077 0.026041666666666668 0.02403846153846154
3 0.5283564814814815 0.0889423076923077 0.022569444444444444 0.02403846153846154
3 0.18171296296296297 0.49038461538461536 0.07523148148148148 0.021634615384615384
3 0.16724537037037038 0.5841346153846154 0.046875 0.021634615384615384
3 0.16782407407407407 0.6129807692307693 0.047453703703703706 0.021634615384615384
3 0.16782407407407407 0.6418269230769231 0.048032407407407406 0.021634615384615384
3 0.1909722222222222 0.6706730769230769 0.09375 0.021634615384615384
3 0.1869212962962963 0.6995192307692307 0.08564814814814815 0.021634615384615384
3 0.17939814814814814 0.7283653846153846 0.07118055555555555 0.021634615384615384
3 0.1527777777777778 0.7572115384615384 0.017361111111111112 0.021634615384615384
3 0.19675925925925927 0.7860576923076923 0.10532407407407407 0.021634615384615384
3 0.18113425925925927 0.8149038461538461 0.07465277777777778 0.021634615384615384
3 0.1545138888888889 0.9411057692307693 0.020833333333333332 0.021634615384615384
3 0.2309027777777778 0.49038461538461536 0.017361111111111112 0.021634615384615384
3 0.20023148148148148 0.5841346153846154 0.013310185185185185 0.021634615384615384
3 0.20717592592592593 0.6129807692307693 0.026041666666666668 0.021634615384615384
3 0.2025462962962963 0.6418269230769231 0.015046296296296295 0.021634615384615384
3 0.2465277777777778 0.6706730769230769 0.012152777777777778 0.021634615384615384
3 0.2378472222222222 0.6995192307692307 0.01099537037037037 0.021634615384615384
3 0.22337962962962962 0.7283653846153846 0.01099537037037037 0.021634615384615384
3 0.1684027777777778 0.7572115384615384 0.008101851851851851 0.021634615384615384
3 0.2569444444444444 0.7860576923076923 0.008680555555555556 0.021634615384615384
3 0.22569444444444445 0.8149038461538461 0.008101851851851851 0.021634615384615384
3 0.17939814814814814 0.9411057692307693 0.023726851851851853 0.021634615384615384
3 0.1857638888888889 0.07091346153846154 0.06655092592592593 0.02403846153846154
3 0.18113425925925927 0.09375 0.06655092592592593 0.02403846153846154