0 0.7430167597765364 0.12529002320185614 0.06312849162011173 0.016241299303944315
1 0.3793296089385475 0.2853828306264501 0.0893854748603352 0.18561484918793503
1 0.3793296089385475 0.5185614849187935 0.0893854748603352 0.18561484918793503
1 0.3793296089385475 0.7517401392111369 0.0893854748603352 0.18561484918793503
3 0.4569832402234637 0.3109048723897912 0.03966480446927374 0.016241299303944315
3 0.23575418994413408 0.18561484918793503 0.1553072625698324 0.03480278422273782
3 0.6122905027932961 0.20765661252900233 0.35027932960893854 0.030162412993039442
3 0.6122905027932961 0.4408352668213457 0.35027932960893854 0.030162412993039442
3 0.6122905027932961 0.6740139211136891 0.35027932960893854 0.030162412993039442
3 0.6122905027932961 0.9071925754060325 0.35027932960893854 0.030162412993039442
3 0.3324022346368715 0.04176334106728538 0.025139664804469275 0.02320185614849188
3 0.3692737430167598 0.04176334106728538 0.027932960893854747 0.02320185614849188
3 0.4184357541899441 0.04176334106728538 0.05027932960893855 0.02320185614849188
3 0.4631284916201117 0.04176334106728538 0.019553072625698324 0.02320185614849188
3 0.49553072625698324 0.04176334106728538 0.025139664804469275 0.02320185614849188
3 0.5290502793296089 0.04176334106728538 0.021787709497206705 0.02320185614849188
3 0.19441340782122904 0.31554524361948955 0.07262569832402235 0.02088167053364269
3 0.16759776536312848 0.4060324825986079 0.019553072625698324 0.02088167053364269
3 0.17262569832402236 0.43387470997679817 0.029608938547486034 0.02088167053364269
3 0.1664804469273743 0.4617169373549884 0.017318435754189943 0.02088167053364269
3 0.17262569832402236 0.4895591647331787 0.02905027932960894 0.02088167053364269
3 0.16983240223463686 0.5174013921113689 0.024022346368715083 0.02088167053364269
3 0.16983240223463686 0.6078886310904872 0.024022346368715083 0.02088167053364269
3 0.17206703910614526 0.6357308584686775 0.027932960893854747 0.02088167053364269
3 0.1664804469273743 0.6635730858468677 0.017318435754189943 0.02088167053364269
3 0.17318435754189945 0.691415313225058 0.030726256983240222 0.02088167053364269
3 0.17430167597765364 0.7192575406032483 0.0329608938547486 0.02088167053364269
3 0.17150837988826817 0.7470997679814385 0.026815642458100558 0.02088167053364269
3 0.17150837988826817 0.7749419953596288 0.027374301675977653 0.02088167053364269
3 0.16983240223463686 0.802784222737819 0.024022346368715083 0.02088167053364269
3 0.1782122905027933 0.8306264501160093 0.04022346368715084 0.02088167053364269
3 0.18379888268156425 0.9524361948955916 0.05139664804469274 0.02088167053364269
3 0.17430167597765364 0.9802784222737819 0.03240223463687151 0.02088167053364269
3 0.24134078212290502 0.31554524361948955 0.016201117318435754 0.02088167053364269
3 0.19050279329608938 0.4060324825986079 0.02011173184357542 0.02088167053364269
3 0.2016759776536313 0.43387470997679817 0.0223463687150838 0.02088167053364269
3 0.1871508379888268 0.4617169373549884 0.017318435754189943 0.02088167053364269
3 0.19776536312849163 0.4895591647331787 0.015083798882681564 0.02088167053364269
3 0.18994413407821228 0.5174013921113689 0.010614525139664804 0.02088167053364269
3 0.19553072625698323 0.6078886310904872 0.020670391061452513 0.02088167053364269
3 0.2 0.6357308584686775 0.021229050279329607 0.02088167053364269
3 0.1871508379888268 0.6635730858468677 0.018435754189944135 0.02088167053364269
3 0.2 0.691415313225058 0.01675977653631285 0.02088167053364269
3 0.2022346368715084 0.7192575406032483 0.01675977653631285 0.02088167053364269
3 0.19608938547486032 0.7470997679814385 0.01675977653631285 0.02088167053364269
3 0.19664804469273742 0.7749419953596288 0.01675977653631285 0.02088167053364269
3 0.19273743016759776 0.802784222737819 0.015083798882681564 0.02088167053364269
3 0.2106145251396648 0.8306264501160093 0.017877094972067038 0.02088167053364269
3 0.2223463687150838 0.9524361948955916 0.02011173184357542 0.02088167053364269
3 0.20446927374301677 0.9802784222737819 0.0223463687150838 0.02088167053364269
3 0.19832402234636873 0.024361948955916472 0.06424581005586592 0.02320185614849188
3 0.19385474860335195 0.04640371229698376 0.06424581005586592 0.02320185614849188
3 0.20893854748603352 0.1148491879350348 0.10167597765363129 0.02320185614849188
3 0.18100558659217877 0.13805104408352667 0.04581005586592179 0.02320185614849188
3 0.25921787709497207 0.13805104408352667 0.09106145251396648 0.02320185614849188