0 0.5827225130890052 0.02717391304347826 0.024083769633507852 0.042391304347826085
0 0.7287958115183246 0.16195652173913044 0.059162303664921465 0.015217391304347827
1 0.7130890052356021 0.02826086956521739 0.17801047120418848 0.042391304347826085
1 0.3879581151832461 0.3119565217391304 0.08376963350785341 0.17391304347826086
1 0.3879581151832461 0.5304347826086957 0.08376963350785341 0.17391304347826086
1 0.3879581151832461 0.7489130434782608 0.08376963350785341 0.17391304347826086
1 0.2193717277486911 0.02826086956521739 0.07015706806282722 0.03695652173913044
2 0.4382198952879581 0.02717391304347826 0.31308900523560207 0.042391304347826085
2 0.4863874345549738 0.02717391304347826 0.007329842931937173 0.015217391304347827
3 0.5230366492146596 0.02826086956521739 0.09633507853403141 0.02826086956521739
3 0.4607329842931937 0.3358695652173913 0.03717277486910995 0.015217391304347827
3 0.4607329842931937 0.991304347826087 0.03717277486910995 0.015217391304347827
3 0.5282722513089005 0.02717391304347826 0.0712041884816754 0.021739130434782608
3 0.5282722513089005 0.02717391304347826 0.0712041884816754 0.021739130434782608
3 0.2534031413612565 0.2184782608695652 0.14554973821989528 0.03260869565217391
3 0.606282722513089 0.2391304347826087 0.32827225130890053 0.02826086956521739
3 0.606282722513089 0.45760869565217394 0.32827225130890053 0.02826086956521739
3 0.606282722513089 0.6760869565217391 0.32827225130890053 0.02826086956521739
3 0.606282722513089 0.8945652173913043 0.32827225130890053 0.02826086956521739
3 0.34397905759162306 0.08369565217391305 0.02356020942408377 0.021739130434782608
3 0.3785340314136126 0.08369565217391305 0.02617801047120419 0.021739130434782608
3 0.4246073298429319 0.08369565217391305 0.04712041884816754 0.021739130434782608
3 0.4664921465968586 0.08369565217391305 0.01832460732984293 0.021739130434782608
3 0.4968586387434555 0.08369565217391305 0.02356020942408377 0.021739130434782608
3 0.5282722513089005 0.08369565217391305 0.020418848167539267 0.021739130434782608
3 0.21465968586387435 0.3402173913043478 0.06806282722513089 0.01956521739130435
3 0.18952879581151832 0.425 0.01832460732984293 0.01956521739130435
3 0.19424083769633507 0.45108695652173914 0.02774869109947644 0.01956521739130435
3 0.18848167539267016 0.4771739130434783 0.016230366492146597 0.01956521739130435
3 0.19424083769633507 0.5032608695652174 0.027225130890052355 0.01956521739130435
3 0.19162303664921465 0.5293478260869565 0.022513089005235604 0.01956521739130435
3 0.19162303664921465 0.6141304347826086 0.022513089005235604 0.01956521739130435
3 0.193717277486911 0.6402173913043478 0.02617801047120419 0.01956521739130435
3 0.18848167539267016 0.6663043478260869 0.016230366492146597 0.01956521739130435
3 0.19476439790575917 0.6923913043478261 0.028795811518324606 0.01956521739130435
3 0.19581151832460733 0.7184782608695652 0.030890052356020943 0.01956521739130435
3 0.1931937172774869 0.7445652173913043 0.025130890052356022 0.01956521739130435
3 0.1931937172774869 0.7706521739130435 0.025654450261780103 0.01956521739130435
3 0.19162303664921465 0.7967391304347826 0.022513089005235604 0.01956521739130435
3 0.19947643979057592 0.8228260869565217 0.03769633507853403 0.01956521739130435
3 0.20471204188481676 0.9369565217391305 0.048167539267015703 0.01956521739130435
3 0.19581151832460733 0.9630434782608696 0.030366492146596858 0.01956521739130435
3 0.1968586387434555 0.9891304347826086 0.032984293193717276 0.01956521739130435
3 0.25863874345549737 0.3402173913043478 0.015183246073298429 0.01956521739130435
3 0.21099476439790577 0.425 0.018848167539267015 0.01956521739130435
3 0.22146596858638742 0.45108695652173914 0.020942408376963352 0.01956521739130435
3 0.20785340314136125 0.4771739130434783 0.016230366492146597 0.01956521739130435
3 0.21780104712041884 0.5032608695652174 0.014136125654450262 0.01956521739130435
3 0.21047120418848167 0.5293478260869565 0.009947643979057591 0.01956521739130435
3 0.2157068062827225 0.6141304347826086 0.0193717277486911 0.01956521739130435
3 0.2198952879581152 0.6402173913043478 0.019895287958115182 0.01956521739130435
3 0.20785340314136125 0.6663043478260869 0.017277486910994764 0.01956521739130435
3 0.2198952879581152 0.6923913043478261 0.015706806282722512 0.01956521739130435
3 0.22198952879581152 0.7184782608695652 0.015706806282722512 0.01956521739130435
3 0.2162303664921466 0.7445652173913043 0.015706806282722512 0.01956521739130435
3 0.21675392670157068 0.7706521739130435 0.015706806282722512 0.01956521739130435
3 0.2130890052356021 0.7967391304347826 0.014136125654450262 0.01956521739130435
3 0.22984293193717278 0.8228260869565217 0.016753926701570682 0.01956521739130435
3 0.24083769633507854 0.9369565217391305 0.018848167539267015 0.01956521739130435
3 0.22408376963350785 0.9630434782608696 0.020942408376963352 0.01956521739130435
3 0.22670157068062827 0.9891304347826086 0.021465968586387434 0.01956521739130435
3 0.21832460732984293 0.06739130434782609 0.060209424083769635 0.021739130434782608
3 0.21413612565445025 0.08804347826086957 0.060209424083769635 0.021739130434782608
3 0.22827225130890053 0.15217391304347827 0.09528795811518324 0.021739130434782608
3 0.20209424083769634 0.17391304347826086 0.04293193717277487 0.021739130434782608
3 0.2753926701570681 0.17391304347826086 0.08534031413612565 0.021739130434782608