0 0.7620137299771167 0.4833729216152019 0.15217391304347827 0.057007125890736345
0 0.7643020594965675 0.5641330166270784 0.15732265446224256 0.057007125890736345
1 0.20823798627002288 0.19358669833729217 0.02517162471395881 0.052256532066508314
1 0.33981693363844395 0.48931116389548696 0.21624713958810068 0.5558194774346793
1 0.20823798627002288 0.2648456057007126 0.02517162471395881 0.052256532066508314
3 0.5040045766590389 0.46080760095011875 0.08295194508009153 0.021377672209026127
3 0.5360411899313501 0.5475059382422803 0.14702517162471396 0.021377672209026127
3 0.7339816933638444 0.36104513064133015 0.09668192219679633 0.0166270783847981
3 0.7339816933638444 0.3847980997624703 0.09668192219679633 0.0166270783847981
3 0.7574370709382151 0.9679334916864608 0.10926773455377574 0.021377672209026127
3 0.20823798627002288 0.21258907363420426 0.028604118993135013 0.026128266033254157
3 0.20823798627002288 0.2838479809976247 0.028604118993135013 0.026128266033254157
3 0.20823798627002288 0.21258907363420426 0.028604118993135013 0.026128266033254157
3 0.20823798627002288 0.2838479809976247 0.028604118993135013 0.026128266033254157
3 0.5560640732265446 0.27078384798099764 0.18649885583524028 0.08907363420427554
3 0.772883295194508 0.23040380047505937 0.14016018306636155 0.023752969121140142
3 0.772883295194508 0.25415676959619954 0.14016018306636155 0.020190023752969122
3 0.7717391304347826 0.6532066508313539 0.14244851258581237 0.06413301662707839
3 0.7717391304347826 0.7173396674584323 0.14244851258581237 0.021377672209026127
3 0.7717391304347826 0.7612826603325415 0.14244851258581237 0.021377672209026127
3 0.7339816933638444 0.33847980997624705 0.09668192219679633 0.019002375296912115
3 0.7643020594965675 0.4334916864608076 0.15732265446224256 0.023752969121140142
3 0.7643020594965675 0.8871733966745843 0.15732265446224256 0.026128266033254157
3 0.7574370709382151 0.9453681710213777 0.10926773455377574 0.023752969121140142
3 0.36041189931350115 0.015439429928741092 0.02574370709382151 0.023752969121140142
3 0.39816933638443935 0.015439429928741092 0.028604118993135013 0.023752969121140142
3 0.448512585812357 0.015439429928741092 0.05148741418764302 0.023752969121140142
3 0.494279176201373 0.015439429928741092 0.02002288329519451 0.023752969121140142
3 0.5274599542334096 0.015439429928741092 0.02574370709382151 0.023752969121140142
3 0.5617848970251716 0.015439429928741092 0.02231121281464531 0.023752969121140142
3 0.2231121281464531 0.005344418052256532 0.06636155606407322 0.010688836104513063
3 0.21853546910755148 0.020190023752969122 0.06578947368421052 0.023752969121140142
3 0.30663615560640733 0.11995249406175772 0.10411899313501144 0.0166270783847981
3 0.39244851258581237 0.11995249406175772 0.04691075514874142 0.0166270783847981
3 0.46395881006864986 0.11995249406175772 0.07665903890160183 0.0166270783847981
3 0.5205949656750573 0.11995249406175772 0.016590389016018305 0.0166270783847981
3 0.5469107551487414 0.11995249406175772 0.015446224256292907 0.0166270783847981
3 0.5818077803203662 0.11995249406175772 0.034324942791762014 0.0166270783847981