0 0.5702777777777778 0.021362586605080832 0.026111111111111113 0.042725173210161664
0 0.725 0.1628175519630485 0.06277777777777778 0.016166281755196306
1 0.7086111111111111 0.021939953810623556 0.18944444444444444 0.04387990762124711
1 0.36333333333333334 0.32217090069284066 0.08888888888888889 0.18475750577367206
1 0.36333333333333334 0.5542725173210161 0.08888888888888889 0.18475750577367206
1 0.36333333333333334 0.7863741339491916 0.08888888888888889 0.18475750577367206
1 0.18444444444444444 0.020785219399538105 0.07444444444444444 0.03926096997690531
2 0.41694444444444445 0.021362586605080832 0.3327777777777778 0.042725173210161664
2 0.4722222222222222 0.019630484988452657 0.0077777777777777776 0.016166281755196306
3 0.5088888888888888 0.020785219399538105 0.09777777777777778 0.03002309468822171
3 0.5144444444444445 0.019630484988452657 0.07111111111111111 0.023094688221709007
3 0.5144444444444445 0.019630484988452657 0.07111111111111111 0.023094688221709007
3 0.22055555555555556 0.24595842956120093 0.15444444444444444 0.03464203233256351
3 0.595 0.2863741339491917 0.34833333333333333 0.03002309468822171
3 0.595 0.476905311778291 0.34833333333333333 0.03002309468822171
3 0.595 0.7090069284064665 0.34833333333333333 0.03002309468822171
3 0.595 0.941108545034642 0.34833333333333333 0.03002309468822171
3 0.31666666666666665 0.07967667436489607 0.025 0.023094688221709007
3 0.35333333333333333 0.07967667436489607 0.027777777777777776 0.023094688221709007
3 0.4022222222222222 0.07967667436489607 0.05 0.023094688221709007
3 0.44666666666666666 0.07967667436489607 0.019444444444444445 0.023094688221709007
3 0.47888888888888886 0.07967667436489607 0.025 0.023094688221709007
3 0.5122222222222222 0.07967667436489607 0.021666666666666667 0.023094688221709007
3 0.17944444444444443 0.37528868360277134 0.07222222222222222 0.020785219399538105
3 0.15611111111111112 0.4653579676674365 0.025555555555555557 0.020785219399538105
3 0.15222222222222223 0.4930715935334873 0.017777777777777778 0.020785219399538105
3 0.15388888888888888 0.5207852193995381 0.021111111111111112 0.020785219399538105
3 0.15166666666666667 0.5484988452655889 0.016666666666666666 0.020785219399538105
3 0.15388888888888888 0.5762124711316398 0.021111111111111112 0.020785219399538105
3 0.15888888888888889 0.6039260969976905 0.03166666666666667 0.020785219399538105
3 0.15166666666666667 0.6316397228637414 0.016666666666666666 0.020785219399538105
3 0.14944444444444444 0.6593533487297921 0.012777777777777779 0.020785219399538105
3 0.1511111111111111 0.687066974595843 0.01611111111111111 0.020785219399538105
3 0.15333333333333332 0.8083140877598153 0.020555555555555556 0.020785219399538105
3 0.16777777777777778 0.836027713625866 0.049444444444444444 0.020785219399538105
3 0.15388888888888888 0.8637413394919169 0.021111111111111112 0.020785219399538105
3 0.16722222222222222 0.8914549653579676 0.04777777777777778 0.020785219399538105
3 0.17166666666666666 0.9191685912240185 0.05722222222222222 0.020785219399538105
3 0.2238888888888889 0.37528868360277134 0.011666666666666667 0.020785219399538105
3 0.17944444444444443 0.4653579676674365 0.015 0.020785219399538105
3 0.17277777777777778 0.4930715935334873 0.017222222222222222 0.020785219399538105
3 0.17444444444444446 0.5207852193995381 0.014444444444444444 0.020785219399538105
3 0.17055555555555554 0.5484988452655889 0.015 0.020785219399538105
3 0.1738888888888889 0.5762124711316398 0.012777777777777779 0.020785219399538105
3 0.18333333333333332 0.6039260969976905 0.011666666666666667 0.020785219399538105
3 0.16777777777777778 0.6316397228637414 0.01 0.020785219399538105
3 0.165 0.6593533487297921 0.012222222222222223 0.020785219399538105
3 0.16777777777777778 0.687066974595843 0.011666666666666667 0.020785219399538105
3 0.17444444444444446 0.8083140877598153 0.01611111111111111 0.020785219399538105
3 0.2038888888888889 0.836027713625866 0.016666666666666666 0.020785219399538105
3 0.1761111111111111 0.8637413394919169 0.016666666666666666 0.020785219399538105
3 0.2 0.8914549653579676 0.011666666666666667 0.020785219399538105
3 0.21 0.9191685912240185 0.012222222222222223 0.020785219399538105
3 0.18333333333333332 0.06235565819861432 0.06388888888888888 0.023094688221709007
3 0.17888888888888888 0.08429561200923788 0.06388888888888888 0.023094688221709007
3 0.1938888888888889 0.15242494226327943 0.10111111111111111 0.023094688221709007
3 0.1661111111111111 0.17551963048498845 0.04555555555555556 0.023094688221709007
3 0.24388888888888888 0.17551963048498845 0.09 0.023094688221709007
3 0.17555555555555555 0.19861431870669746 0.04388888888888889 0.023094688221709007