0 0.5831578947368421 0.02516411378555799 0.024210526315789474 0.04266958424507659
0 0.73 0.16083150984682712 0.05947368421052632 0.015317286652078774
1 0.7142105263157895 0.0262582056892779 0.17894736842105263 0.04266958424507659
1 0.3873684210526316 0.31181619256017507 0.08421052631578947 0.175054704595186
1 0.3873684210526316 0.5317286652078774 0.08421052631578947 0.175054704595186
1 0.3873684210526316 0.7516411378555798 0.08421052631578947 0.175054704595186
1 0.21789473684210525 0.0262582056892779 0.07052631578947369 0.037199124726477024
2 0.4378947368421053 0.02516411378555799 0.31473684210526315 0.04266958424507659
2 0.4905263157894737 0.02516411378555799 0.007368421052631579 0.015317286652078774
3 0.5252631578947369 0.0262582056892779 0.09263157894736843 0.028446389496717725
3 0.5305263157894737 0.02516411378555799 0.06736842105263158 0.02188183807439825
3 0.5305263157894737 0.02516411378555799 0.06736842105263158 0.02188183807439825
3 0.2521052631578947 0.23960612691466082 0.1463157894736842 0.03282275711159737
3 0.6068421052631578 0.2778993435448578 0.33 0.028446389496717725
3 0.6068421052631578 0.45842450765864334 0.33 0.028446389496717725
3 0.6068421052631578 0.6783369803063457 0.33 0.028446389496717725
3 0.6068421052631578 0.8982494529540481 0.33 0.028446389496717725
3 0.3431578947368421 0.08205689277899343 0.02368421052631579 0.02188183807439825
3 0.3778947368421053 0.08205689277899343 0.02631578947368421 0.02188183807439825
3 0.4242105263157895 0.08205689277899343 0.04736842105263158 0.02188183807439825
3 0.4663157894736842 0.08205689277899343 0.018421052631578946 0.02188183807439825
3 0.4968421052631579 0.08205689277899343 0.02368421052631579 0.02188183807439825
3 0.5284210526315789 0.08205689277899343 0.020526315789473684 0.02188183807439825
3 0.2131578947368421 0.36214442013129106 0.06842105263157895 0.019693654266958426
3 0.19105263157894736 0.4474835886214442 0.024210526315789474 0.019693654266958426
3 0.18736842105263157 0.4737417943107221 0.016842105263157894 0.019693654266958426
3 0.18894736842105264 0.5 0.02 0.019693654266958426
3 0.1868421052631579 0.526258205689278 0.015789473684210527 0.019693654266958426
3 0.18894736842105264 0.5525164113785558 0.02 0.019693654266958426
3 0.1936842105263158 0.5787746170678337 0.03 0.019693654266958426
3 0.1868421052631579 0.6050328227571116 0.015789473684210527 0.019693654266958426
3 0.18473684210526317 0.6312910284463895 0.012105263157894737 0.019693654266958426
3 0.1863157894736842 0.6575492341356673 0.015263157894736841 0.019693654266958426
3 0.18842105263157893 0.7724288840262582 0.019473684210526317 0.019693654266958426
3 0.20210526315789473 0.7986870897155361 0.04684210526315789 0.019693654266958426
3 0.18894736842105264 0.824945295404814 0.02 0.019693654266958426
3 0.20157894736842105 0.8512035010940919 0.045263157894736845 0.019693654266958426
3 0.20578947368421052 0.8774617067833698 0.05421052631578947 0.019693654266958426
3 0.20526315789473684 0.962800875273523 0.053157894736842105 0.019693654266958426
3 0.19789473684210526 0.9890590809628009 0.037894736842105266 0.019693654266958426
3 0.25526315789473686 0.36214442013129106 0.011052631578947368 0.019693654266958426
3 0.2131578947368421 0.4474835886214442 0.014210526315789474 0.019693654266958426
3 0.20684210526315788 0.4737417943107221 0.01631578947368421 0.019693654266958426
3 0.20842105263157895 0.5 0.01368421052631579 0.019693654266958426
3 0.20473684210526316 0.526258205689278 0.014210526315789474 0.019693654266958426
3 0.20789473684210527 0.5525164113785558 0.012105263157894737 0.019693654266958426
3 0.2168421052631579 0.5787746170678337 0.011052631578947368 0.019693654266958426
3 0.20210526315789473 0.6050328227571116 0.009473684210526316 0.019693654266958426
3 0.1994736842105263 0.6312910284463895 0.011578947368421053 0.019693654266958426
3 0.20210526315789473 0.6575492341356673 0.011052631578947368 0.019693654266958426
3 0.20842105263157895 0.7724288840262582 0.015263157894736841 0.019693654266958426
3 0.2363157894736842 0.7986870897155361 0.015789473684210527 0.019693654266958426
3 0.21 0.824945295404814 0.015789473684210527 0.019693654266958426
3 0.2326315789473684 0.8512035010940919 0.011052631578947368 0.019693654266958426
3 0.24210526315789474 0.8774617067833698 0.011578947368421053 0.019693654266958426
3 0.24210526315789474 0.962800875273523 0.015263157894736841 0.019693654266958426
3 0.22789473684210526 0.9890590809628009 0.01631578947368421 0.019693654266958426
3 0.2168421052631579 0.06564551422319474 0.060526315789473685 0.02188183807439825
3 0.21263157894736842 0.08643326039387308 0.060526315789473685 0.02188183807439825
3 0.2268421052631579 0.15098468271334792 0.09578947368421052 0.02188183807439825
3 0.2005263157894737 0.17286652078774617 0.0431578947368421 0.02188183807439825
3 0.27421052631578946 0.17286652078774617 0.08526315789473685 0.02188183807439825
3 0.2094736842105263 0.19474835886214442 0.041578947368421056 0.02188183807439825