0 0.579945054945055 0.01141552511415525 0.025824175824175823 0.0228310502283105
0 0.7329670329670329 0.1415525114155251 0.06208791208791209 0.01598173515981735
1 0.7167582417582418 0.011986301369863013 0.18736263736263736 0.023972602739726026
1 0.3752747252747253 0.2990867579908676 0.08791208791208792 0.182648401826484
1 0.3752747252747253 0.5285388127853882 0.08791208791208792 0.182648401826484
1 0.3752747252747253 0.7579908675799086 0.08791208791208792 0.182648401826484
1 0.19862637362637361 0.010844748858447488 0.07417582417582418 0.021689497716894976
2 0.4282967032967033 0.01141552511415525 0.3291208791208791 0.0228310502283105
2 0.49423076923076925 0.0045662100456621 0.008241758241758242 0.0091324200913242
3 0.525 0.008561643835616438 0.08626373626373626 0.017123287671232876
3 0.47197802197802197 0.3070776255707763 0.07912087912087912 0.021689497716894976
3 0.46153846153846156 0.5365296803652968 0.05824175824175824 0.021689497716894976
3 0.47197802197802197 0.8276255707762558 0.07912087912087912 0.021689497716894976
3 0.48434065934065934 0.9931506849315068 0.10384615384615385 0.01141552511415525
3 0.5304945054945055 0.006278538812785388 0.05989010989010989 0.012557077625570776
3 0.5304945054945055 0.006278538812785388 0.05989010989010989 0.012557077625570776
3 0.23406593406593407 0.2237442922374429 0.15274725274725276 0.03424657534246575
3 0.6043956043956044 0.2226027397260274 0.3445054945054945 0.02968036529680365
3 0.6043956043956044 0.4520547945205479 0.3445054945054945 0.02968036529680365
3 0.6043956043956044 0.7226027397260274 0.3445054945054945 0.02968036529680365
3 0.6043956043956044 0.9143835616438356 0.3445054945054945 0.02968036529680365
3 0.3291208791208791 0.0593607305936073 0.024725274725274724 0.0228310502283105
3 0.36538461538461536 0.0593607305936073 0.027472527472527472 0.0228310502283105
3 0.4137362637362637 0.0593607305936073 0.04945054945054945 0.0228310502283105
3 0.4576923076923077 0.0593607305936073 0.019230769230769232 0.0228310502283105
3 0.48956043956043954 0.0593607305936073 0.024725274725274724 0.0228310502283105
3 0.5225274725274726 0.0593607305936073 0.02142857142857143 0.0228310502283105
3 0.1934065934065934 0.5273972602739726 0.07142857142857142 0.02054794520547945
3 0.16758241758241757 0.6164383561643836 0.01978021978021978 0.02054794520547945
3 0.2021978021978022 0.7054794520547946 0.08956043956043956 0.02054794520547945
3 0.17472527472527472 0.7945205479452054 0.03406593406593406 0.02054794520547945
3 0.17527472527472526 0.910958904109589 0.03571428571428571 0.02054794520547945
3 0.16895604395604397 0.9942922374429224 0.022527472527472527 0.0091324200913242
3 0.23901098901098902 0.5273972602739726 0.014285714285714285 0.02054794520547945
3 0.18846153846153846 0.6164383561643836 0.016483516483516484 0.02054794520547945
3 0.25824175824175827 0.7054794520547946 0.016483516483516484 0.02054794520547945
3 0.2043956043956044 0.7945205479452054 0.019230769230769232 0.02054794520547945
3 0.189010989010989 0.821917808219178 0.010439560439560439 0.02054794520547945
3 0.20384615384615384 0.910958904109589 0.015934065934065933 0.02054794520547945
3 0.1912087912087912 0.9942922374429224 0.017582417582417582 0.0091324200913242
3 0.19725274725274725 0.04223744292237443 0.06318681318681318 0.0228310502283105
3 0.19285714285714287 0.0639269406392694 0.06318681318681318 0.0228310502283105
3 0.2076923076923077 0.1312785388127854 0.1 0.0228310502283105
3 0.18021978021978022 0.1541095890410959 0.045054945054945054 0.0228310502283105
3 0.24945054945054945 0.1541095890410959 0.07417582417582418 0.0228310502283105
3 0.17362637362637362 0.1769406392694064 0.03241758241758242 0.0228310502283105