0 0.7698504027617952 0.10167464114832536 0.06501726121979287 0.01674641148325359
1 0.3952819332566168 0.26674641148325356 0.09205983889528194 0.19138755980861244
1 0.3952819332566168 0.507177033492823 0.09205983889528194 0.19138755980861244
1 0.3952819332566168 0.7476076555023924 0.09205983889528194 0.19138755980861244
3 0.475258918296893 0.7511961722488039 0.040851553509781355 0.01674641148325359
3 0.2474108170310702 0.20574162679425836 0.15995397008055237 0.07177033492822966
3 0.6352128883774454 0.18660287081339713 0.36075949367088606 0.03110047846889952
3 0.6352128883774454 0.4270334928229665 0.36075949367088606 0.03110047846889952
3 0.6352128883774454 0.6674641148325359 0.36075949367088606 0.03110047846889952
3 0.6352128883774454 0.9078947368421053 0.36075949367088606 0.03110047846889952
3 0.3469505178365938 0.01555023923444976 0.025891829689298044 0.023923444976076555
3 0.3849252013808976 0.01555023923444976 0.028768699654775604 0.023923444976076555
3 0.43555811277330264 0.01555023923444976 0.05178365937859609 0.023923444976076555
3 0.4815880322209436 0.01555023923444976 0.020138089758342925 0.023923444976076555
3 0.5149597238204833 0.01555023923444976 0.025891829689298044 0.023923444976076555
3 0.549482163406214 0.01555023923444976 0.02243958573072497 0.023923444976076555
3 0.2048331415420023 0.3576555023923445 0.07479861910241657 0.0215311004784689
3 0.17721518987341772 0.45095693779904306 0.020138089758342925 0.0215311004784689
3 0.18239355581127734 0.4796650717703349 0.03049482163406214 0.0215311004784689
3 0.17779056386651323 0.5729665071770335 0.020713463751438434 0.0215311004784689
3 0.1852704257767549 0.666267942583732 0.03567318757192175 0.0215311004784689
3 0.1858457997698504 0.7595693779904307 0.037399309551208286 0.0215311004784689
3 0.17894131185270426 0.8528708133971292 0.023014959723820484 0.0215311004784689
3 0.17894131185270426 0.881578947368421 0.023014959723820484 0.0215311004784689
3 0.19390103567318756 0.9748803827751196 0.053509781357882626 0.0215311004784689
3 0.20138089758342922 0.9958133971291866 0.06904487917146145 0.005980861244019139
3 0.24913693901035674 0.3576555023923445 0.00805523590333717 0.0215311004784689
3 0.19907940161104717 0.45095693779904306 0.017836593785960874 0.0215311004784689
3 0.2048331415420023 0.4796650717703349 0.00805523590333717 0.0215311004784689
3 0.1962025316455696 0.5729665071770335 0.01093210586881473 0.0215311004784689
3 0.21058688147295743 0.666267942583732 0.00863060989643268 0.0215311004784689
3 0.21288837744533948 0.7595693779904307 0.010356731875719217 0.0215311004784689
3 0.20138089758342922 0.8528708133971292 0.015535097813578827 0.0215311004784689
3 0.1996547756041427 0.881578947368421 0.012658227848101266 0.0215311004784689
3 0.23014959723820483 0.9748803827751196 0.012658227848101266 0.0215311004784689
3 0.24568469505178367 0.9958133971291866 0.01380897583429229 0.005980861244019139
3 0.2088607594936709 0.005382775119617225 0.0667433831990794 0.01076555023923445
3 0.2042577675489068 0.02033492822966507 0.0661680092059839 0.023923444976076555
3 0.21979286536248563 0.09090909090909091 0.1047180667433832 0.023923444976076555
3 0.19102416570771003 0.11483253588516747 0.047180667433831994 0.023923444976076555
3 0.2715765247410817 0.11483253588516747 0.09378596087456847 0.023923444976076555
3 0.1962025316455696 0.13875598086124402 0.03567318757192175 0.023923444976076555