0 0.6008196721311475 0.013038548752834467 0.025683060109289616 0.026077097505668934
0 0.8234972677595629 0.5056689342403629 0.034972677595628415 0.07256235827664399
1 0.7368852459016394 0.013605442176870748 0.18633879781420765 0.027210884353741496
1 0.24863387978142076 0.4614512471655329 0.12240437158469945 0.25396825396825395
1 0.37759562841530053 0.4614512471655329 0.12240437158469945 0.25396825396825395
1 0.5065573770491804 0.4614512471655329 0.12240437158469945 0.25396825396825395
1 0.6355191256830601 0.4614512471655329 0.12240437158469945 0.25396825396825395
1 0.7644808743169399 0.4614512471655329 0.12240437158469945 0.25396825396825395
1 0.2098360655737705 0.8888888888888888 0.05245901639344262 0.07936507936507936
1 0.22158469945355191 0.012471655328798186 0.07377049180327869 0.024943310657596373
2 0.45 0.013038548752834467 0.3273224043715847 0.026077097505668934
3 0.25081967213114753 0.6757369614512472 0.1092896174863388 0.04081632653061224
3 0.3797814207650273 0.6757369614512472 0.1092896174863388 0.04081632653061224
3 0.5087431693989071 0.6757369614512472 0.1092896174863388 0.04081632653061224
3 0.6377049180327868 0.6757369614512472 0.1092896174863388 0.04081632653061224
3 0.7666666666666667 0.7188208616780045 0.1092896174863388 0.04081632653061224
3 0.3513661202185792 0.06235827664399093 0.02459016393442623 0.022675736961451247
3 0.387431693989071 0.06235827664399093 0.0273224043715847 0.022675736961451247
3 0.4355191256830601 0.06235827664399093 0.04918032786885246 0.022675736961451247
3 0.4792349726775956 0.06235827664399093 0.01912568306010929 0.022675736961451247
3 0.5109289617486339 0.06235827664399093 0.02459016393442623 0.022675736961451247
3 0.5437158469945356 0.06235827664399093 0.021311475409836064 0.022675736961451247
3 0.22021857923497268 0.045351473922902494 0.06284153005464481 0.022675736961451247
3 0.21584699453551912 0.06689342403628118 0.06284153005464481 0.022675736961451247
3 0.30901639344262294 0.9937641723356009 0.1 0.01020408163265306
3 0.3909836065573771 0.9937641723356009 0.0453551912568306 0.01020408163265306
3 0.4592896174863388 0.9937641723356009 0.07377049180327869 0.01020408163265306
3 0.5163934426229508 0.9937641723356009 0.022950819672131147 0.01020408163265306
3 0.5448087431693989 0.9937641723356009 0.015300546448087432 0.01020408163265306
3 0.5784153005464481 0.9937641723356009 0.03333333333333333 0.01020408163265306