0 0.5739355581127733 0.008971291866028708 0.02704257767548907 0.017942583732057416
0 0.7341772151898734 0.1423444976076555 0.06501726121979287 0.01674641148325359
1 0.7172036823935558 0.009569377990430622 0.1962025316455696 0.019138755980861243
1 0.35960874568469503 0.30741626794258375 0.09205983889528194 0.19138755980861244
1 0.35960874568469503 0.5478468899521531 0.09205983889528194 0.19138755980861244
1 0.35960874568469503 0.7882775119617225 0.09205983889528194 0.19138755980861244
1 0.17462600690448793 0.008373205741626795 0.07767548906789414 0.01674641148325359
2 0.415132336018412 0.008971291866028708 0.34464902186421176 0.017942583732057416
2 0.4824510932105869 0.0017942583732057417 0.00863060989643268 0.0035885167464114833
3 0.5149597238204833 0.005980861244019139 0.09205983889528194 0.011961722488038277
3 0.5995397008055235 0.972488038277512 0.36075949367088606 0.01674641148325359
3 0.5207134637514385 0.0035885167464114833 0.06444188722669736 0.007177033492822967
3 0.5207134637514385 0.0035885167464114833 0.06444188722669736 0.007177033492822967
3 0.21173762945914845 0.2284688995215311 0.15995397008055237 0.03588516746411483
3 0.5995397008055235 0.22727272727272727 0.36075949367088606 0.03110047846889952
3 0.5995397008055235 0.4677033492822967 0.36075949367088606 0.03110047846889952
3 0.5995397008055235 0.7081339712918661 0.36075949367088606 0.03110047846889952
3 0.5995397008055235 0.9485645933014354 0.36075949367088606 0.03110047846889952
3 0.311277330264672 0.056220095693779906 0.025891829689298044 0.023923444976076555
3 0.34925201380897586 0.056220095693779906 0.028768699654775604 0.023923444976076555
3 0.3998849252013809 0.056220095693779906 0.05178365937859609 0.023923444976076555
3 0.44591484464902187 0.056220095693779906 0.020138089758342925 0.023923444976076555
3 0.47928653624856155 0.056220095693779906 0.025891829689298044 0.023923444976076555
3 0.5138089758342923 0.056220095693779906 0.02243958573072497 0.023923444976076555
3 0.16915995397008055 0.3624401913875598 0.07479861910241657 0.0215311004784689
3 0.14154200230149597 0.4557416267942584 0.020138089758342925 0.0215311004784689
3 0.14672036823935558 0.48444976076555024 0.03049482163406214 0.0215311004784689
3 0.14096662830840045 0.5777511961722488 0.0189873417721519 0.0215311004784689
3 0.14384349827387802 0.6064593301435407 0.024165707710011506 0.0215311004784689
3 0.14441887226697353 0.6351674641148325 0.02531645569620253 0.0215311004784689
3 0.14556962025316456 0.6638755980861244 0.02819332566168009 0.0215311004784689
3 0.1478711162255466 0.6925837320574163 0.03279631760644419 0.0215311004784689
3 0.14211737629459148 0.7858851674641149 0.020713463751438434 0.0215311004784689
3 0.14959723820483314 0.8791866028708134 0.03567318757192175 0.0215311004784689
3 0.15017261219792866 0.972488038277512 0.037399309551208286 0.0215311004784689
3 0.21576524741081704 0.3624401913875598 0.012658227848101266 0.0215311004784689
3 0.16570771001150747 0.4557416267942584 0.02186421173762946 0.0215311004784689
3 0.16858457997698503 0.48444976076555024 0.007479861910241657 0.0215311004784689
3 0.16455696202531644 0.5777511961722488 0.021288837744533946 0.0215311004784689
3 0.16398158803222093 0.6064593301435407 0.010356731875719217 0.0215311004784689
3 0.16398158803222093 0.6351674641148325 0.00805523590333717 0.0215311004784689
3 0.16570771001150747 0.6638755980861244 0.005753739930955121 0.0215311004784689
3 0.17088607594936708 0.6925837320574163 0.006329113924050633 0.0215311004784689
3 0.1611047180667434 0.7858851674641149 0.012082853855005753 0.0215311004784689
3 0.1760644418872267 0.8791866028708134 0.01093210586881473 0.0215311004784689
3 0.1806674338319908 0.972488038277512 0.01726121979286536 0.0215311004784689
3 0.17318757192174913 0.03827751196172249 0.0661680092059839 0.023923444976076555
3 0.16858457997698503 0.061004784688995214 0.0661680092059839 0.023923444976076555
3 0.18411967779056387 0.13157894736842105 0.1047180667433832 0.023923444976076555
3 0.15535097813578827 0.15550239234449761 0.047180667433831994 0.023923444976076555
3 0.23590333716915995 0.15550239234449761 0.09378596087456847 0.023923444976076555
3 0.16052934407364788 0.17942583732057416 0.03567318757192175 0.023923444976076555