0 0.6362343572241184 0.02009456264775414 0.026734926052332197 0.04018912529550828
0 0.7946530147895335 0.16312056737588654 0.06427758816837315 0.016548463356973995
1 0.7778725824800911 0.020685579196217493 0.19397042093287828 0.041371158392434985
1 0.4243458475540387 0.3262411347517731 0.09101251422070535 0.18912529550827423
1 0.4243458475540387 0.5638297872340425 0.09101251422070535 0.18912529550827423
1 0.4243458475540387 0.8014184397163121 0.09101251422070535 0.18912529550827423
1 0.24146757679180889 0.01950354609929078 0.07679180887372014 0.03900709219858156
2 0.4792377701934016 0.02009456264775414 0.34072810011376564 0.04018912529550828
2 0.5312855517633674 0.016548463356973995 0.007963594994311717 0.016548463356973995
3 0.571103526734926 0.01773049645390071 0.10466439135381114 0.030732860520094562
3 0.661547212741752 0.2706855791962175 0.35665529010238906 0.016548463356973995
3 0.661547212741752 0.508274231678487 0.35665529010238906 0.016548463356973995
3 0.661547212741752 0.7458628841607565 0.35665529010238906 0.016548463356973995
3 0.5767918088737202 0.016548463356973995 0.07736063708759955 0.02364066193853428
3 0.5767918088737202 0.016548463356973995 0.07736063708759955 0.02364066193853428
3 0.2781569965870307 0.24822695035460993 0.15813424345847554 0.03546099290780142
3 0.661547212741752 0.2470449172576832 0.35665529010238906 0.030732860520094562
3 0.661547212741752 0.4846335697399527 0.35665529010238906 0.030732860520094562
3 0.661547212741752 0.7222222222222222 0.35665529010238906 0.030732860520094562
3 0.661547212741752 0.9598108747044918 0.35665529010238906 0.030732860520094562
3 0.37656427758816835 0.07801418439716312 0.025597269624573378 0.02364066193853428
3 0.4141069397042093 0.07801418439716312 0.02844141069397042 0.02364066193853428
3 0.4641638225255973 0.07801418439716312 0.051194539249146756 0.02364066193853428
3 0.5096700796359499 0.07801418439716312 0.019908987485779295 0.02364066193853428
3 0.5426621160409556 0.07801418439716312 0.025597269624573378 0.02364066193853428
3 0.5767918088737202 0.07801418439716312 0.02218430034129693 0.02364066193853428
3 0.2360637087599545 0.3806146572104019 0.07394766780432309 0.02127659574468085
3 0.20762229806598406 0.4728132387706856 0.01763367463026166 0.02127659574468085
3 0.21387940841865757 0.5011820330969267 0.030147895335608646 0.02127659574468085
3 0.21387940841865757 0.5295508274231678 0.02957906712172924 0.02127659574468085
3 0.20875995449374288 0.557919621749409 0.019908987485779295 0.02127659574468085
3 0.22923777019340158 0.6501182033096927 0.0608646188850967 0.02127659574468085
3 0.2241183162684869 0.6784869976359338 0.05005688282138794 0.02127659574468085
3 0.21387940841865757 0.706855791962175 0.030147895335608646 0.02127659574468085
3 0.21729237770193402 0.735224586288416 0.03640500568828214 0.02127659574468085
3 0.21103526734926054 0.7635933806146572 0.024459613196814563 0.02127659574468085
3 0.20875995449374288 0.7919621749408984 0.019340159271899887 0.02127659574468085
3 0.20819112627986347 0.8203309692671394 0.01820250284414107 0.02127659574468085
3 0.21444823663253698 0.8486997635933806 0.030716723549488054 0.02127659574468085
3 0.21217292377701935 0.8770685579196218 0.026166097838452786 0.02127659574468085
3 0.22753128555176336 0.9946808510638298 0.05802047781569966 0.008274231678486997
3 0.2815699658703072 0.3806146572104019 0.011945392491467578 0.02127659574468085
3 0.22866894197952217 0.4728132387706856 0.01763367463026166 0.02127659574468085
3 0.23720136518771331 0.5011820330969267 0.01080773606370876 0.02127659574468085
3 0.2360637087599545 0.5295508274231678 0.008532423208191127 0.02127659574468085
3 0.22582480091012513 0.557919621749409 0.007963594994311717 0.02127659574468085
3 0.2684869169510808 0.6501182033096927 0.011945392491467578 0.02127659574468085
3 0.257679180887372 0.6784869976359338 0.011945392491467578 0.02127659574468085
3 0.23720136518771331 0.706855791962175 0.010238907849829351 0.02127659574468085
3 0.2445961319681456 0.735224586288416 0.012514220705346985 0.02127659574468085
3 0.23265073947667805 0.7635933806146572 0.012514220705346985 0.02127659574468085
3 0.22810011376564276 0.7919621749408984 0.012514220705346985 0.02127659574468085
3 0.22582480091012513 0.8203309692671394 0.011945392491467578 0.02127659574468085
3 0.23947667804323094 0.8486997635933806 0.012514220705346985 0.02127659574468085
3 0.23435722411831628 0.8770685579196218 0.013083048919226393 0.02127659574468085
3 0.26820250284414104 0.9946808510638298 0.01763367463026166 0.008274231678486997
3 0.24004550625711035 0.06028368794326241 0.06541524459613197 0.02364066193853428
3 0.2354948805460751 0.08274231678486997 0.06541524459613197 0.02364066193853428
3 0.2508532423208191 0.1524822695035461 0.10352673492605233 0.02364066193853428
3 0.2224118316268487 0.17612293144208038 0.04664391353811149 0.02364066193853428
3 0.30204778156996587 0.17612293144208038 0.09271899886234357 0.02364066193853428
3 0.23492605233219568 0.19976359338061467 0.05005688282138794 0.02364066193853428