0 0.584375 0.02918918918918919 0.023958333333333335 0.04216216216216216
0 0.7296875 0.16324324324324324 0.058854166666666666 0.015135135135135135
1 0.7140625 0.03027027027027027 0.17708333333333334 0.04216216216216216
1 0.390625 0.3124324324324324 0.08333333333333333 0.17297297297297298
1 0.390625 0.5297297297297298 0.08333333333333333 0.17297297297297298
1 0.390625 0.7470270270270271 0.08333333333333333 0.17297297297297298
1 0.22291666666666668 0.03027027027027027 0.06979166666666667 0.036756756756756756
2 0.440625 0.02918918918918919 0.31145833333333334 0.04216216216216216
2 0.4708333333333333 0.02918918918918919 0.007291666666666667 0.015135135135135135
3 0.5161458333333333 0.03027027027027027 0.11354166666666667 0.02810810810810811
3 0.49375 0.32 0.09791666666666667 0.02054054054054054
3 0.49375 0.5372972972972972 0.09791666666666667 0.02054054054054054
3 0.49375 0.7545945945945945 0.09791666666666667 0.02054054054054054
3 0.49375 0.9718918918918918 0.09791666666666667 0.02054054054054054
3 0.5213541666666667 0.02918918918918919 0.08854166666666667 0.021621621621621623
3 0.5213541666666667 0.02918918918918919 0.08854166666666667 0.021621621621621623
3 0.25677083333333334 0.21945945945945947 0.14479166666666668 0.032432432432432434
3 0.6078125 0.24 0.3265625 0.02810810810810811
3 0.6078125 0.4572972972972973 0.3265625 0.02810810810810811
3 0.6078125 0.6745945945945946 0.3265625 0.02810810810810811
3 0.6078125 0.8918918918918919 0.3265625 0.02810810810810811
3 0.346875 0.08540540540540541 0.0234375 0.021621621621621623
3 0.38125 0.08540540540540541 0.026041666666666668 0.021621621621621623
3 0.4270833333333333 0.08540540540540541 0.046875 0.021621621621621623
3 0.46875 0.08540540540540541 0.018229166666666668 0.021621621621621623
3 0.49895833333333334 0.08540540540540541 0.0234375 0.021621621621621623
3 0.5302083333333333 0.08540540540540541 0.0203125 0.021621621621621623
3 0.19375 0.5070270270270271 0.01875 0.01945945945945946
3 0.2265625 0.5913513513513513 0.08489583333333334 0.01945945945945946
3 0.20052083333333334 0.6756756756756757 0.03229166666666667 0.01945945945945946
3 0.20104166666666667 0.7859459459459459 0.033854166666666664 0.01945945945945946
3 0.19479166666666667 0.8702702702702703 0.020833333333333332 0.01945945945945946
3 0.19479166666666667 0.8962162162162162 0.020833333333333332 0.01945945945945946
3 0.20833333333333334 0.9805405405405405 0.0484375 0.01945945945945946
3 0.21145833333333333 0.5070270270270271 0.011458333333333333 0.01945945945945946
3 0.27708333333333335 0.5913513513513513 0.0109375 0.01945945945945946
3 0.22552083333333334 0.6756756756756757 0.011458333333333333 0.01945945945945946
3 0.21302083333333333 0.7016216216216217 0.0078125 0.01945945945945946
3 0.22552083333333334 0.7859459459459459 0.009375 0.01945945945945946
3 0.2140625 0.8702702702702703 0.011979166666666667 0.01945945945945946
3 0.21197916666666666 0.8962162162162162 0.008854166666666666 0.01945945945945946
3 0.240625 0.9805405405405405 0.0109375 0.01945945945945946
3 0.221875 0.06918918918918919 0.059895833333333336 0.021621621621621623
3 0.21770833333333334 0.08972972972972973 0.059895833333333336 0.021621621621621623
3 0.23177083333333334 0.1535135135135135 0.09479166666666666 0.021621621621621623
3 0.20572916666666666 0.17513513513513512 0.042708333333333334 0.021621621621621623
3 0.2682291666666667 0.17513513513513512 0.06354166666666666 0.021621621621621623