0 0.503954802259887 0.4225352112676056 0.003389830508474576 0.007042253521126761
0 0.5152542372881356 0.4225352112676056 0.003389830508474576 0.007042253521126761
1 0.5141242937853108 0.24295774647887325 0.8988700564971751 0.3967136150234742
1 0.28361581920903955 0.6032863849765259 0.21694915254237288 0.28169014084507044
1 0.5096045197740113 0.6032863849765259 0.21694915254237288 0.28169014084507044
1 0.735593220338983 0.6032863849765259 0.21694915254237288 0.28169014084507044
1 0.34011299435028247 0.8873239436619719 0.32994350282485874 0.1936619718309859
1 0.6790960451977401 0.8873239436619719 0.32994350282485874 0.1936619718309859
3 0.28361581920903955 0.7429577464788732 0.16271186440677965 0.023474178403755867
3 0.5096045197740113 0.7429577464788732 0.16271186440677965 0.023474178403755867
3 0.735593220338983 0.7429577464788732 0.16271186440677965 0.023474178403755867
3 0.34858757062146895 0.01995305164319249 0.025423728813559324 0.023474178403755867
3 0.38587570621468925 0.01995305164319249 0.02824858757062147 0.023474178403755867
3 0.43559322033898307 0.01995305164319249 0.05084745762711865 0.023474178403755867
3 0.4807909604519774 0.01995305164319249 0.01977401129943503 0.023474178403755867
3 0.5135593220338983 0.01995305164319249 0.025423728813559324 0.023474178403755867
3 0.5474576271186441 0.01995305164319249 0.022033898305084745 0.023474178403755867
3 0.21299435028248587 0.007629107981220657 0.0655367231638418 0.015258215962441314
3 0.20847457627118643 0.02464788732394366 0.06497175141242938 0.023474178403755867