0 0.6452546296296297 0.02403846153846154 0.02662037037037037 0.046875
0 0.8888888888888888 0.19591346153846154 0.027777777777777776 0.057692307692307696
1 0.7893518518518519 0.025240384615384616 0.19675925925925927 0.046875
1 0.41782407407407407 0.16947115384615385 0.027777777777777776 0.057692307692307696
1 0.5034722222222222 0.16947115384615385 0.027777777777777776 0.057692307692307696
1 0.5891203703703703 0.16947115384615385 0.027777777777777776 0.057692307692307696
1 0.6747685185185185 0.16947115384615385 0.027777777777777776 0.057692307692307696
1 0.7604166666666666 0.16947115384615385 0.027777777777777776 0.057692307692307696
1 0.8460648148148148 0.16947115384615385 0.027777777777777776 0.057692307692307696
1 0.4548611111111111 0.4891826923076923 0.16435185185185186 0.34134615384615385
1 0.6284722222222222 0.4891826923076923 0.16377314814814814 0.34134615384615385
1 0.8020833333333334 0.4891826923076923 0.16435185185185186 0.34134615384615385
1 0.24363425925925927 0.025240384615384616 0.0775462962962963 0.040865384615384616
2 0.4855324074074074 0.02403846153846154 0.3460648148148148 0.046875
3 0.41782407407407407 0.23197115384615385 0.05787037037037037 0.038461538461538464
3 0.5034722222222222 0.23197115384615385 0.05787037037037037 0.038461538461538464
3 0.5891203703703703 0.23197115384615385 0.05324074074074074 0.038461538461538464
3 0.6747685185185185 0.23197115384615385 0.03356481481481482 0.038461538461538464
3 0.7604166666666666 0.23197115384615385 0.047453703703703706 0.038461538461538464
3 0.8460648148148148 0.23197115384615385 0.05787037037037037 0.038461538461538464
3 0.2800925925925926 0.3629807692307692 0.1527777777777778 0.018028846153846152
3 0.4548611111111111 0.8245192307692307 0.1412037037037037 0.04326923076923077
3 0.6284722222222222 0.7932692307692307 0.140625 0.04326923076923077
3 0.8020833333333334 0.7824519230769231 0.1412037037037037 0.021634615384615384
3 0.2800925925925926 0.18269230769230768 0.1527777777777778 0.04927884615384615
3 0.2800925925925926 0.33052884615384615 0.1527777777777778 0.02403846153846154
3 0.2800925925925926 0.546875 0.1527777777777778 0.02403846153846154
3 0.2800925925925926 0.6358173076923077 0.1527777777777778 0.02403846153846154
3 0.2800925925925926 0.9050480769230769 0.1527777777777778 0.02403846153846154
3 0.2803819444444444 0.9903846153846154 0.15335648148148148 0.016826923076923076
3 0.38136574074074076 0.08653846153846154 0.026041666666666668 0.02403846153846154
3 0.4195601851851852 0.08653846153846154 0.028935185185185185 0.02403846153846154
3 0.4704861111111111 0.08653846153846154 0.052083333333333336 0.02403846153846154
3 0.5167824074074074 0.08653846153846154 0.02025462962962963 0.02403846153846154
3 0.5503472222222222 0.08653846153846154 0.026041666666666668 0.02403846153846154
3 0.5850694444444444 0.08653846153846154 0.022569444444444444 0.02403846153846154
3 0.24247685185185186 0.06850961538461539 0.06655092592592593 0.02403846153846154
3 0.2378472222222222 0.09134615384615384 0.06655092592592593 0.02403846153846154
3 0.2800925925925926 0.578125 0.1527777777777778 0.014423076923076924
3 0.2800925925925926 0.6670673076923077 0.1527777777777778 0.014423076923076924
3 0.2800925925925926 0.6971153846153846 0.1527777777777778 0.014423076923076924
3 0.2800925925925926 0.7271634615384616 0.1527777777777778 0.014423076923076924
3 0.2800925925925926 0.7572115384615384 0.1527777777777778 0.014423076923076924
3 0.2800925925925926 0.7872596153846154 0.1527777777777778 0.014423076923076924
3 0.2800925925925926 0.8173076923076923 0.1527777777777778 0.014423076923076924
3 0.2800925925925926 0.8473557692307693 0.1527777777777778 0.014423076923076924
3 0.2800925925925926 0.9362980769230769 0.1527777777777778 0.014423076923076924