0 0.584375 0.02918918918918919 0.023958333333333335 0.04216216216216216
0 0.22708333333333333 0.46702702702702703 0.010416666666666666 0.021621621621621623
0 0.27239583333333334 0.46702702702702703 0.010416666666666666 0.021621621621621623
0 0.21510416666666668 0.505945945945946 0.010416666666666666 0.021621621621621623
0 0.2630208333333333 0.505945945945946 0.010416666666666666 0.021621621621621623
0 0.7296875 0.29621621621621624 0.058854166666666666 0.015135135135135135
0 0.2234375 0.20972972972972972 0.04635416666666667 0.04108108108108108
0 0.2864583333333333 0.20972972972972972 0.07552083333333333 0.04108108108108108
1 0.7140625 0.03027027027027027 0.17708333333333334 0.04216216216216216
1 0.41041666666666665 0.4908108108108108 0.14791666666666667 0.307027027027027
1 0.5666666666666667 0.4908108108108108 0.14791666666666667 0.307027027027027
1 0.7229166666666667 0.4908108108108108 0.14791666666666667 0.307027027027027
2 0.440625 0.02918918918918919 0.31145833333333334 0.04216216216216216
2 0.5036458333333333 0.02918918918918919 0.007291666666666667 0.015135135135135135
3 0.1828125 0 0 0
3 0.22291666666666668 0.03027027027027027 0.06979166666666667 0.036756756756756756
3 0.6729166666666667 0.08540540540540541 0.057291666666666664 0.021621621621621623
3 0.71875 0.08540540540540541 0.034375 0.021621621621621623
3 0.7609375 0.08540540540540541 0.050520833333333334 0.021621621621621623
3 0.21770833333333334 0.07783783783783783 0.06927083333333334 0.043243243243243246
3 0.30520833333333336 0.08540540540540541 0.04114583333333333 0.021621621621621623
3 0.346875 0.08540540540540541 0.0234375 0.021621621621621623
3 0.38125 0.08540540540540541 0.026041666666666668 0.021621621621621623
3 0.4270833333333333 0.08540540540540541 0.046875 0.021621621621621623
3 0.46875 0.08540540540540541 0.018229166666666668 0.021621621621621623
3 0.49895833333333334 0.08540540540540541 0.0234375 0.021621621621621623
3 0.5302083333333333 0.08540540540540541 0.0203125 0.021621621621621623
3 0.7963541666666667 0.08324324324324324 0.013020833333333334 0.022702702702702703
3 0.7140625 0.03351351351351351 0.17708333333333334 0.04756756756756757
3 0.49557291666666664 0.15675675675675677 0.9911458333333333 0.0972972972972973
3 0.2828125 0.23243243243243245 0.028125 0.021621621621621623
3 0.32708333333333334 0.23243243243243245 0.03958333333333333 0.021621621621621623
3 0.36770833333333336 0.23243243243243245 0.020833333333333332 0.021621621621621623
3 0.4166666666666667 0.23243243243243245 0.05520833333333333 0.021621621621621623
3 0.46822916666666664 0.23243243243243245 0.027604166666666666 0.021621621621621623
3 0.21354166666666666 0.2864864864864865 0.058854166666666666 0.021621621621621623
3 0.26614583333333336 0.2864864864864865 0.026041666666666668 0.021621621621621623
3 0.30416666666666664 0.2864864864864865 0.030208333333333334 0.021621621621621623
3 0.209375 0.46702702702702703 0.050520833333333334 0.02810810810810811
3 0.2598958333333333 0.46702702702702703 0.04010416666666667 0.02810810810810811
3 0.20364583333333333 0.505945945945946 0.0390625 0.02810810810810811
3 0.24947916666666667 0.505945945945946 0.042708333333333334 0.02810810810810811
3 0.29322916666666665 0.5935135135135136 0.016666666666666666 0.017297297297297298
3 0.29322916666666665 0.6648648648648648 0.016666666666666666 0.017297297297297298
3 0.2234375 0.7783783783783784 0.078125 0.01945945945945946
3 0.19739583333333333 0.8627027027027027 0.0265625 0.01945945945945946
3 0.19947916666666668 0.8886486486486487 0.030208333333333334 0.01945945945945946
3 0.20364583333333333 0.9145945945945946 0.03854166666666667 0.01945945945945946
3 0.21354166666666666 0.9405405405405406 0.058854166666666666 0.01945945945945946
3 0.19895833333333332 0.9664864864864865 0.029166666666666667 0.01945945945945946
3 0.7807291666666667 0.2983783783783784 0.008333333333333333 0.017297297297297298
3 0.7932291666666667 0.2983783783783784 0.008333333333333333 0.017297297297297298
3 0.41041666666666665 0.4908108108108108 0.14791666666666667 0.307027027027027
3 0.41041666666666665 0.772972972972973 0.14791666666666667 0.25513513513513514
3 0.5666666666666667 0.4908108108108108 0.14791666666666667 0.307027027027027
3 0.5666666666666667 0.772972972972973 0.14791666666666667 0.25513513513513514
3 0.7229166666666667 0.4908108108108108 0.14791666666666667 0.307027027027027
3 0.7229166666666667 0.772972972972973 0.14791666666666667 0.25513513513513514
3 0.5322916666666667 0.03027027027027027 0.08072916666666667 0.02810810810810811
3 0.384375 0.7978378378378378 0.075 0.02054054054054054
3 0.41041666666666665 0.8691891891891892 0.12708333333333333 0.014054054054054054
3 0.5213541666666667 0.7145945945945946 0.03697916666666667 0.015135135135135135
3 0.6776041666666667 0.7145945945945946 0.03697916666666667 0.015135135135135135
3 0.5375 0.02918918918918919 0.05572916666666667 0.021621621621621623
3 0.5375 0.02918918918918919 0.05572916666666667 0.021621621621621623
3 0.25677083333333334 0.36324324324324325 0.14479166666666668 0.0972972972972973
3 0.41041666666666665 0.841081081081081 0.12708333333333333 0.03891891891891892
3 0.5666666666666667 0.7448648648648649 0.12708333333333333 0.01945945945945946
3 0.7229166666666667 0.7448648648648649 0.12708333333333333 0.01945945945945946
3 0.26875 0.1545945945945946 0.13697916666666668 0.043243243243243246