0 0.5991666666666666 0.013856812933025405 0.026111111111111113 0.02771362586605081
0 0.7538888888888889 0.2517321016166282 0.06277777777777778 0.016166281755196306
1 0.7375 0.014434180138568129 0.18944444444444444 0.028868360277136258
1 0.41333333333333333 0.45958429561200925 0.15777777777777777 0.3279445727482679
1 0.58 0.45958429561200925 0.15777777777777777 0.3279445727482679
1 0.7466666666666667 0.45958429561200925 0.15777777777777777 0.3279445727482679
1 0.2136111111111111 0.013279445727482679 0.075 0.026558891454965358
2 0.44583333333333336 0.013856812933025405 0.3327777777777778 0.02771362586605081
2 0.4825 0.006928406466512702 0.008333333333333333 0.013856812933025405
3 0.5286111111111111 0.010969976905311778 0.11722222222222223 0.021939953810623556
3 0.38555555555555554 0.7471131639722863 0.08 0.021939953810623556
3 0.5333333333333333 0.7009237875288684 0.042777777777777776 0.021939953810623556
3 0.7188888888888889 0.7009237875288684 0.08 0.021939953810623556
3 0.5341666666666667 0.008660508083140877 0.09055555555555556 0.017321016166281754
3 0.5341666666666667 0.008660508083140877 0.09055555555555556 0.017321016166281754
3 0.24944444444444444 0.28868360277136257 0.15444444444444444 0.03464203233256351
3 0.41333333333333333 0.7933025404157044 0.13555555555555557 0.04157043879907621
3 0.58 0.7471131639722863 0.13555555555555557 0.04157043879907621
3 0.7466666666666667 0.7471131639722863 0.13555555555555557 0.04157043879907621
3 0.34555555555555556 0.06466512702078522 0.025 0.023094688221709007
3 0.38222222222222224 0.06466512702078522 0.027777777777777776 0.023094688221709007
3 0.4311111111111111 0.06466512702078522 0.05 0.023094688221709007
3 0.47555555555555556 0.06466512702078522 0.019444444444444445 0.023094688221709007
3 0.5077777777777778 0.06466512702078522 0.025 0.023094688221709007
3 0.5411111111111111 0.06466512702078522 0.021666666666666667 0.023094688221709007
3 0.20833333333333334 0.5958429561200924 0.07222222222222222 0.020785219399538105
3 0.18166666666666667 0.6859122401847575 0.019444444444444445 0.020785219399538105
3 0.18611111111111112 0.7136258660508084 0.027777777777777776 0.020785219399538105
3 0.19055555555555556 0.7413394919168591 0.03722222222222222 0.020785219399538105
3 0.18166666666666667 0.76905311778291 0.019444444444444445 0.020785219399538105
3 0.18166666666666667 0.7967667436489607 0.019444444444444445 0.020785219399538105
3 0.1827777777777778 0.8244803695150116 0.021666666666666667 0.020785219399538105
3 0.18555555555555556 0.9145496535796767 0.02666666666666667 0.020785219399538105
3 0.19833333333333333 0.9422632794457275 0.05277777777777778 0.020785219399538105
3 0.21888888888888888 0.9699769053117783 0.09388888888888888 0.020785219399538105
3 0.22111111111111112 0.9930715935334873 0.09888888888888889 0.011547344110854504
3 0.25833333333333336 0.5958429561200924 0.02277777777777778 0.020785219399538105
3 0.20833333333333334 0.6859122401847575 0.027777777777777776 0.020785219399538105
3 0.21555555555555556 0.7136258660508084 0.025555555555555557 0.020785219399538105
3 0.2238888888888889 0.7413394919168591 0.023333333333333334 0.020785219399538105
3 0.2038888888888889 0.76905311778291 0.01888888888888889 0.020785219399538105
3 0.205 0.7967667436489607 0.020555555555555556 0.020785219399538105
3 0.20777777777777778 0.8244803695150116 0.021666666666666667 0.020785219399538105
3 0.21555555555555556 0.9145496535796767 0.027777777777777776 0.020785219399538105
3 0.2388888888888889 0.9422632794457275 0.02277777777777778 0.020785219399538105
3 0.27944444444444444 0.9699769053117783 0.02 0.020785219399538105
3 0.28583333333333333 0.9930715935334873 0.02388888888888889 0.011547344110854504
3 0.21222222222222223 0.04734411085450346 0.06388888888888888 0.023094688221709007
3 0.20777777777777778 0.06928406466512702 0.06388888888888888 0.023094688221709007
3 0.20333333333333334 0.24133949191685913 0.06277777777777778 0.023094688221709007