0 0.5853403141361256 0.029347826086956522 0.024083769633507852 0.042391304347826085
0 0.731413612565445 0.2619565217391304 0.059162303664921465 0.015217391304347827
1 0.7157068062827225 0.030434782608695653 0.17801047120418848 0.042391304347826085
1 0.41047120418848165 0.45760869565217394 0.1486910994764398 0.30869565217391304
1 0.5675392670157068 0.45760869565217394 0.1486910994764398 0.30869565217391304
1 0.724607329842932 0.45760869565217394 0.1486910994764398 0.30869565217391304
1 0.22198952879581152 0.030434782608695653 0.07015706806282722 0.03695652173913044
2 0.4408376963350785 0.029347826086956522 0.31308900523560207 0.042391304347826085
2 0.47539267015706804 0.029347826086956522 0.007329842931937173 0.015217391304347827
3 0.518848167539267 0.030434782608695653 0.1099476439790576 0.02826086956521739
3 0.37643979057591626 0.6847826086956522 0.060209424083769635 0.020652173913043477
3 0.41047120418848165 0.7565217391304347 0.12774869109947645 0.014130434782608696
3 0.5335078534031413 0.7282608695652174 0.060209424083769635 0.020652173913043477
3 0.5675392670157068 0.8 0.12774869109947645 0.014130434782608696
3 0.6905759162303665 0.6847826086956522 0.060209424083769635 0.020652173913043477
3 0.724607329842932 0.7565217391304347 0.12774869109947645 0.014130434782608696
3 0.5240837696335079 0.029347826086956522 0.08481675392670157 0.021739130434782608
3 0.5240837696335079 0.029347826086956522 0.08481675392670157 0.021739130434782608
3 0.256020942408377 0.2967391304347826 0.14554973821989528 0.03260869565217391
3 0.41047120418848165 0.7282608695652174 0.12774869109947645 0.0391304347826087
3 0.5675392670157068 0.7717391304347826 0.12774869109947645 0.0391304347826087
3 0.724607329842932 0.7282608695652174 0.12774869109947645 0.0391304347826087
3 0.34659685863874345 0.08586956521739131 0.02356020942408377 0.021739130434782608
3 0.381151832460733 0.08586956521739131 0.02617801047120419 0.021739130434782608
3 0.4272251308900524 0.08586956521739131 0.04712041884816754 0.021739130434782608
3 0.46910994764397906 0.08586956521739131 0.01832460732984293 0.021739130434782608
3 0.49947643979057593 0.08586956521739131 0.02356020942408377 0.021739130434782608
3 0.5308900523560209 0.08586956521739131 0.020418848167539267 0.021739130434782608
3 0.21727748691099477 0.5858695652173913 0.06806282722513089 0.01956521739130435
3 0.19214659685863875 0.6706521739130434 0.01832460732984293 0.01956521739130435
3 0.19633507853403143 0.6967391304347826 0.02617801047120419 0.01956521739130435
3 0.20052356020942408 0.7228260869565217 0.03507853403141361 0.01956521739130435
3 0.19214659685863875 0.7489130434782608 0.01832460732984293 0.01956521739130435
3 0.19214659685863875 0.775 0.01832460732984293 0.01956521739130435
3 0.1931937172774869 0.8010869565217391 0.020418848167539267 0.01956521739130435
3 0.19633507853403143 0.8858695652173914 0.02617801047120419 0.01956521739130435
3 0.20785340314136125 0.9119565217391304 0.049738219895287955 0.01956521739130435
3 0.19581151832460733 0.9380434782608695 0.025130890052356022 0.01956521739130435
3 0.23664921465968586 0.9641304347826087 0.10732984293193717 0.01956521739130435
3 0.22670157068062827 0.9896739130434783 0.08795811518324607 0.01847826086956522
3 0.2643979057591623 0.5858695652173913 0.021465968586387434 0.01956521739130435
3 0.2130890052356021 0.6706521739130434 0.01832460732984293 0.01956521739130435
3 0.22146596858638742 0.6967391304347826 0.018848167539267015 0.01956521739130435
3 0.2319371727748691 0.7228260869565217 0.02198952879581152 0.01956521739130435
3 0.2157068062827225 0.7489130434782608 0.02198952879581152 0.01956521739130435
3 0.21413612565445025 0.775 0.019895287958115182 0.01956521739130435
3 0.21413612565445025 0.8010869565217391 0.015183246073298429 0.01956521739130435
3 0.22460732984293194 0.8858695652173914 0.024083769633507852 0.01956521739130435
3 0.24607329842931938 0.9119565217391304 0.021465968586387434 0.01956521739130435
3 0.22041884816753926 0.9380434782608695 0.0193717277486911 0.01956521739130435
3 0.30261780104712044 0.9641304347826087 0.0193717277486911 0.01956521739130435
3 0.2819371727748691 0.9896739130434783 0.016230366492146597 0.01847826086956522
3 0.22094240837696336 0.06956521739130435 0.060209424083769635 0.021739130434782608
3 0.21675392670157068 0.09021739130434783 0.060209424083769635 0.021739130434782608
3 0.21256544502617802 0.25217391304347825 0.059162303664921465 0.021739130434782608