0 0.5700564971751413 0.02699530516431925 0.02598870056497175 0.045774647887323945
0 0.727683615819209 0.27816901408450706 0.06384180790960452 0.01643192488262911
1 0.7107344632768362 0.028169014084507043 0.192090395480226 0.045774647887323945
1 0.3813559322033898 0.4894366197183099 0.16045197740112993 0.3333333333333333
1 0.5508474576271186 0.4894366197183099 0.16045197740112993 0.3333333333333333
1 0.7203389830508474 0.4894366197183099 0.16045197740112993 0.3333333333333333
1 0.17796610169491525 0.028169014084507043 0.07570621468926554 0.03990610328638498
2 0.41412429378531074 0.02699530516431925 0.33785310734463275 0.045774647887323945
2 0.4514124293785311 0.02699530516431925 0.007909604519774011 0.01643192488262911
3 0.49830508474576274 0.028169014084507043 0.11864406779661017 0.03051643192488263
3 0.3446327683615819 0.7347417840375586 0.06497175141242938 0.022300469483568074
3 0.3813559322033898 0.812206572769953 0.13785310734463277 0.015258215962441314
3 0.5141242937853108 0.7816901408450704 0.06497175141242938 0.022300469483568074
3 0.5508474576271186 0.8591549295774648 0.13785310734463277 0.015258215962441314
3 0.6836158192090396 0.7347417840375586 0.06497175141242938 0.022300469483568074
3 0.7203389830508474 0.812206572769953 0.13785310734463277 0.015258215962441314
3 0.503954802259887 0.02699530516431925 0.09152542372881356 0.023474178403755867
3 0.503954802259887 0.02699530516431925 0.09152542372881356 0.023474178403755867
3 0.21468926553672316 0.31572769953051644 0.15706214689265538 0.035211267605633804
3 0.3813559322033898 0.7816901408450704 0.13785310734463277 0.04225352112676056
3 0.5508474576271186 0.8286384976525821 0.13785310734463277 0.04225352112676056
3 0.7203389830508474 0.7816901408450704 0.13785310734463277 0.04225352112676056
3 0.31242937853107344 0.0880281690140845 0.025423728813559324 0.023474178403755867
3 0.3497175141242938 0.0880281690140845 0.02824858757062147 0.023474178403755867
3 0.39943502824858756 0.0880281690140845 0.05084745762711865 0.023474178403755867
3 0.44463276836158194 0.0880281690140845 0.01977401129943503 0.023474178403755867
3 0.4774011299435028 0.0880281690140845 0.025423728813559324 0.023474178403755867
3 0.5112994350282486 0.0880281690140845 0.022033898305084745 0.023474178403755867
3 0.17288135593220338 0.6279342723004695 0.07344632768361582 0.02112676056338028
3 0.14576271186440679 0.7194835680751174 0.01977401129943503 0.02112676056338028
3 0.15028248587570622 0.7476525821596244 0.02824858757062147 0.02112676056338028
3 0.15480225988700566 0.7758215962441315 0.03785310734463277 0.02112676056338028
3 0.14576271186440679 0.8039906103286385 0.01977401129943503 0.02112676056338028
3 0.14576271186440679 0.8321596244131455 0.01977401129943503 0.02112676056338028
3 0.14689265536723164 0.8603286384976526 0.022033898305084745 0.02112676056338028
3 0.15028248587570622 0.9518779342723005 0.02824858757062147 0.02112676056338028
3 0.16271186440677965 0.9800469483568075 0.05367231638418079 0.02112676056338028
3 0.22372881355932203 0.6279342723004695 0.023163841807909605 0.02112676056338028
3 0.16836158192090395 0.7194835680751174 0.01977401129943503 0.02112676056338028
3 0.17740112994350282 0.7476525821596244 0.020338983050847456 0.02112676056338028
3 0.18870056497175142 0.7758215962441315 0.023728813559322035 0.02112676056338028
3 0.1711864406779661 0.8039906103286385 0.023728813559322035 0.02112676056338028
3 0.1694915254237288 0.8321596244131455 0.021468926553672316 0.02112676056338028
3 0.1694915254237288 0.8603286384976526 0.01638418079096045 0.02112676056338028
3 0.1807909604519774 0.9518779342723005 0.02598870056497175 0.02112676056338028
3 0.20395480225988702 0.9800469483568075 0.023163841807909605 0.02112676056338028
3 0.1768361581920904 0.07042253521126761 0.06497175141242938 0.023474178403755867
3 0.17231638418079095 0.09272300469483569 0.06497175141242938 0.023474178403755867
3 0.16779661016949152 0.2676056338028169 0.06384180790960452 0.023474178403755867