0 0.5877445339470656 0.01674641148325359 0.02704257767548907 0.03349282296650718
0 0.7479861910241657 0.25598086124401914 0.06501726121979287 0.01674641148325359
0 0.8331415420023015 0.36004784688995217 0.018411967779056387 0.03827751196172249
1 0.7310126582278481 0.017344497607655503 0.1962025316455696 0.034688995215311005
1 0.34177215189873417 0.36004784688995217 0.04948216340621404 0.10287081339712918
1 0.40678941311852707 0.36004784688995217 0.04948216340621404 0.10287081339712918
1 0.47123130034522437 0.36004784688995217 0.04948216340621404 0.10287081339712918
1 0.5362485615650172 0.36004784688995217 0.04948216340621404 0.10287081339712918
1 0.6006904487917146 0.36004784688995217 0.04948216340621404 0.10287081339712918
1 0.6657077100115075 0.36004784688995217 0.04948216340621404 0.10287081339712918
1 0.7301495972382048 0.36004784688995217 0.04948216340621404 0.10287081339712918
1 0.7951668584579977 0.36004784688995217 0.04948216340621404 0.10287081339712918
1 0.3952819332566168 0.6124401913875598 0.16340621403912542 0.3397129186602871
1 0.5678941311852704 0.6124401913875598 0.16340621403912542 0.3397129186602871
1 0.740506329113924 0.6124401913875598 0.16340621403912542 0.3397129186602871
1 0.1884349827387802 0.016148325358851676 0.07767548906789414 0.03229665071770335
2 0.42894131185270423 0.01674641148325359 0.34464902186421176 0.03349282296650718
2 0.4666283084004603 0.009569377990430622 0.00805523590333717 0.01674641148325359
3 0.5146720368239356 0.01375598086124402 0.12140391254315305 0.02751196172248804
3 0.3469505178365938 0.9102870813397129 0.04430379746835443 0.022727272727272728
3 0.5304948216340621 0.8624401913875598 0.0661680092059839 0.022727272727272728
3 0.692174913693901 0.8839712918660287 0.04430379746835443 0.022727272727272728
3 0.5204257767548907 0.011363636363636364 0.09378596087456847 0.022727272727272728
3 0.5204257767548907 0.011363636363636364 0.09378596087456847 0.022727272727272728
3 0.22554660529344073 0.3038277511961722 0.15995397008055237 0.03588516746411483
3 0.3952819332566168 0.9581339712918661 0.14039125431530494 0.0430622009569378
3 0.5678941311852704 0.9102870813397129 0.14039125431530494 0.0430622009569378
3 0.740506329113924 0.9318181818181818 0.14039125431530494 0.0430622009569378
3 0.32508630609896433 0.07177033492822966 0.025891829689298044 0.023923444976076555
3 0.3630609896432681 0.07177033492822966 0.028768699654775604 0.023923444976076555
3 0.41369390103567316 0.07177033492822966 0.05178365937859609 0.023923444976076555
3 0.45972382048331417 0.07177033492822966 0.020138089758342925 0.023923444976076555
3 0.49309551208285385 0.07177033492822966 0.025891829689298044 0.023923444976076555
3 0.5276179516685846 0.07177033492822966 0.02243958573072497 0.023923444976076555
3 0.18296892980437285 0.6220095693779905 0.07479861910241657 0.0215311004784689
3 0.15535097813578827 0.715311004784689 0.020138089758342925 0.0215311004784689
3 0.16455696202531644 0.7440191387559809 0.03855005753739931 0.0215311004784689
3 0.15995397008055237 0.7727272727272727 0.028768699654775604 0.0215311004784689
3 0.15535097813578827 0.8014354066985646 0.020138089758342925 0.0215311004784689
3 0.17261219792865362 0.8947368421052632 0.05466052934407365 0.0215311004784689
3 0.1570771001150748 0.9234449760765551 0.023590333716915997 0.0215311004784689
3 0.19735327963176064 0.9521531100478469 0.10414269275028769 0.0215311004784689
3 0.2042577675489068 0.9808612440191388 0.11795166858457998 0.0215311004784689
3 0.23245109321058688 0.6220095693779905 0.018411967779056387 0.0215311004784689
3 0.18181818181818182 0.715311004784689 0.026467203682393557 0.0215311004784689
3 0.19275028768699654 0.7440191387559809 0.012082853855005753 0.0215311004784689
3 0.18354430379746836 0.7727272727272727 0.012658227848101266 0.0215311004784689
3 0.17376294591484465 0.8014354066985646 0.01093210586881473 0.0215311004784689
3 0.2140391254315305 0.8947368421052632 0.02186421173762946 0.0215311004784689
3 0.18354430379746836 0.9234449760765551 0.023014959723820484 0.0215311004784689
3 0.2600690448791715 0.9521531100478469 0.014959723820483314 0.0215311004784689
3 0.27387802071346373 0.9808612440191388 0.014959723820483314 0.0215311004784689
3 0.18699654775604144 0.05382775119617225 0.0661680092059839 0.023923444976076555
3 0.18239355581127734 0.07655502392344497 0.0661680092059839 0.023923444976076555
3 0.17779056386651323 0.25478468899521534 0.06501726121979287 0.023923444976076555