0 0.5676795580110497 0.010894495412844037 0.025966850828729283 0.021788990825688075
0 0.7215469613259669 0.23509174311926606 0.062430939226519336 0.016055045871559634
0 0.8033149171270718 0.3348623853211009 0.017679558011049725 0.03669724770642202
1 0.7052486187845304 0.011467889908256881 0.18839779005524862 0.022935779816513763
1 0.3314917127071823 0.3348623853211009 0.04751381215469613 0.09862385321100918
1 0.3939226519337017 0.3348623853211009 0.04751381215469613 0.09862385321100918
1 0.4558011049723757 0.3348623853211009 0.04751381215469613 0.09862385321100918
1 0.518232044198895 0.3348623853211009 0.04751381215469613 0.09862385321100918
1 0.580110497237569 0.3348623853211009 0.04751381215469613 0.09862385321100918
1 0.6425414364640883 0.3348623853211009 0.04751381215469613 0.09862385321100918
1 0.7044198895027625 0.3348623853211009 0.04751381215469613 0.09862385321100918
1 0.7668508287292818 0.3348623853211009 0.04751381215469613 0.09862385321100918
1 0.3828729281767956 0.5768348623853211 0.1569060773480663 0.3256880733944954
1 0.5486187845303867 0.5768348623853211 0.1569060773480663 0.3256880733944954
1 0.7143646408839779 0.5768348623853211 0.1569060773480663 0.3256880733944954
1 0.18425414364640885 0.010321100917431193 0.07458563535911603 0.020642201834862386
2 0.41519337016574587 0.010894495412844037 0.330939226519337 0.021788990825688075
2 0.4516574585635359 0.0040137614678899085 0.008287292817679558 0.008027522935779817
3 0.49751381215469614 0.008027522935779817 0.11657458563535912 0.016055045871559634
3 0.3364640883977901 0.8623853211009175 0.042541436464088395 0.021788990825688075
3 0.512707182320442 0.8165137614678899 0.06353591160220995 0.021788990825688075
3 0.6679558011049723 0.8371559633027523 0.042541436464088395 0.021788990825688075
3 0.5030386740331492 0.005733944954128441 0.09005524861878453 0.011467889908256881
3 0.5030386740331492 0.005733944954128441 0.09005524861878453 0.011467889908256881
3 0.21988950276243094 0.2809633027522936 0.15359116022099448 0.034403669724770644
3 0.3828729281767956 0.908256880733945 0.13480662983425415 0.04128440366972477
3 0.5486187845303867 0.8623853211009175 0.13480662983425415 0.04128440366972477
3 0.7143646408839779 0.8830275229357798 0.13480662983425415 0.04128440366972477
3 0.3154696132596685 0.058486238532110095 0.024861878453038673 0.022935779816513763
3 0.3519337016574586 0.058486238532110095 0.027624309392265192 0.022935779816513763
3 0.4005524861878453 0.058486238532110095 0.049723756906077346 0.022935779816513763
3 0.4447513812154696 0.058486238532110095 0.019337016574585635 0.022935779816513763
3 0.4767955801104972 0.058486238532110095 0.024861878453038673 0.022935779816513763
3 0.5099447513812154 0.058486238532110095 0.02154696132596685 0.022935779816513763
3 0.17900552486187846 0.5860091743119266 0.0718232044198895 0.020642201834862386
3 0.15248618784530388 0.6754587155963303 0.019337016574585635 0.020642201834862386
3 0.16132596685082873 0.7029816513761468 0.037016574585635356 0.020642201834862386
3 0.1569060773480663 0.7305045871559633 0.027624309392265192 0.020642201834862386
3 0.15248618784530388 0.7580275229357798 0.019337016574585635 0.020642201834862386
3 0.16906077348066298 0.8474770642201835 0.052486187845303865 0.020642201834862386
3 0.1541436464088398 0.875 0.022651933701657457 0.020642201834862386
3 0.19281767955801105 0.9025229357798165 0.1 0.020642201834862386
3 0.1994475138121547 0.930045871559633 0.1132596685082873 0.020642201834862386
3 0.17513812154696132 0.9575688073394495 0.06408839779005525 0.020642201834862386
3 0.1856353591160221 0.9850917431192661 0.08508287292817679 0.020642201834862386
3 0.2265193370165746 0.5860091743119266 0.017679558011049725 0.020642201834862386
3 0.17790055248618786 0.6754587155963303 0.02541436464088398 0.020642201834862386
3 0.18839779005524862 0.7029816513761468 0.011602209944751382 0.020642201834862386
3 0.17955801104972377 0.7305045871559633 0.012154696132596685 0.020642201834862386
3 0.17016574585635358 0.7580275229357798 0.010497237569060774 0.020642201834862386
3 0.20883977900552486 0.8474770642201835 0.020994475138121547 0.020642201834862386
3 0.17955801104972377 0.875 0.022099447513812154 0.020642201834862386
3 0.25303867403314917 0.9025229357798165 0.014364640883977901 0.020642201834862386
3 0.2662983425414365 0.930045871559633 0.014364640883977901 0.020642201834862386
3 0.2165745856353591 0.9575688073394495 0.013812154696132596 0.020642201834862386
3 0.23812154696132598 0.9850917431192661 0.014917127071823204 0.020642201834862386
3 0.18287292817679557 0.04128440366972477 0.06353591160220995 0.022935779816513763
3 0.17845303867403314 0.06307339449541284 0.06353591160220995 0.022935779816513763
3 0.17403314917127072 0.23394495412844038 0.062430939226519336 0.022935779816513763