0 0.24798619102416572 0.4138755980861244 0.011507479861910242 0.023923444976076555
0 0.29804372842347526 0.4138755980861244 0.011507479861910242 0.023923444976076555
0 0.23475258918296893 0.4569377990430622 0.011507479861910242 0.023923444976076555
0 0.28768699654775604 0.4569377990430622 0.011507479861910242 0.023923444976076555
0 0.8032220943613348 0.22488038277511962 0.06501726121979287 0.01674641148325359
1 0.45051783659378597 0.44019138755980863 0.16340621403912542 0.3397129186602871
1 0.6231300345224395 0.44019138755980863 0.16340621403912542 0.3397129186602871
1 0.7957422324510932 0.44019138755980863 0.16340621403912542 0.3397129186602871
3 0.42174913693901034 0.7595693779904307 0.08285385500575373 0.022727272727272728
3 0.45051783659378597 0.8385167464114832 0.14039125431530494 0.01555023923444976
3 0.5937859608745685 0.6901913875598086 0.08170310701956271 0.022727272727272728
3 0.766398158803222 0.6901913875598086 0.08170310701956271 0.022727272727272728
3 0.2807825086306099 0.29904306220095694 0.15995397008055237 0.1076555023923445
3 0.45051783659378597 0.8074162679425837 0.14039125431530494 0.0430622009569378
3 0.6231300345224395 0.7272727272727273 0.14039125431530494 0.0215311004784689
3 0.7957422324510932 0.7272727272727273 0.14039125431530494 0.0215311004784689
3 0.3803222094361335 0.0023923444976076554 0.026467203682393557 0.004784688995215311
3 0.41858457997698506 0.0023923444976076554 0.029344073647871116 0.004784688995215311
3 0.4692174913693901 0.0023923444976076554 0.0523590333716916 0.004784688995215311
3 0.5149597238204833 0.0023923444976076554 0.020713463751438434 0.004784688995215311
3 0.5483314154200231 0.0023923444976076554 0.026467203682393557 0.004784688995215311
3 0.5828538550057537 0.0023923444976076554 0.023014959723820484 0.004784688995215311
3 0.238204833141542 0.7583732057416268 0.07479861910241657 0.0215311004784689
3 0.21173762945914845 0.8516746411483254 0.02186421173762946 0.0215311004784689
3 0.21576524741081704 0.8803827751196173 0.03049482163406214 0.0215311004784689
3 0.2094361334867664 0.9090909090909091 0.01726121979286536 0.0215311004784689
3 0.22727272727272727 0.937799043062201 0.053509781357882626 0.0215311004784689
3 0.21173762945914845 0.9665071770334929 0.02243958573072497 0.0215311004784689
3 0.2813578826237054 0.7583732057416268 0.005753739930955121 0.0215311004784689
3 0.2289988492520138 0.8516746411483254 0.007479861910241657 0.0215311004784689
3 0.23878020713463752 0.8803827751196173 0.00863060989643268 0.0215311004784689
3 0.22497123130034521 0.9090909090909091 0.00805523590333717 0.0215311004784689
3 0.2612197928653625 0.937799043062201 0.00805523590333717 0.0215311004784689
3 0.22957422324510932 0.9665071770334929 0.006329113924050633 0.0215311004784689
3 0.2376294591484465 0.004784688995215311 0.0667433831990794 0.009569377990430622
3 0.2330264672036824 0.21411483253588517 0.06501726121979287 0.023923444976076555
3 0.2911392405063291 0.21411483253588517 0.028768699654775604 0.023923444976076555
3 0.3331415420023015 0.21411483253588517 0.0333716915995397 0.023923444976076555