0 0.7623705408515535 0.2452153110047847 0.06501726121979287 0.01674641148325359
0 0.8475258918296893 0.3492822966507177 0.018411967779056387 0.03827751196172249
1 0.35615650172612195 0.3492822966507177 0.04948216340621404 0.10287081339712918
1 0.42117376294591485 0.3492822966507177 0.04948216340621404 0.10287081339712918
1 0.4856156501726122 0.3492822966507177 0.04948216340621404 0.10287081339712918
1 0.5506329113924051 0.3492822966507177 0.04948216340621404 0.10287081339712918
1 0.6150747986191024 0.3492822966507177 0.04948216340621404 0.10287081339712918
1 0.6800920598388953 0.3492822966507177 0.04948216340621404 0.10287081339712918
1 0.7445339470655926 0.3492822966507177 0.04948216340621404 0.10287081339712918
1 0.8095512082853855 0.3492822966507177 0.04948216340621404 0.10287081339712918
1 0.4096662830840046 0.6016746411483254 0.16340621403912542 0.3397129186602871
1 0.5822784810126582 0.6016746411483254 0.16340621403912542 0.3397129186602871
1 0.7548906789413119 0.6016746411483254 0.16340621403912542 0.3397129186602871
3 0.380897583429229 0.8516746411483254 0.08285385500575373 0.022727272727272728
3 0.5535097813578826 0.8516746411483254 0.08285385500575373 0.022727272727272728
3 0.7065592635212888 0.8995215311004785 0.04430379746835443 0.022727272727272728
3 0.7548906789413119 0.9784688995215312 0.14039125431530494 0.01555023923444976
3 0.23993095512082854 0.2930622009569378 0.15995397008055237 0.03588516746411483
3 0.4096662830840046 0.8995215311004785 0.14039125431530494 0.0430622009569378
3 0.5822784810126582 0.888755980861244 0.14039125431530494 0.0215311004784689
3 0.7548906789413119 0.9473684210526315 0.14039125431530494 0.0430622009569378
3 0.3394706559263521 0.0215311004784689 0.025891829689298044 0.023923444976076555
3 0.37744533947065595 0.0215311004784689 0.028768699654775604 0.023923444976076555
3 0.428078250863061 0.0215311004784689 0.05178365937859609 0.023923444976076555
3 0.47410817031070196 0.0215311004784689 0.020138089758342925 0.023923444976076555
3 0.5074798619102416 0.0215311004784689 0.025891829689298044 0.023923444976076555
3 0.5420023014959724 0.0215311004784689 0.02243958573072497 0.023923444976076555
3 0.19735327963176064 0.611244019138756 0.07479861910241657 0.0215311004784689
3 0.16973532796317606 0.7045454545454546 0.020138089758342925 0.0215311004784689
3 0.17433831990794016 0.7332535885167464 0.028768699654775604 0.0215311004784689
3 0.17894131185270426 0.7619617224880383 0.03855005753739931 0.0215311004784689
3 0.16973532796317606 0.7906698564593302 0.020138089758342925 0.0215311004784689
3 0.16973532796317606 0.819377990430622 0.020138089758342925 0.0215311004784689
3 0.17088607594936708 0.8480861244019139 0.02243958573072497 0.0215311004784689
3 0.1766398158803222 0.9413875598086124 0.0333716915995397 0.0215311004784689
3 0.19217491369390102 0.9700956937799043 0.06501726121979287 0.0215311004784689
3 0.1904487917146145 0.993421052631579 0.06214039125431531 0.01076555023923445
3 0.25028768699654774 0.611244019138756 0.025891829689298044 0.0215311004784689
3 0.19792865362485615 0.7045454545454546 0.02991944764096663 0.0215311004784689
3 0.20598388952819333 0.7332535885167464 0.028768699654775604 0.0215311004784689
3 0.21518987341772153 0.7619617224880383 0.02819332566168009 0.0215311004784689
3 0.1956271576524741 0.7906698564593302 0.025891829689298044 0.0215311004784689
3 0.19792865362485615 0.819377990430622 0.028768699654775604 0.0215311004784689
3 0.19505178365937859 0.8480861244019139 0.018411967779056387 0.0215311004784689
3 0.21058688147295743 0.9413875598086124 0.02761795166858458 0.0215311004784689
3 0.2422324510932106 0.9700956937799043 0.028768699654775604 0.0215311004784689
3 0.238204833141542 0.993421052631579 0.028768699654775604 0.01076555023923445
3 0.20138089758342922 0.008373205741626795 0.0667433831990794 0.01674641148325359
3 0.19677790563866512 0.02631578947368421 0.0661680092059839 0.023923444976076555
3 0.19217491369390102 0.24401913875598086 0.06501726121979287 0.023923444976076555