0 0.5858638743455498 0.02717391304347826 0.024083769633507852 0.042391304347826085
0 0.21465968586387435 0.40217391304347827 0.010471204188481676 0.021739130434782608
0 0.7319371727748691 0.2956521739130435 0.059162303664921465 0.015217391304347827
1 0.7162303664921466 0.02826086956521739 0.17801047120418848 0.042391304347826085
1 0.4109947643979058 0.49130434782608695 0.1486910994764398 0.30869565217391304
1 0.5680628272251309 0.49130434782608695 0.1486910994764398 0.30869565217391304
1 0.725130890052356 0.49130434782608695 0.1486910994764398 0.30869565217391304
1 0.22251308900523561 0.02826086956521739 0.07015706806282722 0.03695652173913044
2 0.44136125654450264 0.02717391304347826 0.31308900523560207 0.042391304347826085
2 0.5047120418848168 0.02717391304347826 0.007329842931937173 0.015217391304347827
3 0.5335078534031413 0.02826086956521739 0.08115183246073299 0.02826086956521739
3 0.3769633507853403 0.7184782608695652 0.060209424083769635 0.020652173913043477
3 0.5340314136125655 0.7369565217391304 0.060209424083769635 0.020652173913043477
3 0.6910994764397905 0.7184782608695652 0.060209424083769635 0.020652173913043477
3 0.725130890052356 0.7902173913043479 0.12774869109947645 0.014130434782608696
3 0.5387434554973822 0.02717391304347826 0.05602094240837696 0.021739130434782608
3 0.5387434554973822 0.02717391304347826 0.05602094240837696 0.021739130434782608
3 0.25654450261780104 0.33043478260869563 0.14554973821989528 0.03260869565217391
3 0.4109947643979058 0.7619565217391304 0.12774869109947645 0.0391304347826087
3 0.5680628272251309 0.7804347826086957 0.12774869109947645 0.0391304347826087
3 0.725130890052356 0.7619565217391304 0.12774869109947645 0.0391304347826087
3 0.3471204188481675 0.08369565217391305 0.02356020942408377 0.021739130434782608
3 0.38167539267015704 0.08369565217391305 0.02617801047120419 0.021739130434782608
3 0.42774869109947644 0.08369565217391305 0.04712041884816754 0.021739130434782608
3 0.46963350785340313 0.08369565217391305 0.01832460732984293 0.021739130434782608
3 0.5 0.08369565217391305 0.02356020942408377 0.021739130434782608
3 0.5314136125654451 0.08369565217391305 0.020418848167539267 0.021739130434782608
3 0.21780104712041884 0.6760869565217391 0.06806282722513089 0.01956521739130435
3 0.1968586387434555 0.7608695652173914 0.02617801047120419 0.01956521739130435
3 0.19267015706806281 0.7869565217391304 0.01832460732984293 0.01956521739130435
3 0.19267015706806281 0.8130434782608695 0.01832460732984293 0.01956521739130435
3 0.20104712041884817 0.8391304347826087 0.03507853403141361 0.01956521739130435
3 0.19267015706806281 0.8652173913043478 0.01832460732984293 0.01956521739130435
3 0.193717277486911 0.8913043478260869 0.020418848167539267 0.01956521739130435
3 0.1968586387434555 0.9760869565217392 0.026701570680628273 0.01956521739130435
3 0.2638743455497382 0.6760869565217391 0.0193717277486911 0.01956521739130435
3 0.22198952879581152 0.7608695652173914 0.0193717277486911 0.01956521739130435
3 0.21465968586387435 0.7869565217391304 0.0193717277486911 0.01956521739130435
3 0.21465968586387435 0.8130434782608695 0.019895287958115182 0.01956521739130435
3 0.23089005235602095 0.8391304347826087 0.018848167539267015 0.01956521739130435
3 0.21256544502617802 0.8652173913043478 0.015706806282722512 0.01956521739130435
3 0.2130890052356021 0.8913043478260869 0.011518324607329843 0.01956521739130435
3 0.22251308900523561 0.9760869565217392 0.018848167539267015 0.01956521739130435
3 0.22146596858638742 0.06739130434782609 0.060209424083769635 0.021739130434782608
3 0.21727748691099477 0.08804347826086957 0.060209424083769635 0.021739130434782608
3 0.2130890052356021 0.2858695652173913 0.059162303664921465 0.021739130434782608
3 0.26596858638743454 0.2858695652173913 0.02617801047120419 0.021739130434782608
3 0.3041884816753927 0.2858695652173913 0.030366492146596858 0.021739130434782608