0 0.6220136518771331 0.008865248226950355 0.026734926052332197 0.01773049645390071
0 0.21843003412969283 0.40189125295508277 0.011376564277588168 0.02364066193853428
0 0.7804323094425484 0.2860520094562648 0.06427758816837315 0.016548463356973995
1 0.7636518771331058 0.009456264775413711 0.19397042093287828 0.018912529550827423
1 0.431740614334471 0.4988179669030733 0.161547212741752 0.33569739952718675
1 0.6023890784982935 0.4988179669030733 0.161547212741752 0.33569739952718675
1 0.773037542662116 0.4988179669030733 0.161547212741752 0.33569739952718675
1 0.22724687144482367 0.008274231678486997 0.07679180887372014 0.016548463356973995
2 0.46501706484641636 0.008865248226950355 0.34072810011376564 0.01773049645390071
2 0.5338452787258248 0.0017730496453900709 0.008532423208191127 0.0035460992907801418
3 0.5648464163822525 0.00591016548463357 0.08873720136518772 0.01182033096926714
3 0.39476678043230945 0.7458628841607565 0.06541524459613197 0.022458628841607566
3 0.565415244596132 0.7659574468085106 0.06541524459613197 0.022458628841607566
3 0.7360637087599545 0.7458628841607565 0.06541524459613197 0.022458628841607566
3 0.773037542662116 0.8238770685579196 0.13879408418657566 0.015366430260047281
3 0.5705346985210467 0.0035460992907801418 0.06143344709897611 0.0070921985815602835
3 0.5705346985210467 0.0035460992907801418 0.06143344709897611 0.0070921985815602835
3 0.26393629124004553 0.32387706855791965 0.15813424345847554 0.03546099290780142
3 0.431740614334471 0.793144208037825 0.13879408418657566 0.0425531914893617
3 0.6023890784982935 0.8132387706855791 0.13879408418657566 0.0425531914893617
3 0.773037542662116 0.793144208037825 0.13879408418657566 0.0425531914893617
3 0.3623435722411832 0.05555555555555555 0.025597269624573378 0.02364066193853428
3 0.3998862343572241 0.05555555555555555 0.02844141069397042 0.02364066193853428
3 0.4499431171786121 0.05555555555555555 0.051194539249146756 0.02364066193853428
3 0.49544937428896474 0.05555555555555555 0.019908987485779295 0.02364066193853428
3 0.5284414106939704 0.05555555555555555 0.025597269624573378 0.02364066193853428
3 0.5625711035267349 0.05555555555555555 0.02218430034129693 0.02364066193853428
3 0.22184300341296928 0.6997635933806147 0.07394766780432309 0.02127659574468085
3 0.19908987485779295 0.7919621749408984 0.02844141069397042 0.02127659574468085
3 0.1945392491467577 0.8203309692671394 0.019908987485779295 0.02127659574468085
3 0.1945392491467577 0.8486997635933806 0.019908987485779295 0.02127659574468085
3 0.2036405005688282 0.8770685579196218 0.03811149032992037 0.02127659574468085
3 0.1945392491467577 0.9054373522458629 0.019908987485779295 0.02127659574468085
3 0.1956769055745165 0.933806146572104 0.02218430034129693 0.02127659574468085
3 0.27189988623435724 0.6997635933806147 0.02104664391353811 0.02127659574468085
3 0.22639362912400454 0.7919621749408984 0.02104664391353811 0.02127659574468085
3 0.21843003412969283 0.8203309692671394 0.02104664391353811 0.02127659574468085
3 0.21843003412969283 0.8486997635933806 0.02161547212741752 0.02127659574468085
3 0.2360637087599545 0.8770685579196218 0.020477815699658702 0.02127659574468085
3 0.2161547212741752 0.9054373522458629 0.017064846416382253 0.02127659574468085
3 0.2167235494880546 0.933806146572104 0.012514220705346985 0.02127659574468085
3 0.22582480091012513 0.037825059101654845 0.06541524459613197 0.02364066193853428
3 0.22127417519908987 0.06028368794326241 0.06541524459613197 0.02364066193853428
3 0.2167235494880546 0.27541371158392436 0.06427758816837315 0.02364066193853428
3 0.27417519908987487 0.27541371158392436 0.02844141069397042 0.02364066193853428
3 0.31569965870307165 0.27541371158392436 0.03299203640500569 0.02364066193853428