0 0.5514789533560864 0.0070921985815602835 0.026734926052332197 0.014184397163120567
0 0.6814562002275313 0.7848699763593381 0.18088737201365188 0.05673758865248227
0 0.7042093287827076 0.8297872340425532 0.12684869169510807 0.014184397163120567
1 0.6931171786120591 0.0076832151300236405 0.19397042093287828 0.015366430260047281
1 0.14050056882821388 0.23049645390070922 0.02502844141069397 0.05200945626477541
1 0.3572241183162685 0.524822695035461 0.3799772468714448 0.5531914893617021
1 0.14050056882821388 0.30141843971631205 0.02502844141069397 0.05200945626477541
1 0.14050056882821388 0.3723404255319149 0.02502844141069397 0.05200945626477541
1 0.14050056882821388 0.4432624113475177 0.02502844141069397 0.05200945626477541
1 0.14050056882821388 0.5141843971631206 0.02502844141069397 0.05200945626477541
1 0.14050056882821388 0.5851063829787234 0.02502844141069397 0.05200945626477541
1 0.6040955631399317 0.9219858156028369 0.022753128555176336 0.04728132387706856
1 0.6348122866894198 0.9219858156028369 0.022753128555176336 0.04728132387706856
1 0.156712172923777 0.0065011820330969266 0.07679180887372014 0.013002364066193853
2 0.39448236632536976 0.0070921985815602835 0.34072810011376564 0.014184397163120567
3 0.6319681456200228 0.4574468085106383 0.08248009101251422 0.02127659574468085
3 0.6814562002275313 0.7340425531914894 0.18088737201365188 0.024822695035460994
3 0.6814562002275313 0.8723404255319149 0.18088737201365188 0.024822695035460994
3 0.14050056882821388 0.24940898345153664 0.02844141069397042 0.026004728132387706
3 0.14050056882821388 0.3203309692671395 0.02844141069397042 0.026004728132387706
3 0.14050056882821388 0.3912529550827423 0.02844141069397042 0.026004728132387706
3 0.14050056882821388 0.46217494089834515 0.02844141069397042 0.026004728132387706
3 0.14050056882821388 0.533096926713948 0.02844141069397042 0.026004728132387706
3 0.14050056882821388 0.6040189125295509 0.02844141069397042 0.026004728132387706
3 0.14050056882821388 0.24940898345153664 0.02844141069397042 0.026004728132387706
3 0.14050056882821388 0.3203309692671395 0.02844141069397042 0.026004728132387706
3 0.14050056882821388 0.3912529550827423 0.02844141069397042 0.026004728132387706
3 0.14050056882821388 0.46217494089834515 0.02844141069397042 0.026004728132387706
3 0.14050056882821388 0.533096926713948 0.02844141069397042 0.026004728132387706
3 0.14050056882821388 0.6040189125295509 0.02844141069397042 0.026004728132387706
3 0.6706484641638225 0.2907801418439716 0.15984072810011377 0.0591016548463357
3 0.6899886234357224 0.5307328605200946 0.16382252559726962 0.02364066193853428
3 0.6899886234357224 0.5555555555555556 0.16382252559726962 0.02127659574468085
3 0.6888509670079636 0.6276595744680851 0.16552901023890784 0.02364066193853428
3 0.6888509670079636 0.6524822695035462 0.16552901023890784 0.02127659574468085
3 0.29180887372013653 0.05200945626477541 0.025597269624573378 0.02364066193853428
3 0.3293515358361775 0.05200945626477541 0.02844141069397042 0.02364066193853428
3 0.3794084186575654 0.05200945626477541 0.051194539249146756 0.02364066193853428
3 0.4249146757679181 0.05200945626477541 0.019908987485779295 0.02364066193853428
3 0.4579067121729238 0.05200945626477541 0.025597269624573378 0.02364066193853428
3 0.4920364050056883 0.05200945626477541 0.02218430034129693 0.02364066193853428
3 0.1552901023890785 0.034278959810874705 0.06541524459613197 0.02364066193853428
3 0.15073947667804324 0.05673758865248227 0.06541524459613197 0.02364066193853428
3 0.21843003412969283 0.15602836879432624 0.06427758816837315 0.016548463356973995
3 0.2753128555176337 0.15602836879432624 0.02844141069397042 0.016548463356973995
3 0.3162684869169511 0.15602836879432624 0.03299203640500569 0.016548463356973995
3 0.35551763367463024 0.15602836879432624 0.024459613196814563 0.016548463356973995
3 0.3924914675767918 0.15602836879432624 0.02844141069397042 0.016548463356973995
3 0.4340159271899886 0.15602836879432624 0.034129692832764506 0.016548463356973995
3 0.47554038680318544 0.15602836879432624 0.02901023890784983 0.016548463356973995