2 0.6072916666666667 0.12864864864864864 0.146875 0.05189189189189189
3 0.1828125 0 0 0
3 0.22291666666666668 0.03027027027027027 0.06979166666666667 0.036756756756756756
3 0.7135416666666666 0.03351351351351351 0.0578125 0.021621621621621623
3 0.759375 0.03351351351351351 0.033854166666666664 0.021621621621621623
3 0.7916666666666666 0.03351351351351351 0.030729166666666665 0.021621621621621623
3 0.22083333333333333 0.9308108108108109 0.06614583333333333 0.02054054054054054
3 0.29270833333333335 0.9308108108108109 0.07760416666666667 0.02054054054054054
3 0.3802083333333333 0.9308108108108109 0.096875 0.02054054054054054
3 0.48072916666666665 0.9308108108108109 0.10416666666666667 0.02054054054054054
3 0.5463541666666667 0.9308108108108109 0.027604166666666666 0.02054054054054054
3 0.5854166666666667 0.9308108108108109 0.050520833333333334 0.02054054054054054
3 0.4953125 0.9762162162162162 0.6145833333333334 0.012972972972972972
3 0.6072916666666667 0.13405405405405404 0.146875 0.08864864864864865
3 0.6072916666666667 0.13405405405405404 0.146875 0.08864864864864865
3 0.40625 0.12756756756756757 0.19270833333333334 0.02054054054054054