0 0.5807291666666666 0.009014423076923076 0.027199074074074073 0.018028846153846152
0 0.7418981481481481 0.2512019230769231 0.06539351851851852 0.016826923076923076
1 0.7248263888888888 0.009615384615384616 0.19733796296296297 0.019230769230769232
1 0.3871527777777778 0.4675480769230769 0.16435185185185186 0.34134615384615385
1 0.5607638888888888 0.4675480769230769 0.16435185185185186 0.34134615384615385
1 0.734375 0.4675480769230769 0.16435185185185186 0.34134615384615385
1 0.1791087962962963 0.008413461538461538 0.078125 0.016826923076923076
2 0.4210069444444444 0.009014423076923076 0.34664351851851855 0.018028846153846152
2 0.4910300925925926 0.0018028846153846155 0.008680555555555556 0.003605769230769231
3 0.5225694444444444 0.006009615384615385 0.09027777777777778 0.01201923076923077
3 0.34953703703703703 0.71875 0.06655092592592593 0.02283653846153846
3 0.3871527777777778 0.7980769230769231 0.1412037037037037 0.015625
3 0.5231481481481481 0.71875 0.06655092592592593 0.02283653846153846
3 0.6967592592592593 0.71875 0.06655092592592593 0.02283653846153846
3 0.5283564814814815 0.003605769230769231 0.0625 0.007211538461538462
3 0.5283564814814815 0.003605769230769231 0.0625 0.007211538461538462
3 0.21643518518518517 0.28966346153846156 0.16087962962962962 0.036057692307692304
3 0.3871527777777778 0.7668269230769231 0.1412037037037037 0.04326923076923077
3 0.5607638888888888 0.7560096153846154 0.1412037037037037 0.021634615384615384
3 0.734375 0.7668269230769231 0.1412037037037037 0.04326923076923077
3 0.31655092592592593 0.056490384615384616 0.026041666666666668 0.02403846153846154
3 0.35474537037037035 0.056490384615384616 0.028935185185185185 0.02403846153846154
3 0.4056712962962963 0.056490384615384616 0.052083333333333336 0.02403846153846154
3 0.4519675925925926 0.056490384615384616 0.02025462962962963 0.02403846153846154
3 0.4855324074074074 0.056490384615384616 0.026041666666666668 0.02403846153846154
3 0.5202546296296297 0.056490384615384616 0.022569444444444444 0.02403846153846154
3 0.1736111111111111 0.609375 0.07523148148148148 0.021634615384615384
3 0.15046296296296297 0.703125 0.028935185185185185 0.021634615384615384
3 0.14583333333333334 0.7319711538461539 0.02025462962962963 0.021634615384615384
3 0.14583333333333334 0.7608173076923077 0.02025462962962963 0.021634615384615384
3 0.1550925925925926 0.7896634615384616 0.03877314814814815 0.021634615384615384
3 0.14583333333333334 0.8185096153846154 0.02025462962962963 0.021634615384615384
3 0.14699074074074073 0.8473557692307693 0.022569444444444444 0.021634615384615384
3 0.14814814814814814 0.9411057692307693 0.02488425925925926 0.021634615384615384
3 0.14814814814814814 0.9699519230769231 0.024305555555555556 0.021634615384615384
3 0.14612268518518517 0.9933894230769231 0.02025462962962963 0.010817307692307692
3 0.22569444444444445 0.609375 0.023726851851851853 0.021634615384615384
3 0.17939814814814814 0.703125 0.023726851851851853 0.021634615384615384
3 0.1712962962962963 0.7319711538461539 0.023726851851851853 0.021634615384615384
3 0.1701388888888889 0.7608173076923077 0.02199074074074074 0.021634615384615384
3 0.1880787037037037 0.7896634615384616 0.020833333333333332 0.021634615384615384
3 0.1701388888888889 0.8185096153846154 0.02199074074074074 0.021634615384615384
3 0.1684027777777778 0.8473557692307693 0.01273148148148148 0.021634615384615384
3 0.17592592592592593 0.9411057692307693 0.024305555555555556 0.021634615384615384
3 0.1701388888888889 0.9699519230769231 0.013310185185185185 0.021634615384615384
3 0.1629050925925926 0.9933894230769231 0.008680555555555556 0.010817307692307692
3 0.17766203703703703 0.038461538461538464 0.06655092592592593 0.02403846153846154
3 0.1730324074074074 0.06129807692307692 0.06655092592592593 0.02403846153846154
3 0.1684027777777778 0.2403846153846154 0.06539351851851852 0.02403846153846154
3 0.22685185185185186 0.2403846153846154 0.028935185185185185 0.02403846153846154
3 0.2690972222222222 0.2403846153846154 0.03356481481481482 0.02403846153846154