0 0.7479861910241657 0.22607655502392343 0.06501726121979287 0.01674641148325359
1 0.3952819332566168 0.44138755980861244 0.16340621403912542 0.3397129186602871
1 0.5678941311852704 0.44138755980861244 0.16340621403912542 0.3397129186602871
1 0.740506329113924 0.44138755980861244 0.16340621403912542 0.3397129186602871
3 0.3578826237054085 0.6913875598086124 0.0661680092059839 0.022727272727272728
3 0.5304948216340621 0.6913875598086124 0.0661680092059839 0.022727272727272728
3 0.7226697353279632 0.7129186602870813 0.1047180667433832 0.022727272727272728
3 0.740506329113924 0.7918660287081339 0.14039125431530494 0.01555023923444976
3 0.22554660529344073 0.26435406698564595 0.15995397008055237 0.03588516746411483
3 0.3952819332566168 0.7392344497607656 0.14039125431530494 0.0430622009569378
3 0.5678941311852704 0.7392344497607656 0.14039125431530494 0.0430622009569378
3 0.740506329113924 0.7607655502392344 0.14039125431530494 0.0430622009569378
3 0.32508630609896433 0.03229665071770335 0.025891829689298044 0.023923444976076555
3 0.3630609896432681 0.03229665071770335 0.028768699654775604 0.023923444976076555
3 0.41369390103567316 0.03229665071770335 0.05178365937859609 0.023923444976076555
3 0.45972382048331417 0.03229665071770335 0.020138089758342925 0.023923444976076555
3 0.49309551208285385 0.03229665071770335 0.025891829689298044 0.023923444976076555
3 0.5276179516685846 0.03229665071770335 0.02243958573072497 0.023923444976076555
3 0.18296892980437285 0.5825358851674641 0.07479861910241657 0.0215311004784689
3 0.16455696202531644 0.6758373205741627 0.03855005753739931 0.0215311004784689
3 0.15535097813578827 0.7045454545454546 0.020138089758342925 0.0215311004784689
3 0.15995397008055237 0.7332535885167464 0.028768699654775604 0.0215311004784689
3 0.15535097813578827 0.7619617224880383 0.020138089758342925 0.0215311004784689
3 0.15535097813578827 0.7906698564593302 0.020138089758342925 0.0215311004784689
3 0.1565017261219793 0.819377990430622 0.02243958573072497 0.0215311004784689
3 0.1622554660529344 0.9126794258373205 0.03394706559263521 0.0215311004784689
3 0.15535097813578827 0.9413875598086124 0.019562715765247412 0.0215311004784689
3 0.16858457997698503 0.9700956937799043 0.04660529344073648 0.0215311004784689
3 0.15794016110471806 0.993421052631579 0.02474108170310702 0.01076555023923445
3 0.23072497123130034 0.5825358851674641 0.014959723820483314 0.0215311004784689
3 0.19907940161104717 0.6758373205741627 0.024165707710011506 0.0215311004784689
3 0.1806674338319908 0.7045454545454546 0.024165707710011506 0.0215311004784689
3 0.18757192174913695 0.7332535885167464 0.021288837744533946 0.0215311004784689
3 0.17779056386651323 0.7619617224880383 0.017836593785960874 0.0215311004784689
3 0.1766398158803222 0.7906698564593302 0.01668584579976985 0.0215311004784689
3 0.17548906789413118 0.819377990430622 0.00863060989643268 0.0215311004784689
3 0.19390103567318756 0.9126794258373205 0.023590333716915997 0.0215311004784689
3 0.17433831990794016 0.9413875598086124 0.012658227848101266 0.0215311004784689
3 0.20138089758342922 0.9700956937799043 0.013233601841196778 0.0215311004784689
3 0.17836593785960875 0.993421052631579 0.011507479861910242 0.01076555023923445
3 0.18699654775604144 0.014354066985645933 0.0661680092059839 0.023923444976076555
3 0.18239355581127734 0.03708133971291866 0.0661680092059839 0.023923444976076555
3 0.17779056386651323 0.215311004784689 0.06501726121979287 0.023923444976076555
3 0.23590333716915995 0.215311004784689 0.028768699654775604 0.023923444976076555
3 0.27790563866513235 0.215311004784689 0.0333716915995397 0.023923444976076555