0 0.5878306878306878 0.02197802197802198 0.02433862433862434 0.04285714285714286
0 0.7354497354497355 0.2571428571428571 0.059788359788359786 0.015384615384615385
1 0.7195767195767195 0.023076923076923078 0.17989417989417988 0.04285714285714286
1 0.4111111111111111 0.45494505494505494 0.15026455026455027 0.3120879120879121
1 0.5698412698412698 0.45494505494505494 0.15026455026455027 0.3120879120879121
1 0.7285714285714285 0.45494505494505494 0.15026455026455027 0.3120879120879121
1 0.22063492063492063 0.023076923076923078 0.07089947089947089 0.03736263736263736
2 0.4417989417989418 0.02197802197802198 0.3164021164021164 0.04285714285714286
2 0.5058201058201058 0.02197802197802198 0.007407407407407408 0.015384615384615385
3 0.5349206349206349 0.023076923076923078 0.082010582010582 0.02857142857142857
3 0.37671957671957673 0.6846153846153846 0.06084656084656084 0.020879120879120878
3 0.5354497354497354 0.6846153846153846 0.06084656084656084 0.020879120879120878
3 0.7121693121693121 0.7043956043956044 0.0962962962962963 0.020879120879120878
3 0.7285714285714285 0.7769230769230769 0.1291005291005291 0.014285714285714285
3 0.5402116402116403 0.02197802197802198 0.056613756613756616 0.02197802197802198
3 0.5402116402116403 0.02197802197802198 0.056613756613756616 0.02197802197802198
3 0.25502645502645505 0.2923076923076923 0.14708994708994708 0.03296703296703297
3 0.4111111111111111 0.7285714285714285 0.1291005291005291 0.03956043956043956
3 0.5698412698412698 0.7285714285714285 0.1291005291005291 0.03956043956043956
3 0.7285714285714285 0.7483516483516484 0.1291005291005291 0.03956043956043956
3 0.34656084656084657 0.07912087912087912 0.023809523809523808 0.02197802197802198
3 0.3814814814814815 0.07912087912087912 0.026455026455026454 0.02197802197802198
3 0.42804232804232806 0.07912087912087912 0.047619047619047616 0.02197802197802198
3 0.4703703703703704 0.07912087912087912 0.018518518518518517 0.02197802197802198
3 0.5010582010582011 0.07912087912087912 0.023809523809523808 0.02197802197802198
3 0.5328042328042328 0.07912087912087912 0.020634920634920634 0.02197802197802198
3 0.21587301587301588 0.5846153846153846 0.06878306878306878 0.01978021978021978
3 0.19894179894179895 0.6703296703296703 0.035449735449735446 0.01978021978021978
3 0.19047619047619047 0.6967032967032967 0.018518518518518517 0.01978021978021978
3 0.19470899470899472 0.7230769230769231 0.026455026455026454 0.01978021978021978
3 0.19047619047619047 0.7494505494505495 0.018518518518518517 0.01978021978021978
3 0.19047619047619047 0.7758241758241758 0.018518518518518517 0.01978021978021978
3 0.19153439153439153 0.8021978021978022 0.020634920634920634 0.01978021978021978
3 0.19682539682539682 0.8879120879120879 0.031216931216931216 0.01978021978021978
3 0.19047619047619047 0.9142857142857143 0.01798941798941799 0.01978021978021978
3 0.20264550264550266 0.9406593406593406 0.04285714285714286 0.01978021978021978
3 0.1925925925925926 0.967032967032967 0.022222222222222223 0.01978021978021978
3 0.18915343915343916 0.9912087912087912 0.015343915343915344 0.015384615384615385
3 0.2597883597883598 0.5846153846153846 0.013756613756613757 0.01978021978021978
3 0.2306878306878307 0.6703296703296703 0.022222222222222223 0.01978021978021978
3 0.21375661375661376 0.6967032967032967 0.022222222222222223 0.01978021978021978
3 0.2201058201058201 0.7230769230769231 0.019576719576719578 0.01978021978021978
3 0.2111111111111111 0.7494505494505495 0.0164021164021164 0.01978021978021978
3 0.21005291005291005 0.7758241758241758 0.015343915343915344 0.01978021978021978
3 0.20899470899470898 0.8021978021978022 0.007936507936507936 0.01978021978021978
3 0.22592592592592592 0.8879120879120879 0.021693121693121695 0.01978021978021978
3 0.20793650793650795 0.9142857142857143 0.01164021164021164 0.01978021978021978
3 0.2328042328042328 0.9406593406593406 0.01216931216931217 0.01978021978021978
3 0.21164021164021163 0.967032967032967 0.010052910052910053 0.01978021978021978
3 0.2037037037037037 0.9912087912087912 0.010582010582010581 0.015384615384615385
3 0.21957671957671956 0.06263736263736264 0.06084656084656084 0.02197802197802198
3 0.21534391534391534 0.08351648351648351 0.06084656084656084 0.02197802197802198
3 0.2111111111111111 0.24725274725274726 0.059788359788359786 0.02197802197802198
3 0.26455026455026454 0.24725274725274726 0.026455026455026454 0.02197802197802198
3 0.30317460317460315 0.24725274725274726 0.030687830687830688 0.02197802197802198