0 0.7378531073446327 0.22065727699530516 0.06384180790960452 0.01643192488262911
1 0.39152542372881355 0.431924882629108 0.16045197740112993 0.3333333333333333
1 0.5610169491525424 0.431924882629108 0.16045197740112993 0.3333333333333333
1 0.7305084745762712 0.431924882629108 0.16045197740112993 0.3333333333333333
3 0.35480225988700564 0.6772300469483568 0.06497175141242938 0.022300469483568074
3 0.39152542372881355 0.7546948356807511 0.13785310734463277 0.015258215962441314
3 0.5242937853107345 0.6772300469483568 0.06497175141242938 0.022300469483568074
3 0.6937853107344633 0.6772300469483568 0.06497175141242938 0.022300469483568074
3 0.2248587570621469 0.27582159624413144 0.15706214689265538 0.07042253521126761
3 0.39152542372881355 0.7241784037558685 0.13785310734463277 0.04225352112676056
3 0.5610169491525424 0.7241784037558685 0.13785310734463277 0.04225352112676056
3 0.7305084745762712 0.7241784037558685 0.13785310734463277 0.04225352112676056
3 0.3225988700564972 0.03051643192488263 0.025423728813559324 0.023474178403755867
3 0.35988700564971754 0.03051643192488263 0.02824858757062147 0.023474178403755867
3 0.4096045197740113 0.03051643192488263 0.05084745762711865 0.023474178403755867
3 0.4548022598870056 0.03051643192488263 0.01977401129943503 0.023474178403755867
3 0.48757062146892655 0.03051643192488263 0.025423728813559324 0.023474178403755867
3 0.5214689265536723 0.03051643192488263 0.022033898305084745 0.023474178403755867
3 0.18305084745762712 0.6056338028169014 0.07344632768361582 0.02112676056338028
3 0.16045197740112993 0.6971830985915493 0.02824858757062147 0.02112676056338028
3 0.15593220338983052 0.7253521126760564 0.01977401129943503 0.02112676056338028
3 0.15593220338983052 0.7535211267605634 0.01977401129943503 0.02112676056338028
3 0.15593220338983052 0.7816901408450704 0.01977401129943503 0.02112676056338028
3 0.16497175141242937 0.8098591549295775 0.03785310734463277 0.02112676056338028
3 0.15706214689265538 0.8380281690140845 0.022033898305084745 0.02112676056338028
3 0.15593220338983052 0.9295774647887324 0.01977401129943503 0.02112676056338028
3 0.15423728813559323 0.9577464788732394 0.015819209039548022 0.02112676056338028
3 0.15819209039548024 0.9859154929577465 0.023728813559322035 0.02112676056338028
3 0.23107344632768362 0.6056338028169014 0.01751412429378531 0.02112676056338028
3 0.188135593220339 0.6971830985915493 0.021468926553672316 0.02112676056338028
3 0.17740112994350282 0.7253521126760564 0.01751412429378531 0.02112676056338028
3 0.17796610169491525 0.7535211267605634 0.01694915254237288 0.02112676056338028
3 0.17627118644067796 0.7816901408450704 0.014689265536723164 0.02112676056338028
3 0.19265536723163842 0.8098591549295775 0.011864406779661017 0.02112676056338028
3 0.17796610169491525 0.8380281690140845 0.012429378531073447 0.02112676056338028
3 0.1807909604519774 0.9295774647887324 0.023728813559322035 0.02112676056338028
3 0.17005649717514124 0.9577464788732394 0.010169491525423728 0.02112676056338028
3 0.17740112994350282 0.9859154929577465 0.007909604519774011 0.02112676056338028
3 0.18700564971751413 0.012910798122065728 0.06497175141242938 0.023474178403755867
3 0.1824858757062147 0.035211267605633804 0.06497175141242938 0.023474178403755867
3 0.17796610169491525 0.21009389671361503 0.06384180790960452 0.023474178403755867
3 0.23502824858757063 0.21009389671361503 0.02824858757062147 0.023474178403755867
3 0.27627118644067794 0.21009389671361503 0.0327683615819209 0.023474178403755867