0 0.581989247311828 0.012276785714285714 0.025268817204301075 0.024553571428571428
0 0.7317204301075269 0.24107142857142858 0.06075268817204301 0.015625
1 0.7158602150537634 0.012834821428571428 0.18333333333333332 0.025669642857142856
1 0.4021505376344086 0.4419642857142857 0.15268817204301074 0.3169642857142857
1 0.5634408602150538 0.4419642857142857 0.15268817204301074 0.3169642857142857
1 0.7247311827956989 0.4419642857142857 0.15268817204301074 0.3169642857142857
1 0.20887096774193548 0.01171875 0.07258064516129033 0.0234375
2 0.4336021505376344 0.012276785714285714 0.32204301075268815 0.024553571428571428
2 0.4986559139784946 0.005580357142857143 0.008064516129032258 0.011160714285714286
3 0.5279569892473118 0.009486607142857142 0.08387096774193549 0.018973214285714284
3 0.3672043010752688 0.6752232142857143 0.06182795698924731 0.021205357142857144
3 0.4021505376344086 0.7488839285714286 0.13118279569892474 0.014508928571428572
3 0.5284946236559139 0.6752232142857143 0.06182795698924731 0.021205357142857144
3 0.6897849462365592 0.6752232142857143 0.06182795698924731 0.021205357142857144
3 0.5333333333333333 0.007254464285714286 0.05806451612903226 0.014508928571428572
3 0.5333333333333333 0.007254464285714286 0.05806451612903226 0.014508928571428572
3 0.2435483870967742 0.2935267857142857 0.14946236559139786 0.06696428571428571
3 0.4021505376344086 0.7198660714285714 0.13118279569892474 0.04017857142857143
3 0.5634408602150538 0.7198660714285714 0.13118279569892474 0.04017857142857143
3 0.7247311827956989 0.7198660714285714 0.13118279569892474 0.04017857142857143
3 0.3365591397849462 0.060267857142857144 0.024193548387096774 0.022321428571428572
3 0.3720430107526882 0.060267857142857144 0.026881720430107527 0.022321428571428572
3 0.41935483870967744 0.060267857142857144 0.04838709677419355 0.022321428571428572
3 0.46236559139784944 0.060267857142857144 0.01881720430107527 0.022321428571428572
3 0.4935483870967742 0.060267857142857144 0.024193548387096774 0.022321428571428572
3 0.5258064516129032 0.060267857142857144 0.020967741935483872 0.022321428571428572
3 0.20376344086021506 0.6071428571428571 0.06989247311827956 0.020089285714285716
3 0.18225806451612903 0.6941964285714286 0.026881720430107527 0.020089285714285716
3 0.17795698924731182 0.7209821428571429 0.01881720430107527 0.020089285714285716
3 0.17795698924731182 0.7477678571428571 0.01881720430107527 0.020089285714285716
3 0.17795698924731182 0.7745535714285714 0.01881720430107527 0.020089285714285716
3 0.18655913978494623 0.8013392857142857 0.03602150537634408 0.020089285714285716
3 0.17903225806451614 0.828125 0.020967741935483872 0.020089285714285716
3 0.17795698924731182 0.9151785714285714 0.01881720430107527 0.020089285714285716
3 0.17634408602150536 0.9419642857142857 0.015053763440860216 0.020089285714285716
3 0.18010752688172044 0.96875 0.02258064516129032 0.020089285714285716
3 0.24946236559139784 0.6071428571428571 0.016666666666666666 0.020089285714285716
3 0.2086021505376344 0.6941964285714286 0.02043010752688172 0.020089285714285716
3 0.19838709677419356 0.7209821428571429 0.016666666666666666 0.020089285714285716
3 0.1989247311827957 0.7477678571428571 0.016129032258064516 0.020089285714285716
3 0.19731182795698926 0.7745535714285714 0.013978494623655914 0.020089285714285716
3 0.2129032258064516 0.8013392857142857 0.01129032258064516 0.020089285714285716
3 0.1989247311827957 0.828125 0.011827956989247311 0.020089285714285716
3 0.20161290322580644 0.9151785714285714 0.02258064516129032 0.020089285714285716
3 0.1913978494623656 0.9419642857142857 0.00967741935483871 0.020089285714285716
3 0.19838709677419356 0.96875 0.007526881720430108 0.020089285714285716
3 0.2075268817204301 0.04352678571428571 0.06182795698924731 0.022321428571428572
3 0.2032258064516129 0.06473214285714286 0.06182795698924731 0.022321428571428572
3 0.1989247311827957 0.23102678571428573 0.06075268817204301 0.022321428571428572
3 0.2532258064516129 0.23102678571428573 0.026881720430107527 0.022321428571428572
3 0.2924731182795699 0.23102678571428573 0.03118279569892473 0.022321428571428572