0 0.5863874345549738 0.02608695652173913 0.024083769633507852 0.042391304347826085
0 0.706282722513089 0.7565217391304347 0.16649214659685863 0.05217391304347826
0 0.7261780104712042 0.7978260869565217 0.11465968586387434 0.013043478260869565
1 0.7167539267015707 0.02717391304347826 0.17801047120418848 0.042391304347826085
1 0.20837696335078534 0.2467391304347826 0.023036649214659685 0.04782608695652174
1 0.40785340314136126 0.5173913043478261 0.34973821989528797 0.508695652173913
1 0.20837696335078534 0.3119565217391304 0.023036649214659685 0.04782608695652174
1 0.20837696335078534 0.37717391304347825 0.023036649214659685 0.04782608695652174
1 0.20837696335078534 0.4423913043478261 0.023036649214659685 0.04782608695652174
1 0.20837696335078534 0.5076086956521739 0.023036649214659685 0.04782608695652174
1 0.6350785340314136 0.883695652173913 0.019895287958115182 0.041304347826086954
1 0.6633507853403141 0.8826086956521739 0.020942408376963352 0.043478260869565216
1 0.22303664921465968 0.02717391304347826 0.07015706806282722 0.03695652173913044
2 0.4418848167539267 0.02608695652173913 0.31308900523560207 0.042391304347826085
3 0.6607329842931937 0.45543478260869563 0.07591623036649214 0.01956521739130435
3 0.706282722513089 0.7097826086956521 0.16649214659685863 0.02282608695652174
3 0.706282722513089 0.8369565217391305 0.16649214659685863 0.02282608695652174
3 0.6722513089005235 0.9804347826086957 0.09895287958115183 0.01956521739130435
3 0.20837696335078534 0.26413043478260867 0.02617801047120419 0.02391304347826087
3 0.20837696335078534 0.3293478260869565 0.02617801047120419 0.02391304347826087
3 0.20837696335078534 0.39456521739130435 0.02617801047120419 0.02391304347826087
3 0.20837696335078534 0.4597826086956522 0.02617801047120419 0.02391304347826087
3 0.20837696335078534 0.525 0.02617801047120419 0.02391304347826087
3 0.20837696335078534 0.26413043478260867 0.02617801047120419 0.02391304347826087
3 0.20837696335078534 0.3293478260869565 0.02617801047120419 0.02391304347826087
3 0.20837696335078534 0.39456521739130435 0.02617801047120419 0.02391304347826087
3 0.20837696335078534 0.4597826086956522 0.02617801047120419 0.02391304347826087
3 0.20837696335078534 0.525 0.02617801047120419 0.02391304347826087
3 0.6963350785340314 0.31521739130434784 0.14712041884816754 0.08152173913043478
3 0.7141361256544503 0.5228260869565218 0.15078534031413612 0.021739130434782608
3 0.7141361256544503 0.5456521739130434 0.15078534031413612 0.01956521739130435
3 0.7130890052356021 0.6119565217391304 0.15235602094240838 0.021739130434782608
3 0.7130890052356021 0.6347826086956522 0.15235602094240838 0.01956521739130435
3 0.6722513089005235 0.9608695652173913 0.09895287958115183 0.01847826086956522
3 0.34764397905759165 0.08260869565217391 0.02356020942408377 0.021739130434782608
3 0.38219895287958117 0.08260869565217391 0.02617801047120419 0.021739130434782608
3 0.4282722513089005 0.08260869565217391 0.04712041884816754 0.021739130434782608
3 0.4701570680628272 0.08260869565217391 0.01832460732984293 0.021739130434782608
3 0.5005235602094241 0.08260869565217391 0.02356020942408377 0.021739130434782608
3 0.5319371727748691 0.08260869565217391 0.020418848167539267 0.021739130434782608
3 0.22198952879581152 0.06630434782608696 0.060209424083769635 0.021739130434782608
3 0.21780104712041884 0.08695652173913043 0.060209424083769635 0.021739130434782608
3 0.2801047120418848 0.1782608695652174 0.059162303664921465 0.015217391304347827
3 0.3324607329842932 0.1782608695652174 0.02617801047120419 0.015217391304347827
3 0.3701570680628272 0.1782608695652174 0.030366492146596858 0.015217391304347827
3 0.4083769633507853 0.1782608695652174 0.02617801047120419 0.015217391304347827
3 0.44659685863874343 0.1782608695652174 0.031413612565445025 0.015217391304347827
3 0.4848167539267016 0.1782608695652174 0.026701570680628273 0.015217391304347827