0 0.7620111731843575 0.22621809744779584 0.06312849162011173 0.016241299303944315
1 0.4195530726256983 0.43503480278422274 0.15865921787709497 0.3294663573085847
1 0.5871508379888268 0.43503480278422274 0.15865921787709497 0.3294663573085847
1 0.7547486033519553 0.43503480278422274 0.15865921787709497 0.3294663573085847
3 0.38324022346368714 0.7238979118329466 0.06424581005586592 0.022041763341067284
3 0.4195530726256983 0.8004640371229699 0.13631284916201117 0.015081206496519721
3 0.5508379888268157 0.6774941995359629 0.06424581005586592 0.022041763341067284
3 0.5871508379888268 0.7540603248259861 0.13631284916201117 0.015081206496519721
3 0.7184357541899441 0.6774941995359629 0.06424581005586592 0.022041763341067284
3 0.7547486033519553 0.7540603248259861 0.13631284916201117 0.015081206496519721
3 0.2547486033519553 0.28074245939675174 0.1553072625698324 0.06960556844547564
3 0.4195530726256983 0.7703016241299304 0.13631284916201117 0.04176334106728538
3 0.5871508379888268 0.7238979118329466 0.13631284916201117 0.04176334106728538
3 0.7547486033519553 0.7238979118329466 0.13631284916201117 0.04176334106728538
3 0.3513966480446927 0.0382830626450116 0.025139664804469275 0.02320185614849188
3 0.388268156424581 0.0382830626450116 0.027932960893854747 0.02320185614849188
3 0.4374301675977654 0.0382830626450116 0.05027932960893855 0.02320185614849188
3 0.482122905027933 0.0382830626450116 0.019553072625698324 0.02320185614849188
3 0.5145251396648045 0.0382830626450116 0.025139664804469275 0.02320185614849188
3 0.5480446927374302 0.0382830626450116 0.021787709497206705 0.02320185614849188
3 0.21340782122905028 0.6067285382830626 0.07262569832402235 0.02088167053364269
3 0.19106145251396647 0.697215777262181 0.027932960893854747 0.02088167053364269
3 0.18659217877094972 0.7250580046403712 0.019553072625698324 0.02088167053364269
3 0.18659217877094972 0.7529002320185615 0.019553072625698324 0.02088167053364269
3 0.19553072625698323 0.7807424593967517 0.037430167597765365 0.02088167053364269
3 0.18659217877094972 0.808584686774942 0.019553072625698324 0.02088167053364269
3 0.1877094972067039 0.8364269141531323 0.021787709497206705 0.02088167053364269
3 0.19106145251396647 0.9269141531322506 0.028491620111731845 0.02088167053364269
3 0.18659217877094972 0.9547563805104409 0.019553072625698324 0.02088167053364269
3 0.19050279329608938 0.9825986078886311 0.027374301675977653 0.02088167053364269
3 0.25921787709497207 0.6067285382830626 0.013966480446927373 0.02088167053364269
3 0.21899441340782122 0.697215777262181 0.022905027932960894 0.02088167053364269
3 0.20782122905027933 0.7250580046403712 0.01675977653631285 0.02088167053364269
3 0.20726256983240224 0.7529002320185615 0.015083798882681564 0.02088167053364269
3 0.22346368715083798 0.7807424593967517 0.012849162011173185 0.02088167053364269
3 0.20558659217877095 0.808584686774942 0.012290502793296089 0.02088167053364269
3 0.20614525139664805 0.8364269141531323 0.008379888268156424 0.02088167053364269
3 0.21620111731843575 0.9269141531322506 0.01564245810055866 0.02088167053364269
3 0.20670391061452514 0.9547563805104409 0.015083798882681564 0.02088167053364269
3 0.21396648044692737 0.9825986078886311 0.013966480446927373 0.02088167053364269
3 0.21731843575418994 0.02088167053364269 0.06424581005586592 0.02320185614849188
3 0.21284916201117318 0.042923433874709975 0.06424581005586592 0.02320185614849188
3 0.20837988826815643 0.21577726218097448 0.06312849162011173 0.02320185614849188
3 0.264804469273743 0.21577726218097448 0.027932960893854747 0.02320185614849188
3 0.30558659217877093 0.21577726218097448 0.03240223463687151 0.02320185614849188