0 0.584375 0.02918918918918919 0.023958333333333335 0.04216216216216216
1 0.7140625 0.03027027027027027 0.17708333333333334 0.04216216216216216
1 0.20520833333333333 0.2454054054054054 0.036458333333333336 0.07567567567567568
1 0.40625 0.4918918918918919 0.3619791666666667 0.5751351351351351
1 0.20520833333333333 0.3264864864864865 0.036458333333333336 0.07567567567567568
1 0.20520833333333333 0.40864864864864864 0.036458333333333336 0.07567567567567568
2 0.440625 0.02918918918918919 0.31145833333333334 0.04216216216216216
3 0.1828125 0 0 0
3 0.22291666666666668 0.03027027027027027 0.06979166666666667 0.036756756756756756
3 0.6729166666666667 0.08540540540540541 0.057291666666666664 0.021621621621621623
3 0.71875 0.08540540540540541 0.034375 0.021621621621621623
3 0.7609375 0.08540540540540541 0.050520833333333334 0.021621621621621623
3 0.7963541666666667 0.08324324324324324 0.013020833333333334 0.022702702702702703
3 0.21770833333333334 0.07783783783783783 0.06927083333333334 0.043243243243243246
3 0.30520833333333336 0.08540540540540541 0.04114583333333333 0.021621621621621623
3 0.346875 0.08540540540540541 0.0234375 0.021621621621621623
3 0.38125 0.08540540540540541 0.026041666666666668 0.021621621621621623
3 0.4270833333333333 0.08540540540540541 0.046875 0.021621621621621623
3 0.46875 0.08540540540540541 0.018229166666666668 0.021621621621621623
3 0.49895833333333334 0.08540540540540541 0.0234375 0.021621621621621623
3 0.5302083333333333 0.08540540540540541 0.0203125 0.021621621621621623
3 0.7140625 0.03351351351351351 0.17708333333333334 0.04756756756756757
3 0.2994791666666667 0.13513513513513514 0.0453125 0.021621621621621623
3 0.33958333333333335 0.13513513513513514 0.0234375 0.021621621621621623
3 0.39114583333333336 0.13513513513513514 0.06770833333333333 0.021621621621621623
3 0.2109375 0.17621621621621622 0.050520833333333334 0.01945945945945946
3 0.2677083333333333 0.17621621621621622 0.034895833333333334 0.021621621621621623
3 0.3234375 0.17621621621621622 0.0546875 0.021621621621621623
3 0.371875 0.17621621621621622 0.0203125 0.021621621621621623
3 0.434375 0.17621621621621622 0.08229166666666667 0.021621621621621623
3 0.5208333333333334 0.17621621621621622 0.06875 0.021621621621621623
3 0.5765625 0.17621621621621622 0.020833333333333332 0.021621621621621623
3 0.6072916666666667 0.17621621621621622 0.01875 0.021621621621621623
3 0.40625 0.4918918918918919 0.3619791666666667 0.5751351351351351
3 0.6963541666666667 0.4843243243243243 0.18333333333333332 0.05189189189189189
3 0.7822916666666667 0.29081081081081084 0.011458333333333333 0.043243243243243246
3 0.625 0.8540540540540541 0.0390625 0.01945945945945946
3 0.6963541666666667 0.8821621621621621 0.18125 0.012972972972972972
3 0.23020833333333332 0.13513513513513514 0.0890625 0.021621621621621623
3 0.38645833333333335 0.8454054054054054 0.36822916666666666 0.025945945945945945
3 0.6963541666666667 0.6767567567567567 0.18125 0.01945945945945946
3 0.6182291666666667 0.7135135135135136 0.025520833333333333 0.01945945945945946
3 0.6359375 0.7416216216216216 0.0609375 0.012972972972972972
3 0.6421875 0.7978378378378378 0.07291666666666667 0.022702702702702703
3 0.6963541666666667 0.8302702702702702 0.18125 0.01945945945945946
3 0.6963541666666667 0.8821621621621621 0.18125 0.012972972972972972
3 0.7833333333333333 0.17513513513513512 0.03177083333333333 0.022702702702702703
3 0.20572916666666666 0.2454054054054054 0.03958333333333333 0.08216216216216216
3 0.20572916666666666 0.32756756756756755 0.03958333333333333 0.08216216216216216
3 0.20572916666666666 0.4097297297297297 0.03958333333333333 0.08216216216216216
3 0.6963541666666667 0.5535135135135135 0.18333333333333332 0.05189189189189189
3 0.7833333333333333 0.17513513513513512 0.03177083333333333 0.022702702702702703
3 0.20572916666666666 0.2454054054054054 0.03958333333333333 0.08216216216216216
3 0.20572916666666666 0.32756756756756755 0.03958333333333333 0.08216216216216216
3 0.20572916666666666 0.4097297297297297 0.03958333333333333 0.08216216216216216
3 0.6963541666666667 0.5535135135135135 0.18333333333333332 0.05189189189189189
3 0.6869791666666667 0.28540540540540543 0.16510416666666666 0.034594594594594595
3 0.38645833333333335 0.8962162162162162 0.36822916666666666 0.024864864864864864
3 0.38645833333333335 0.92 0.36822916666666666 0.018378378378378378