0 0.6305084745762712 0.03051643192488263 0.02598870056497175 0.045774647887323945
0 0.788135593220339 0.28169014084507044 0.06384180790960452 0.01643192488262911
1 0.7711864406779662 0.03169014084507042 0.192090395480226 0.045774647887323945
1 0.44180790960451977 0.49295774647887325 0.16045197740112993 0.3333333333333333
1 0.6112994350282486 0.49295774647887325 0.16045197740112993 0.3333333333333333
1 0.7807909604519774 0.49295774647887325 0.16045197740112993 0.3333333333333333
1 0.2384180790960452 0.03169014084507042 0.07570621468926554 0.03990610328638498
2 0.4745762711864407 0.03051643192488263 0.33785310734463275 0.045774647887323945
2 0.5429378531073447 0.03051643192488263 0.007909604519774011 0.01643192488262911
3 0.5740112994350283 0.03169014084507042 0.08757062146892655 0.03051643192488263
3 0.40508474576271186 0.7382629107981221 0.06497175141242938 0.022300469483568074
3 0.5745762711864407 0.7382629107981221 0.06497175141242938 0.022300469483568074
3 0.7440677966101695 0.7382629107981221 0.06497175141242938 0.022300469483568074
3 0.5796610169491525 0.03051643192488263 0.060451977401129946 0.023474178403755867
3 0.5796610169491525 0.03051643192488263 0.060451977401129946 0.023474178403755867
3 0.2751412429378531 0.3368544600938967 0.15706214689265538 0.07042253521126761
3 0.44180790960451977 0.7746478873239436 0.13785310734463277 0.02112676056338028
3 0.6112994350282486 0.7852112676056338 0.13785310734463277 0.04225352112676056
3 0.7807909604519774 0.7852112676056338 0.13785310734463277 0.04225352112676056
3 0.3728813559322034 0.09154929577464789 0.025423728813559324 0.023474178403755867
3 0.4101694915254237 0.09154929577464789 0.02824858757062147 0.023474178403755867
3 0.4598870056497175 0.09154929577464789 0.05084745762711865 0.023474178403755867
3 0.5050847457627119 0.09154929577464789 0.01977401129943503 0.023474178403755867
3 0.5378531073446328 0.09154929577464789 0.025423728813559324 0.023474178403755867
3 0.5717514124293785 0.09154929577464789 0.022033898305084745 0.023474178403755867
3 0.23333333333333334 0.6666666666666666 0.07344632768361582 0.02112676056338028
3 0.21073446327683615 0.7582159624413145 0.02824858757062147 0.02112676056338028
3 0.21525423728813559 0.7863849765258216 0.03785310734463277 0.02112676056338028
3 0.2062146892655367 0.8145539906103286 0.01977401129943503 0.02112676056338028
3 0.2062146892655367 0.8427230046948356 0.01977401129943503 0.02112676056338028
3 0.2062146892655367 0.8708920187793427 0.01977401129943503 0.02112676056338028
3 0.21299435028248587 0.9624413145539906 0.03333333333333333 0.02112676056338028
3 0.20875706214689266 0.9894366197183099 0.024293785310734464 0.018779342723004695
3 0.280225988700565 0.6666666666666666 0.014689265536723164 0.02112676056338028
3 0.23785310734463277 0.7582159624413145 0.020903954802259886 0.02112676056338028
3 0.24350282485875707 0.7863849765258216 0.012429378531073447 0.02112676056338028
3 0.2231638418079096 0.8145539906103286 0.007909604519774011 0.02112676056338028
3 0.22203389830508474 0.8427230046948356 0.005649717514124294 0.02112676056338028
3 0.22259887005649717 0.8708920187793427 0.0062146892655367235 0.02112676056338028
3 0.24350282485875707 0.9624413145539906 0.021468926553672316 0.02112676056338028
3 0.22768361581920904 0.9894366197183099 0.00903954802259887 0.018779342723004695
3 0.23728813559322035 0.07394366197183098 0.06497175141242938 0.023474178403755867
3 0.2327683615819209 0.09624413145539906 0.06497175141242938 0.023474178403755867
3 0.22824858757062147 0.2711267605633803 0.06384180790960452 0.023474178403755867
3 0.2853107344632768 0.2711267605633803 0.02824858757062147 0.023474178403755867
3 0.32655367231638416 0.2711267605633803 0.0327683615819209 0.023474178403755867