0 0.5948087431693989 0.010770975056689343 0.025683060109289616 0.021541950113378686
0 0.7469945355191256 0.24149659863945577 0.06174863387978142 0.015873015873015872
1 0.7308743169398907 0.011337868480725623 0.18633879781420765 0.022675736961451247
1 0.41202185792349727 0.445578231292517 0.1551912568306011 0.3219954648526077
1 0.5759562841530055 0.445578231292517 0.1551912568306011 0.3219954648526077
1 0.7398907103825136 0.445578231292517 0.1551912568306011 0.3219954648526077
1 0.2155737704918033 0.01020408163265306 0.07377049180327869 0.02040816326530612
2 0.44398907103825136 0.010770975056689343 0.3273224043715847 0.021541950113378686
2 0.5101092896174864 0.003968253968253968 0.00819672131147541 0.007936507936507936
3 0.5398907103825137 0.007936507936507936 0.08524590163934426 0.015873015873015872
3 0.3765027322404372 0.6825396825396826 0.06284153005464481 0.021541950113378686
3 0.5404371584699453 0.6825396825396826 0.06284153005464481 0.021541950113378686
3 0.7043715846994536 0.6825396825396826 0.06284153005464481 0.021541950113378686
3 0.5453551912568306 0.005668934240362812 0.05901639344262295 0.011337868480725623
3 0.5453551912568306 0.005668934240362812 0.05901639344262295 0.011337868480725623
3 0.25081967213114753 0.2947845804988662 0.15191256830601094 0.06802721088435375
3 0.41202185792349727 0.717687074829932 0.13333333333333333 0.02040816326530612
3 0.5759562841530055 0.7278911564625851 0.13333333333333333 0.04081632653061224
3 0.7398907103825136 0.7278911564625851 0.13333333333333333 0.04081632653061224
3 0.3453551912568306 0.05782312925170068 0.02459016393442623 0.022675736961451247
3 0.3814207650273224 0.05782312925170068 0.0273224043715847 0.022675736961451247
3 0.42950819672131146 0.05782312925170068 0.04918032786885246 0.022675736961451247
3 0.473224043715847 0.05782312925170068 0.01912568306010929 0.022675736961451247
3 0.5049180327868853 0.05782312925170068 0.02459016393442623 0.022675736961451247
3 0.5377049180327869 0.05782312925170068 0.021311475409836064 0.022675736961451247
3 0.2103825136612022 0.6133786848072562 0.07103825136612021 0.02040816326530612
3 0.1885245901639344 0.7018140589569161 0.0273224043715847 0.02040816326530612
3 0.19289617486338798 0.7290249433106576 0.0366120218579235 0.02040816326530612
3 0.18415300546448088 0.7562358276643991 0.01912568306010929 0.02040816326530612
3 0.18415300546448088 0.7834467120181405 0.01912568306010929 0.02040816326530612
3 0.18415300546448088 0.8106575963718821 0.01912568306010929 0.02040816326530612
3 0.1907103825136612 0.8990929705215419 0.03224043715846994 0.02040816326530612
3 0.18633879781420765 0.9263038548752834 0.022950819672131147 0.02040816326530612
3 0.18415300546448088 0.953514739229025 0.018579234972677595 0.02040816326530612
3 0.1825136612021858 0.9807256235827665 0.015300546448087432 0.02040816326530612
3 0.25573770491803277 0.6133786848072562 0.014207650273224045 0.02040816326530612
3 0.21475409836065573 0.7018140589569161 0.020218579234972677 0.02040816326530612
3 0.22021857923497268 0.7290249433106576 0.012021857923497269 0.02040816326530612
3 0.2005464480874317 0.7562358276643991 0.007650273224043716 0.02040816326530612
3 0.1994535519125683 0.7834467120181405 0.00546448087431694 0.02040816326530612
3 0.2 0.8106575963718821 0.006010928961748634 0.02040816326530612
3 0.22021857923497268 0.8990929705215419 0.020765027322404372 0.02040816326530612
3 0.20491803278688525 0.9263038548752834 0.00819672131147541 0.02040816326530612
3 0.1994535519125683 0.953514739229025 0.007103825136612022 0.02040816326530612
3 0.19672131147540983 0.9807256235827665 0.007650273224043716 0.02040816326530612
3 0.21420765027322405 0.04081632653061224 0.06284153005464481 0.022675736961451247
3 0.2098360655737705 0.06235827664399093 0.06284153005464481 0.022675736961451247
3 0.20546448087431693 0.23129251700680273 0.06174863387978142 0.022675736961451247
3 0.260655737704918 0.23129251700680273 0.0273224043715847 0.022675736961451247
3 0.3005464480874317 0.23129251700680273 0.03169398907103825 0.022675736961451247