0 0.2140449438202247 0.4427570093457944 0.011235955056179775 0.02336448598130841
0 0.27078651685393257 0.4427570093457944 0.011235955056179775 0.02336448598130841
0 0.2140449438202247 0.4848130841121495 0.011235955056179775 0.02336448598130841
0 0.7651685393258427 0.2488317757009346 0.06348314606741573 0.016355140186915886
0 0.848314606741573 0.35046728971962615 0.017977528089887642 0.037383177570093455
1 0.3685393258426966 0.35046728971962615 0.048314606741573035 0.10046728971962617
1 0.43202247191011234 0.35046728971962615 0.048314606741573035 0.10046728971962617
1 0.4949438202247191 0.35046728971962615 0.048314606741573035 0.10046728971962617
1 0.5584269662921348 0.35046728971962615 0.048314606741573035 0.10046728971962617
1 0.6213483146067416 0.35046728971962615 0.048314606741573035 0.10046728971962617
1 0.6848314606741573 0.35046728971962615 0.048314606741573035 0.10046728971962617
1 0.7477528089887641 0.35046728971962615 0.048314606741573035 0.10046728971962617
1 0.8112359550561797 0.35046728971962615 0.048314606741573035 0.10046728971962617
1 0.4207865168539326 0.5969626168224299 0.15955056179775282 0.3317757009345794
1 0.5893258426966292 0.5969626168224299 0.15955056179775282 0.3317757009345794
1 0.7578651685393258 0.5969626168224299 0.15955056179775282 0.3317757009345794
3 0.3814606741573034 0.8411214953271028 0.058426966292134834 0.02219626168224299
3 0.55 0.8411214953271028 0.058426966292134834 0.02219626168224299
3 0.7213483146067415 0.8411214953271028 0.06460674157303371 0.02219626168224299
3 0.2550561797752809 0.33060747663551404 0.15617977528089888 0.10514018691588785
3 0.4207865168539326 0.8878504672897196 0.13707865168539327 0.04205607476635514
3 0.5893258426966292 0.8878504672897196 0.13707865168539327 0.04205607476635514
3 0.7578651685393258 0.8878504672897196 0.13707865168539327 0.04205607476635514
3 0.35224719101123597 0.030373831775700934 0.025280898876404494 0.02336448598130841
3 0.38932584269662923 0.030373831775700934 0.028089887640449437 0.02336448598130841
3 0.4387640449438202 0.030373831775700934 0.05056179775280899 0.02336448598130841
3 0.4837078651685393 0.030373831775700934 0.019662921348314606 0.02336448598130841
3 0.5162921348314606 0.030373831775700934 0.025280898876404494 0.02336448598130841
3 0.55 0.030373831775700934 0.021910112359550562 0.02336448598130841
3 0.21348314606741572 0.7792056074766355 0.07303370786516854 0.02102803738317757
3 0.19157303370786516 0.8703271028037384 0.029775280898876405 0.02102803738317757
3 0.1853932584269663 0.8983644859813084 0.01741573033707865 0.02102803738317757
3 0.18370786516853932 0.9264018691588785 0.014044943820224719 0.02102803738317757
3 0.18595505617977529 0.9544392523364486 0.017977528089887642 0.02102803738317757
3 0.1853932584269663 0.9824766355140186 0.016853932584269662 0.02102803738317757
3 0.2606741573033708 0.7792056074766355 0.016292134831460674 0.02102803738317757
3 0.2202247191011236 0.8703271028037384 0.020786516853932586 0.02102803738317757
3 0.20617977528089887 0.8983644859813084 0.016853932584269662 0.02102803738317757
3 0.20168539325842696 0.9264018691588785 0.016292134831460674 0.02102803738317757
3 0.20674157303370785 0.9544392523364486 0.01741573033707865 0.02102803738317757
3 0.20393258426966293 0.9824766355140186 0.015168539325842697 0.02102803738317757
3 0.21741573033707864 0.012850467289719626 0.06460674157303371 0.02336448598130841
3 0.21292134831460674 0.035046728971962614 0.06460674157303371 0.02336448598130841
3 0.20842696629213484 0.24766355140186916 0.06348314606741573 0.02336448598130841
3 0.2651685393258427 0.24766355140186916 0.028089887640449437 0.02336448598130841
3 0.3061797752808989 0.24766355140186916 0.03258426966292135 0.02336448598130841