0 0.17121729237770195 0.45271867612293143 0.011376564277588168 0.02364066193853428
0 0.22866894197952217 0.45271867612293143 0.011376564277588168 0.02364066193853428
0 0.17121729237770195 0.49527186761229314 0.011376564277588168 0.02364066193853428
0 0.7292377701934016 0.2565011820330969 0.06427758816837315 0.016548463356973995
0 0.8134243458475541 0.35933806146572106 0.01820250284414107 0.037825059101654845
1 0.32764505119453924 0.35933806146572106 0.048919226393629126 0.1016548463356974
1 0.3919226393629124 0.35933806146572106 0.048919226393629126 0.1016548463356974
1 0.45563139931740615 0.35933806146572106 0.048919226393629126 0.1016548463356974
1 0.5199089874857793 0.35933806146572106 0.048919226393629126 0.1016548463356974
1 0.5836177474402731 0.35933806146572106 0.048919226393629126 0.1016548463356974
1 0.6478953356086462 0.35933806146572106 0.048919226393629126 0.1016548463356974
1 0.71160409556314 0.35933806146572106 0.048919226393629126 0.1016548463356974
1 0.7758816837315131 0.35933806146572106 0.048919226393629126 0.1016548463356974
1 0.38054607508532423 0.6087470449172577 0.161547212741752 0.33569739952718675
1 0.5511945392491467 0.6087470449172577 0.161547212741752 0.33569739952718675
1 0.7218430034129693 0.6087470449172577 0.161547212741752 0.33569739952718675
3 0.34072810011376564 0.8557919621749409 0.05915813424345848 0.022458628841607566
3 0.5113765642775882 0.8557919621749409 0.05915813424345848 0.022458628841607566
3 0.6848691695108078 0.8557919621749409 0.06541524459613197 0.022458628841607566
3 0.21274175199089876 0.3392434988179669 0.15813424345847554 0.10638297872340426
3 0.38054607508532423 0.9030732860520094 0.13879408418657566 0.0425531914893617
3 0.5511945392491467 0.9030732860520094 0.13879408418657566 0.0425531914893617
3 0.7218430034129693 0.9030732860520094 0.13879408418657566 0.0425531914893617
3 0.3111490329920364 0.03546099290780142 0.025597269624573378 0.02364066193853428
3 0.34869169510807735 0.03546099290780142 0.02844141069397042 0.02364066193853428
3 0.3987485779294653 0.03546099290780142 0.051194539249146756 0.02364066193853428
3 0.444254835039818 0.03546099290780142 0.019908987485779295 0.02364066193853428
3 0.47724687144482364 0.03546099290780142 0.025597269624573378 0.02364066193853428
3 0.5113765642775882 0.03546099290780142 0.02218430034129693 0.02364066193853428
3 0.17064846416382254 0.793144208037825 0.07394766780432309 0.02127659574468085
3 0.14846416382252559 0.8853427895981087 0.030147895335608646 0.02127659574468085
3 0.1422070534698521 0.9137115839243499 0.01763367463026166 0.02127659574468085
3 0.14050056882821388 0.942080378250591 0.01422070534698521 0.02127659574468085
3 0.1427758816837315 0.9704491725768322 0.01820250284414107 0.02127659574468085
3 0.14249146757679182 0.9934988179669031 0.01763367463026166 0.010638297872340425
3 0.21843003412969283 0.793144208037825 0.016496018202502846 0.02127659574468085
3 0.17747440273037543 0.8853427895981087 0.02104664391353811 0.02127659574468085
3 0.1632536973833902 0.9137115839243499 0.017064846416382253 0.02127659574468085
3 0.15870307167235495 0.942080378250591 0.016496018202502846 0.02127659574468085
3 0.16382252559726962 0.9704491725768322 0.01763367463026166 0.02127659574468085
3 0.16097838452787258 0.9934988179669031 0.015927189988623434 0.010638297872340425
3 0.1746302616609784 0.01773049645390071 0.06541524459613197 0.02364066193853428
3 0.17007963594994313 0.04018912529550828 0.06541524459613197 0.02364066193853428
3 0.16552901023890784 0.2553191489361702 0.06427758816837315 0.02364066193853428
3 0.2229806598407281 0.2553191489361702 0.02844141069397042 0.02364066193853428
3 0.2645051194539249 0.2553191489361702 0.03299203640500569 0.02364066193853428