0 0.8053613053613053 0.8341404358353511 0.13053613053613053 0.014527845036319613
0 0.7814685314685315 0.9297820823244553 0.1853146853146853 0.05811138014527845
1 0.22727272727272727 0.18765133171912832 0.02564102564102564 0.053268765133171914
1 0.4493006993006993 0.4891041162227603 0.38927738927738925 0.5665859564164649
1 0.22727272727272727 0.2602905569007264 0.02564102564102564 0.053268765133171914
1 0.22727272727272727 0.33292978208232443 0.02564102564102564 0.053268765133171914
1 0.22727272727272727 0.40556900726392253 0.02564102564102564 0.053268765133171914
1 0.22727272727272727 0.4782082324455206 0.02564102564102564 0.053268765133171914
1 0.22727272727272727 0.5508474576271186 0.02564102564102564 0.053268765133171914
1 0.22727272727272727 0.6234866828087167 0.02564102564102564 0.053268765133171914
1 0.7057109557109557 0.9297820823244553 0.018648018648018648 0.0387409200968523
3 0.7307692307692307 0.3898305084745763 0.0844988344988345 0.021791767554479417
3 0.7814685314685315 0.7433414043583535 0.1853146853146853 0.025423728813559324
3 0.7016317016317016 0.7869249394673123 0.024475524475524476 0.0387409200968523
3 0.7313519813519813 0.7869249394673123 0.023892773892773892 0.0387409200968523
3 0.7616550116550117 0.7869249394673123 0.024475524475524476 0.0387409200968523
3 0.7913752913752914 0.7869249394673123 0.024475524475524476 0.0387409200968523
3 0.8216783216783217 0.7869249394673123 0.024475524475524476 0.0387409200968523
3 0.8508158508158508 0.7869249394673123 0.022727272727272728 0.0387409200968523
3 0.7814685314685315 0.8777239709443099 0.1853146853146853 0.025423728813559324
3 0.22727272727272727 0.20702179176755447 0.029137529137529136 0.026634382566585957
3 0.22727272727272727 0.2796610169491525 0.029137529137529136 0.026634382566585957
3 0.22727272727272727 0.3523002421307506 0.029137529137529136 0.026634382566585957
3 0.22727272727272727 0.42493946731234866 0.029137529137529136 0.026634382566585957
3 0.22727272727272727 0.4975786924939467 0.029137529137529136 0.026634382566585957
3 0.22727272727272727 0.5702179176755447 0.029137529137529136 0.026634382566585957
3 0.22727272727272727 0.6428571428571429 0.029137529137529136 0.026634382566585957
3 0.22727272727272727 0.20702179176755447 0.029137529137529136 0.026634382566585957
3 0.22727272727272727 0.2796610169491525 0.029137529137529136 0.026634382566585957
3 0.22727272727272727 0.3523002421307506 0.029137529137529136 0.026634382566585957
3 0.22727272727272727 0.42493946731234866 0.029137529137529136 0.026634382566585957
3 0.22727272727272727 0.4975786924939467 0.029137529137529136 0.026634382566585957
3 0.22727272727272727 0.5702179176755447 0.029137529137529136 0.026634382566585957
3 0.22727272727272727 0.6428571428571429 0.029137529137529136 0.026634382566585957
3 0.7703962703962703 0.24939467312348668 0.16375291375291376 0.06053268765133172
3 0.7902097902097902 0.4648910411622276 0.16783216783216784 0.024213075060532687
3 0.7902097902097902 0.49031476997578693 0.16783216783216784 0.021791767554479417
3 0.7902097902097902 0.5254237288135594 0.16783216783216784 0.043583535108958835
3 0.7902097902097902 0.5605326876513317 0.16783216783216784 0.021791767554479417
3 0.789044289044289 0.6343825665859564 0.16958041958041958 0.024213075060532687
3 0.789044289044289 0.6598062953995157 0.16958041958041958 0.021791767554479417
3 0.3822843822843823 0.009079903147699757 0.026806526806526808 0.018159806295399514
3 0.42103729603729606 0.009079903147699757 0.02972027972027972 0.018159806295399514
3 0.4723193473193473 0.009079903147699757 0.05303030303030303 0.018159806295399514
3 0.5186480186480187 0.009079903147699757 0.02097902097902098 0.018159806295399514
3 0.5524475524475524 0.009079903147699757 0.026806526806526808 0.018159806295399514
3 0.5874125874125874 0.009079903147699757 0.023310023310023312 0.018159806295399514
3 0.23776223776223776 0.011501210653753027 0.0675990675990676 0.023002421307506054
3 0.3076923076923077 0.11138014527845036 0.06701631701631702 0.01694915254237288
3 0.3688811188811189 0.11138014527845036 0.0337995337995338 0.01694915254237288
3 0.40617715617715616 0.11138014527845036 0.020396270396270396 0.01694915254237288
3 0.4405594405594406 0.11138014527845036 0.026806526806526808 0.01694915254237288
3 0.4784382284382284 0.11138014527845036 0.02972027972027972 0.01694915254237288