0 0.75 0.23159144893111638 0.06464530892448513 0.0166270783847981
0 0.6819221967963387 0.6282660332541568 0.12185354691075514 0.030878859857482184
1 0.37757437070938216 0.39548693586698336 0.09153318077803203 0.19002375296912113
1 0.37757437070938216 0.6342042755344418 0.09153318077803203 0.19002375296912113
1 0.37757437070938216 0.8729216152019003 0.09153318077803203 0.19002375296912113
3 0.6161327231121282 0.33966745843230406 0.358695652173913 0.0166270783847981
3 0.4702517162471396 0.44299287410926363 0.06693363844393593 0.022565320665083134
3 0.4702517162471396 0.6425178147268409 0.06693363844393593 0.022565320665083134
3 0.6086956521739131 0.6282660332541568 0.020594965675057208 0.021377672209026127
3 0.6161327231121282 0.8598574821852731 0.358695652173913 0.0166270783847981
3 0.4702517162471396 0.9631828978622328 0.06693363844393593 0.022565320665083134
3 0.2305491990846682 0.2695961995249406 0.15903890160183065 0.035629453681710214
3 0.6161327231121282 0.3159144893111639 0.358695652173913 0.030878859857482184
3 0.6161327231121282 0.5546318289786223 0.358695652173913 0.030878859857482184
3 0.6161327231121282 0.836104513064133 0.358695652173913 0.030878859857482184
3 0.3295194508009153 0.039192399049881234 0.02574370709382151 0.023752969121140142
3 0.36727688787185353 0.039192399049881234 0.028604118993135013 0.023752969121140142
3 0.41762013729977115 0.039192399049881234 0.05148741418764302 0.023752969121140142
3 0.4633867276887872 0.039192399049881234 0.02002288329519451 0.023752969121140142
3 0.4965675057208238 0.039192399049881234 0.02574370709382151 0.023752969121140142
3 0.5308924485125858 0.039192399049881234 0.02231121281464531 0.023752969121140142
3 0.18821510297482838 0.5855106888361045 0.07437070938215103 0.021377672209026127
3 0.19164759725400457 0.6781472684085511 0.08123569794050343 0.021377672209026127
3 0.16762013729977115 0.7066508313539193 0.03318077803203661 0.021377672209026127
3 0.17791762013729978 0.7351543942992874 0.05434782608695652 0.021377672209026127
3 0.18935926773455378 0.7636579572446556 0.07665903890160183 0.021377672209026127
3 0.19279176201372997 0.7921615201900237 0.08409610983981694 0.021377672209026127
3 0.16075514874141877 0.8206650831353919 0.019450800915331808 0.021377672209026127
3 0.16132723112128147 0.9133016627078385 0.020594965675057208 0.021377672209026127
3 0.23684210526315788 0.5855106888361045 0.017162471395881007 0.021377672209026127
3 0.2437070938215103 0.6781472684085511 0.017734553775743706 0.021377672209026127
3 0.19851258581235698 0.7066508313539193 0.02231121281464531 0.021377672209026127
3 0.2122425629290618 0.7351543942992874 0.008581235697940504 0.021377672209026127
3 0.2339816933638444 0.7636579572446556 0.006292906178489702 0.021377672209026127
3 0.2408466819221968 0.7921615201900237 0.005720823798627002 0.021377672209026127
3 0.17620137299771166 0.8206650831353919 0.006292906178489702 0.021377672209026127
3 0.18649885583524028 0.9133016627078385 0.02402745995423341 0.021377672209026127
3 0.19221967963386727 0.021377672209026127 0.06578947368421052 0.023752969121140142
3 0.18764302059496568 0.043942992874109264 0.06578947368421052 0.023752969121140142
3 0.18363844393592677 0.2209026128266033 0.06578947368421052 0.023752969121140142