0 0.592741935483871 0.014508928571428572 0.025268817204301075 0.029017857142857144
0 0.7424731182795699 0.24553571428571427 0.06075268817204301 0.015625
0 0.678494623655914 0.6183035714285714 0.11451612903225807 0.029017857142857144
1 0.7266129032258064 0.015066964285714286 0.18333333333333332 0.030133928571428572
1 0.3924731182795699 0.39955357142857145 0.08602150537634409 0.17857142857142858
1 0.3924731182795699 0.6238839285714286 0.08602150537634409 0.17857142857142858
1 0.3924731182795699 0.8482142857142857 0.08602150537634409 0.17857142857142858
1 0.2196236559139785 0.013950892857142858 0.07258064516129033 0.027901785714285716
2 0.4443548387096774 0.014508928571428572 0.32204301075268815 0.029017857142857144
2 0.4793010752688172 0.0078125 0.008064516129032258 0.015625
3 0.5236559139784946 0.01171875 0.11397849462365592 0.0234375
3 0.6166666666666667 0.3470982142857143 0.3370967741935484 0.015625
3 0.47956989247311826 0.44419642857142855 0.06290322580645161 0.021205357142857144
3 0.47956989247311826 0.6316964285714286 0.06290322580645161 0.021205357142857144
3 0.6096774193548387 0.6183035714285714 0.01935483870967742 0.020089285714285716
3 0.6166666666666667 0.8359375 0.3370967741935484 0.015625
3 0.47956989247311826 0.9330357142857143 0.06290322580645161 0.021205357142857144
3 0.5290322580645161 0.009486607142857142 0.08817204301075268 0.018973214285714284
3 0.5290322580645161 0.009486607142857142 0.08817204301075268 0.018973214285714284
3 0.2543010752688172 0.28125 0.14946236559139786 0.033482142857142856
3 0.6166666666666667 0.3247767857142857 0.3370967741935484 0.029017857142857144
3 0.6166666666666667 0.5491071428571429 0.3370967741935484 0.029017857142857144
3 0.6166666666666667 0.8136160714285714 0.3370967741935484 0.029017857142857144
3 0.3473118279569892 0.06473214285714286 0.024193548387096774 0.022321428571428572
3 0.3827956989247312 0.06473214285714286 0.026881720430107527 0.022321428571428572
3 0.43010752688172044 0.06473214285714286 0.04838709677419355 0.022321428571428572
3 0.4731182795698925 0.06473214285714286 0.01881720430107527 0.022321428571428572
3 0.5043010752688172 0.06473214285714286 0.024193548387096774 0.022321428571428572
3 0.5365591397849462 0.06473214285714286 0.020967741935483872 0.022321428571428572
3 0.21451612903225806 0.578125 0.06989247311827956 0.020089285714285716
3 0.21774193548387097 0.6651785714285714 0.07634408602150537 0.020089285714285716
3 0.19516129032258064 0.6919642857142857 0.03118279569892473 0.020089285714285716
3 0.20483870967741935 0.71875 0.051075268817204304 0.020089285714285716
3 0.21559139784946235 0.7455357142857143 0.07204301075268817 0.020089285714285716
3 0.21881720430107526 0.7723214285714286 0.07903225806451612 0.020089285714285716
3 0.18870967741935485 0.7991071428571429 0.01827956989247312 0.020089285714285716
3 0.18924731182795698 0.8861607142857143 0.01935483870967742 0.020089285714285716
3 0.1978494623655914 0.9732142857142857 0.03655913978494624 0.020089285714285716
3 0.26021505376344084 0.578125 0.016129032258064516 0.020089285714285716
3 0.26666666666666666 0.6651785714285714 0.016666666666666666 0.020089285714285716
3 0.22419354838709676 0.6919642857142857 0.020967741935483872 0.020089285714285716
3 0.23709677419354838 0.71875 0.008064516129032258 0.020089285714285716
3 0.2575268817204301 0.7455357142857143 0.005913978494623656 0.020089285714285716
3 0.2639784946236559 0.7723214285714286 0.005376344086021506 0.020089285714285716
3 0.2032258064516129 0.7991071428571429 0.005913978494623656 0.020089285714285716
3 0.2129032258064516 0.8861607142857143 0.02258064516129032 0.020089285714285716
3 0.22634408602150538 0.9732142857142857 0.015591397849462365 0.020089285714285716
3 0.21827956989247313 0.04799107142857143 0.06182795698924731 0.022321428571428572
3 0.21397849462365592 0.06919642857142858 0.06182795698924731 0.022321428571428572
3 0.21021505376344085 0.23549107142857142 0.06182795698924731 0.022321428571428572