0 0.584375 0.02918918918918919 0.023958333333333335 0.04216216216216216
0 0.4796875 0.4562162162162162 0.005208333333333333 0.010810810810810811
0 0.4901041666666667 0.4562162162162162 0.003125 0.006486486486486486
0 0.5005208333333333 0.4562162162162162 0.003125 0.006486486486486486
0 0.5109375 0.4562162162162162 0.003125 0.006486486486486486
1 0.7140625 0.03027027027027027 0.17708333333333334 0.04216216216216216
1 0.49947916666666664 0.29081081081081084 0.8286458333333333 0.3654054054054054
1 0.2869791666666667 0.7005405405405405 0.2 0.2594594594594595
1 0.4953125 0.7005405405405405 0.2 0.2594594594594595
1 0.7036458333333333 0.7005405405405405 0.2 0.2594594594594595
1 0.22291666666666668 0.03027027027027027 0.06979166666666667 0.036756756756756756
2 0.440625 0.02918918918918919 0.31145833333333334 0.04216216216216216
3 0.4953125 0.5405405405405406 0.6166666666666667 0.05189189189189189
3 0.2869791666666667 0.8291891891891892 0.15 0.021621621621621623
3 0.4953125 0.8291891891891892 0.15 0.021621621621621623
3 0.7036458333333333 0.8291891891891892 0.15 0.021621621621621623
3 0.346875 0.08540540540540541 0.0234375 0.021621621621621623
3 0.38125 0.08540540540540541 0.026041666666666668 0.021621621621621623
3 0.4270833333333333 0.08540540540540541 0.046875 0.021621621621621623
3 0.46875 0.08540540540540541 0.018229166666666668 0.021621621621621623
3 0.49895833333333334 0.08540540540540541 0.0234375 0.021621621621621623
3 0.5302083333333333 0.08540540540540541 0.0203125 0.021621621621621623
3 0.221875 0.06918918918918919 0.059895833333333336 0.021621621621621623
3 0.21770833333333334 0.08972972972972973 0.059895833333333336 0.021621621621621623