0 0.2288329519450801 0.44061757719714967 0.011441647597254004 0.023752969121140142
0 0.2866132723112128 0.44061757719714967 0.011441647597254004 0.023752969121140142
0 0.33466819221967964 0.44061757719714967 0.011441647597254004 0.023752969121140142
0 0.23684210526315788 0.4833729216152019 0.011441647597254004 0.023752969121140142
0 0.7980549199084668 0.2529691211401425 0.06464530892448513 0.0166270783847981
1 0.4473684210526316 0.4667458432304038 0.16247139588100687 0.33729216152019004
1 0.6189931350114416 0.4667458432304038 0.16247139588100687 0.33729216152019004
1 0.7906178489702517 0.4667458432304038 0.16247139588100687 0.33729216152019004
3 0.41018306636155605 0.7149643705463183 0.06578947368421052 0.022565320665083134
3 0.4473684210526316 0.7933491686460807 0.13958810068649885 0.015439429928741092
3 0.5818077803203662 0.7149643705463183 0.06578947368421052 0.022565320665083134
3 0.7408466819221968 0.7600950118764845 0.04061784897025172 0.0166270783847981
3 0.7906178489702517 0.834916864608076 0.13958810068649885 0.015439429928741092
3 0.27860411899313503 0.32660332541567694 0.15903890160183065 0.10688836104513064
3 0.4473684210526316 0.7624703087885986 0.13958810068649885 0.04275534441805225
3 0.6189931350114416 0.7624703087885986 0.13958810068649885 0.04275534441805225
3 0.7906178489702517 0.8040380047505938 0.13958810068649885 0.04275534441805225
3 0.37757437070938216 0.021377672209026127 0.02574370709382151 0.023752969121140142
3 0.41533180778032036 0.021377672209026127 0.028604118993135013 0.023752969121140142
3 0.465675057208238 0.021377672209026127 0.05148741418764302 0.023752969121140142
3 0.511441647597254 0.021377672209026127 0.02002288329519451 0.023752969121140142
3 0.5446224256292906 0.021377672209026127 0.02574370709382151 0.023752969121140142
3 0.5789473684210527 0.021377672209026127 0.02231121281464531 0.023752969121140142
3 0.23627002288329518 0.7826603325415677 0.07437070938215103 0.021377672209026127
3 0.2139588100686499 0.8752969121140143 0.03032036613272311 0.021377672209026127
3 0.20823798627002288 0.9038004750593824 0.018306636155606407 0.021377672209026127
3 0.20766590389016018 0.9323040380047506 0.017734553775743706 0.021377672209026127
3 0.20594965675057209 0.9608076009501187 0.014302059496567507 0.021377672209026127
3 0.20795194508009154 0.9887173396674585 0.017734553775743706 0.020190023752969122
3 0.2837528604118993 0.7826603325415677 0.015446224256292907 0.021377672209026127
3 0.2414187643020595 0.8752969121140143 0.017734553775743706 0.021377672209026127
3 0.22711670480549198 0.9038004750593824 0.012585812356979404 0.021377672209026127
3 0.22654462242562928 0.9323040380047506 0.013157894736842105 0.021377672209026127
3 0.2219679633867277 0.9608076009501187 0.012013729977116704 0.021377672209026127
3 0.22540045766590389 0.9887173396674585 0.013729977116704805 0.020190023752969122
3 0.2402745995423341 0.00831353919239905 0.06636155606407322 0.0166270783847981
3 0.23569794050343248 0.026128266033254157 0.06578947368421052 0.023752969121140142
3 0.2311212814645309 0.24228028503562946 0.06464530892448513 0.023752969121140142
3 0.2889016018306636 0.24228028503562946 0.028604118993135013 0.023752969121140142
3 0.3306636155606407 0.24228028503562946 0.03318077803203661 0.023752969121140142