0 0.5842105263157895 0.02516411378555799 0.024210526315789474 0.04266958424507659
0 0.751578947368421 0.5929978118161926 0.04105263157894737 0.061269146608315096
1 0.7152631578947368 0.0262582056892779 0.17894736842105263 0.04266958424507659
1 0.21894736842105264 0.0262582056892779 0.07052631578947369 0.037199124726477024
2 0.43894736842105264 0.02516411378555799 0.31473684210526315 0.04266958424507659
2 0.5815789473684211 0.5929978118161926 0.29894736842105263 0.061269146608315096
3 0.4978947368421053 0.3725382932166302 0.9957894736842106 0.03172866520787746
3 0.4978947368421053 0.4163019693654267 0.9957894736842106 0.05798687089715536
3 0.3021052631578947 0.08205689277899343 0.041578947368421056 0.02188183807439825
3 0.34421052631578947 0.08205689277899343 0.02368421052631579 0.02188183807439825
3 0.37894736842105264 0.08205689277899343 0.02631578947368421 0.02188183807439825
3 0.42526315789473684 0.08205689277899343 0.04736842105263158 0.02188183807439825
3 0.4673684210526316 0.08205689277899343 0.018421052631578946 0.02188183807439825
3 0.4978947368421053 0.08205689277899343 0.02368421052631579 0.02188183807439825
3 0.5294736842105263 0.08205689277899343 0.020526315789473684 0.02188183807439825
3 0.21789473684210525 0.06564551422319474 0.060526315789473685 0.02188183807439825
3 0.21368421052631578 0.08643326039387308 0.060526315789473685 0.02188183807439825