0 0.7340782122905027 0.5823665893271461 0.04357541899441341 0.06496519721577726
2 0.5536312849162012 0.5823665893271461 0.31731843575418994 0.06496519721577726
3 0.49664804469273743 0.3486078886310905 0.9932960893854749 0.033642691415313224
3 0.49664804469273743 0.39501160092807425 0.9932960893854749 0.06148491879350348
3 0.2569832402234637 0.04060324825986079 0.044134078212290505 0.02320185614849188
3 0.3016759776536313 0.04060324825986079 0.025139664804469275 0.02320185614849188
3 0.33854748603351953 0.04060324825986079 0.027932960893854747 0.02320185614849188
3 0.3877094972067039 0.04060324825986079 0.05027932960893855 0.02320185614849188
3 0.4324022346368715 0.04060324825986079 0.019553072625698324 0.02320185614849188
3 0.464804469273743 0.04060324825986079 0.025139664804469275 0.02320185614849188
3 0.4983240223463687 0.04060324825986079 0.021787709497206705 0.02320185614849188
3 0.16759776536312848 0.02320185614849188 0.06424581005586592 0.02320185614849188
3 0.16312849162011173 0.04524361948955916 0.06424581005586592 0.02320185614849188