2 0.7553072625698324 0.13805104408352667 0.20893854748603352 0.05568445475638051
3 0.39776536312849164 0.25406032482598606 0.38100558659217876 0.025522041763341066
3 0.39776536312849164 0.29698375870069604 0.38100558659217876 0.025522041763341066
3 0.39776536312849164 0.6589327146171694 0.38100558659217876 0.029002320185614848
3 0.39776536312849164 0.7180974477958236 0.38100558659217876 0.052204176334106726
3 0.39776536312849164 0.8016241299303944 0.38100558659217876 0.07888631090487239
3 0.39776536312849164 0.87122969837587 0.38100558659217876 0.02668213457076566
3 0.7553072625698324 0.14385150812064965 0.20893854748603352 0.0951276102088167
3 0.7553072625698324 0.14385150812064965 0.20893854748603352 0.0951276102088167
3 0.39776536312849164 0.11020881670533643 0.41675977653631285 0.04060324825986079
3 0.39776536312849164 0.20301624129930396 0.38100558659217876 0.03248259860788863
3 0.24860335195530725 0.351508120649652 0.07039106145251396 0.016241299303944315
3 0.43798882681564244 0.9640371229698376 0.2877094972067039 0.016241299303944315
3 0.2 0.048723897911832945 0.021787709497206705 0.02320185614849188