0 0.584375 0.02918918918918919 0.023958333333333335 0.04216216216216216
0 0.7296875 0.16324324324324324 0.058854166666666666 0.015135135135135135
0 0.2234375 0.20972972972972972 0.04635416666666667 0.04108108108108108
0 0.2864583333333333 0.20972972972972972 0.07552083333333333 0.04108108108108108
1 0.7140625 0.03027027027027027 0.17708333333333334 0.04216216216216216
1 0.41041666666666665 0.35783783783783785 0.14791666666666667 0.307027027027027
1 0.5666666666666667 0.35783783783783785 0.14791666666666667 0.307027027027027
1 0.7229166666666667 0.35783783783783785 0.14791666666666667 0.307027027027027
1 0.41041666666666665 0.8389189189189189 0.14791666666666667 0.307027027027027
1 0.5666666666666667 0.8389189189189189 0.14791666666666667 0.307027027027027
1 0.7229166666666667 0.8389189189189189 0.14791666666666667 0.307027027027027
2 0.440625 0.02918918918918919 0.31145833333333334 0.04216216216216216
2 0.4791666666666667 0.02918918918918919 0.007291666666666667 0.015135135135135135
3 0.1828125 0 0 0
3 0.22291666666666668 0.03027027027027027 0.06979166666666667 0.036756756756756756
3 0.6729166666666667 0.08540540540540541 0.057291666666666664 0.021621621621621623
3 0.71875 0.08540540540540541 0.034375 0.021621621621621623
3 0.7609375 0.08540540540540541 0.050520833333333334 0.021621621621621623
3 0.21770833333333334 0.07783783783783783 0.06927083333333334 0.043243243243243246
3 0.30520833333333336 0.08540540540540541 0.04114583333333333 0.021621621621621623
3 0.346875 0.08540540540540541 0.0234375 0.021621621621621623
3 0.38125 0.08540540540540541 0.026041666666666668 0.021621621621621623
3 0.4270833333333333 0.08540540540540541 0.046875 0.021621621621621623
3 0.46875 0.08540540540540541 0.018229166666666668 0.021621621621621623
3 0.49895833333333334 0.08540540540540541 0.0234375 0.021621621621621623
3 0.5302083333333333 0.08540540540540541 0.0203125 0.021621621621621623
3 0.7963541666666667 0.08324324324324324 0.013020833333333334 0.022702702702702703
3 0.7140625 0.03351351351351351 0.17708333333333334 0.04756756756756757
3 0.228125 0.1535135135135135 0.0875 0.021621621621621623
3 0.29739583333333336 0.1535135135135135 0.03229166666666667 0.021621621621621623
3 0.29322916666666665 0.3005405405405405 0.016666666666666666 0.017297297297297298
3 0.29322916666666665 0.37189189189189187 0.016666666666666666 0.017297297297297298
3 0.2265625 0.4854054054054054 0.084375 0.01945945945945946
3 0.20625 0.5697297297297297 0.04375 0.01945945945945946
3 0.23697916666666666 0.654054054054054 0.10520833333333333 0.01945945945945946
3 0.21302083333333333 0.7383783783783784 0.057291666666666664 0.01945945945945946
3 0.20260416666666667 0.7643243243243243 0.03697916666666667 0.01945945945945946
3 0.20989583333333334 0.8486486486486486 0.051041666666666666 0.01945945945945946
3 0.20729166666666668 0.932972972972973 0.04583333333333333 0.01945945945945946
3 0.203125 0.9589189189189189 0.03802083333333333 0.01945945945945946
3 0.7807291666666667 0.1654054054054054 0.008333333333333333 0.017297297297297298
3 0.7932291666666667 0.1654054054054054 0.008333333333333333 0.017297297297297298
3 0.41041666666666665 0.35783783783783785 0.14791666666666667 0.307027027027027
3 0.41041666666666665 0.5902702702702702 0.14791666666666667 0.15567567567567567
3 0.5666666666666667 0.35783783783783785 0.14791666666666667 0.307027027027027
3 0.5666666666666667 0.5902702702702702 0.14791666666666667 0.15567567567567567
3 0.7229166666666667 0.35783783783783785 0.14791666666666667 0.307027027027027
3 0.7229166666666667 0.5902702702702702 0.14791666666666667 0.15567567567567567
3 0.41041666666666665 0.8389189189189189 0.14791666666666667 0.307027027027027
3 0.5666666666666667 0.8389189189189189 0.14791666666666667 0.307027027027027
3 0.7229166666666667 0.8389189189189189 0.14791666666666667 0.307027027027027
3 0.5203125 0.03027027027027027 0.10520833333333333 0.02810810810810811
3 0.38385416666666666 0.5837837837837838 0.07395833333333333 0.02054054054054054
3 0.5401041666666667 0.5837837837837838 0.07395833333333333 0.02054054054054054
3 0.6963541666666667 0.5837837837837838 0.07395833333333333 0.02054054054054054
3 0.5255208333333333 0.02918918918918919 0.08020833333333334 0.021621621621621623
3 0.5255208333333333 0.02918918918918919 0.08020833333333334 0.021621621621621623
3 0.25677083333333334 0.19783783783783784 0.14479166666666668 0.032432432432432434
3 0.41041666666666665 0.6270270270270271 0.12708333333333333 0.03891891891891892
3 0.5666666666666667 0.6270270270270271 0.12708333333333333 0.03891891891891892
3 0.7229166666666667 0.6270270270270271 0.12708333333333333 0.03891891891891892
3 0.26875 0.1545945945945946 0.13697916666666668 0.043243243243243246