0 0.1977401129943503 0.49295774647887325 0.01977401129943503 0.029342723004694836
0 0.715819209039548 0.29577464788732394 0.06384180790960452 0.01643192488262911
1 0.16497175141242937 0.25821596244131456 0.06892655367231638 0.1056338028169014
1 0.3694915254237288 0.5070422535211268 0.16045197740112993 0.3333333333333333
1 0.5389830508474577 0.5070422535211268 0.16045197740112993 0.3333333333333333
1 0.7084745762711865 0.5070422535211268 0.16045197740112993 0.3333333333333333
3 0.20282485875706216 0.44014084507042256 0.15706214689265538 0.07042253521126761
3 0.3694915254237288 0.7934272300469484 0.13785310734463277 0.02112676056338028
3 0.5389830508474577 0.7934272300469484 0.13785310734463277 0.02112676056338028
3 0.7084745762711865 0.7934272300469484 0.13785310734463277 0.02112676056338028
3 0.30056497175141245 0.018779342723004695 0.025423728813559324 0.023474178403755867
3 0.33785310734463275 0.018779342723004695 0.02824858757062147 0.023474178403755867
3 0.38757062146892657 0.018779342723004695 0.05084745762711865 0.023474178403755867
3 0.4327683615819209 0.018779342723004695 0.01977401129943503 0.023474178403755867
3 0.4655367231638418 0.018779342723004695 0.025423728813559324 0.023474178403755867
3 0.4994350282485876 0.018779342723004695 0.022033898305084745 0.023474178403755867
3 0.15084745762711865 0.6009389671361502 0.05367231638418079 0.02112676056338028
3 0.1344632768361582 0.6291079812206573 0.020903954802259886 0.02112676056338028
3 0.1384180790960452 0.6572769953051644 0.02824858757062147 0.02112676056338028
3 0.13728813559322034 0.6854460093896714 0.02655367231638418 0.02112676056338028
3 0.15141242937853108 0.7136150234741784 0.05480225988700565 0.02112676056338028
3 0.12937853107344632 0.7417840375586855 0.010169491525423728 0.02112676056338028
3 0.14067796610169492 0.7699530516431925 0.03333333333333333 0.02112676056338028
3 0.1384180790960452 0.7981220657276995 0.0288135593220339 0.02112676056338028
3 0.13389830508474576 0.8896713615023474 0.01977401129943503 0.02112676056338028
3 0.13728813559322034 0.9178403755868545 0.02655367231638418 0.02112676056338028
3 0.1536723163841808 0.9460093896713615 0.059322033898305086 0.02112676056338028
3 0.188135593220339 0.6009389671361502 0.014689265536723164 0.02112676056338028
3 0.15480225988700566 0.6291079812206573 0.012994350282485875 0.02112676056338028
3 0.16101694915254236 0.6572769953051644 0.011864406779661017 0.02112676056338028
3 0.1598870056497175 0.6854460093896714 0.012429378531073447 0.02112676056338028
3 0.18757062146892656 0.7136150234741784 0.010734463276836158 0.02112676056338028
3 0.14180790960451978 0.7417840375586855 0.00847457627118644 0.02112676056338028
3 0.1638418079096045 0.7699530516431925 0.007344632768361582 0.02112676056338028
3 0.15875706214689267 0.7981220657276995 0.005649717514124294 0.02112676056338028
3 0.15593220338983052 0.8896713615023474 0.01694915254237288 0.02112676056338028
3 0.15875706214689267 0.9178403755868545 0.010734463276836158 0.02112676056338028
3 0.19322033898305085 0.9460093896713615 0.012429378531073447 0.02112676056338028
3 0.16497175141242937 0.007042253521126761 0.0655367231638418 0.014084507042253521
3 0.16045197740112993 0.023474178403755867 0.06497175141242938 0.023474178403755867
3 0.15310734463276837 0.35093896713615025 0.0576271186440678 0.023474178403755867
3 0.21807909604519773 0.35093896713615025 0.05141242937853107 0.023474178403755867
3 0.1423728813559322 0.3744131455399061 0.03615819209039548 0.023474178403755867