0 0.5690217391304347 0.024830699774266364 0.025 0.04401805869074492
0 0.22228260869565217 0.5395033860045146 0.019021739130434784 0.028216704288939052
0 0.7206521739130435 0.34988713318284426 0.06141304347826087 0.01580135440180587
1 0.7043478260869566 0.025959367945823927 0.18478260869565216 0.04401805869074492
1 0.1907608695652174 0.31376975169300225 0.06630434782608696 0.10158013544018059
1 0.3875 0.5530474040632054 0.15434782608695652 0.32054176072234764
1 0.5505434782608696 0.5530474040632054 0.15434782608695652 0.32054176072234764
1 0.7135869565217391 0.5530474040632054 0.15434782608695652 0.32054176072234764
1 0.19184782608695652 0.025959367945823927 0.07282608695652174 0.03837471783295711
2 0.4190217391304348 0.024830699774266364 0.325 0.04401805869074492
2 0.44619565217391305 0.024830699774266364 0.007608695652173913 0.01580135440180587
3 0.4956521739130435 0.025959367945823927 0.12282608695652174 0.029345372460496615
3 0.5010869565217392 0.024830699774266364 0.0967391304347826 0.022573363431151242
3 0.5010869565217392 0.024830699774266364 0.0967391304347826 0.022573363431151242
3 0.22717391304347825 0.4887133182844244 0.15108695652173912 0.06772009029345373
3 0.3875 0.8284424379232506 0.13260869565217392 0.020316027088036117
3 0.5505434782608696 0.8284424379232506 0.13260869565217392 0.020316027088036117
3 0.7135869565217391 0.8284424379232506 0.13260869565217392 0.020316027088036117
3 0.32119565217391305 0.0835214446952596 0.024456521739130436 0.022573363431151242
3 0.35706521739130437 0.0835214446952596 0.02717391304347826 0.022573363431151242
3 0.4048913043478261 0.0835214446952596 0.04891304347826087 0.022573363431151242
3 0.4483695652173913 0.0835214446952596 0.019021739130434784 0.022573363431151242
3 0.47989130434782606 0.0835214446952596 0.024456521739130436 0.022573363431151242
3 0.5125 0.0835214446952596 0.021195652173913043 0.022573363431151242
3 0.17717391304347826 0.6433408577878104 0.051630434782608696 0.020316027088036117
3 0.16141304347826088 0.6704288939051919 0.02010869565217391 0.020316027088036117
3 0.16521739130434782 0.6975169300225733 0.02717391304347826 0.020316027088036117
3 0.1641304347826087 0.7246049661399548 0.025543478260869567 0.020316027088036117
3 0.17771739130434783 0.7516930022573364 0.05271739130434783 0.020316027088036117
3 0.1565217391304348 0.7787810383747178 0.009782608695652175 0.020316027088036117
3 0.1673913043478261 0.8058690744920993 0.03206521739130435 0.020316027088036117
3 0.16521739130434782 0.8329571106094809 0.027717391304347826 0.020316027088036117
3 0.1608695652173913 0.9209932279909706 0.019021739130434784 0.020316027088036117
3 0.1641304347826087 0.9480812641083521 0.025543478260869567 0.020316027088036117
3 0.17989130434782608 0.9751693002257337 0.057065217391304345 0.020316027088036117
3 0.21304347826086956 0.6433408577878104 0.014130434782608696 0.020316027088036117
3 0.18097826086956523 0.6704288939051919 0.0125 0.020316027088036117
3 0.18695652173913044 0.6975169300225733 0.01141304347826087 0.020316027088036117
3 0.1858695652173913 0.7246049661399548 0.011956521739130435 0.020316027088036117
3 0.2125 0.7516930022573364 0.010326086956521738 0.020316027088036117
3 0.16847826086956522 0.7787810383747178 0.008152173913043478 0.020316027088036117
3 0.18967391304347825 0.8058690744920993 0.007065217391304348 0.020316027088036117
3 0.18478260869565216 0.8329571106094809 0.005434782608695652 0.020316027088036117
3 0.18206521739130435 0.9209932279909706 0.016304347826086956 0.020316027088036117
3 0.18478260869565216 0.9480812641083521 0.010326086956521738 0.020316027088036117
3 0.21793478260869564 0.9751693002257337 0.011956521739130435 0.020316027088036117
3 0.1907608695652174 0.06659142212189616 0.0625 0.022573363431151242
3 0.18641304347826088 0.08803611738148984 0.0625 0.022573363431151242
3 0.1793478260869565 0.40293453724604966 0.05543478260869565 0.022573363431151242
3 0.2418478260869565 0.40293453724604966 0.049456521739130434 0.022573363431151242
3 0.16902173913043478 0.4255079006772009 0.034782608695652174 0.022573363431151242