0 0.5842245989304813 0.020555555555555556 0.025133689839572194 0.04111111111111111
0 0.25240641711229944 0.22555555555555556 0.01871657754010695 0.027777777777777776
0 0.21818181818181817 0.9133333333333333 0.011764705882352941 0.027777777777777776
0 0.23475935828877006 0.9133333333333333 0.022459893048128343 0.027777777777777776
0 0.7331550802139037 0.14777777777777779 0.06042780748663101 0.015555555555555555
0 0.7855614973262032 0.39 0.034224598930481284 0.07111111111111111
1 0.717379679144385 0.021111111111111112 0.18235294117647058 0.042222222222222223
1 0.39197860962566844 0.3011111111111111 0.0374331550802139 0.07777777777777778
1 0.4053475935828877 0.7655555555555555 0.1518716577540107 0.31555555555555553
1 0.5657754010695187 0.7655555555555555 0.1518716577540107 0.31555555555555553
1 0.7262032085561497 0.7655555555555555 0.1518716577540107 0.31555555555555553
1 0.21283422459893048 0.02 0.07165775401069518 0.03777777777777778
2 0.43663101604278076 0.020555555555555556 0.32032085561497325 0.04111111111111111
2 0.5128342245989305 0.01888888888888889 0.0074866310160427805 0.015555555555555555
3 0.5363636363636364 0.02 0.07112299465240642 0.028888888888888888
3 0.5417112299465241 0.01888888888888889 0.045454545454545456 0.022222222222222223
3 0.5417112299465241 0.01888888888888889 0.045454545454545456 0.022222222222222223
3 0.24759358288770053 0.1922222222222222 0.14866310160427806 0.03333333333333333
3 0.44224598930481285 0.3 0.046524064171122995 0.05
3 0.34010695187165774 0.07666666666666666 0.02406417112299465 0.022222222222222223
3 0.3754010695187166 0.07666666666666666 0.026737967914438502 0.022222222222222223
3 0.42245989304812837 0.07666666666666666 0.0481283422459893 0.022222222222222223
3 0.46524064171123 0.07666666666666666 0.01871657754010695 0.022222222222222223
3 0.49625668449197863 0.07666666666666666 0.02406417112299465 0.022222222222222223
3 0.5283422459893048 0.07666666666666666 0.02085561497326203 0.022222222222222223
3 0.20802139037433154 0.41333333333333333 0.06951871657754011 0.02
3 0.2144385026737968 0.5 0.08235294117647059 0.02
3 0.2016042780748663 0.5266666666666666 0.0572192513368984 0.02
3 0.19786096256684493 0.6133333333333333 0.04973262032085562 0.02
3 0.20427807486631017 0.64 0.06256684491978609 0.02
3 0.1877005347593583 0.6666666666666666 0.028877005347593583 0.02
3 0.20481283422459892 0.6933333333333334 0.06363636363636363 0.02
3 0.20053475935828877 0.72 0.05508021390374331 0.02
3 0.20855614973262032 0.7466666666666667 0.07112299465240642 0.02
3 0.18716577540106952 0.7733333333333333 0.027807486631016044 0.02
3 0.1877005347593583 0.8 0.028877005347593583 0.02
3 0.20748663101604278 0.8266666666666667 0.06898395721925134 0.02
3 0.20374331550802138 0.9488888888888889 0.06096256684491978 0.02
3 0.2192513368983957 0.9755555555555555 0.09197860962566845 0.02
3 0.20802139037433154 0.9955555555555555 0.07058823529411765 0.006666666666666667
3 0.25614973262032087 0.41333333333333333 0.0213903743315508 0.02
3 0.2737967914438503 0.5 0.03048128342245989 0.02
3 0.24385026737967913 0.5266666666666666 0.020320855614973262 0.02
3 0.2374331550802139 0.6133333333333333 0.02406417112299465 0.02
3 0.25080213903743315 0.64 0.025133689839572194 0.02
3 0.21818181818181817 0.6666666666666666 0.026737967914438502 0.02
3 0.2529411764705882 0.6933333333333334 0.026203208556149733 0.02
3 0.24438502673796791 0.72 0.026737967914438502 0.02
3 0.25882352941176473 0.7466666666666667 0.022459893048128343 0.02
3 0.21497326203208555 0.7733333333333333 0.021925133689839574 0.02
3 0.21550802139037434 0.8 0.021925133689839574 0.02
3 0.2556149732620321 0.8266666666666667 0.021925133689839574 0.02
3 0.24866310160427807 0.9488888888888889 0.023529411764705882 0.02
3 0.2802139037433155 0.9755555555555555 0.025133689839572194 0.02
3 0.25935828877005346 0.9955555555555555 0.027807486631016044 0.006666666666666667
3 0.21176470588235294 0.06 0.06149732620320856 0.022222222222222223
3 0.20748663101604278 0.0811111111111111 0.06149732620320856 0.022222222222222223
3 0.19037433155080213 0.14666666666666667 0.034224598930481284 0.022222222222222223
3 0.24224598930481284 0.14666666666666667 0.05080213903743316 0.022222222222222223
3 0.2871657754010695 0.14666666666666667 0.01871657754010695 0.022222222222222223