0 0.5739010989010989 0.006278538812785388 0.025824175824175823 0.012557077625570776
0 0.23736263736263735 0.20205479452054795 0.019230769230769232 0.028538812785388126
0 0.7269230769230769 0.12214611872146118 0.06208791208791209 0.01598173515981735
0 0.7807692307692308 0.3710045662100457 0.035164835164835165 0.0730593607305936
1 0.7107142857142857 0.00684931506849315 0.18736263736263736 0.0136986301369863
1 0.37637362637362637 0.2796803652968037 0.038461538461538464 0.07990867579908675
1 0.3901098901098901 0.7568493150684932 0.15604395604395604 0.3242009132420091
1 0.554945054945055 0.7568493150684932 0.15604395604395604 0.3242009132420091
1 0.7197802197802198 0.7568493150684932 0.15604395604395604 0.3242009132420091
1 0.1925824175824176 0.005707762557077625 0.07417582417582418 0.01141552511415525
2 0.42225274725274725 0.006278538812785388 0.3291208791208791 0.012557077625570776
3 0.5087912087912088 0.003424657534246575 0.1054945054945055 0.00684931506849315
3 0.22802197802197802 0.1678082191780822 0.15274725274725276 0.03424657534246575
3 0.4445054945054945 0.2785388127853881 0.08021978021978023 0.05136986301369863
3 0.3230769230769231 0.04908675799086758 0.024725274725274724 0.0228310502283105
3 0.35934065934065934 0.04908675799086758 0.027472527472527472 0.0228310502283105
3 0.4076923076923077 0.04908675799086758 0.04945054945054945 0.0228310502283105
3 0.45164835164835165 0.04908675799086758 0.019230769230769232 0.0228310502283105
3 0.4835164835164835 0.04908675799086758 0.024725274725274724 0.0228310502283105
3 0.5164835164835165 0.04908675799086758 0.02142857142857143 0.0228310502283105
3 0.18736263736263736 0.3949771689497717 0.07142857142857142 0.02054794520547945
3 0.160989010989011 0.4840182648401826 0.019230769230769232 0.02054794520547945
3 0.18021978021978022 0.5114155251141552 0.057692307692307696 0.02054794520547945
3 0.16428571428571428 0.5388127853881278 0.025824175824175823 0.02054794520547945
3 0.19395604395604396 0.6278538812785388 0.08461538461538462 0.02054794520547945
3 0.18076923076923077 0.6552511415525114 0.05879120879120879 0.02054794520547945
3 0.17692307692307693 0.7442922374429224 0.0510989010989011 0.02054794520547945
3 0.1835164835164835 0.771689497716895 0.06428571428571428 0.02054794520547945
3 0.16648351648351647 0.7990867579908676 0.02967032967032967 0.02054794520547945
3 0.1879120879120879 0.8264840182648402 0.07307692307692308 0.02054794520547945
3 0.17967032967032967 0.8538812785388128 0.056593406593406594 0.02054794520547945
3 0.18406593406593408 0.8812785388127854 0.06538461538461539 0.02054794520547945
3 0.16593406593406593 0.908675799086758 0.02857142857142857 0.02054794520547945
3 0.16648351648351647 0.9360730593607306 0.02967032967032967 0.02054794520547945
3 0.18681318681318682 0.9634703196347032 0.07087912087912088 0.02054794520547945
3 0.2368131868131868 0.3949771689497717 0.022527472527472527 0.02054794520547945
3 0.18956043956043955 0.4840182648401826 0.03131868131868132 0.02054794520547945
3 0.22527472527472528 0.5114155251141552 0.025274725274725275 0.02054794520547945
3 0.19285714285714287 0.5388127853881278 0.025274725274725275 0.02054794520547945
3 0.2549450549450549 0.6278538812785388 0.03131868131868132 0.02054794520547945
3 0.22417582417582418 0.6552511415525114 0.02142857142857143 0.02054794520547945
3 0.21813186813186813 0.7442922374429224 0.025824175824175823 0.02054794520547945
3 0.23241758241758242 0.771689497716895 0.027472527472527472 0.02054794520547945
3 0.1978021978021978 0.7990867579908676 0.027472527472527472 0.02054794520547945
3 0.24010989010989012 0.8264840182648402 0.024725274725274724 0.02054794520547945
3 0.22472527472527473 0.8538812785388128 0.028021978021978023 0.02054794520547945
3 0.23406593406593407 0.8812785388127854 0.027472527472527472 0.02054794520547945
3 0.1956043956043956 0.908675799086758 0.024725274725274724 0.02054794520547945
3 0.1956043956043956 0.9360730593607306 0.023076923076923078 0.02054794520547945
3 0.23626373626373626 0.9634703196347032 0.022527472527472527 0.02054794520547945
3 0.1912087912087912 0.0319634703196347 0.06318681318681318 0.0228310502283105
3 0.18681318681318682 0.05365296803652968 0.06318681318681318 0.0228310502283105
3 0.16923076923076924 0.12100456621004566 0.035164835164835165 0.0228310502283105
3 0.22252747252747251 0.12100456621004566 0.0521978021978022 0.0228310502283105