0 0.5878378378378378 0.013452914798206279 0.025405405405405406 0.026905829596412557
0 0.23189189189189188 0.29035874439461884 0.010810810810810811 0.02242152466367713
0 0.2481081081081081 0.3307174887892377 0.010810810810810811 0.02242152466367713
0 0.7383783783783784 0.17152466367713004 0.06108108108108108 0.01569506726457399
0 0.8183783783783783 0.26905829596412556 0.017297297297297298 0.03587443946188341
0 0.21297297297297296 0.19170403587443946 0.04810810810810811 0.042600896860986545
0 0.27837837837837837 0.19170403587443946 0.07837837837837838 0.042600896860986545
1 0.7224324324324324 0.014013452914798207 0.18432432432432433 0.028026905829596414
1 0.3567567567567568 0.26905829596412556 0.046486486486486484 0.09641255605381166
1 0.41783783783783784 0.26905829596412556 0.046486486486486484 0.09641255605381166
1 0.4783783783783784 0.26905829596412556 0.046486486486486484 0.09641255605381166
1 0.5394594594594595 0.26905829596412556 0.046486486486486484 0.09641255605381166
1 0.6 0.26905829596412556 0.046486486486486484 0.09641255605381166
1 0.6610810810810811 0.26905829596412556 0.046486486486486484 0.09641255605381166
1 0.7216216216216216 0.26905829596412556 0.046486486486486484 0.09641255605381166
1 0.7827027027027027 0.26905829596412556 0.046486486486486484 0.09641255605381166
1 0.40702702702702703 0.5056053811659192 0.1535135135135135 0.3183856502242152
1 0.5691891891891891 0.5056053811659192 0.1535135135135135 0.3183856502242152
1 0.7313513513513513 0.5056053811659192 0.1535135135135135 0.3183856502242152
1 0.2127027027027027 0.01289237668161435 0.07297297297297298 0.0257847533632287
2 0.43864864864864866 0.013452914798206279 0.3237837837837838 0.026905829596412557
2 0.48027027027027025 0.006726457399103139 0.008108108108108109 0.013452914798206279
3 0.5216216216216216 0.010650224215246636 0.10810810810810811 0.021300448430493273
3 0.38 0.8239910313901345 0.07783783783783783 0.021300448430493273
3 0.40702702702702703 0.897982062780269 0.1318918918918919 0.014573991031390135
3 0.5421621621621622 0.7791479820627802 0.07783783783783783 0.021300448430493273
3 0.5691891891891891 0.8531390134529148 0.1318918918918919 0.014573991031390135
3 0.6859459459459459 0.7589686098654709 0.04162162162162162 0.021300448430493273
3 0.7313513513513513 0.8329596412556054 0.1318918918918919 0.014573991031390135
3 0.527027027027027 0.008408071748878924 0.08216216216216216 0.016816143497757848
3 0.527027027027027 0.008408071748878924 0.08216216216216216 0.016816143497757848
3 0.24756756756756756 0.2163677130044843 0.15027027027027026 0.033632286995515695
3 0.40702702702702703 0.8688340807174888 0.1318918918918919 0.04035874439461883
3 0.5691891891891891 0.8239910313901345 0.1318918918918919 0.04035874439461883
3 0.7313513513513513 0.8038116591928252 0.1318918918918919 0.04035874439461883
3 0.26 0.13452914798206278 0.14216216216216215 0.04484304932735426
3 0.3410810810810811 0.06278026905829596 0.024324324324324326 0.02242152466367713
3 0.37675675675675674 0.06278026905829596 0.02702702702702703 0.02242152466367713
3 0.4243243243243243 0.06278026905829596 0.04864864864864865 0.02242152466367713
3 0.46756756756756757 0.06278026905829596 0.01891891891891892 0.02242152466367713
3 0.49891891891891893 0.06278026905829596 0.024324324324324326 0.02242152466367713
3 0.5313513513513514 0.06278026905829596 0.02108108108108108 0.02242152466367713
3 0.18594594594594593 0.6132286995515696 0.02702702702702703 0.020179372197309416
3 0.18162162162162163 0.6401345291479821 0.01891891891891892 0.020179372197309416
3 0.18162162162162163 0.6670403587443946 0.01891891891891892 0.020179372197309416
3 0.18162162162162163 0.6939461883408071 0.01891891891891892 0.020179372197309416
3 0.19405405405405404 0.781390134529148 0.04378378378378378 0.020179372197309416
3 0.19243243243243244 0.8082959641255605 0.04054054054054054 0.020179372197309416
3 0.18216216216216216 0.8957399103139013 0.01945945945945946 0.020179372197309416
3 0.1908108108108108 0.9831838565022422 0.036756756756756756 0.020179372197309416
3 0.2091891891891892 0.6132286995515696 0.014054054054054054 0.020179372197309416
3 0.19945945945945945 0.6401345291479821 0.011351351351351352 0.020179372197309416
3 0.19945945945945945 0.6670403587443946 0.01027027027027027 0.020179372197309416
3 0.19783783783783784 0.6939461883408071 0.0075675675675675675 0.020179372197309416
3 0.22486486486486487 0.781390134529148 0.011891891891891892 0.020179372197309416
3 0.22162162162162163 0.8082959641255605 0.011891891891891892 0.020179372197309416
3 0.20162162162162162 0.8957399103139013 0.014054054054054054 0.020179372197309416
3 0.21783783783783783 0.9831838565022422 0.011891891891891892 0.020179372197309416
3 0.21135135135135136 0.04596412556053812 0.062162162162162166 0.02242152466367713
3 0.20702702702702702 0.06726457399103139 0.062162162162162166 0.02242152466367713
3 0.20270270270270271 0.17040358744394618 0.06108108108108108 0.02242152466367713