0 0.5794117647058824 0.014444444444444444 0.025133689839572194 0.028888888888888888
0 0.22727272727272727 0.29 0.0106951871657754 0.022222222222222223
0 0.24331550802139038 0.33 0.0106951871657754 0.022222222222222223
0 0.7283422459893049 0.17222222222222222 0.06042780748663101 0.015555555555555555
0 0.8074866310160428 0.2688888888888889 0.017112299465240642 0.035555555555555556
0 0.20855614973262032 0.1922222222222222 0.04759358288770053 0.042222222222222223
0 0.2732620320855615 0.1922222222222222 0.07754010695187166 0.042222222222222223
1 0.7125668449197861 0.015 0.18235294117647058 0.03
1 0.3508021390374332 0.2688888888888889 0.045989304812834225 0.09555555555555556
1 0.4112299465240642 0.2688888888888889 0.045989304812834225 0.09555555555555556
1 0.4711229946524064 0.2688888888888889 0.045989304812834225 0.09555555555555556
1 0.5315508021390374 0.2688888888888889 0.045989304812834225 0.09555555555555556
1 0.5914438502673797 0.2688888888888889 0.045989304812834225 0.09555555555555556
1 0.6518716577540107 0.2688888888888889 0.045989304812834225 0.09555555555555556
1 0.711764705882353 0.2688888888888889 0.045989304812834225 0.09555555555555556
1 0.772192513368984 0.2688888888888889 0.045989304812834225 0.09555555555555556
1 0.40053475935828875 0.5033333333333333 0.1518716577540107 0.31555555555555553
1 0.5609625668449197 0.5033333333333333 0.1518716577540107 0.31555555555555553
1 0.7213903743315508 0.5033333333333333 0.1518716577540107 0.31555555555555553
1 0.20828877005347593 0.013888888888888888 0.07219251336898395 0.027777777777777776
2 0.4318181818181818 0.014444444444444444 0.32032085561497325 0.028888888888888888
2 0.47299465240641714 0.0077777777777777776 0.008021390374331552 0.015555555555555555
3 0.513903743315508 0.011666666666666667 0.10695187165775401 0.023333333333333334
3 0.37379679144385025 0.8188888888888889 0.07700534759358289 0.021111111111111112
3 0.40053475935828875 0.8922222222222222 0.1304812834224599 0.014444444444444444
3 0.5342245989304812 0.7744444444444445 0.07700534759358289 0.021111111111111112
3 0.5609625668449197 0.8477777777777777 0.1304812834224599 0.014444444444444444
3 0.6764705882352942 0.7544444444444445 0.041176470588235294 0.021111111111111112
3 0.7213903743315508 0.8277777777777777 0.1304812834224599 0.014444444444444444
3 0.5192513368983958 0.009444444444444445 0.08128342245989305 0.01888888888888889
3 0.5192513368983958 0.009444444444444445 0.08128342245989305 0.01888888888888889
3 0.2427807486631016 0.21666666666666667 0.14866310160427806 0.03333333333333333
3 0.40053475935828875 0.8633333333333333 0.1304812834224599 0.04
3 0.5609625668449197 0.8188888888888889 0.1304812834224599 0.04
3 0.7213903743315508 0.7988888888888889 0.1304812834224599 0.04
3 0.2550802139037433 0.13555555555555557 0.14064171122994654 0.044444444444444446
3 0.3352941176470588 0.06444444444444444 0.02406417112299465 0.022222222222222223
3 0.37058823529411766 0.06444444444444444 0.026737967914438502 0.022222222222222223
3 0.4176470588235294 0.06444444444444444 0.0481283422459893 0.022222222222222223
3 0.46042780748663104 0.06444444444444444 0.01871657754010695 0.022222222222222223
3 0.4914438502673797 0.06444444444444444 0.02406417112299465 0.022222222222222223
3 0.5235294117647059 0.06444444444444444 0.02085561497326203 0.022222222222222223
3 0.18181818181818182 0.61 0.026737967914438502 0.02
3 0.17754010695187167 0.6366666666666667 0.01871657754010695 0.02
3 0.17754010695187167 0.6633333333333333 0.01871657754010695 0.02
3 0.17754010695187167 0.69 0.01871657754010695 0.02
3 0.18983957219251338 0.7766666666666666 0.04331550802139037 0.02
3 0.18823529411764706 0.8033333333333333 0.040106951871657755 0.02
3 0.17807486631016042 0.89 0.019251336898395723 0.02
3 0.18663101604278076 0.9766666666666667 0.03636363636363636 0.02
3 0.20481283422459892 0.61 0.013903743315508022 0.02
3 0.19518716577540107 0.6366666666666667 0.011229946524064172 0.02
3 0.19518716577540107 0.6633333333333333 0.010160427807486631 0.02
3 0.19358288770053475 0.69 0.0074866310160427805 0.02
3 0.22032085561497325 0.7766666666666666 0.011764705882352941 0.02
3 0.21711229946524063 0.8033333333333333 0.011764705882352941 0.02
3 0.19732620320855615 0.89 0.013903743315508022 0.02
3 0.21336898395721926 0.9766666666666667 0.011764705882352941 0.02
3 0.206951871657754 0.04777777777777778 0.06149732620320856 0.022222222222222223
3 0.20267379679144384 0.06888888888888889 0.06149732620320856 0.022222222222222223
3 0.1983957219251337 0.1711111111111111 0.06042780748663101 0.022222222222222223