0 0.584375 0.02918918918918919 0.023958333333333335 0.04216216216216216
0 0.7296875 0.1989189189189189 0.058854166666666666 0.015135135135135135
0 0.2234375 0.20972972972972972 0.04635416666666667 0.04108108108108108
0 0.2864583333333333 0.20972972972972972 0.07552083333333333 0.04108108108108108
1 0.7140625 0.03027027027027027 0.17708333333333334 0.04216216216216216
1 0.41041666666666665 0.3935135135135135 0.14791666666666667 0.307027027027027
1 0.5666666666666667 0.3935135135135135 0.14791666666666667 0.307027027027027
1 0.7229166666666667 0.3935135135135135 0.14791666666666667 0.307027027027027
2 0.440625 0.02918918918918919 0.31145833333333334 0.04216216216216216
2 0.5015625 0.02918918918918919 0.007291666666666667 0.015135135135135135
3 0.1828125 0 0 0
3 0.22291666666666668 0.03027027027027027 0.06979166666666667 0.036756756756756756
3 0.6729166666666667 0.08540540540540541 0.057291666666666664 0.021621621621621623
3 0.71875 0.08540540540540541 0.034375 0.021621621621621623
3 0.7609375 0.08540540540540541 0.050520833333333334 0.021621621621621623
3 0.21770833333333334 0.07783783783783783 0.06927083333333334 0.043243243243243246
3 0.30520833333333336 0.08540540540540541 0.04114583333333333 0.021621621621621623
3 0.346875 0.08540540540540541 0.0234375 0.021621621621621623
3 0.38125 0.08540540540540541 0.026041666666666668 0.021621621621621623
3 0.4270833333333333 0.08540540540540541 0.046875 0.021621621621621623
3 0.46875 0.08540540540540541 0.018229166666666668 0.021621621621621623
3 0.49895833333333334 0.08540540540540541 0.0234375 0.021621621621621623
3 0.5302083333333333 0.08540540540540541 0.0203125 0.021621621621621623
3 0.7963541666666667 0.08324324324324324 0.013020833333333334 0.022702702702702703
3 0.7140625 0.03351351351351351 0.17708333333333334 0.04756756756756757
3 0.2833333333333333 0.13513513513513514 0.029166666666666667 0.021621621621621623
3 0.33229166666666665 0.13513513513513514 0.04791666666666667 0.021621621621621623
3 0.3958333333333333 0.13513513513513514 0.058333333333333334 0.021621621621621623
3 0.44583333333333336 0.13513513513513514 0.0203125 0.021621621621621623
3 0.228125 0.1891891891891892 0.0875 0.021621621621621623
3 0.29322916666666665 0.3362162162162162 0.016666666666666666 0.017297297297297298
3 0.29322916666666665 0.40756756756756757 0.016666666666666666 0.017297297297297298
3 0.23020833333333332 0.5210810810810811 0.09166666666666666 0.01945945945945946
3 0.22395833333333334 0.6054054054054054 0.0796875 0.01945945945945946
3 0.20625 0.6313513513513513 0.04375 0.01945945945945946
3 0.20833333333333334 0.6572972972972972 0.04791666666666667 0.01945945945945946
3 0.20729166666666668 0.6832432432432433 0.04583333333333333 0.01945945945945946
3 0.24010416666666667 0.7091891891891892 0.11197916666666667 0.01945945945945946
3 0.24166666666666667 0.7351351351351352 0.11458333333333333 0.01945945945945946
3 0.23333333333333334 0.7610810810810811 0.0984375 0.01945945945945946
3 0.234375 0.787027027027027 0.10052083333333334 0.01945945945945946
3 0.20572916666666666 0.812972972972973 0.042708333333333334 0.01945945945945946
3 0.20677083333333332 0.8972972972972973 0.04479166666666667 0.01945945945945946
3 0.24114583333333334 0.9816216216216216 0.1140625 0.01945945945945946
3 0.7807291666666667 0.20108108108108108 0.008333333333333333 0.017297297297297298
3 0.7932291666666667 0.20108108108108108 0.008333333333333333 0.017297297297297298
3 0.41041666666666665 0.3935135135135135 0.14791666666666667 0.307027027027027
3 0.41041666666666665 0.6410810810810811 0.14791666666666667 0.18702702702702703
3 0.5666666666666667 0.3935135135135135 0.14791666666666667 0.307027027027027
3 0.5666666666666667 0.6410810810810811 0.14791666666666667 0.18702702702702703
3 0.7229166666666667 0.3935135135135135 0.14791666666666667 0.307027027027027
3 0.7229166666666667 0.6410810810810811 0.14791666666666667 0.18702702702702703
3 0.53125 0.03027027027027027 0.0828125 0.02810810810810811
3 0.38385416666666666 0.6194594594594595 0.07395833333333333 0.02054054054054054
3 0.5401041666666667 0.6194594594594595 0.07395833333333333 0.02054054054054054
3 0.5666666666666667 0.6908108108108109 0.12708333333333333 0.014054054054054054
3 0.6963541666666667 0.6194594594594595 0.07395833333333333 0.02054054054054054
3 0.5364583333333334 0.02918918918918919 0.0578125 0.021621621621621623
3 0.5364583333333334 0.02918918918918919 0.0578125 0.021621621621621623
3 0.25677083333333334 0.23351351351351352 0.14479166666666668 0.032432432432432434
3 0.41041666666666665 0.6627027027027027 0.12708333333333333 0.03891891891891892
3 0.5666666666666667 0.6627027027027027 0.12708333333333333 0.03891891891891892
3 0.7229166666666667 0.6627027027027027 0.12708333333333333 0.03891891891891892
3 0.26875 0.1545945945945946 0.13697916666666668 0.043243243243243246