0 0.600967007963595 0.016548463356973995 0.026734926052332197 0.03309692671394799
0 0.24857792946530147 0.2293144208037825 0.019908987485779295 0.02955082742316785
0 0.7593856655290102 0.14657210401891252 0.06427758816837315 0.016548463356973995
0 0.8151308304891922 0.40425531914893614 0.03640500568828214 0.07565011820330969
1 0.7426052332195677 0.017139479905437353 0.19397042093287828 0.034278959810874705
1 0.39647326507394764 0.30969267139479906 0.03981797497155859 0.08274231678486997
1 0.41069397042093286 0.8037825059101655 0.161547212741752 0.33569739952718675
1 0.5813424345847554 0.8037825059101655 0.161547212741752 0.33569739952718675
1 0.7519908987485779 0.8037825059101655 0.161547212741752 0.33569739952718675
1 0.20620022753128556 0.015957446808510637 0.07679180887372014 0.031914893617021274
2 0.44397042093287825 0.016548463356973995 0.34072810011376564 0.03309692671394799
2 0.5096700796359499 0.009456264775413711 0.007963594994311717 0.016548463356973995
3 0.5429465301478953 0.013593380614657211 0.09158134243458475 0.027186761229314422
3 0.5486348122866894 0.011229314420803783 0.06427758816837315 0.022458628841607566
3 0.5486348122866894 0.011229314420803783 0.06427758816837315 0.022458628841607566
3 0.2428896473265074 0.1938534278959811 0.15813424345847554 0.03546099290780142
3 0.47838452787258245 0.30851063829787234 0.10580204778156997 0.05319148936170213
3 0.3412969283276451 0.07092198581560284 0.025597269624573378 0.02364066193853428
3 0.378839590443686 0.07092198581560284 0.02844141069397042 0.02364066193853428
3 0.42889647326507396 0.07092198581560284 0.051194539249146756 0.02364066193853428
3 0.47440273037542663 0.07092198581560284 0.019908987485779295 0.02364066193853428
3 0.5073947667804323 0.07092198581560284 0.025597269624573378 0.02364066193853428
3 0.5415244596131968 0.07092198581560284 0.02218430034129693 0.02364066193853428
3 0.20079635949943117 0.42907801418439717 0.07394766780432309 0.02127659574468085
3 0.19055745164960183 0.5212765957446809 0.0540386803185438 0.02127659574468085
3 0.17406143344709898 0.549645390070922 0.02104664391353811 0.02127659574468085
3 0.17690557451649602 0.5780141843971631 0.026734926052332197 0.02127659574468085
3 0.17804323094425484 0.6063829787234043 0.02844141069397042 0.02127659574468085
3 0.20136518771331058 0.6347517730496454 0.07565415244596133 0.02127659574468085
3 0.17690557451649602 0.6631205673758865 0.026734926052332197 0.02127659574468085
3 0.19226393629124006 0.6914893617021277 0.05745164960182025 0.02127659574468085
3 0.18031854379977247 0.7198581560283688 0.0335608646188851 0.02127659574468085
3 0.1689419795221843 0.74822695035461 0.010238907849829351 0.02127659574468085
3 0.17690557451649602 0.8723404255319149 0.026734926052332197 0.02127659574468085
3 0.19340159271899887 0.900709219858156 0.059726962457337884 0.02127659574468085
3 0.17349260523321958 0.9290780141843972 0.019908987485779295 0.02127659574468085
3 0.24800910125142206 0.42907801418439717 0.01478953356086462 0.02127659574468085
3 0.23435722411831628 0.5212765957446809 0.027872582480091012 0.02127659574468085
3 0.19908987485779295 0.549645390070922 0.02161547212741752 0.02127659574468085
3 0.20477815699658702 0.5780141843971631 0.023321956769055744 0.02127659574468085
3 0.20648464163822525 0.6063829787234043 0.023321956769055744 0.02127659574468085
3 0.25369738339021614 0.6347517730496454 0.023321956769055744 0.02127659574468085
3 0.20477815699658702 0.6631205673758865 0.02161547212741752 0.02127659574468085
3 0.23378839590443687 0.6914893617021277 0.019908987485779295 0.02127659574468085
3 0.20875995449374288 0.7198581560283688 0.01763367463026166 0.02127659574468085
3 0.18600682593856654 0.74822695035461 0.017064846416382253 0.02127659574468085
3 0.20591581342434584 0.8723404255319149 0.025597269624573378 0.02127659574468085
3 0.24061433447098976 0.900709219858156 0.027872582480091012 0.02127659574468085
3 0.19908987485779295 0.9290780141843972 0.023890784982935155 0.02127659574468085
3 0.20477815699658702 0.05319148936170213 0.06541524459613197 0.02364066193853428
3 0.20022753128555176 0.07565011820330969 0.06541524459613197 0.02364066193853428
3 0.1820250284414107 0.1453900709219858 0.03640500568828214 0.02364066193853428