0 0.6015625 0.02283653846153846 0.027199074074074073 0.04567307692307692
0 0.24305555555555555 0.24519230769230768 0.02025462962962963 0.030048076923076924
0 0.7627314814814815 0.16105769230769232 0.06539351851851852 0.016826923076923076
0 0.8194444444444444 0.4230769230769231 0.037037037037037035 0.07692307692307693
1 0.7456597222222222 0.0234375 0.19733796296296297 0.046875
1 0.39351851851851855 0.3269230769230769 0.04050925925925926 0.08413461538461539
1 0.40827546296296297 0.8287259615384616 0.16493055555555555 0.3401442307692308
1 0.5818865740740741 0.8287259615384616 0.16493055555555555 0.3401442307692308
1 0.7554976851851852 0.8287259615384616 0.16493055555555555 0.3401442307692308
1 0.1996527777777778 0.02283653846153846 0.0775462962962963 0.040865384615384616
2 0.4418402777777778 0.02283653846153846 0.34664351851851855 0.04567307692307692
2 0.5086805555555556 0.021634615384615384 0.008101851851851851 0.016826923076923076
3 0.5422453703703703 0.02283653846153846 0.09259259259259259 0.03125
3 0.5480324074074074 0.021634615384615384 0.06481481481481481 0.02403846153846154
3 0.5480324074074074 0.021634615384615384 0.06481481481481481 0.02403846153846154
3 0.23726851851851852 0.2091346153846154 0.16087962962962962 0.036057692307692304
3 0.47685185185185186 0.32572115384615385 0.1076388888888889 0.054086538461538464
3 0.33738425925925924 0.08413461538461539 0.026041666666666668 0.02403846153846154
3 0.3755787037037037 0.08413461538461539 0.028935185185185185 0.02403846153846154
3 0.42650462962962965 0.08413461538461539 0.052083333333333336 0.02403846153846154
3 0.47280092592592593 0.08413461538461539 0.02025462962962963 0.02403846153846154
3 0.5063657407407407 0.08413461538461539 0.026041666666666668 0.02403846153846154
3 0.5410879629629629 0.08413461538461539 0.022569444444444444 0.02403846153846154
3 0.19444444444444445 0.4483173076923077 0.07523148148148148 0.021634615384615384
3 0.1840277777777778 0.5420673076923077 0.05497685185185185 0.021634615384615384
3 0.16724537037037038 0.5709134615384616 0.02141203703703704 0.021634615384615384
3 0.1701388888888889 0.5997596153846154 0.027199074074074073 0.021634615384615384
3 0.1712962962962963 0.6286057692307693 0.028935185185185185 0.021634615384615384
3 0.19502314814814814 0.6574519230769231 0.07696759259259259 0.021634615384615384
3 0.1701388888888889 0.6862980769230769 0.027199074074074073 0.021634615384615384
3 0.1857638888888889 0.7151442307692307 0.05844907407407408 0.021634615384615384
3 0.1736111111111111 0.7439903846153846 0.03414351851851852 0.021634615384615384
3 0.16203703703703703 0.7728365384615384 0.010416666666666666 0.021634615384615384
3 0.1701388888888889 0.8990384615384616 0.027199074074074073 0.021634615384615384
3 0.1869212962962963 0.9278846153846154 0.06076388888888889 0.021634615384615384
3 0.16666666666666666 0.9567307692307693 0.02025462962962963 0.021634615384615384
3 0.24247685185185186 0.4483173076923077 0.015046296296296295 0.021634615384615384
3 0.22858796296296297 0.5420673076923077 0.028356481481481483 0.021634615384615384
3 0.19270833333333334 0.5709134615384616 0.02199074074074074 0.021634615384615384
3 0.19849537037037038 0.5997596153846154 0.023726851851851853 0.021634615384615384
3 0.20023148148148148 0.6286057692307693 0.023726851851851853 0.021634615384615384
3 0.2482638888888889 0.6574519230769231 0.023726851851851853 0.021634615384615384
3 0.19849537037037038 0.6862980769230769 0.02199074074074074 0.021634615384615384
3 0.22800925925925927 0.7151442307692307 0.02025462962962963 0.021634615384615384
3 0.2025462962962963 0.7439903846153846 0.017939814814814815 0.021634615384615384
3 0.17939814814814814 0.7728365384615384 0.017361111111111112 0.021634615384615384
3 0.1996527777777778 0.8990384615384616 0.026041666666666668 0.021634615384615384
3 0.2349537037037037 0.9278846153846154 0.028356481481481483 0.021634615384615384
3 0.19270833333333334 0.9567307692307693 0.024305555555555556 0.021634615384615384
3 0.19849537037037038 0.06610576923076923 0.06655092592592593 0.02403846153846154
3 0.19386574074074073 0.0889423076923077 0.06655092592592593 0.02403846153846154
3 0.1753472222222222 0.15985576923076922 0.037037037037037035 0.02403846153846154