0 0.4938888888888889 0.42494226327944573 0.0033333333333333335 0.006928406466512702
0 0.505 0.42494226327944573 0.005555555555555556 0.011547344110854504
0 0.5161111111111111 0.42494226327944573 0.0033333333333333335 0.006928406466512702
1 0.5094444444444445 0.24826789838337182 0.8838888888888888 0.3903002309468822
1 0.23777777777777778 0.6628175519630485 0.12444444444444444 0.25981524249422633
1 0.3711111111111111 0.6628175519630485 0.12444444444444444 0.25981524249422633
1 0.5044444444444445 0.6628175519630485 0.12444444444444444 0.25981524249422633
1 0.6377777777777778 0.6628175519630485 0.12444444444444444 0.25981524249422633
1 0.7711111111111111 0.6628175519630485 0.12444444444444444 0.25981524249422633
3 0.22444444444444445 0.5046189376443418 0.09722222222222222 0.020785219399538105
3 0.23777777777777778 0.9099307159353349 0.10888888888888888 0.04041570438799076
3 0.3711111111111111 0.8845265588914549 0.10888888888888888 0.04041570438799076
3 0.5044444444444445 0.9099307159353349 0.10888888888888888 0.04041570438799076
3 0.6377777777777778 0.9006928406466512 0.10888888888888888 0.04041570438799076
3 0.7711111111111111 0.9260969976905312 0.10888888888888888 0.04041570438799076
3 0.3466666666666667 0.028868360277136258 0.025 0.023094688221709007
3 0.38333333333333336 0.028868360277136258 0.027777777777777776 0.023094688221709007
3 0.43222222222222223 0.028868360277136258 0.05 0.023094688221709007
3 0.4766666666666667 0.028868360277136258 0.019444444444444445 0.023094688221709007
3 0.5088888888888888 0.028868360277136258 0.025 0.023094688221709007
3 0.5422222222222223 0.028868360277136258 0.021666666666666667 0.023094688221709007
3 0.21333333333333335 0.011547344110854504 0.06388888888888888 0.023094688221709007
3 0.2088888888888889 0.03348729792147806 0.06388888888888888 0.023094688221709007