0 0.24808743169398906 0.3979591836734694 0.01092896174863388 0.022675736961451247
0 0.26284153005464483 0.4387755102040816 0.01092896174863388 0.022675736961451247
0 0.7601092896174864 0.264172335600907 0.06174863387978142 0.015873015873015872
1 0.40437158469945356 0.42063492063492064 0.08743169398907104 0.18140589569160998
1 0.40437158469945356 0.6689342403628118 0.08743169398907104 0.18140589569160998
1 0.40437158469945356 0.8968253968253969 0.08743169398907104 0.18140589569160998
3 0.6322404371584699 0.40816326530612246 0.34262295081967215 0.015873015873015872
3 0.4825136612021858 0.5068027210884354 0.04316939890710383 0.021541950113378686
3 0.6322404371584699 0.6156462585034014 0.34262295081967215 0.015873015873015872
3 0.4825136612021858 0.7142857142857143 0.04316939890710383 0.021541950113378686
3 0.6322404371584699 0.8435374149659864 0.34262295081967215 0.015873015873015872
3 0.4825136612021858 0.9421768707482994 0.04316939890710383 0.021541950113378686
3 0.2639344262295082 0.3231292517006803 0.15191256830601094 0.034013605442176874
3 0.6322404371584699 0.3854875283446712 0.34262295081967215 0.02947845804988662
3 0.6322404371584699 0.5929705215419501 0.34262295081967215 0.02947845804988662
3 0.6322404371584699 0.8208616780045351 0.34262295081967215 0.02947845804988662
3 0.3584699453551913 0.04308390022675737 0.02459016393442623 0.022675736961451247
3 0.3945355191256831 0.04308390022675737 0.0273224043715847 0.022675736961451247
3 0.4426229508196721 0.04308390022675737 0.04918032786885246 0.022675736961451247
3 0.48633879781420764 0.04308390022675737 0.01912568306010929 0.022675736961451247
3 0.5180327868852459 0.04308390022675737 0.02459016393442623 0.022675736961451247
3 0.5508196721311476 0.04308390022675737 0.021311475409836064 0.022675736961451247
3 0.22349726775956283 0.7244897959183674 0.07103825136612021 0.02040816326530612
3 0.20546448087431693 0.8129251700680272 0.034972677595628415 0.02040816326530612
3 0.20437158469945355 0.8401360544217688 0.03278688524590164 0.02040816326530612
3 0.20273224043715846 0.8673469387755102 0.029508196721311476 0.02040816326530612
3 0.20765027322404372 0.8945578231292517 0.03989071038251366 0.02040816326530612
3 0.20710382513661202 0.9217687074829932 0.03825136612021858 0.02040816326530612
3 0.22513661202185792 0.9489795918367347 0.07431693989071038 0.02040816326530612
3 0.20928961748633879 0.9761904761904762 0.04316939890710383 0.02040816326530612
3 0.2683060109289617 0.7244897959183674 0.01366120218579235 0.02040816326530612
3 0.23224043715846995 0.8129251700680272 0.012568306010928962 0.02040816326530612
3 0.23005464480874316 0.8401360544217688 0.012021857923497269 0.02040816326530612
3 0.226775956284153 0.8673469387755102 0.012568306010928962 0.02040816326530612
3 0.23442622950819672 0.8945578231292517 0.00819672131147541 0.02040816326530612
3 0.23333333333333334 0.9217687074829932 0.00819672131147541 0.02040816326530612
3 0.26885245901639343 0.9489795918367347 0.007650273224043716 0.02040816326530612
3 0.23825136612021858 0.9761904761904762 0.00819672131147541 0.02040816326530612
3 0.2273224043715847 0.026077097505668934 0.06284153005464481 0.022675736961451247
3 0.22295081967213115 0.047619047619047616 0.06284153005464481 0.022675736961451247
3 0.23387978142076501 0.25396825396825395 0.09180327868852459 0.022675736961451247
3 0.26229508196721313 0.2653061224489796 0.14863387978142076 0.045351473922902494