0 0.7665903890160183 0.49524940617577196 0.15732265446224256 0.057007125890736345
0 0.7665903890160183 0.5617577197149644 0.15732265446224256 0.057007125890736345
1 0.21052631578947367 0.19002375296912113 0.02517162471395881 0.052256532066508314
1 0.34210526315789475 0.4857482185273159 0.21624713958810068 0.5558194774346793
1 0.21052631578947367 0.26128266033254155 0.02517162471395881 0.052256532066508314
1 0.21052631578947367 0.332541567695962 0.02517162471395881 0.052256532066508314
1 0.21052631578947367 0.40380047505938244 0.02517162471395881 0.052256532066508314
1 0.21052631578947367 0.4750593824228028 0.02517162471395881 0.052256532066508314
3 0.5062929061784897 0.45724465558194777 0.08295194508009153 0.021377672209026127
3 0.5383295194508009 0.5439429928741093 0.14702517162471396 0.021377672209026127
3 0.5623569794050344 0.9192399049881235 0.1950800915331808 0.021377672209026127
3 0.7488558352402745 0.3586698337292161 0.12128146453089245 0.0166270783847981
3 0.7488558352402745 0.3824228028503563 0.12128146453089245 0.0166270783847981
3 0.7665903890160183 0.42874109263657956 0.15732265446224256 0.028503562945368172
3 0.7471395881006865 0.8800475059382423 0.08409610983981694 0.021377672209026127
3 0.21052631578947367 0.20902612826603326 0.028604118993135013 0.026128266033254157
3 0.21052631578947367 0.28028503562945367 0.028604118993135013 0.026128266033254157
3 0.21052631578947367 0.3515439429928741 0.028604118993135013 0.026128266033254157
3 0.21052631578947367 0.42280285035629456 0.028604118993135013 0.026128266033254157
3 0.21052631578947367 0.49406175771971494 0.028604118993135013 0.026128266033254157
3 0.21052631578947367 0.20902612826603326 0.028604118993135013 0.026128266033254157
3 0.21052631578947367 0.28028503562945367 0.028604118993135013 0.026128266033254157
3 0.21052631578947367 0.3515439429928741 0.028604118993135013 0.026128266033254157
3 0.21052631578947367 0.42280285035629456 0.028604118993135013 0.026128266033254157
3 0.21052631578947367 0.49406175771971494 0.028604118993135013 0.026128266033254157
3 0.5583524027459954 0.2672209026128266 0.18649885583524028 0.08907363420427554
3 0.7751716247139588 0.20308788598574823 0.14016018306636155 0.023752969121140142
3 0.7751716247139588 0.23871733966745842 0.14016018306636155 0.04275534441805225
3 0.7740274599542334 0.6294536817102138 0.14244851258581237 0.021377672209026127
3 0.7740274599542334 0.6733966745843231 0.14244851258581237 0.021377672209026127
3 0.7488558352402745 0.336104513064133 0.12128146453089245 0.019002375296912115
3 0.7665903890160183 0.7992874109263658 0.15732265446224256 0.026128266033254157
3 0.7471395881006865 0.8574821852731591 0.08409610983981694 0.023752969121140142
3 0.36270022883295194 0.011876484560570071 0.02574370709382151 0.023752969121140142
3 0.40045766590389015 0.011876484560570071 0.028604118993135013 0.023752969121140142
3 0.45080091533180777 0.011876484560570071 0.05148741418764302 0.023752969121140142
3 0.4965675057208238 0.011876484560570071 0.02002288329519451 0.023752969121140142
3 0.5297482837528604 0.011876484560570071 0.02574370709382151 0.023752969121140142
3 0.5640732265446224 0.011876484560570071 0.02231121281464531 0.023752969121140142
3 0.22540045766590389 0.0035629453681710215 0.06636155606407322 0.007125890736342043
3 0.2208237986270023 0.0166270783847981 0.06578947368421052 0.023752969121140142
3 0.3049199084668192 0.1163895486935867 0.09610983981693363 0.0166270783847981
3 0.4147597254004577 0.1163895486935867 0.10354691075514874 0.0166270783847981
3 0.5223112128146453 0.1163895486935867 0.09096109839816933 0.0166270783847981
3 0.6121281464530892 0.1163895486935867 0.06750572082379863 0.0166270783847981
3 0.6647597254004577 0.1163895486935867 0.017162471395881007 0.0166270783847981