0 0.584375 0.02918918918918919 0.023958333333333335 0.04216216216216216
0 0.6854166666666667 0.8313513513513513 0.1296875 0.01945945945945946
0 0.7036458333333333 0.9167567567567567 0.165625 0.05189189189189189
1 0.7140625 0.03027027027027027 0.17708333333333334 0.04216216216216216
1 0.20833333333333334 0.24864864864864866 0.022916666666666665 0.04756756756756757
1 0.40677083333333336 0.5178378378378379 0.34791666666666665 0.505945945945946
1 0.20833333333333334 0.31351351351351353 0.022916666666666665 0.04756756756756757
1 0.20833333333333334 0.3783783783783784 0.022916666666666665 0.04756756756756757
1 0.20833333333333334 0.44324324324324327 0.022916666666666665 0.04756756756756757
2 0.440625 0.02918918918918919 0.31145833333333334 0.04216216216216216
3 0.1828125 0 0 0
3 0.22291666666666668 0.03027027027027027 0.06979166666666667 0.036756756756756756
3 0.6729166666666667 0.08540540540540541 0.057291666666666664 0.021621621621621623
3 0.71875 0.08540540540540541 0.034375 0.021621621621621623
3 0.7609375 0.08540540540540541 0.050520833333333334 0.021621621621621623
3 0.21770833333333334 0.07783783783783783 0.06927083333333334 0.043243243243243246
3 0.30520833333333336 0.08540540540540541 0.04114583333333333 0.021621621621621623
3 0.346875 0.08540540540540541 0.0234375 0.021621621621621623
3 0.38125 0.08540540540540541 0.026041666666666668 0.021621621621621623
3 0.4270833333333333 0.08540540540540541 0.046875 0.021621621621621623
3 0.46875 0.08540540540540541 0.018229166666666668 0.021621621621621623
3 0.49895833333333334 0.08540540540540541 0.0234375 0.021621621621621623
3 0.5302083333333333 0.08540540540540541 0.0203125 0.021621621621621623
3 0.7963541666666667 0.08324324324324324 0.013020833333333334 0.022702702702702703
3 0.7140625 0.03351351351351351 0.17708333333333334 0.04756756756756757
3 0.3078125 0.1372972972972973 0.059895833333333336 0.021621621621621623
3 0.3859375 0.1372972972972973 0.0828125 0.021621621621621623
3 0.45729166666666665 0.1372972972972973 0.04739583333333333 0.021621621621621623
3 0.5208333333333334 0.1372972972972973 0.0671875 0.021621621621621623
3 0.5901041666666667 0.1372972972972973 0.057291666666666664 0.021621621621621623
3 0.21197916666666666 0.18054054054054053 0.050520833333333334 0.015135135135135135
3 0.2942708333333333 0.18054054054054053 0.0875 0.015135135135135135
3 0.36354166666666665 0.18054054054054053 0.03229166666666667 0.015135135135135135
3 0.3963541666666667 0.18054054054054053 0.014583333333333334 0.015135135135135135
3 0.45260416666666664 0.18054054054054053 0.0796875 0.015135135135135135
3 0.7760416666666666 0.1827027027027027 0.0546875 0.015135135135135135
3 0.7807291666666667 0.2875675675675676 0.011458333333333333 0.022702702702702703
3 0.6661458333333333 0.3762162162162162 0.09114583333333333 0.01945945945945946
3 0.6583333333333333 0.5081081081081081 0.07552083333333333 0.01945945945945946
3 0.6796875 0.5751351351351351 0.08645833333333333 0.01945945945945946
3 0.7114583333333333 0.6616216216216216 0.15 0.01945945945945946
3 0.6854166666666667 0.7145945945945946 0.04635416666666667 0.021621621621621623
3 0.6583333333333333 0.48324324324324325 0.07552083333333333 0.01945945945945946
3 0.6697916666666667 0.7340540540540541 0.0984375 0.01945945945945946
3 0.6984375 0.8572972972972973 0.15572916666666667 0.015135135135135135
3 0.20833333333333334 0.26594594594594595 0.026041666666666668 0.023783783783783784
3 0.20833333333333334 0.3308108108108108 0.026041666666666668 0.023783783783783784
3 0.20833333333333334 0.3956756756756757 0.026041666666666668 0.023783783783783784
3 0.20833333333333334 0.46054054054054056 0.026041666666666668 0.023783783783783784
3 0.20833333333333334 0.26594594594594595 0.026041666666666668 0.023783783783783784
3 0.20833333333333334 0.3308108108108108 0.026041666666666668 0.023783783783783784
3 0.20833333333333334 0.3956756756756757 0.026041666666666668 0.023783783783783784
3 0.20833333333333334 0.46054054054054056 0.026041666666666668 0.023783783783783784
3 0.69375 0.31675675675675674 0.14635416666666667 0.08108108108108109
3 0.7114583333333333 0.5502702702702703 0.15 0.021621621621621623
3 0.7114583333333333 0.6281081081081081 0.15 0.043243243243243246
3 0.6697916666666667 0.7145945945945946 0.0984375 0.018378378378378378
3 0.6515625 0.7891891891891892 0.06145833333333333 0.021621621621621623