0 0.584375 0.02918918918918919 0.023958333333333335 0.04216216216216216
0 0.6864583333333333 0.8832432432432432 0.13177083333333334 0.01945945945945946
0 0.7036458333333333 0.9448648648648649 0.165625 0.05189189189189189
1 0.7140625 0.03027027027027027 0.17708333333333334 0.04216216216216216
1 0.20833333333333334 0.24864864864864866 0.022916666666666665 0.04756756756756757
1 0.40677083333333336 0.5178378378378379 0.34791666666666665 0.505945945945946
1 0.20833333333333334 0.31351351351351353 0.022916666666666665 0.04756756756756757
1 0.20833333333333334 0.3783783783783784 0.022916666666666665 0.04756756756756757
1 0.20833333333333334 0.44324324324324327 0.022916666666666665 0.04756756756756757
1 0.20833333333333334 0.5081081081081081 0.022916666666666665 0.04756756756756757
1 0.20833333333333334 0.572972972972973 0.022916666666666665 0.04756756756756757
1 0.20833333333333334 0.6378378378378379 0.022916666666666665 0.04756756756756757
1 0.20833333333333334 0.7027027027027027 0.022916666666666665 0.04756756756756757
2 0.440625 0.02918918918918919 0.31145833333333334 0.04216216216216216
3 0.1828125 0 0 0
3 0.22291666666666668 0.03027027027027027 0.06979166666666667 0.036756756756756756
3 0.6729166666666667 0.08540540540540541 0.057291666666666664 0.021621621621621623
3 0.71875 0.08540540540540541 0.034375 0.021621621621621623
3 0.7609375 0.08540540540540541 0.050520833333333334 0.021621621621621623
3 0.21770833333333334 0.07783783783783783 0.06927083333333334 0.043243243243243246
3 0.30520833333333336 0.08540540540540541 0.04114583333333333 0.021621621621621623
3 0.346875 0.08540540540540541 0.0234375 0.021621621621621623
3 0.38125 0.08540540540540541 0.026041666666666668 0.021621621621621623
3 0.4270833333333333 0.08540540540540541 0.046875 0.021621621621621623
3 0.46875 0.08540540540540541 0.018229166666666668 0.021621621621621623
3 0.49895833333333334 0.08540540540540541 0.0234375 0.021621621621621623
3 0.5302083333333333 0.08540540540540541 0.0203125 0.021621621621621623
3 0.7963541666666667 0.08324324324324324 0.013020833333333334 0.022702702702702703
3 0.7140625 0.03351351351351351 0.17708333333333334 0.04756756756756757
3 0.3229166666666667 0.1372972972972973 0.08958333333333333 0.021621621621621623
3 0.3859375 0.1372972972972973 0.023958333333333335 0.021621621621621623
3 0.4348958333333333 0.1372972972972973 0.06145833333333333 0.021621621621621623
3 0.4921875 0.1372972972972973 0.040625 0.021621621621621623
3 0.5432291666666667 0.1372972972972973 0.0484375 0.021621621621621623
3 0.6135416666666667 0.1372972972972973 0.078125 0.021621621621621623
3 0.21197916666666666 0.18054054054054053 0.050520833333333334 0.015135135135135135
3 0.2942708333333333 0.18054054054054053 0.0875 0.015135135135135135
3 0.39427083333333335 0.18054054054054053 0.09427083333333333 0.015135135135135135
3 0.4921875 0.18054054054054053 0.0828125 0.015135135135135135
3 0.5734375 0.18054054054054053 0.06041666666666667 0.015135135135135135
3 0.6276041666666666 0.18054054054054053 0.029166666666666667 0.015135135135135135
3 0.7760416666666666 0.1827027027027027 0.0546875 0.015135135135135135
3 0.7807291666666667 0.2875675675675676 0.011458333333333333 0.022702702702702703
3 0.66875 0.3491891891891892 0.09583333333333334 0.01945945945945946
3 0.6583333333333333 0.4983783783783784 0.07552083333333333 0.01945945945945946
3 0.6796875 0.5654054054054054 0.08645833333333333 0.01945945945945946
3 0.7114583333333333 0.6518918918918919 0.15 0.01945945945945946
3 0.6791666666666667 0.7664864864864865 0.033854166666666664 0.021621621621621623
3 0.6703125 0.4735135135135135 0.09947916666666666 0.01945945945945946
3 0.7036458333333333 0.7027027027027027 0.165625 0.022702702702702703
3 0.6697916666666667 0.7859459459459459 0.0984375 0.01945945945945946
3 0.20833333333333334 0.26594594594594595 0.026041666666666668 0.023783783783783784
3 0.20833333333333334 0.3308108108108108 0.026041666666666668 0.023783783783783784
3 0.20833333333333334 0.3956756756756757 0.026041666666666668 0.023783783783783784
3 0.20833333333333334 0.46054054054054056 0.026041666666666668 0.023783783783783784
3 0.20833333333333334 0.5254054054054054 0.026041666666666668 0.023783783783783784
3 0.20833333333333334 0.5902702702702702 0.026041666666666668 0.023783783783783784
3 0.20833333333333334 0.6551351351351351 0.026041666666666668 0.023783783783783784
3 0.20833333333333334 0.72 0.026041666666666668 0.023783783783783784
3 0.20833333333333334 0.26594594594594595 0.026041666666666668 0.023783783783783784
3 0.20833333333333334 0.3308108108108108 0.026041666666666668 0.023783783783783784
3 0.20833333333333334 0.3956756756756757 0.026041666666666668 0.023783783783783784
3 0.20833333333333334 0.46054054054054056 0.026041666666666668 0.023783783783783784
3 0.20833333333333334 0.5254054054054054 0.026041666666666668 0.023783783783783784
3 0.20833333333333334 0.5902702702702702 0.026041666666666668 0.023783783783783784
3 0.20833333333333334 0.6551351351351351 0.026041666666666668 0.023783783783783784
3 0.20833333333333334 0.72 0.026041666666666668 0.023783783783783784
3 0.69375 0.3037837837837838 0.14635416666666667 0.05405405405405406
3 0.7114583333333333 0.5405405405405406 0.15 0.021621621621621623
3 0.7114583333333333 0.6183783783783784 0.15 0.043243243243243246
3 0.6697916666666667 0.7664864864864865 0.0984375 0.018378378378378378
3 0.6515625 0.841081081081081 0.06145833333333333 0.021621621621621623