0 0.574331550802139 0.028888888888888888 0.02459893048128342 0.043333333333333335
0 0.7021390374331551 0.5255555555555556 0.13475935828877006 0.05333333333333334
0 0.7080213903743315 0.6011111111111112 0.14705882352941177 0.05333333333333334
0 0.7080213903743315 0.6633333333333333 0.14705882352941177 0.05333333333333334
1 0.7074866310160428 0.03 0.18181818181818182 0.043333333333333335
1 0.18823529411764706 0.25333333333333335 0.023529411764705882 0.04888888888888889
1 0.31122994652406416 0.53 0.2021390374331551 0.52
1 0.18823529411764706 0.32 0.023529411764705882 0.04888888888888889
1 0.18823529411764706 0.38666666666666666 0.023529411764705882 0.04888888888888889
1 0.18823529411764706 0.4533333333333333 0.023529411764705882 0.04888888888888889
1 0.20320855614973263 0.03 0.07165775401069518 0.03777777777777778
2 0.4267379679144385 0.028888888888888888 0.31978609625668447 0.043333333333333335
3 0.4647058823529412 0.5033333333333333 0.07754010695187166 0.02
3 0.4946524064171123 0.5844444444444444 0.1374331550802139 0.02
3 0.6823529411764706 0.4111111111111111 0.09518716577540107 0.015555555555555555
3 0.6823529411764706 0.43333333333333335 0.09518716577540107 0.015555555555555555
3 0.6919786096256685 0.9611111111111111 0.08288770053475936 0.02
3 0.18823529411764706 0.27111111111111114 0.026737967914438502 0.024444444444444446
3 0.18823529411764706 0.3377777777777778 0.026737967914438502 0.024444444444444446
3 0.18823529411764706 0.40444444444444444 0.026737967914438502 0.024444444444444446
3 0.18823529411764706 0.4711111111111111 0.026737967914438502 0.024444444444444446
3 0.18823529411764706 0.27111111111111114 0.026737967914438502 0.024444444444444446
3 0.18823529411764706 0.3377777777777778 0.026737967914438502 0.024444444444444446
3 0.18823529411764706 0.40444444444444444 0.026737967914438502 0.024444444444444446
3 0.18823529411764706 0.4711111111111111 0.026737967914438502 0.024444444444444446
3 0.5133689839572193 0.32555555555555554 0.17433155080213902 0.08333333333333333
3 0.7160427807486631 0.26555555555555554 0.13101604278074866 0.022222222222222223
3 0.7160427807486631 0.29888888888888887 0.13101604278074866 0.04
3 0.7149732620320856 0.7266666666666667 0.13315508021390374 0.02
3 0.7149732620320856 0.7677777777777778 0.13315508021390374 0.02
3 0.6823529411764706 0.39 0.09518716577540107 0.017777777777777778
3 0.7080213903743315 0.47888888888888886 0.14705882352941177 0.022222222222222223
3 0.7080213903743315 0.8855555555555555 0.14705882352941177 0.024444444444444446
3 0.6919786096256685 0.94 0.08288770053475936 0.022222222222222223
3 0.7016042780748664 0.9961111111111111 0.10267379679144385 0.005555555555555556
3 0.3304812834224599 0.08666666666666667 0.02406417112299465 0.022222222222222223
3 0.3657754010695187 0.08666666666666667 0.026737967914438502 0.022222222222222223
3 0.4128342245989305 0.08666666666666667 0.0481283422459893 0.022222222222222223
3 0.4556149732620321 0.08666666666666667 0.01871657754010695 0.022222222222222223
3 0.48663101604278075 0.08666666666666667 0.02406417112299465 0.022222222222222223
3 0.5187165775401069 0.08666666666666667 0.02085561497326203 0.022222222222222223
3 0.2021390374331551 0.07 0.06149732620320856 0.022222222222222223
3 0.19786096256684493 0.09111111111111111 0.06149732620320856 0.022222222222222223
3 0.27647058823529413 0.18444444444444444 0.08983957219251337 0.015555555555555555
3 0.379144385026738 0.18444444444444444 0.09679144385026738 0.015555555555555555
3 0.4727272727272727 0.18444444444444444 0.07058823529411765 0.015555555555555555
3 0.5283422459893048 0.18444444444444444 0.0213903743315508 0.015555555555555555