0 0.5720994475138121 0.0194954128440367 0.025966850828729283 0.0389908256880734
1 0.7096685082872928 0.020068807339449542 0.18839779005524862 0.040137614678899085
1 0.17679558011049723 0.18004587155963303 0.05303867403314917 0.08027522935779817
1 0.17292817679558012 0.3646788990825688 0.02430939226519337 0.05045871559633028
1 0.3834254143646409 0.6502293577981652 0.36906077348066296 0.536697247706422
1 0.17292817679558012 0.4334862385321101 0.02430939226519337 0.05045871559633028
1 0.17292817679558012 0.5022935779816514 0.02430939226519337 0.05045871559633028
1 0.17292817679558012 0.5711009174311926 0.02430939226519337 0.05045871559633028
1 0.17292817679558012 0.6399082568807339 0.02430939226519337 0.05045871559633028
1 0.17292817679558012 0.7087155963302753 0.02430939226519337 0.05045871559633028
1 0.17292817679558012 0.7775229357798165 0.02430939226519337 0.05045871559633028
1 0.17292817679558012 0.8463302752293578 0.02430939226519337 0.05045871559633028
1 0.18867403314917128 0.018922018348623854 0.07458563535911603 0.03784403669724771
2 0.41961325966850826 0.0194954128440367 0.330939226519337 0.0389908256880734
3 0.6502762430939226 0.6135321100917431 0.08011049723756906 0.020642201834862386
3 0.6430939226519337 0.9277522935779816 0.06574585635359116 0.020642201834862386
3 0.17292817679558012 0.3830275229357798 0.027624309392265192 0.02522935779816514
3 0.17292817679558012 0.4518348623853211 0.027624309392265192 0.02522935779816514
3 0.17292817679558012 0.5206422018348624 0.027624309392265192 0.02522935779816514
3 0.17292817679558012 0.5894495412844036 0.027624309392265192 0.02522935779816514
3 0.17292817679558012 0.658256880733945 0.027624309392265192 0.02522935779816514
3 0.17292817679558012 0.7270642201834863 0.027624309392265192 0.02522935779816514
3 0.17292817679558012 0.7958715596330275 0.027624309392265192 0.02522935779816514
3 0.17292817679558012 0.8646788990825688 0.027624309392265192 0.02522935779816514
3 0.17292817679558012 0.3830275229357798 0.027624309392265192 0.02522935779816514
3 0.17292817679558012 0.4518348623853211 0.027624309392265192 0.02522935779816514
3 0.17292817679558012 0.5206422018348624 0.027624309392265192 0.02522935779816514
3 0.17292817679558012 0.5894495412844036 0.027624309392265192 0.02522935779816514
3 0.17292817679558012 0.658256880733945 0.027624309392265192 0.02522935779816514
3 0.17292817679558012 0.7270642201834863 0.027624309392265192 0.02522935779816514
3 0.17292817679558012 0.7958715596330275 0.027624309392265192 0.02522935779816514
3 0.17292817679558012 0.8646788990825688 0.027624309392265192 0.02522935779816514
3 0.6878453038674033 0.4369266055045872 0.1552486187845304 0.0860091743119266
3 0.7066298342541436 0.6846330275229358 0.1591160220994475 0.022935779816513763
3 0.7066298342541436 0.7087155963302753 0.1591160220994475 0.020642201834862386
3 0.7066298342541436 0.731651376146789 0.1591160220994475 0.020642201834862386
3 0.7066298342541436 0.7545871559633027 0.1591160220994475 0.020642201834862386
3 0.7066298342541436 0.8245412844036697 0.1591160220994475 0.022935779816513763
3 0.6430939226519337 0.9071100917431193 0.06574585635359116 0.0194954128440367
3 0.6430939226519337 0.9862385321100917 0.06519337016574586 0.022935779816513763
3 0.31988950276243094 0.07568807339449542 0.024861878453038673 0.022935779816513763
3 0.356353591160221 0.07568807339449542 0.027624309392265192 0.022935779816513763
3 0.40497237569060773 0.07568807339449542 0.049723756906077346 0.022935779816513763
3 0.44917127071823204 0.07568807339449542 0.019337016574585635 0.022935779816513763
3 0.48121546961325967 0.07568807339449542 0.024861878453038673 0.022935779816513763
3 0.5143646408839779 0.07568807339449542 0.02154696132596685 0.022935779816513763
3 0.18729281767955802 0.058486238532110095 0.06353591160220995 0.022935779816513763
3 0.18287292817679557 0.08027522935779817 0.06353591160220995 0.022935779816513763
3 0.2729281767955801 0.286697247706422 0.09281767955801105 0.016055045871559634
3 0.3602209944751381 0.286697247706422 0.061878453038674036 0.016055045871559634
3 0.425414364640884 0.286697247706422 0.05027624309392265 0.016055045871559634
3 0.47016574585635357 0.286697247706422 0.01878453038674033 0.016055045871559634
3 0.5005524861878453 0.286697247706422 0.022099447513812154 0.016055045871559634
3 0.538121546961326 0.286697247706422 0.03314917127071823 0.016055045871559634