0 0.5888586956521739 0.015237020316027089 0.025543478260869567 0.030474040632054177
0 0.24728260869565216 0.3182844243792325 0.010869565217391304 0.022573363431151242
0 0.26358695652173914 0.35891647855530473 0.010869565217391304 0.022573363431151242
0 0.7402173913043478 0.17607223476297967 0.06141304347826087 0.01580135440180587
0 0.8195652173913044 0.26072234762979685 0.017391304347826087 0.03611738148984198
0 0.21195652173913043 0.1963882618510158 0.0483695652173913 0.04288939051918736
0 0.2777173913043478 0.1963882618510158 0.07880434782608696 0.04288939051918736
1 0.7241847826086957 0.01580135440180587 0.18532608695652175 0.03160270880361174
1 0.3472826086956522 0.2618510158013544 0.029891304347826088 0.062076749435665914
1 0.46956521739130436 0.2618510158013544 0.029891304347826088 0.062076749435665914
1 0.5918478260869565 0.2618510158013544 0.029891304347826088 0.062076749435665914
1 0.7141304347826087 0.2618510158013544 0.029891304347826088 0.062076749435665914
1 0.40706521739130436 0.48081264108352145 0.15434782608695652 0.32054176072234764
1 0.5701086956521739 0.48081264108352145 0.15434782608695652 0.32054176072234764
1 0.7331521739130434 0.48081264108352145 0.15434782608695652 0.32054176072234764
1 0.21168478260869567 0.014672686230248307 0.07336956521739131 0.029345372460496615
2 0.4388586956521739 0.015237020316027089 0.32554347826086955 0.030474040632054177
2 0.48043478260869565 0.007900677200902935 0.007608695652173913 0.01580135440180587
3 0.5222826086956521 0.012415349887133182 0.10869565217391304 0.024830699774266364
3 0.3798913043478261 0.7358916478555305 0.0782608695652174 0.02144469525959368
3 0.40706521739130436 0.8103837471783296 0.13260869565217392 0.014672686230248307
3 0.5320652173913043 0.7167042889390519 0.05652173913043478 0.02144469525959368
3 0.5701086956521739 0.791196388261851 0.13260869565217392 0.014672686230248307
3 0.6951086956521739 0.7167042889390519 0.05652173913043478 0.02144469525959368
3 0.7331521739130434 0.791196388261851 0.13260869565217392 0.014672686230248307
3 0.5277173913043478 0.010158013544018058 0.08260869565217391 0.020316027088036117
3 0.5277173913043478 0.010158013544018058 0.08260869565217391 0.020316027088036117
3 0.2467391304347826 0.24379232505643342 0.15108695652173912 0.033860045146726865
3 0.40706521739130436 0.781038374717833 0.13260869565217392 0.040632054176072234
3 0.5701086956521739 0.7618510158013544 0.13260869565217392 0.040632054176072234
3 0.7331521739130434 0.7618510158013544 0.13260869565217392 0.040632054176072234
3 0.4027173913043478 0.24830699774266365 0.07065217391304347 0.02144469525959368
3 0.525 0.24830699774266365 0.07065217391304347 0.02144469525959368
3 0.6472826086956521 0.24830699774266365 0.07065217391304347 0.02144469525959368
3 0.7695652173913043 0.24830699774266365 0.07065217391304347 0.02144469525959368
3 0.2592391304347826 0.13882618510158012 0.14293478260869566 0.045146726862302484
3 0.3407608695652174 0.06659142212189616 0.024456521739130436 0.022573363431151242
3 0.3766304347826087 0.06659142212189616 0.02717391304347826 0.022573363431151242
3 0.42445652173913045 0.06659142212189616 0.04891304347826087 0.022573363431151242
3 0.46793478260869564 0.06659142212189616 0.019021739130434784 0.022573363431151242
3 0.4994565217391304 0.06659142212189616 0.024456521739130436 0.022573363431151242
3 0.5320652173913043 0.06659142212189616 0.021195652173913043 0.022573363431151242
3 0.1891304347826087 0.6433408577878104 0.03641304347826087 0.020316027088036117
3 0.18043478260869567 0.6704288939051919 0.019021739130434784 0.020316027088036117
3 0.18043478260869567 0.6975169300225733 0.019021739130434784 0.020316027088036117
3 0.18043478260869567 0.7246049661399548 0.019021739130434784 0.020316027088036117
3 0.18478260869565216 0.7516930022573364 0.02717391304347826 0.020316027088036117
3 0.1815217391304348 0.7787810383747178 0.021195652173913043 0.020316027088036117
3 0.18369565217391304 0.8668171557562077 0.025543478260869567 0.020316027088036117
3 0.18967391304347825 0.8939051918735892 0.03695652173913044 0.020316027088036117
3 0.18641304347826088 0.9209932279909706 0.030434782608695653 0.020316027088036117
3 0.20706521739130435 0.9480812641083521 0.07228260869565217 0.020316027088036117
3 0.1875 0.9751693002257337 0.03315217391304348 0.020316027088036117
3 0.18070652173913043 0.9954853273137697 0.019021739130434784 0.006772009029345372
3 0.21521739130434783 0.6433408577878104 0.010326086956521738 0.020316027088036117
3 0.19891304347826086 0.6704288939051919 0.011956521739130435 0.020316027088036117
3 0.19945652173913042 0.6975169300225733 0.011956521739130435 0.020316027088036117
3 0.19891304347826086 0.7246049661399548 0.011956521739130435 0.020316027088036117
3 0.20597826086956522 0.7516930022573364 0.010326086956521738 0.020316027088036117
3 0.19945652173913042 0.7787810383747178 0.007608695652173913 0.020316027088036117
3 0.20597826086956522 0.8668171557562077 0.011956521739130435 0.020316027088036117
3 0.2141304347826087 0.8939051918735892 0.007065217391304348 0.020316027088036117
3 0.21141304347826087 0.9209932279909706 0.014673913043478261 0.020316027088036117
3 0.2505434782608696 0.9480812641083521 0.008152173913043478 0.020316027088036117
3 0.2108695652173913 0.9751693002257337 0.007608695652173913 0.020316027088036117
3 0.1956521739130435 0.9954853273137697 0.006521739130434782 0.006772009029345372
3 0.21032608695652175 0.04966139954853273 0.0625 0.022573363431151242
3 0.20597826086956522 0.07110609480812641 0.0625 0.022573363431151242
3 0.2016304347826087 0.17494356659142213 0.06141304347826087 0.022573363431151242
3 0.23641304347826086 0.18623024830699775 0.1309782608695652 0.045146726862302484