0 0.5878947368421052 0.028446389496717725 0.024210526315789474 0.04266958424507659
0 0.7347368421052631 0.2538293216630197 0.05947368421052632 0.015317286652078774
0 0.8005263157894736 0.4431072210065646 0.018947368421052633 0.03938730853391685
1 0.7189473684210527 0.02954048140043764 0.17894736842105263 0.04266958424507659
1 0.47736842105263155 0.40700218818380746 0.056842105263157895 0.14442013129102846
1 0.47526315789473683 0.3851203501094092 0.07684210526315789 0.15973741794310722
1 0.57 0.3851203501094092 0.07684210526315789 0.15973741794310722
1 0.6647368421052632 0.3851203501094092 0.07684210526315789 0.15973741794310722
1 0.7594736842105263 0.3851203501094092 0.07684210526315789 0.15973741794310722
1 0.39210526315789473 0.7231947483588621 0.08421052631578947 0.175054704595186
1 0.22263157894736843 0.02954048140043764 0.07052631578947369 0.037199124726477024
2 0.44263157894736843 0.028446389496717725 0.31473684210526315 0.04266958424507659
2 0.44894736842105265 0.028446389496717725 0.007368421052631579 0.015317286652078774
3 0.5068421052631579 0.02954048140043764 0.13894736842105262 0.028446389496717725
3 0.3973684210526316 0.3599562363238512 0.09473684210526316 0.05908096280087528
3 0.3973684210526316 0.43982494529540483 0.09473684210526316 0.06564551422319474
3 0.42789473684210527 0.5328227571115973 0.18105263157894738 0.04814004376367615
3 0.47526315789473683 0.5393873085339168 0.07368421052631578 0.030634573304157548
3 0.57 0.5393873085339168 0.07368421052631578 0.030634573304157548
3 0.6647368421052632 0.5393873085339168 0.07368421052631578 0.030634573304157548
3 0.7594736842105263 0.5393873085339168 0.07368421052631578 0.030634573304157548
3 0.611578947368421 0.7111597374179431 0.33 0.015317286652078774
3 0.48578947368421055 0.8063457330415755 0.07842105263157895 0.020787746170678335
3 0.611578947368421 0.9113785557986871 0.33 0.015317286652078774
3 0.5121052631578947 0.028446389496717725 0.11368421052631579 0.02188183807439825
3 0.5121052631578947 0.028446389496717725 0.11368421052631579 0.02188183807439825
3 0.25684210526315787 0.2975929978118162 0.1463157894736842 0.03282275711159737
3 0.611578947368421 0.6892778993435449 0.33 0.028446389496717725
3 0.611578947368421 0.8894967177242888 0.33 0.028446389496717725
3 0.34789473684210526 0.08533916849015317 0.02368421052631579 0.02188183807439825
3 0.38263157894736843 0.08533916849015317 0.02631578947368421 0.02188183807439825
3 0.42894736842105263 0.08533916849015317 0.04736842105263158 0.02188183807439825
3 0.4710526315789474 0.08533916849015317 0.018421052631578946 0.02188183807439825
3 0.501578947368421 0.08533916849015317 0.02368421052631579 0.02188183807439825
3 0.533157894736842 0.08533916849015317 0.020526315789473684 0.02188183807439825
3 0.21789473684210525 0.5886214442013129 0.06842105263157895 0.019693654266958426
3 0.2131578947368421 0.6739606126914661 0.05894736842105263 0.019693654266958426
3 0.21105263157894738 0.700218818380744 0.05526315789473684 0.019693654266958426
3 0.2 0.7264770240700219 0.03263157894736842 0.019693654266958426
3 0.2163157894736842 0.7527352297592997 0.06578947368421052 0.019693654266958426
3 0.22 0.7789934354485777 0.0731578947368421 0.019693654266958426
3 0.23105263157894737 0.8052516411378556 0.09526315789473684 0.019693654266958426
3 0.19736842105263158 0.8315098468271335 0.02736842105263158 0.019693654266958426
3 0.2005263157894737 0.8577680525164114 0.034210526315789476 0.019693654266958426
3 0.19842105263157894 0.8840262582056893 0.029473684210526315 0.019693654266958426
3 0.19342105263157894 0.9939824945295405 0.019473684210526317 0.009846827133479213
3 0.26526315789473687 0.5886214442013129 0.021052631578947368 0.019693654266958426
3 0.2531578947368421 0.6739606126914661 0.015789473684210527 0.019693654266958426
3 0.24842105263157896 0.700218818380744 0.01368421052631579 0.019693654266958426
3 0.22736842105263158 0.7264770240700219 0.01631578947368421 0.019693654266958426
3 0.26 0.7527352297592997 0.015263157894736841 0.019693654266958426
3 0.26631578947368423 0.7789934354485777 0.01368421052631579 0.019693654266958426
3 0.2889473684210526 0.8052516411378556 0.014210526315789474 0.019693654266958426
3 0.21894736842105264 0.8315098468271335 0.011052631578947368 0.019693654266958426
3 0.2268421052631579 0.8577680525164114 0.011578947368421053 0.019693654266958426
3 0.22157894736842104 0.8840262582056893 0.011578947368421053 0.019693654266958426
3 0.2113157894736842 0.9939824945295405 0.012105263157894737 0.009846827133479213
3 0.22157894736842104 0.06892778993435449 0.060526315789473685 0.02188183807439825
3 0.21736842105263157 0.08971553610503283 0.060526315789473685 0.02188183807439825
3 0.22789473684210526 0.2527352297592998 0.08842105263157894 0.02188183807439825