0 0.747457627118644 0.24413145539906103 0.06384180790960452 0.01643192488262911
1 0.4011299435028249 0.45539906103286387 0.16045197740112993 0.3333333333333333
1 0.5706214689265536 0.45539906103286387 0.16045197740112993 0.3333333333333333
1 0.7401129943502824 0.45539906103286387 0.16045197740112993 0.3333333333333333
3 0.3644067796610169 0.7007042253521126 0.06497175141242938 0.022300469483568074
3 0.5338983050847458 0.7007042253521126 0.06497175141242938 0.022300469483568074
3 0.6926553672316385 0.7206572769953051 0.04350282485875706 0.022300469483568074
3 0.2344632768361582 0.3051643192488263 0.15706214689265538 0.035211267605633804
3 0.4011299435028249 0.7370892018779343 0.13785310734463277 0.02112676056338028
3 0.5706214689265536 0.7370892018779343 0.13785310734463277 0.02112676056338028
3 0.7401129943502824 0.7676056338028169 0.13785310734463277 0.04225352112676056
3 0.33220338983050846 0.015258215962441314 0.025423728813559324 0.023474178403755867
3 0.3694915254237288 0.015258215962441314 0.02824858757062147 0.023474178403755867
3 0.4192090395480226 0.015258215962441314 0.05084745762711865 0.023474178403755867
3 0.46440677966101696 0.015258215962441314 0.01977401129943503 0.023474178403755867
3 0.4971751412429379 0.015258215962441314 0.025423728813559324 0.023474178403755867
3 0.5310734463276836 0.015258215962441314 0.022033898305084745 0.023474178403755867
3 0.19265536723163842 0.6173708920187794 0.07344632768361582 0.02112676056338028
3 0.16610169491525423 0.7089201877934272 0.020338983050847456 0.02112676056338028
3 0.1751412429378531 0.8004694835680751 0.0384180790960452 0.02112676056338028
3 0.2016949152542373 0.8286384976525821 0.09209039548022599 0.02112676056338028
3 0.17344632768361581 0.92018779342723 0.03502824858757062 0.02112676056338028
3 0.23954802259887006 0.6173708920187794 0.015254237288135594 0.02112676056338028
3 0.18926553672316385 0.7089201877934272 0.020903954802259886 0.02112676056338028
3 0.20903954802259886 0.8004694835680751 0.023728813559322035 0.02112676056338028
3 0.2627118644067797 0.8286384976525821 0.023728813559322035 0.02112676056338028
3 0.2062146892655367 0.92018779342723 0.024293785310734464 0.02112676056338028
3 0.18926553672316385 0.9483568075117371 0.012994350282485875 0.02112676056338028
3 0.19661016949152543 0.00528169014084507 0.0655367231638418 0.01056338028169014
3 0.192090395480226 0.01995305164319249 0.06497175141242938 0.023474178403755867
3 0.2033898305084746 0.2335680751173709 0.09491525423728814 0.023474178403755867
3 0.27853107344632766 0.2335680751173709 0.03502824858757062 0.023474178403755867
3 0.1638418079096045 0.25704225352112675 0.015819209039548022 0.023474178403755867