0 0.617231638418079 0.022300469483568074 0.02655367231638418 0.04460093896713615
0 0.7745762711864407 0.31103286384976525 0.06384180790960452 0.01643192488262911
1 0.757909604519774 0.022887323943661973 0.19265536723163842 0.045774647887323945
1 0.42824858757062145 0.5223004694835681 0.16045197740112993 0.3333333333333333
1 0.5977401129943503 0.5223004694835681 0.16045197740112993 0.3333333333333333
1 0.7672316384180791 0.5223004694835681 0.16045197740112993 0.3333333333333333
1 0.2248587570621469 0.022300469483568074 0.07570621468926554 0.03990610328638498
2 0.4612994350282486 0.022300469483568074 0.3384180790960452 0.04460093896713615
2 0.5028248587570622 0.02112676056338028 0.007909604519774011 0.01643192488262911
3 0.5474576271186441 0.022300469483568074 0.11412429378531073 0.03051643192488263
3 0.39152542372881355 0.7676056338028169 0.06497175141242938 0.022300469483568074
3 0.5610169491525424 0.7676056338028169 0.06497175141242938 0.022300469483568074
3 0.7197740112994351 0.7875586854460094 0.04350282485875706 0.022300469483568074
3 0.5531073446327683 0.02112676056338028 0.08757062146892655 0.023474178403755867
3 0.5531073446327683 0.02112676056338028 0.08757062146892655 0.023474178403755867
3 0.2615819209039548 0.3720657276995305 0.15706214689265538 0.035211267605633804
3 0.42824858757062145 0.8039906103286385 0.13785310734463277 0.02112676056338028
3 0.5977401129943503 0.8039906103286385 0.13785310734463277 0.02112676056338028
3 0.7672316384180791 0.8345070422535211 0.13785310734463277 0.04225352112676056
3 0.3593220338983051 0.08215962441314555 0.025423728813559324 0.023474178403755867
3 0.39661016949152544 0.08215962441314555 0.02824858757062147 0.023474178403755867
3 0.4463276836158192 0.08215962441314555 0.05084745762711865 0.023474178403755867
3 0.4915254237288136 0.08215962441314555 0.01977401129943503 0.023474178403755867
3 0.5242937853107345 0.08215962441314555 0.025423728813559324 0.023474178403755867
3 0.5581920903954802 0.08215962441314555 0.022033898305084745 0.023474178403755867
3 0.21977401129943502 0.6842723004694836 0.07344632768361582 0.02112676056338028
3 0.19322033898305085 0.7758215962441315 0.020338983050847456 0.02112676056338028
3 0.20225988700564973 0.8673708920187794 0.0384180790960452 0.02112676056338028
3 0.2288135593220339 0.8955399061032864 0.09209039548022599 0.02112676056338028
3 0.20056497175141244 0.9870892018779343 0.03502824858757062 0.02112676056338028
3 0.26666666666666666 0.6842723004694836 0.015254237288135594 0.02112676056338028
3 0.21638418079096045 0.7758215962441315 0.020903954802259886 0.02112676056338028
3 0.23615819209039549 0.8673708920187794 0.023728813559322035 0.02112676056338028
3 0.28983050847457625 0.8955399061032864 0.023728813559322035 0.02112676056338028
3 0.23333333333333334 0.9870892018779343 0.024293785310734464 0.02112676056338028
3 0.22372881355932203 0.06455399061032864 0.06497175141242938 0.023474178403755867
3 0.2192090395480226 0.08685446009389672 0.06497175141242938 0.023474178403755867
3 0.2305084745762712 0.3004694835680751 0.09491525423728814 0.023474178403755867
3 0.3056497175141243 0.3004694835680751 0.03502824858757062 0.023474178403755867
3 0.19096045197740114 0.323943661971831 0.015819209039548022 0.023474178403755867