0 0.7686996547756041 0.24401913875598086 0.06501726121979287 0.01674641148325359
1 0.3941311852704258 0.4090909090909091 0.09205983889528194 0.19138755980861244
1 0.3941311852704258 0.6590909090909091 0.09205983889528194 0.19138755980861244
1 0.3941311852704258 0.8995215311004785 0.09205983889528194 0.19138755980861244
3 0.6340621403912543 0.3839712918660287 0.36075949367088606 0.01674641148325359
3 0.476409666283084 0.4880382775119617 0.045454545454545456 0.022727272727272728
3 0.4965477560414269 0.6985645933014354 0.0857307249712313 0.022727272727272728
3 0.47410817031070196 0.90311004784689 0.040851553509781355 0.01674641148325359
3 0.24626006904487918 0.25717703349282295 0.15995397008055237 0.07177033492822966
3 0.6340621403912543 0.3444976076555024 0.36075949367088606 0.06220095693779904
3 0.6340621403912543 0.5944976076555024 0.36075949367088606 0.06220095693779904
3 0.6340621403912543 0.819377990430622 0.36075949367088606 0.03110047846889952
3 0.3457997698504028 0.011961722488038277 0.026467203682393557 0.023923444976076555
3 0.3840621403912543 0.011961722488038277 0.029344073647871116 0.023923444976076555
3 0.43469505178365936 0.011961722488038277 0.0523590333716916 0.023923444976076555
3 0.48043728423475257 0.011961722488038277 0.020713463751438434 0.023923444976076555
3 0.5138089758342923 0.011961722488038277 0.026467203682393557 0.023923444976076555
3 0.5483314154200231 0.011961722488038277 0.023014959723820484 0.023923444976076555
3 0.20368239355581128 0.5933014354066986 0.07479861910241657 0.0215311004784689
3 0.18411967779056387 0.6866028708133971 0.03567318757192175 0.0215311004784689
3 0.19850402761795166 0.715311004784689 0.06444188722669736 0.0215311004784689
3 0.2180667433831991 0.7440191387559809 0.10414269275028769 0.0215311004784689
3 0.20195627157652474 0.7727272727272727 0.07192174913693901 0.0215311004784689
3 0.20598388952819333 0.8014354066985646 0.07997698504027619 0.0215311004784689
3 0.20368239355581128 0.8301435406698564 0.07479861910241657 0.0215311004784689
3 0.1962025316455696 0.8588516746411483 0.06041426927502877 0.0215311004784689
3 0.20713463751438435 0.8875598086124402 0.08170310701956271 0.0215311004784689
3 0.18239355581127734 0.916267942583732 0.03222094361334868 0.0215311004784689
3 0.25776754890678943 0.5933014354066986 0.02819332566168009 0.0215311004784689
3 0.21921749136939012 0.6866028708133971 0.02819332566168009 0.0215311004784689
3 0.24856156501726123 0.715311004784689 0.03049482163406214 0.0215311004784689
3 0.28768699654775604 0.7440191387559809 0.02761795166858458 0.0215311004784689
3 0.25431530494821636 0.7727272727272727 0.025891829689298044 0.0215311004784689
3 0.26352128883774456 0.8014354066985646 0.028768699654775604 0.0215311004784689
3 0.25891829689298046 0.8301435406698564 0.029344073647871116 0.0215311004784689
3 0.24165707710011508 0.8588516746411483 0.024165707710011506 0.0215311004784689
3 0.26582278481012656 0.8875598086124402 0.029344073647871116 0.0215311004784689
3 0.21231300345224396 0.916267942583732 0.02186421173762946 0.0215311004784689
3 0.20771001150747986 0.0029904306220095694 0.0667433831990794 0.005980861244019139
3 0.20310701956271576 0.01555023923444976 0.0661680092059839 0.023923444976076555