0 0.5962162162162162 0.02914798206278027 0.024864864864864864 0.043721973094170405
0 0.7470270270270271 0.3060538116591928 0.06108108108108108 0.01569506726457399
1 0.7308108108108108 0.030269058295964126 0.1837837837837838 0.043721973094170405
1 0.39513513513513515 0.460762331838565 0.08648648648648649 0.17937219730941703
1 0.39513513513513515 0.695067264573991 0.08648648648648649 0.17937219730941703
1 0.3954054054054054 0.9147982062780269 0.08702702702702703 0.1681614349775785
1 0.22108108108108107 0.030269058295964126 0.07243243243243243 0.03811659192825112
2 0.447027027027027 0.02914798206278027 0.3232432432432432 0.043721973094170405
2 0.4535135135135135 0.02914798206278027 0.0075675675675675675 0.01569506726457399
3 0.512972972972973 0.030269058295964126 0.14270270270270272 0.02914798206278027
3 0.6205405405405405 0.437219730941704 0.3389189189189189 0.01569506726457399
3 0.47243243243243244 0.5347533632286996 0.042702702702702704 0.021300448430493273
3 0.49135135135135133 0.7320627802690582 0.08054054054054054 0.021300448430493273
3 0.4702702702702703 0.9237668161434978 0.038378378378378375 0.01569506726457399
3 0.5183783783783784 0.02914798206278027 0.11675675675675676 0.02242152466367713
3 0.5183783783783784 0.02914798206278027 0.11675675675675676 0.02242152466367713
3 0.2562162162162162 0.3183856502242152 0.15027027027027026 0.06726457399103139
3 0.6205405405405405 0.40022421524663676 0.3389189189189189 0.05829596412556054
3 0.6205405405405405 0.6345291479820628 0.3389189189189189 0.05829596412556054
3 0.6205405405405405 0.8452914798206278 0.3389189189189189 0.02914798206278027
3 0.3497297297297297 0.08744394618834081 0.024324324324324326 0.02242152466367713
3 0.3854054054054054 0.08744394618834081 0.02702702702702703 0.02242152466367713
3 0.432972972972973 0.08744394618834081 0.04864864864864865 0.02242152466367713
3 0.47621621621621624 0.08744394618834081 0.01891891891891892 0.02242152466367713
3 0.5075675675675676 0.08744394618834081 0.024324324324324326 0.02242152466367713
3 0.54 0.08744394618834081 0.02108108108108108 0.02242152466367713
3 0.21621621621621623 0.6334080717488789 0.07027027027027027 0.020179372197309416
3 0.19783783783783784 0.7208520179372198 0.03351351351351351 0.020179372197309416
3 0.21135135135135136 0.7477578475336323 0.06054054054054054 0.020179372197309416
3 0.22972972972972974 0.7746636771300448 0.09783783783783784 0.020179372197309416
3 0.2145945945945946 0.8015695067264574 0.06756756756756757 0.020179372197309416
3 0.21837837837837837 0.82847533632287 0.07513513513513513 0.020179372197309416
3 0.21621621621621623 0.8553811659192825 0.07027027027027027 0.020179372197309416
3 0.2091891891891892 0.8822869955156951 0.05675675675675676 0.020179372197309416
3 0.21945945945945947 0.9091928251121076 0.07675675675675675 0.020179372197309416
3 0.1962162162162162 0.9360986547085202 0.03027027027027027 0.020179372197309416
3 0.267027027027027 0.6334080717488789 0.026486486486486487 0.020179372197309416
3 0.2308108108108108 0.7208520179372198 0.026486486486486487 0.020179372197309416
3 0.2583783783783784 0.7477578475336323 0.028648648648648647 0.020179372197309416
3 0.2951351351351351 0.7746636771300448 0.025945945945945945 0.020179372197309416
3 0.2637837837837838 0.8015695067264574 0.024324324324324326 0.020179372197309416
3 0.2724324324324324 0.82847533632287 0.02702702702702703 0.020179372197309416
3 0.2681081081081081 0.8553811659192825 0.027567567567567567 0.020179372197309416
3 0.2518918918918919 0.8822869955156951 0.022702702702702703 0.020179372197309416
3 0.2745945945945946 0.9091928251121076 0.027567567567567567 0.020179372197309416
3 0.22432432432432434 0.9360986547085202 0.02054054054054054 0.020179372197309416
3 0.22 0.07062780269058296 0.062162162162162166 0.02242152466367713
3 0.21567567567567567 0.09192825112107623 0.062162162162162166 0.02242152466367713