0 0.5641542002301496 0.01555023923444976 0.02704257767548907 0.03110047846889952
0 0.7243958573072498 0.3026315789473684 0.06501726121979287 0.01674641148325359
1 0.7074223245109321 0.016148325358851676 0.1962025316455696 0.03229665071770335
1 0.3716915995397008 0.5179425837320574 0.16340621403912542 0.3397129186602871
1 0.5443037974683544 0.5179425837320574 0.16340621403912542 0.3397129186602871
1 0.716915995397008 0.5179425837320574 0.16340621403912542 0.3397129186602871
1 0.16484464902186421 0.014952153110047847 0.07767548906789414 0.029904306220095694
2 0.40535097813578824 0.01555023923444976 0.34464902186421176 0.03110047846889952
2 0.4726697353279632 0.008373205741626795 0.00863060989643268 0.01674641148325359
3 0.5051783659378596 0.012559808612440191 0.09205983889528194 0.025119617224880382
3 0.33429228998849253 0.7679425837320574 0.0661680092059839 0.022727272727272728
3 0.3716915995397008 0.84688995215311 0.14039125431530494 0.01555023923444976
3 0.5069044879171462 0.7679425837320574 0.0661680092059839 0.022727272727272728
3 0.6795166858457997 0.7679425837320574 0.0661680092059839 0.022727272727272728
3 0.5109321058688148 0.010167464114832535 0.06444188722669736 0.02033492822966507
3 0.5109321058688148 0.010167464114832535 0.06444188722669736 0.02033492822966507
3 0.20195627157652474 0.3409090909090909 0.15995397008055237 0.03588516746411483
3 0.3716915995397008 0.8157894736842105 0.14039125431530494 0.0430622009569378
3 0.5443037974683544 0.8157894736842105 0.14039125431530494 0.0430622009569378
3 0.716915995397008 0.8157894736842105 0.14039125431530494 0.0430622009569378
3 0.30149597238204834 0.06937799043062201 0.025891829689298044 0.023923444976076555
3 0.3394706559263521 0.06937799043062201 0.028768699654775604 0.023923444976076555
3 0.39010356731875717 0.06937799043062201 0.05178365937859609 0.023923444976076555
3 0.4361334867663982 0.06937799043062201 0.020138089758342925 0.023923444976076555
3 0.46950517836593786 0.06937799043062201 0.025891829689298044 0.023923444976076555
3 0.5040276179516686 0.06937799043062201 0.02243958573072497 0.023923444976076555
3 0.15937859608745686 0.6590909090909091 0.07479861910241657 0.0215311004784689
3 0.1524741081703107 0.7523923444976076 0.06098964326812428 0.0215311004784689
3 0.13003452243958574 0.7811004784688995 0.01611047180667434 0.0215311004784689
3 0.13291139240506328 0.8098086124401914 0.02243958573072497 0.0215311004784689
3 0.17088607594936708 0.8385167464114832 0.09781357882623705 0.0215311004784689
3 0.1334867663981588 0.8672248803827751 0.023014959723820484 0.0215311004784689
3 0.17261219792865362 0.895933014354067 0.10126582278481013 0.0215311004784689
3 0.16340621403912542 0.9246411483253588 0.08342922899884925 0.0215311004784689
3 0.1668584579976985 0.9533492822966507 0.08975834292289989 0.0215311004784689
3 0.13176064441887228 0.9820574162679426 0.019562715765247412 0.0215311004784689
3 0.21116225546605294 0.6590909090909091 0.023014959723820484 0.0215311004784689
3 0.19735327963176064 0.7523923444976076 0.023014959723820484 0.0215311004784689
3 0.15535097813578827 0.7811004784688995 0.02819332566168009 0.0215311004784689
3 0.1611047180667434 0.8098086124401914 0.026467203682393557 0.0215311004784689
3 0.23417721518987342 0.8385167464114832 0.023014959723820484 0.0215311004784689
3 0.15995397008055237 0.8672248803827751 0.023590333716915997 0.0215311004784689
3 0.2376294591484465 0.895933014354067 0.02243958573072497 0.0215311004784689
3 0.21691599539700807 0.9246411483253588 0.01726121979286536 0.0215311004784689
3 0.2238204833141542 0.9533492822966507 0.01726121979286536 0.0215311004784689
3 0.1565017261219793 0.9820574162679426 0.024165707710011506 0.0215311004784689
3 0.16340621403912542 0.05143540669856459 0.0661680092059839 0.023923444976076555
3 0.15880322209436135 0.07416267942583732 0.0661680092059839 0.023923444976076555
3 0.17031070195627157 0.291866028708134 0.09666283084004602 0.023923444976076555