0 0.5858638743455498 0.02608695652173913 0.024083769633507852 0.042391304347826085
0 0.7319371727748691 0.29456521739130437 0.059162303664921465 0.015217391304347827
1 0.7162303664921466 0.02717391304347826 0.17801047120418848 0.042391304347826085
1 0.4109947643979058 0.4902173913043478 0.1486910994764398 0.30869565217391304
1 0.5680628272251309 0.4902173913043478 0.1486910994764398 0.30869565217391304
1 0.725130890052356 0.4902173913043478 0.1486910994764398 0.30869565217391304
1 0.22251308900523561 0.02717391304347826 0.07015706806282722 0.03695652173913044
2 0.44136125654450264 0.02608695652173913 0.31308900523560207 0.042391304347826085
2 0.5026178010471204 0.02608695652173913 0.007329842931937173 0.015217391304347827
3 0.5324607329842932 0.02717391304347826 0.08324607329842931 0.02826086956521739
3 0.3769633507853403 0.717391304347826 0.060209424083769635 0.020652173913043477
3 0.4109947643979058 0.7891304347826087 0.12774869109947645 0.014130434782608696
3 0.5340314136125655 0.717391304347826 0.060209424083769635 0.020652173913043477
3 0.6910994764397905 0.717391304347826 0.060209424083769635 0.020652173913043477
3 0.537696335078534 0.02608695652173913 0.0581151832460733 0.021739130434782608
3 0.537696335078534 0.02608695652173913 0.0581151832460733 0.021739130434782608
3 0.25654450261780104 0.3293478260869565 0.14554973821989528 0.03260869565217391
3 0.4109947643979058 0.7608695652173914 0.12774869109947645 0.0391304347826087
3 0.5680628272251309 0.7608695652173914 0.12774869109947645 0.0391304347826087
3 0.725130890052356 0.7608695652173914 0.12774869109947645 0.0391304347826087
3 0.3471204188481675 0.08260869565217391 0.02356020942408377 0.021739130434782608
3 0.38167539267015704 0.08260869565217391 0.02617801047120419 0.021739130434782608
3 0.42774869109947644 0.08260869565217391 0.04712041884816754 0.021739130434782608
3 0.46963350785340313 0.08260869565217391 0.01832460732984293 0.021739130434782608
3 0.5 0.08260869565217391 0.02356020942408377 0.021739130434782608
3 0.5314136125654451 0.08260869565217391 0.020418848167539267 0.021739130434782608
3 0.21780104712041884 0.6184782608695653 0.06806282722513089 0.01956521739130435
3 0.21151832460732983 0.7032608695652174 0.05549738219895288 0.01956521739130435
3 0.19109947643979058 0.7293478260869565 0.014659685863874346 0.01956521739130435
3 0.193717277486911 0.7554347826086957 0.020418848167539267 0.01956521739130435
3 0.22827225130890053 0.7815217391304348 0.08900523560209424 0.01956521739130435
3 0.19424083769633507 0.8076086956521739 0.020942408376963352 0.01956521739130435
3 0.22984293193717278 0.8336956521739131 0.09214659685863874 0.01956521739130435
3 0.22146596858638742 0.8597826086956522 0.07591623036649214 0.01956521739130435
3 0.22460732984293194 0.8858695652173914 0.08167539267015707 0.01956521739130435
3 0.19267015706806281 0.9119565217391304 0.01780104712041885 0.01956521739130435
3 0.2649214659685864 0.6184782608695653 0.020942408376963352 0.01956521739130435
3 0.2523560209424084 0.7032608695652174 0.020942408376963352 0.01956521739130435
3 0.21413612565445025 0.7293478260869565 0.025654450261780103 0.01956521739130435
3 0.2193717277486911 0.7554347826086957 0.024083769633507852 0.01956521739130435
3 0.2858638743455497 0.7815217391304348 0.020942408376963352 0.01956521739130435
3 0.21832460732984293 0.8076086956521739 0.021465968586387434 0.01956521739130435
3 0.28900523560209423 0.8336956521739131 0.020418848167539267 0.01956521739130435
3 0.27015706806282724 0.8597826086956522 0.015706806282722512 0.01956521739130435
3 0.2764397905759162 0.8858695652173914 0.015706806282722512 0.01956521739130435
3 0.21518324607329842 0.9119565217391304 0.02198952879581152 0.01956521739130435
3 0.22146596858638742 0.06630434782608696 0.060209424083769635 0.021739130434782608
3 0.21727748691099477 0.08695652173913043 0.060209424083769635 0.021739130434782608
3 0.22774869109947643 0.2847826086956522 0.08795811518324607 0.021739130434782608