0 0.5857894736842105 0.028446389496717725 0.024210526315789474 0.04266958424507659
0 0.7326315789473684 0.2986870897155361 0.05947368421052632 0.015317286652078774
1 0.716842105263158 0.02954048140043764 0.17894736842105263 0.04266958424507659
1 0.41 0.49562363238512036 0.14947368421052631 0.31072210065645517
1 0.5678947368421052 0.49562363238512036 0.14947368421052631 0.31072210065645517
1 0.7257894736842105 0.49562363238512036 0.14947368421052631 0.31072210065645517
1 0.22052631578947368 0.02954048140043764 0.07052631578947369 0.037199124726477024
2 0.4405263157894737 0.028446389496717725 0.31473684210526315 0.04266958424507659
2 0.5021052631578947 0.028446389496717725 0.007368421052631579 0.015317286652078774
3 0.5321052631578947 0.02954048140043764 0.08368421052631579 0.028446389496717725
3 0.3757894736842105 0.7242888402625821 0.060526315789473685 0.020787746170678335
3 0.41 0.7964989059080962 0.12842105263157894 0.014223194748358862
3 0.5336842105263158 0.7242888402625821 0.060526315789473685 0.020787746170678335
3 0.6915789473684211 0.7242888402625821 0.060526315789473685 0.020787746170678335
3 0.5373684210526316 0.028446389496717725 0.05842105263157895 0.02188183807439825
3 0.5373684210526316 0.028446389496717725 0.05842105263157895 0.02188183807439825
3 0.25473684210526315 0.3336980306345733 0.1463157894736842 0.03282275711159737
3 0.41 0.7680525164113785 0.12842105263157894 0.03938730853391685
3 0.5678947368421052 0.7680525164113785 0.12842105263157894 0.03938730853391685
3 0.7257894736842105 0.7680525164113785 0.12842105263157894 0.03938730853391685
3 0.34578947368421054 0.08533916849015317 0.02368421052631579 0.02188183807439825
3 0.38052631578947366 0.08533916849015317 0.02631578947368421 0.02188183807439825
3 0.4268421052631579 0.08533916849015317 0.04736842105263158 0.02188183807439825
3 0.4689473684210526 0.08533916849015317 0.018421052631578946 0.02188183807439825
3 0.4994736842105263 0.08533916849015317 0.02368421052631579 0.02188183807439825
3 0.5310526315789473 0.08533916849015317 0.020526315789473684 0.02188183807439825
3 0.21578947368421053 0.62472647702407 0.06842105263157895 0.019693654266958426
3 0.2094736842105263 0.7100656455142232 0.05578947368421053 0.019693654266958426
3 0.18894736842105264 0.7363238512035011 0.014736842105263158 0.019693654266958426
3 0.19157894736842104 0.762582056892779 0.020526315789473684 0.019693654266958426
3 0.22631578947368422 0.7888402625820569 0.08947368421052632 0.019693654266958426
3 0.19210526315789472 0.8150984682713348 0.021052631578947368 0.019693654266958426
3 0.22789473684210526 0.8413566739606126 0.09263157894736843 0.019693654266958426
3 0.21947368421052632 0.8676148796498906 0.07631578947368421 0.019693654266958426
3 0.22263157894736843 0.8938730853391685 0.08210526315789474 0.019693654266958426
3 0.19052631578947368 0.9201312910284464 0.017894736842105262 0.019693654266958426
3 0.2631578947368421 0.62472647702407 0.021052631578947368 0.019693654266958426
3 0.2505263157894737 0.7100656455142232 0.021052631578947368 0.019693654266958426
3 0.21210526315789474 0.7363238512035011 0.025789473684210525 0.019693654266958426
3 0.21736842105263157 0.762582056892779 0.024210526315789474 0.019693654266958426
3 0.28421052631578947 0.7888402625820569 0.021052631578947368 0.019693654266958426
3 0.2163157894736842 0.8150984682713348 0.02157894736842105 0.019693654266958426
3 0.2873684210526316 0.8413566739606126 0.020526315789473684 0.019693654266958426
3 0.26842105263157895 0.8676148796498906 0.015789473684210527 0.019693654266958426
3 0.27473684210526317 0.8938730853391685 0.015789473684210527 0.019693654266958426
3 0.2131578947368421 0.9201312910284464 0.022105263157894735 0.019693654266958426
3 0.21947368421052632 0.06892778993435449 0.060526315789473685 0.02188183807439825
3 0.21526315789473685 0.08971553610503283 0.060526315789473685 0.02188183807439825
3 0.22578947368421054 0.2888402625820569 0.08842105263157894 0.02188183807439825