0 0.04635416666666667 0.5502702702702703 0.026041666666666668 0.021621621621621623
0 0.084375 0.5502702702702703 0.020833333333333332 0.021621621621621623
0 0.04375 0.721081081081081 0.021354166666666667 0.021621621621621623
0 0.0796875 0.721081081081081 0.020833333333333332 0.021621621621621623
0 0.04375 0.9124324324324324 0.021354166666666667 0.021621621621621623
0 0.0796875 0.9124324324324324 0.020833333333333332 0.021621621621621623
3 0.953125 0.09081081081081081 0.009375 0.01945945945945946
3 0.1875 0.3881081081081081 0.30833333333333335 0.04432432432432432
3 0.4953125 0.3881081081081081 0.30833333333333335 0.04432432432432432
3 0.8036458333333333 0.3881081081081081 0.30833333333333335 0.04432432432432432
3 0.49947916666666664 0.6875675675675675 0.03229166666666667 0.021621621621621623
3 0.4953125 0.5167567567567568 0.9244791666666666 0.021621621621621623
3 0.4953125 0.6756756756756757 0.9244791666666666 0.043243243243243246
3 0.4953125 0.8572972972972973 0.9244791666666666 0.06486486486486487
3 0.4953125 0.4864864864864865 0.9244791666666666 0.02054054054054054
3 0.4953125 0.6345945945945946 0.9244791666666666 0.02054054054054054
3 0.4953125 0.8054054054054054 0.9244791666666666 0.02054054054054054
3 0.4953125 0.4864864864864865 0.9244791666666666 0.02054054054054054
3 0.4953125 0.6345945945945946 0.9244791666666666 0.02054054054054054
3 0.4953125 0.8054054054054054 0.9244791666666666 0.02054054054054054
3 0.4953125 0.08648648648648649 0.9244791666666666 0.034594594594594595
3 0.08385416666666666 0.21513513513513513 0.1015625 0.04972972972972973