0 0.7594444444444445 0.21709006928406466 0.06277777777777778 0.016166281755196306
0 0.8288888888888889 0.4168591224018476 0.02 0.04157043879907621
1 0.48777777777777775 0.3787528868360277 0.06 0.15242494226327943
1 0.4855555555555556 0.3556581986143187 0.0811111111111111 0.16859122401847576
1 0.5855555555555556 0.3556581986143187 0.0811111111111111 0.16859122401847576
1 0.6855555555555556 0.3556581986143187 0.0811111111111111 0.16859122401847576
1 0.7855555555555556 0.3556581986143187 0.0811111111111111 0.16859122401847576
1 0.41888888888888887 0.7609699769053118 0.15777777777777777 0.3279445727482679
1 0.5855555555555556 0.7609699769053118 0.15777777777777777 0.3279445727482679
1 0.7522222222222222 0.7609699769053118 0.15777777777777777 0.3279445727482679
3 0.4033333333333333 0.32909930715935337 0.1 0.06235565819861432
3 0.4033333333333333 0.4133949191685912 0.1 0.06928406466512702
3 0.43555555555555553 0.5115473441108545 0.19111111111111112 0.050808314087759814
3 0.4855555555555556 0.5184757505773672 0.07777777777777778 0.03233256351039261
3 0.5855555555555556 0.5184757505773672 0.07777777777777778 0.03233256351039261
3 0.6855555555555556 0.5184757505773672 0.07777777777777778 0.03233256351039261
3 0.7855555555555556 0.5184757505773672 0.07777777777777778 0.03233256351039261
3 0.3827777777777778 0.9948036951501155 0.06444444444444444 0.008083140877598153
3 0.5494444444444444 0.9948036951501155 0.06444444444444444 0.008083140877598153
3 0.7161111111111111 0.9948036951501155 0.06444444444444444 0.008083140877598153
3 0.255 0.2632794457274827 0.15444444444444444 0.03464203233256351
3 0.3511111111111111 0.03926096997690531 0.025 0.023094688221709007
3 0.3877777777777778 0.03926096997690531 0.027777777777777776 0.023094688221709007
3 0.43666666666666665 0.03926096997690531 0.05 0.023094688221709007
3 0.4811111111111111 0.03926096997690531 0.019444444444444445 0.023094688221709007
3 0.5133333333333333 0.03926096997690531 0.025 0.023094688221709007
3 0.5466666666666666 0.03926096997690531 0.021666666666666667 0.023094688221709007
3 0.21388888888888888 0.5704387990762124 0.07222222222222222 0.020785219399538105
3 0.20722222222222222 0.6605080831408776 0.058888888888888886 0.020785219399538105
3 0.18555555555555556 0.6882217090069284 0.015555555555555555 0.020785219399538105
3 0.18833333333333332 0.7159353348729792 0.021666666666666667 0.020785219399538105
3 0.18888888888888888 0.74364896073903 0.022222222222222223 0.020785219399538105
3 0.225 0.7713625866050808 0.09444444444444444 0.020785219399538105
3 0.22666666666666666 0.7990762124711316 0.09777777777777778 0.020785219399538105
3 0.21777777777777776 0.8267898383371824 0.08055555555555556 0.020785219399538105
3 0.22111111111111112 0.8545034642032333 0.08666666666666667 0.020785219399538105
3 0.18722222222222223 0.8822170900692841 0.01888888888888889 0.020785219399538105
3 0.18777777777777777 0.9722863741339491 0.02 0.020785219399538105
3 0.2627777777777778 0.5704387990762124 0.02 0.020785219399538105
3 0.25055555555555553 0.6605080831408776 0.02277777777777778 0.020785219399538105
3 0.20944444444444443 0.6882217090069284 0.025555555555555557 0.020785219399538105
3 0.215 0.7159353348729792 0.025 0.020785219399538105
3 0.21444444444444444 0.74364896073903 0.02277777777777778 0.020785219399538105
3 0.28555555555555556 0.7713625866050808 0.021666666666666667 0.020785219399538105
3 0.28944444444444445 0.7990762124711316 0.021666666666666667 0.020785219399538105
3 0.26944444444444443 0.8267898383371824 0.017222222222222222 0.020785219399538105
3 0.2761111111111111 0.8545034642032333 0.017222222222222222 0.020785219399538105
3 0.21055555555555555 0.8822170900692841 0.02277777777777778 0.020785219399538105
3 0.21166666666666667 0.9722863741339491 0.022222222222222223 0.020785219399538105
3 0.21777777777777776 0.021939953810623556 0.06388888888888888 0.023094688221709007
3 0.21333333333333335 0.04387990762124711 0.06388888888888888 0.023094688221709007
3 0.22444444444444445 0.21593533487297922 0.09333333333333334 0.023094688221709007