0 0.5649766899766899 0.016343825665859565 0.027389277389277388 0.03268765133171913
0 0.7272727272727273 0.25786924939467315 0.06585081585081586 0.01694915254237288
0 0.8001165501165501 0.46731234866828086 0.02097902097902098 0.043583535108958835
1 0.710081585081585 0.01694915254237288 0.1987179487179487 0.03389830508474576
1 0.4423076923076923 0.42736077481840196 0.06293706293706294 0.15980629539951574
1 0.43997668997669 0.40314769975786924 0.08508158508158509 0.17675544794188863
1 0.5448717948717948 0.40314769975786924 0.08508158508158509 0.17675544794188863
1 0.6497668997668997 0.40314769975786924 0.08508158508158509 0.17675544794188863
1 0.7546620046620046 0.40314769975786924 0.08508158508158509 0.17675544794188863
1 0.37033799533799533 0.8274818401937046 0.1660839160839161 0.34261501210653755
1 0.5451631701631702 0.8274818401937046 0.1660839160839161 0.34261501210653755
1 0.719988344988345 0.8274818401937046 0.1660839160839161 0.34261501210653755
1 0.16054778554778554 0.015738498789346248 0.07867132867132867 0.031476997578692496
2 0.40413752913752915 0.016343825665859565 0.34906759906759904 0.03268765133171913
2 0.47202797202797203 0.00847457627118644 0.008158508158508158 0.01694915254237288
3 0.5052447552447552 0.013317191283292978 0.09324009324009325 0.026634382566585957
3 0.3537296037296037 0.37530266343825663 0.1048951048951049 0.06537530266343826
3 0.3537296037296037 0.463680387409201 0.1048951048951049 0.07263922518159806
3 0.38752913752913754 0.5665859564164649 0.20046620046620048 0.053268765133171914
3 0.43997668997669 0.5738498789346247 0.08158508158508158 0.03389830508474576
3 0.5448717948717948 0.5738498789346247 0.08158508158508158 0.03389830508474576
3 0.6497668997668997 0.5738498789346247 0.08158508158508158 0.03389830508474576
3 0.7546620046620046 0.5738498789346247 0.08158508158508158 0.03389830508474576
3 0.5110722610722611 0.010895883777239709 0.06526806526806526 0.021791767554479417
3 0.5110722610722611 0.010895883777239709 0.06526806526806526 0.021791767554479417
3 0.19813519813519814 0.3062953995157385 0.16200466200466201 0.03631961259079903
3 0.29895104895104896 0.07142857142857142 0.026223776223776224 0.024213075060532687
3 0.3374125874125874 0.07142857142857142 0.029137529137529136 0.024213075060532687
3 0.3886946386946387 0.07142857142857142 0.05244755244755245 0.024213075060532687
3 0.4353146853146853 0.07142857142857142 0.020396270396270396 0.024213075060532687
3 0.46911421911421913 0.07142857142857142 0.026223776223776224 0.024213075060532687
3 0.504079254079254 0.07142857142857142 0.022727272727272728 0.024213075060532687
3 0.155011655011655 0.6283292978208233 0.07575757575757576 0.021791767554479417
3 0.14801864801864803 0.7227602905569007 0.06177156177156177 0.021791767554479417
3 0.1252913752913753 0.7518159806295399 0.016317016317016316 0.021791767554479417
3 0.1282051282051282 0.7808716707021792 0.022727272727272728 0.021791767554479417
3 0.12878787878787878 0.8099273607748184 0.023310023310023312 0.021791767554479417
3 0.16666666666666666 0.8389830508474576 0.09906759906759907 0.021791767554479417
3 0.1684149184149184 0.8680387409200968 0.10256410256410256 0.021791767554479417
3 0.1590909090909091 0.8970944309927361 0.0844988344988345 0.021791767554479417
3 0.16258741258741258 0.9261501210653753 0.09090909090909091 0.021791767554479417
3 0.12703962703962704 0.9552058111380145 0.019813519813519812 0.021791767554479417
3 0.2062937062937063 0.6283292978208233 0.02097902097902098 0.021791767554479417
3 0.19347319347319347 0.7227602905569007 0.023892773892773892 0.021791767554479417
3 0.15034965034965034 0.7518159806295399 0.026806526806526808 0.021791767554479417
3 0.1561771561771562 0.7808716707021792 0.026223776223776224 0.021791767554479417
3 0.1555944055944056 0.8099273607748184 0.023892773892773892 0.021791767554479417
3 0.2301864801864802 0.8389830508474576 0.022727272727272728 0.021791767554479417
3 0.23426573426573427 0.8680387409200968 0.022727272727272728 0.021791767554479417
3 0.21328671328671328 0.8970944309927361 0.018065268065268064 0.021791767554479417
3 0.2202797202797203 0.9261501210653753 0.018065268065268064 0.021791767554479417
3 0.15151515151515152 0.9552058111380145 0.023892773892773892 0.021791767554479417
3 0.1590909090909091 0.053268765133171914 0.06701631701631702 0.024213075060532687
3 0.15442890442890442 0.07627118644067797 0.06701631701631702 0.024213075060532687
3 0.1660839160839161 0.2566585956416465 0.0979020979020979 0.024213075060532687