0 0.5835240274599542 0.023752969121140142 0.02631578947368421 0.04631828978622328
0 0.6922196796338673 0.9703087885985748 0.13729977116704806 0.021377672209026127
1 0.7259725400457666 0.02494061757719715 0.1945080091533181 0.04631828978622328
1 0.17048054919908467 0.2648456057007126 0.02517162471395881 0.052256532066508314
1 0.38844393592677345 0.5605700712589073 0.38215102974828374 0.5558194774346793
1 0.18649885583524028 0.02494061757719715 0.07665903890160183 0.040380047505938245
2 0.425629290617849 0.023752969121140142 0.34210526315789475 0.04631828978622328
3 0.6647597254004577 0.49287410926365793 0.08295194508009153 0.021377672209026127
3 0.6710526315789473 0.8634204275534442 0.09553775743707094 0.021377672209026127
3 0.17048054919908467 0.2838479809976247 0.028604118993135013 0.026128266033254157
3 0.17048054919908467 0.2838479809976247 0.028604118993135013 0.026128266033254157
3 0.7036613272311213 0.3254156769596199 0.16075514874141877 0.05938242280285035
3 0.3812929061784897 0.9691211401425178 0.41132723112128144 0.05938242280285035
3 0.7231121281464531 0.5665083135391924 0.16475972540045766 0.023752969121140142
3 0.7231121281464531 0.5914489311163895 0.16475972540045766 0.021377672209026127
3 0.7231121281464531 0.6152019002375297 0.16475972540045766 0.021377672209026127
3 0.7231121281464531 0.6389548693586699 0.16475972540045766 0.021377672209026127
3 0.7231121281464531 0.7232779097387173 0.16475972540045766 0.047505938242280284
3 0.7231121281464531 0.7600950118764845 0.16475972540045766 0.021377672209026127
3 0.6710526315789473 0.8420427553444181 0.09553775743707094 0.020190023752969122
3 0.6573226544622426 0.9239904988123515 0.06750572082379863 0.023752969121140142
3 0.32265446224256294 0.0855106888361045 0.02574370709382151 0.023752969121140142
3 0.36041189931350115 0.0855106888361045 0.028604118993135013 0.023752969121140142
3 0.4107551487414188 0.0855106888361045 0.05148741418764302 0.023752969121140142
3 0.45652173913043476 0.0855106888361045 0.02002288329519451 0.023752969121140142
3 0.4897025171624714 0.0855106888361045 0.02574370709382151 0.023752969121140142
3 0.5240274599542334 0.0855106888361045 0.02231121281464531 0.023752969121140142
3 0.1853546910755149 0.06769596199524941 0.06578947368421052 0.023752969121140142
3 0.18077803203661327 0.09026128266033254 0.06578947368421052 0.023752969121140142
3 0.2648741418764302 0.19002375296912113 0.09610983981693363 0.0166270783847981
3 0.34096109839816935 0.19002375296912113 0.03546910755148741 0.0166270783847981
3 0.37700228832951943 0.19002375296912113 0.016018306636155607 0.0166270783847981
3 0.44336384439359267 0.19002375296912113 0.09668192219679633 0.0166270783847981