0 0.5925925925925926 0.027472527472527472 0.02433862433862434 0.04285714285714286
0 0.7402116402116402 0.26263736263736265 0.059788359788359786 0.015384615384615385
1 0.7243386243386244 0.02857142857142857 0.17989417989417988 0.04285714285714286
1 0.4158730158730159 0.4604395604395604 0.15026455026455027 0.3120879120879121
1 0.5746031746031746 0.4604395604395604 0.15026455026455027 0.3120879120879121
1 0.7333333333333333 0.4604395604395604 0.15026455026455027 0.3120879120879121
1 0.2253968253968254 0.02857142857142857 0.07089947089947089 0.03736263736263736
2 0.44656084656084655 0.027472527472527472 0.3164021164021164 0.04285714285714286
2 0.46455026455026455 0.027472527472527472 0.007407407407407408 0.015384615384615385
3 0.5169312169312169 0.02857142857142857 0.12804232804232804 0.02857142857142857
3 0.37142857142857144 0.6901098901098901 0.040740740740740744 0.020879120879120878
3 0.5301587301587302 0.6901098901098901 0.040740740740740744 0.020879120879120878
3 0.6888888888888889 0.6901098901098901 0.040740740740740744 0.020879120879120878
3 0.5222222222222223 0.027472527472527472 0.10264550264550265 0.02197802197802198
3 0.5222222222222223 0.027472527472527472 0.10264550264550265 0.02197802197802198
3 0.2597883597883598 0.34175824175824177 0.14708994708994708 0.03296703296703297
3 0.4158730158730159 0.734065934065934 0.1291005291005291 0.03956043956043956
3 0.5746031746031746 0.734065934065934 0.1291005291005291 0.03956043956043956
3 0.7333333333333333 0.734065934065934 0.1291005291005291 0.03956043956043956
3 0.3513227513227513 0.08461538461538462 0.023809523809523808 0.02197802197802198
3 0.3862433862433862 0.08461538461538462 0.026455026455026454 0.02197802197802198
3 0.4328042328042328 0.08461538461538462 0.047619047619047616 0.02197802197802198
3 0.47513227513227513 0.08461538461538462 0.018518518518518517 0.02197802197802198
3 0.5058201058201058 0.08461538461538462 0.023809523809523808 0.02197802197802198
3 0.5375661375661376 0.08461538461538462 0.020634920634920634 0.02197802197802198
3 0.22063492063492063 0.634065934065934 0.06878306878306878 0.01978021978021978
3 0.1984126984126984 0.7197802197802198 0.02433862433862434 0.01978021978021978
3 0.1984126984126984 0.7461538461538462 0.02486772486772487 0.01978021978021978
3 0.2 0.7725274725274726 0.028042328042328042 0.01978021978021978
3 0.20899470899470898 0.798901098901099 0.0455026455026455 0.01978021978021978
3 0.19523809523809524 0.8252747252747252 0.018518518518518517 0.01978021978021978
3 0.21534391534391534 0.8516483516483516 0.05873015873015873 0.01978021978021978
3 0.2126984126984127 0.878021978021978 0.05291005291005291 0.01978021978021978
3 0.21005291005291005 0.9043956043956044 0.04814814814814815 0.01978021978021978
3 0.19894179894179895 0.9307692307692308 0.025396825396825397 0.01978021978021978
3 0.2656084656084656 0.634065934065934 0.015873015873015872 0.01978021978021978
3 0.22116402116402117 0.7197802197802198 0.015873015873015872 0.01978021978021978
3 0.22116402116402117 0.7461538461538462 0.014285714285714285 0.01978021978021978
3 0.2253968253968254 0.7725274725274726 0.015873015873015872 0.01978021978021978
3 0.2417989417989418 0.798901098901099 0.014285714285714285 0.01978021978021978
3 0.21481481481481482 0.8252747252747252 0.014285714285714285 0.01978021978021978
3 0.25502645502645505 0.8516483516483516 0.013756613756613757 0.01978021978021978
3 0.2492063492063492 0.878021978021978 0.014285714285714285 0.01978021978021978
3 0.24391534391534392 0.9043956043956044 0.014285714285714285 0.01978021978021978
3 0.2201058201058201 0.9307692307692308 0.01216931216931217 0.01978021978021978
3 0.22433862433862434 0.06813186813186813 0.06084656084656084 0.02197802197802198
3 0.2201058201058201 0.08901098901098901 0.06084656084656084 0.02197802197802198
3 0.2306878306878307 0.25274725274725274 0.08888888888888889 0.02197802197802198
3 0.3010582010582011 0.25274725274725274 0.0328042328042328 0.02197802197802198
3 0.2312169312169312 0.27472527472527475 0.08994708994708994 0.02197802197802198
3 0.2571428571428571 0.2857142857142857 0.14232804232804233 0.04395604395604396