0 0.6067796610169491 0.03051643192488263 0.02598870056497175 0.045774647887323945
0 0.764406779661017 0.28169014084507044 0.06384180790960452 0.01643192488262911
1 0.747457627118644 0.03169014084507042 0.192090395480226 0.045774647887323945
1 0.4180790960451977 0.49295774647887325 0.16045197740112993 0.3333333333333333
1 0.5875706214689266 0.49295774647887325 0.16045197740112993 0.3333333333333333
1 0.7570621468926554 0.49295774647887325 0.16045197740112993 0.3333333333333333
1 0.21468926553672316 0.03169014084507042 0.07570621468926554 0.03990610328638498
2 0.45084745762711864 0.03051643192488263 0.33785310734463275 0.045774647887323945
2 0.47005649717514125 0.03051643192488263 0.007909604519774011 0.01643192488262911
3 0.5259887005649717 0.03169014084507042 0.1367231638418079 0.03051643192488263
3 0.3706214689265537 0.7382629107981221 0.04350282485875706 0.022300469483568074
3 0.5401129943502825 0.7382629107981221 0.04350282485875706 0.022300469483568074
3 0.7096045197740113 0.7382629107981221 0.04350282485875706 0.022300469483568074
3 0.5316384180790961 0.03051643192488263 0.1096045197740113 0.023474178403755867
3 0.5316384180790961 0.03051643192488263 0.1096045197740113 0.023474178403755867
3 0.2514124293785311 0.36619718309859156 0.15706214689265538 0.035211267605633804
3 0.4180790960451977 0.7852112676056338 0.13785310734463277 0.04225352112676056
3 0.5875706214689266 0.7852112676056338 0.13785310734463277 0.04225352112676056
3 0.7570621468926554 0.7852112676056338 0.13785310734463277 0.04225352112676056
3 0.34915254237288135 0.09154929577464789 0.025423728813559324 0.023474178403755867
3 0.3864406779661017 0.09154929577464789 0.02824858757062147 0.023474178403755867
3 0.43615819209039547 0.09154929577464789 0.05084745762711865 0.023474178403755867
3 0.48135593220338985 0.09154929577464789 0.01977401129943503 0.023474178403755867
3 0.5141242937853108 0.09154929577464789 0.025423728813559324 0.023474178403755867
3 0.5480225988700564 0.09154929577464789 0.022033898305084745 0.023474178403755867
3 0.2096045197740113 0.6784037558685446 0.07344632768361582 0.02112676056338028
3 0.18587570621468927 0.7699530516431925 0.02598870056497175 0.02112676056338028
3 0.18587570621468927 0.7981220657276995 0.02655367231638418 0.02112676056338028
3 0.18757062146892656 0.8262910798122066 0.029943502824858758 0.02112676056338028
3 0.19717514124293786 0.8544600938967136 0.04858757062146893 0.02112676056338028
3 0.1824858757062147 0.8826291079812206 0.01977401129943503 0.02112676056338028
3 0.20395480225988702 0.9107981220657277 0.06271186440677966 0.02112676056338028
3 0.20112994350282487 0.9389671361502347 0.05649717514124294 0.02112676056338028
3 0.19830508474576272 0.9671361502347418 0.05141242937853107 0.02112676056338028
3 0.1867231638418079 0.9917840375586855 0.02768361581920904 0.014084507042253521
3 0.2576271186440678 0.6784037558685446 0.01694915254237288 0.02112676056338028
3 0.21016949152542372 0.7699530516431925 0.01694915254237288 0.02112676056338028
3 0.21016949152542372 0.7981220657276995 0.015254237288135594 0.02112676056338028
3 0.21468926553672316 0.8262910798122066 0.01694915254237288 0.02112676056338028
3 0.23220338983050848 0.8544600938967136 0.015254237288135594 0.02112676056338028
3 0.2033898305084746 0.8826291079812206 0.015254237288135594 0.02112676056338028
3 0.24632768361581922 0.9107981220657277 0.014689265536723164 0.02112676056338028
3 0.2401129943502825 0.9389671361502347 0.015254237288135594 0.02112676056338028
3 0.2344632768361582 0.9671361502347418 0.015254237288135594 0.02112676056338028
3 0.20903954802259886 0.9917840375586855 0.013559322033898305 0.014084507042253521
3 0.2135593220338983 0.07394366197183098 0.06497175141242938 0.023474178403755867
3 0.20903954802259886 0.09624413145539906 0.06497175141242938 0.023474178403755867
3 0.22033898305084745 0.2711267605633803 0.09491525423728814 0.023474178403755867
3 0.29548022598870055 0.2711267605633803 0.03502824858757062 0.023474178403755867
3 0.22090395480225988 0.29460093896713613 0.096045197740113 0.023474178403755867
3 0.24858757062146894 0.30633802816901406 0.1519774011299435 0.046948356807511735