0 0.5641242937853107 0.01232394366197183 0.02655367231638418 0.02464788732394366
0 0.7214689265536723 0.25234741784037557 0.06384180790960452 0.01643192488262911
1 0.7048022598870056 0.012910798122065728 0.19265536723163842 0.025821596244131457
1 0.3751412429378531 0.4636150234741784 0.16045197740112993 0.3333333333333333
1 0.5446327683615819 0.4636150234741784 0.16045197740112993 0.3333333333333333
1 0.7141242937853107 0.4636150234741784 0.16045197740112993 0.3333333333333333
1 0.17203389830508475 0.011737089201877934 0.07627118644067797 0.023474178403755867
2 0.4081920903954802 0.01232394366197183 0.3384180790960452 0.02464788732394366
2 0.47429378531073446 0.00528169014084507 0.00847457627118644 0.01056338028169014
3 0.5062146892655367 0.009389671361502348 0.0903954802259887 0.018779342723004695
3 0.327683615819209 0.755868544600939 0.04350282485875706 0.022300469483568074
3 0.4971751412429379 0.7089201877934272 0.04350282485875706 0.022300469483568074
3 0.6666666666666666 0.7089201877934272 0.04350282485875706 0.022300469483568074
3 0.511864406779661 0.007042253521126761 0.06327683615819209 0.014084507042253521
3 0.511864406779661 0.007042253521126761 0.06327683615819209 0.014084507042253521
3 0.20847457627118643 0.289906103286385 0.15706214689265538 0.035211267605633804
3 0.3751412429378531 0.8028169014084507 0.13785310734463277 0.04225352112676056
3 0.5446327683615819 0.755868544600939 0.13785310734463277 0.04225352112676056
3 0.7141242937853107 0.755868544600939 0.13785310734463277 0.04225352112676056
3 0.30621468926553674 0.062206572769953054 0.025423728813559324 0.023474178403755867
3 0.34350282485875705 0.062206572769953054 0.02824858757062147 0.023474178403755867
3 0.39322033898305087 0.062206572769953054 0.05084745762711865 0.023474178403755867
3 0.4384180790960452 0.062206572769953054 0.01977401129943503 0.023474178403755867
3 0.4711864406779661 0.062206572769953054 0.025423728813559324 0.023474178403755867
3 0.5050847457627119 0.062206572769953054 0.022033898305084745 0.023474178403755867
3 0.13785310734463277 0.5117370892018779 0.015819209039548022 0.02112676056338028
3 0.14067796610169492 0.539906103286385 0.022033898305084745 0.02112676056338028
3 0.1598870056497175 0.568075117370892 0.059887005649717516 0.02112676056338028
3 0.14124293785310735 0.596244131455399 0.022598870056497175 0.02112676056338028
3 0.17796610169491525 0.6244131455399061 0.096045197740113 0.02112676056338028
3 0.17062146892655367 0.6525821596244131 0.08192090395480225 0.02112676056338028
3 0.13954802259887006 0.6807511737089202 0.0192090395480226 0.02112676056338028
3 0.1401129943502825 0.7723004694835681 0.020338983050847456 0.02112676056338028
3 0.14915254237288136 0.863849765258216 0.0384180790960452 0.02112676056338028
3 0.17570621468926553 0.892018779342723 0.09209039548022599 0.02112676056338028
3 0.1480225988700565 0.9835680751173709 0.03672316384180791 0.02112676056338028
3 0.1576271186440678 0.5117370892018779 0.01694915254237288 0.02112676056338028
3 0.16271186440677965 0.539906103286385 0.015254237288135594 0.02112676056338028
3 0.19887005649717515 0.568075117370892 0.012429378531073447 0.02112676056338028
3 0.16214689265536722 0.596244131455399 0.012994350282485875 0.02112676056338028
3 0.23389830508474577 0.6244131455399061 0.010169491525423728 0.02112676056338028
3 0.2175141242937853 0.6525821596244131 0.005649717514124294 0.02112676056338028
3 0.15593220338983052 0.6807511737089202 0.00847457627118644 0.02112676056338028
3 0.15932203389830507 0.7723004694835681 0.012429378531073447 0.02112676056338028
3 0.17853107344632768 0.863849765258216 0.015254237288135594 0.02112676056338028
3 0.23107344632768362 0.892018779342723 0.012994350282485875 0.02112676056338028
3 0.1768361581920904 0.9835680751173709 0.014689265536723164 0.02112676056338028
3 0.17062146892655367 0.04460093896713615 0.06497175141242938 0.023474178403755867
3 0.16610169491525423 0.06690140845070422 0.06497175141242938 0.023474178403755867
3 0.17740112994350282 0.24178403755868544 0.09491525423728814 0.023474178403755867
3 0.25254237288135595 0.24178403755868544 0.03502824858757062 0.023474178403755867