0 0.5901069518716577 0.02 0.025133689839572194 0.04
0 0.7390374331550802 0.25555555555555554 0.06042780748663101 0.015555555555555555
1 0.7232620320855615 0.020555555555555556 0.18235294117647058 0.04111111111111111
1 0.4112299465240642 0.45555555555555555 0.1518716577540107 0.31555555555555553
1 0.5716577540106952 0.45555555555555555 0.1518716577540107 0.31555555555555553
1 0.7320855614973262 0.45555555555555555 0.1518716577540107 0.31555555555555553
1 0.21871657754010695 0.01888888888888889 0.07165775401069518 0.03777777777777778
2 0.4425133689839572 0.02 0.32032085561497325 0.04
2 0.4818181818181818 0.017777777777777778 0.0074866310160427805 0.015555555555555555
3 0.5240641711229946 0.01888888888888889 0.10802139037433155 0.028888888888888888
3 0.3764705882352941 0.6877777777777778 0.06149732620320856 0.021111111111111112
3 0.5368983957219251 0.6877777777777778 0.06149732620320856 0.021111111111111112
3 0.6973262032085561 0.6877777777777778 0.06149732620320856 0.021111111111111112
3 0.5294117647058824 0.017777777777777778 0.08235294117647059 0.022222222222222223
3 0.5294117647058824 0.017777777777777778 0.08235294117647059 0.022222222222222223
3 0.253475935828877 0.2911111111111111 0.14866310160427806 0.03333333333333333
3 0.4112299465240642 0.7322222222222222 0.1304812834224599 0.04
3 0.5716577540106952 0.7322222222222222 0.1304812834224599 0.04
3 0.7320855614973262 0.7322222222222222 0.1304812834224599 0.04
3 0.34598930481283424 0.07555555555555556 0.02406417112299465 0.022222222222222223
3 0.38128342245989305 0.07555555555555556 0.026737967914438502 0.022222222222222223
3 0.4283422459893048 0.07555555555555556 0.0481283422459893 0.022222222222222223
3 0.4711229946524064 0.07555555555555556 0.01871657754010695 0.022222222222222223
3 0.5021390374331551 0.07555555555555556 0.02406417112299465 0.022222222222222223
3 0.5342245989304812 0.07555555555555556 0.02085561497326203 0.022222222222222223
3 0.21390374331550802 0.5866666666666667 0.06951871657754011 0.02
3 0.18877005347593584 0.6733333333333333 0.019251336898395723 0.02
3 0.19732620320855615 0.76 0.03636363636363636 0.02
3 0.22245989304812835 0.7866666666666666 0.08716577540106951 0.02
3 0.19572192513368983 0.8733333333333333 0.033155080213903745 0.02
3 0.1962566844919786 0.9866666666666667 0.034759358288770054 0.02
3 0.25828877005347595 0.5866666666666667 0.014438502673796792 0.02
3 0.21229946524064172 0.6733333333333333 0.022459893048128343 0.02
3 0.22780748663101605 0.76 0.019786096256684493 0.02
3 0.2796791443850267 0.7866666666666666 0.0213903743315508 0.02
3 0.22620320855614973 0.8733333333333333 0.0213903743315508 0.02
3 0.2106951871657754 0.9 0.011764705882352941 0.02
3 0.22459893048128343 0.9866666666666667 0.016042780748663103 0.02
3 0.21764705882352942 0.058888888888888886 0.06149732620320856 0.022222222222222223
3 0.21336898395721926 0.08 0.06149732620320856 0.022222222222222223
3 0.22406417112299465 0.24555555555555555 0.08983957219251337 0.022222222222222223
3 0.29518716577540105 0.24555555555555555 0.033155080213903745 0.022222222222222223