0 0.5848167539267015 0.02608695652173913 0.024083769633507852 0.042391304347826085
0 0.7157068062827225 0.5032608695652174 0.14397905759162305 0.05217391304347826
0 0.7157068062827225 0.5641304347826087 0.14397905759162305 0.05217391304347826
1 0.7151832460732984 0.02717391304347826 0.17801047120418848 0.042391304347826085
1 0.20680628272251309 0.24565217391304348 0.023036649214659685 0.04782608695652174
1 0.32722513089005234 0.5163043478260869 0.19790575916230366 0.508695652173913
1 0.4518324607329843 0.6934782608695652 0.019895287958115182 0.041304347826086954
1 0.4801047120418848 0.6923913043478261 0.020942408376963352 0.043478260869565216
1 0.5083769633507853 0.6923913043478261 0.020942408376963352 0.043478260869565216
1 0.22146596858638742 0.02717391304347826 0.07015706806282722 0.03695652173913044
2 0.44031413612565445 0.02608695652173913 0.31308900523560207 0.042391304347826085
3 0.4774869109947644 0.4902173913043478 0.07591623036649214 0.01956521739130435
3 0.5287958115183246 0.5630434782608695 0.17853403141361257 0.02282608695652174
3 0.4513089005235602 0.6032608695652174 0.022513089005235604 0.034782608695652174
3 0.47853403141361256 0.6032608695652174 0.019895287958115182 0.034782608695652174
3 0.5287958115183246 0.6467391304347826 0.17853403141361257 0.02282608695652174
3 0.506806282722513 0.7717391304347826 0.13455497382198953 0.01956521739130435
3 0.6869109947643979 0.4 0.08638743455497382 0.015217391304347827
3 0.7157068062827225 0.4423913043478261 0.14397905759162305 0.02608695652173913
3 0.6979057591623037 0.8152173913043478 0.07643979057591622 0.01956521739130435
3 0.6680628272251309 0.9358695652173913 0.04293193717277487 0.0391304347826087
3 0.7130890052356021 0.9369565217391305 0.03664921465968586 0.0391304347826087
3 0.7612565445026178 0.9369565217391305 0.048167539267015703 0.0391304347826087
3 0.20680628272251309 0.26304347826086955 0.02617801047120419 0.02391304347826087
3 0.20680628272251309 0.26304347826086955 0.02617801047120419 0.02391304347826087
3 0.525130890052356 0.31630434782608696 0.1706806282722513 0.08152173913043478
3 0.7235602094240837 0.2576086956521739 0.12827225130890052 0.021739130434782608
3 0.7235602094240837 0.2902173913043478 0.12827225130890052 0.0391304347826087
3 0.7225130890052356 0.6260869565217392 0.13036649214659685 0.01956521739130435
3 0.6869109947643979 0.3793478260869565 0.08638743455497382 0.017391304347826087
3 0.7157068062827225 0.741304347826087 0.14397905759162305 0.02391304347826087
3 0.6979057591623037 0.7945652173913044 0.07643979057591622 0.021739130434782608
3 0.3460732984293194 0.08260869565217391 0.02356020942408377 0.021739130434782608
3 0.3806282722513089 0.08260869565217391 0.02617801047120419 0.021739130434782608
3 0.42670157068062825 0.08260869565217391 0.04712041884816754 0.021739130434782608
3 0.468586387434555 0.08260869565217391 0.01832460732984293 0.021739130434782608
3 0.4989528795811518 0.08260869565217391 0.02356020942408377 0.021739130434782608
3 0.5303664921465968 0.08260869565217391 0.020418848167539267 0.021739130434782608
3 0.22041884816753926 0.06630434782608696 0.060209424083769635 0.021739130434782608
3 0.2162303664921466 0.08695652173913043 0.060209424083769635 0.021739130434782608
3 0.2931937172774869 0.1782608695652174 0.08795811518324607 0.015217391304347827
3 0.36282722513089005 0.1782608695652174 0.032460732984293195 0.015217391304347827
3 0.3958115183246073 0.1782608695652174 0.014659685863874346 0.015217391304347827
3 0.4214659685863874 0.1782608695652174 0.01780104712041885 0.015217391304347827