0 0.5768617021276595 0.019867549668874173 0.025 0.039735099337748346
0 0.2425531914893617 0.3322295805739514 0.010638297872340425 0.02207505518763797
0 0.29095744680851066 0.3322295805739514 0.010638297872340425 0.02207505518763797
0 0.725 0.18211920529801323 0.0601063829787234 0.01545253863134658
0 0.8026595744680851 0.26490066225165565 0.01702127659574468 0.03532008830022075
0 0.20797872340425533 0.20198675496688742 0.04734042553191489 0.04194260485651214
0 0.2723404255319149 0.20198675496688742 0.07712765957446809 0.04194260485651214
1 0.7093085106382979 0.02041942604856512 0.18138297872340425 0.04083885209713024
1 0.3404255319148936 0.26600441501103755 0.02925531914893617 0.06070640176600441
1 0.4601063829787234 0.26600441501103755 0.02925531914893617 0.06070640176600441
1 0.5797872340425532 0.26600441501103755 0.02925531914893617 0.06070640176600441
1 0.699468085106383 0.26600441501103755 0.02925531914893617 0.06070640176600441
1 0.39893617021276595 0.48013245033112584 0.15106382978723404 0.31346578366445915
1 0.5585106382978723 0.48013245033112584 0.15106382978723404 0.31346578366445915
1 0.7180851063829787 0.48013245033112584 0.15106382978723404 0.31346578366445915
1 0.2074468085106383 0.018763796909492272 0.07127659574468086 0.037527593818984545
2 0.4300531914893617 0.019867549668874173 0.31861702127659575 0.039735099337748346
2 0.47074468085106386 0.017660044150110375 0.007446808510638298 0.01545253863134658
3 0.5117021276595745 0.018763796909492272 0.10585106382978723 0.02869757174392936
3 0.35425531914893615 0.7549668874172185 0.040957446808510635 0.02097130242825607
3 0.39893617021276595 0.8278145695364238 0.12978723404255318 0.01434878587196468
3 0.523936170212766 0.7108167770419426 0.061170212765957445 0.02097130242825607
3 0.5585106382978723 0.7836644591611479 0.12978723404255318 0.01434878587196468
3 0.6835106382978723 0.7295805739514348 0.061170212765957445 0.02097130242825607
3 0.7180851063829787 0.8024282560706402 0.12978723404255318 0.01434878587196468
3 0.5170212765957447 0.017660044150110375 0.08031914893617022 0.02207505518763797
3 0.5170212765957447 0.017660044150110375 0.08031914893617022 0.02207505518763797
3 0.24202127659574468 0.24282560706401765 0.1478723404255319 0.06622516556291391
3 0.39893617021276595 0.7991169977924945 0.12978723404255318 0.039735099337748346
3 0.5585106382978723 0.7549668874172185 0.12978723404255318 0.039735099337748346
3 0.7180851063829787 0.7737306843267108 0.12978723404255318 0.039735099337748346
3 0.3946808510638298 0.25275938189845476 0.06914893617021277 0.02097130242825607
3 0.5143617021276595 0.25275938189845476 0.06914893617021277 0.02097130242825607
3 0.6340425531914894 0.25275938189845476 0.06914893617021277 0.02097130242825607
3 0.7537234042553191 0.25275938189845476 0.06914893617021277 0.02097130242825607
3 0.2542553191489362 0.1456953642384106 0.1398936170212766 0.04415011037527594
3 0.33404255319148934 0.07505518763796909 0.023936170212765957 0.02207505518763797
3 0.36914893617021277 0.07505518763796909 0.026595744680851064 0.02207505518763797
3 0.41595744680851066 0.07505518763796909 0.047872340425531915 0.02207505518763797
3 0.45851063829787236 0.07505518763796909 0.018617021276595744 0.02207505518763797
3 0.48936170212765956 0.07505518763796909 0.023936170212765957 0.02207505518763797
3 0.5212765957446809 0.07505518763796909 0.02074468085106383 0.02207505518763797
3 0.20904255319148937 0.6103752759381899 0.08191489361702127 0.019867549668874173
3 0.18138297872340425 0.6368653421633554 0.026595744680851064 0.019867549668874173
3 0.22234042553191488 0.6633554083885209 0.10904255319148937 0.019867549668874173
3 0.21595744680851064 0.6898454746136865 0.09627659574468085 0.019867549668874173
3 0.1930851063829787 0.7163355408388521 0.05053191489361702 0.019867549668874173
3 0.20159574468085106 0.7428256070640177 0.06702127659574468 0.019867549668874173
3 0.2170212765957447 0.7693156732891833 0.09787234042553192 0.019867549668874173
3 0.1952127659574468 0.7958057395143487 0.054787234042553194 0.019867549668874173
3 0.21223404255319148 0.8222958057395143 0.08882978723404256 0.019867549668874173
3 0.1776595744680851 0.9381898454746137 0.019148936170212766 0.019867549668874173
3 0.26063829787234044 0.6103752759381899 0.015957446808510637 0.019867549668874173
3 0.2074468085106383 0.6368653421633554 0.019148936170212766 0.019867549668874173
3 0.28936170212765955 0.6633554083885209 0.019680851063829788 0.019867549668874173
3 0.27606382978723404 0.6898454746136865 0.018085106382978722 0.019867549668874173
3 0.23191489361702128 0.7163355408388521 0.02127659574468085 0.019867549668874173
3 0.2473404255319149 0.7428256070640177 0.019680851063829788 0.019867549668874173
3 0.2781914893617021 0.7693156732891833 0.019148936170212766 0.019867549668874173
3 0.2351063829787234 0.7958057395143487 0.018085106382978722 0.019867549668874173
3 0.26861702127659576 0.8222958057395143 0.017553191489361703 0.019867549668874173
3 0.20106382978723406 0.9381898454746137 0.022872340425531913 0.019867549668874173
3 0.20638297872340425 0.05849889624724062 0.061170212765957445 0.02207505518763797
3 0.20212765957446807 0.07947019867549669 0.061170212765957445 0.02207505518763797
3 0.19787234042553192 0.18101545253863136 0.0601063829787234 0.02207505518763797