0 0.584375 0.02918918918918919 0.023958333333333335 0.04216216216216216
0 0.7296875 0.26054054054054054 0.058854166666666666 0.015135135135135135
1 0.7140625 0.03027027027027027 0.17708333333333334 0.04216216216216216
1 0.41041666666666665 0.45513513513513515 0.14791666666666667 0.307027027027027
1 0.5666666666666667 0.45513513513513515 0.14791666666666667 0.307027027027027
1 0.7229166666666667 0.45513513513513515 0.14791666666666667 0.307027027027027
1 0.22291666666666668 0.03027027027027027 0.06979166666666667 0.036756756756756756
2 0.440625 0.02918918918918919 0.31145833333333334 0.04216216216216216
2 0.5015625 0.02918918918918919 0.007291666666666667 0.015135135135135135
3 0.53125 0.03027027027027027 0.0828125 0.02810810810810811
3 0.39427083333333335 0.7243243243243244 0.09479166666666666 0.02054054054054054
3 0.41041666666666665 0.7956756756756757 0.12708333333333333 0.014054054054054054
3 0.540625 0.6810810810810811 0.075 0.02054054054054054
3 0.5666666666666667 0.7524324324324324 0.12708333333333333 0.014054054054054054
3 0.6791666666666667 0.6810810810810811 0.04010416666666667 0.02054054054054054
3 0.7229166666666667 0.7329729729729729 0.12708333333333333 0.014054054054054054
3 0.5364583333333334 0.02918918918918919 0.0578125 0.021621621621621623
3 0.5364583333333334 0.02918918918918919 0.0578125 0.021621621621621623
3 0.25677083333333334 0.31135135135135134 0.14479166666666668 0.06486486486486487
3 0.41041666666666665 0.7675675675675676 0.12708333333333333 0.03891891891891892
3 0.5666666666666667 0.7243243243243244 0.12708333333333333 0.03891891891891892
3 0.7229166666666667 0.7145945945945946 0.12708333333333333 0.01945945945945946
3 0.346875 0.08540540540540541 0.0234375 0.021621621621621623
3 0.38125 0.08540540540540541 0.026041666666666668 0.021621621621621623
3 0.4270833333333333 0.08540540540540541 0.046875 0.021621621621621623
3 0.46875 0.08540540540540541 0.018229166666666668 0.021621621621621623
3 0.49895833333333334 0.08540540540540541 0.0234375 0.021621621621621623
3 0.5302083333333333 0.08540540540540541 0.0203125 0.021621621621621623
3 0.21822916666666667 0.6151351351351352 0.06770833333333333 0.01945945945945946
3 0.19479166666666667 0.6994594594594594 0.020833333333333332 0.01945945945945946
3 0.19166666666666668 0.7254054054054054 0.014583333333333334 0.01945945945945946
3 0.21197916666666666 0.7513513513513513 0.05520833333333333 0.01945945945945946
3 0.19427083333333334 0.7772972972972974 0.0203125 0.01945945945945946
3 0.22864583333333333 0.8032432432432433 0.08854166666666667 0.01945945945945946
3 0.23020833333333332 0.8291891891891892 0.09166666666666666 0.01945945945945946
3 0.19322916666666667 0.8551351351351352 0.017708333333333333 0.01945945945945946
3 0.19375 0.9394594594594594 0.01875 0.01945945945945946
3 0.2604166666666667 0.6151351351351352 0.011458333333333333 0.01945945945945946
3 0.2140625 0.6994594594594594 0.011458333333333333 0.01945945945945946
3 0.20677083333333332 0.7254054054054054 0.009895833333333333 0.01945945945945946
3 0.24791666666666667 0.7513513513513513 0.011458333333333333 0.01945945945945946
3 0.21145833333333333 0.7772972972972974 0.007291666666666667 0.01945945945945946
3 0.278125 0.8032432432432433 0.005208333333333333 0.01945945945945946
3 0.28177083333333336 0.8291891891891892 0.005729166666666666 0.01945945945945946
3 0.20833333333333334 0.8551351351351352 0.007291666666666667 0.01945945945945946
3 0.21145833333333333 0.9394594594594594 0.011458333333333333 0.01945945945945946
3 0.221875 0.06918918918918919 0.059895833333333336 0.021621621621621623
3 0.21770833333333334 0.08972972972972973 0.059895833333333336 0.021621621621621623
3 0.228125 0.2508108108108108 0.0875 0.021621621621621623
3 0.29739583333333336 0.2508108108108108 0.03229166666666667 0.021621621621621623