0 0.7860411899313501 0.20902612826603326 0.06464530892448513 0.0166270783847981
1 0.4353546910755149 0.42280285035629456 0.16247139588100687 0.33729216152019004
1 0.6069794050343249 0.42280285035629456 0.16247139588100687 0.33729216152019004
1 0.778604118993135 0.42280285035629456 0.16247139588100687 0.33729216152019004
3 0.39816933638443935 0.7185273159144893 0.06578947368421052 0.022565320665083134
3 0.5697940503432495 0.671021377672209 0.06578947368421052 0.022565320665083134
3 0.7414187643020596 0.671021377672209 0.06578947368421052 0.022565320665083134
3 0.2665903890160183 0.24703087885985747 0.15903890160183065 0.035629453681710214
3 0.4353546910755149 0.7660332541567696 0.13958810068649885 0.04275534441805225
3 0.6069794050343249 0.7185273159144893 0.13958810068649885 0.04275534441805225
3 0.778604118993135 0.7185273159144893 0.13958810068649885 0.04275534441805225
3 0.36556064073226546 0.0166270783847981 0.02574370709382151 0.023752969121140142
3 0.40331807780320367 0.0166270783847981 0.028604118993135013 0.023752969121140142
3 0.4536613272311213 0.0166270783847981 0.05148741418764302 0.023752969121140142
3 0.4994279176201373 0.0166270783847981 0.02002288329519451 0.023752969121140142
3 0.532608695652174 0.0166270783847981 0.02574370709382151 0.023752969121140142
3 0.566933638443936 0.0166270783847981 0.02231121281464531 0.023752969121140142
3 0.2242562929061785 0.5629453681710214 0.07437070938215103 0.021377672209026127
3 0.21739130434782608 0.6555819477434679 0.06064073226544622 0.021377672209026127
3 0.22826086956521738 0.684085510688836 0.08295194508009153 0.021377672209026127
3 0.1950800915331808 0.7125890736342043 0.016018306636155607 0.021377672209026127
3 0.2374141876430206 0.7410926365795725 0.10068649885583524 0.021377672209026127
3 0.23569794050343248 0.7695961995249406 0.09725400457665904 0.021377672209026127
3 0.2316933638443936 0.7980997624703088 0.08924485125858124 0.021377672209026127
3 0.19794050343249428 0.8266033254156769 0.02231121281464531 0.021377672209026127
3 0.19679633867276888 0.8551068883610451 0.019450800915331808 0.021377672209026127
3 0.19736842105263158 0.9477434679334917 0.020594965675057208 0.021377672209026127
3 0.2705949656750572 0.5629453681710214 0.012585812356979404 0.021377672209026127
3 0.25915331807780323 0.6555819477434679 0.017162471395881007 0.021377672209026127
3 0.2837528604118993 0.684085510688836 0.021739130434782608 0.021377672209026127
3 0.2145308924485126 0.7125890736342043 0.016018306636155607 0.021377672209026127
3 0.2963386727688787 0.7410926365795725 0.010869565217391304 0.021377672209026127
3 0.2906178489702517 0.7695961995249406 0.007437070938215103 0.021377672209026127
3 0.2826086956521739 0.7980997624703088 0.006292906178489702 0.021377672209026127
3 0.21567505720823799 0.8266033254156769 0.006292906178489702 0.021377672209026127
3 0.2145308924485126 0.8551068883610451 0.010297482837528604 0.021377672209026127
3 0.2208237986270023 0.9477434679334917 0.02116704805491991 0.021377672209026127
3 0.22826086956521738 0.0059382422802850355 0.06636155606407322 0.011876484560570071
3 0.2236842105263158 0.021377672209026127 0.06578947368421052 0.023752969121140142
3 0.2351258581235698 0.19833729216152018 0.09610983981693363 0.023752969121140142
3 0.3112128146453089 0.19833729216152018 0.03546910755148741 0.023752969121140142