0 0.6015358361774744 0.01950354609929078 0.026734926052332197 0.03900709219858156
0 0.7599544937428896 0.26832151300236406 0.06427758816837315 0.016548463356973995
1 0.7431740614334471 0.02009456264775414 0.19397042093287828 0.04018912529550828
1 0.4112627986348123 0.48108747044917255 0.161547212741752 0.33569739952718675
1 0.5819112627986348 0.48108747044917255 0.161547212741752 0.33569739952718675
1 0.7525597269624573 0.48108747044917255 0.161547212741752 0.33569739952718675
1 0.20676905574516496 0.018912529550827423 0.07679180887372014 0.037825059101654845
2 0.4445392491467577 0.01950354609929078 0.34072810011376564 0.03900709219858156
2 0.5108077360637088 0.015366430260047281 0.007963594994311717 0.016548463356973995
3 0.5432309442548351 0.016548463356973995 0.09044368600682594 0.030732860520094562
3 0.3742889647326507 0.7754137115839244 0.06541524459613197 0.022458628841607566
3 0.5449374288964732 0.7281323877068558 0.06541524459613197 0.022458628841607566
3 0.7155858930602957 0.7281323877068558 0.06541524459613197 0.022458628841607566
3 0.5489192263936291 0.015366430260047281 0.06313993174061433 0.02364066193853428
3 0.5489192263936291 0.015366430260047281 0.06313993174061433 0.02364066193853428
3 0.2434584755403868 0.3061465721040189 0.15813424345847554 0.03546099290780142
3 0.4112627986348123 0.8226950354609929 0.13879408418657566 0.0425531914893617
3 0.5819112627986348 0.7754137115839244 0.13879408418657566 0.0425531914893617
3 0.7525597269624573 0.7754137115839244 0.13879408418657566 0.0425531914893617
3 0.34186575654152446 0.0768321513002364 0.025597269624573378 0.02364066193853428
3 0.3794084186575654 0.0768321513002364 0.02844141069397042 0.02364066193853428
3 0.42946530147895334 0.0768321513002364 0.051194539249146756 0.02364066193853428
3 0.474971558589306 0.0768321513002364 0.019908987485779295 0.02364066193853428
3 0.5079635949943118 0.0768321513002364 0.025597269624573378 0.02364066193853428
3 0.5420932878270762 0.0768321513002364 0.02218430034129693 0.02364066193853428
3 0.20136518771331058 0.6205673758865248 0.07394766780432309 0.02127659574468085
3 0.1945392491467577 0.7127659574468085 0.06029579067121729 0.02127659574468085
3 0.20534698521046643 0.7411347517730497 0.08248009101251422 0.02127659574468085
3 0.17235494880546076 0.7695035460992907 0.015927189988623434 0.02127659574468085
3 0.21444823663253698 0.7978723404255319 0.10011376564277588 0.02127659574468085
3 0.21274175199089876 0.8262411347517731 0.09670079635949944 0.02127659574468085
3 0.20875995449374288 0.8546099290780141 0.08873720136518772 0.02127659574468085
3 0.1751990898748578 0.8829787234042553 0.02218430034129693 0.02127659574468085
3 0.17406143344709898 0.9113475177304965 0.019340159271899887 0.02127659574468085
3 0.17491467576791808 0.9958628841607565 0.02104664391353811 0.00591016548463357
3 0.24744027303754265 0.6205673758865248 0.012514220705346985 0.02127659574468085
3 0.2360637087599545 0.7127659574468085 0.017064846416382253 0.02127659574468085
3 0.2605233219567691 0.7411347517730497 0.02161547212741752 0.02127659574468085
3 0.19169510807736065 0.7695035460992907 0.015927189988623434 0.02127659574468085
3 0.27303754266211605 0.7978723404255319 0.01080773606370876 0.02127659574468085
3 0.267349260523322 0.8262411347517731 0.00739476678043231 0.02127659574468085
3 0.2593856655290102 0.8546099290780141 0.006257110352673493 0.02127659574468085
3 0.19283276450511946 0.8829787234042553 0.006257110352673493 0.02127659574468085
3 0.19169510807736065 0.9113475177304965 0.010238907849829351 0.02127659574468085
3 0.19795221843003413 0.9958628841607565 0.02161547212741752 0.00591016548463357
3 0.20534698521046643 0.0591016548463357 0.06541524459613197 0.02364066193853428
3 0.20079635949943117 0.08156028368794327 0.06541524459613197 0.02364066193853428
3 0.21217292377701935 0.2576832151300236 0.09556313993174062 0.02364066193853428
3 0.28782707622298065 0.2576832151300236 0.03526734926052332 0.02364066193853428