0 0.584375 0.02918918918918919 0.023958333333333335 0.04216216216216216
0 0.7296875 0.2518918918918919 0.058854166666666666 0.015135135135135135
0 0.7947916666666667 0.43891891891891893 0.01875 0.03891891891891892
1 0.7140625 0.03027027027027027 0.17708333333333334 0.04216216216216216
1 0.475 0.40324324324324323 0.05625 0.14270270270270272
1 0.47291666666666665 0.3816216216216216 0.07604166666666666 0.15783783783783784
1 0.5666666666666667 0.3816216216216216 0.07604166666666666 0.15783783783783784
1 0.6604166666666667 0.3816216216216216 0.07604166666666666 0.15783783783783784
1 0.7541666666666667 0.3816216216216216 0.07604166666666666 0.15783783783783784
1 0.41041666666666665 0.7610810810810811 0.14791666666666667 0.307027027027027
1 0.5666666666666667 0.7610810810810811 0.14791666666666667 0.307027027027027
1 0.7229166666666667 0.7610810810810811 0.14791666666666667 0.307027027027027
1 0.22291666666666668 0.03027027027027027 0.06979166666666667 0.036756756756756756
2 0.440625 0.02918918918918919 0.31145833333333334 0.04216216216216216
2 0.5015625 0.02918918918918919 0.007291666666666667 0.015135135135135135
3 0.53125 0.03027027027027027 0.0828125 0.02810810810810811
3 0.3958333333333333 0.3567567567567568 0.09375 0.05837837837837838
3 0.3958333333333333 0.43567567567567567 0.09375 0.06486486486486487
3 0.42604166666666665 0.5275675675675676 0.17916666666666667 0.04756756756756757
3 0.47291666666666665 0.534054054054054 0.07291666666666667 0.03027027027027027
3 0.5666666666666667 0.534054054054054 0.07291666666666667 0.03027027027027027
3 0.6604166666666667 0.534054054054054 0.07291666666666667 0.03027027027027027
3 0.7541666666666667 0.534054054054054 0.07291666666666667 0.03027027027027027
3 0.5505208333333333 0.987027027027027 0.09479166666666666 0.02054054054054054
3 0.7067708333333333 0.987027027027027 0.09479166666666666 0.02054054054054054
3 0.5364583333333334 0.02918918918918919 0.0578125 0.021621621621621623
3 0.5364583333333334 0.02918918918918919 0.0578125 0.021621621621621623
3 0.25677083333333334 0.2951351351351351 0.14479166666666668 0.032432432432432434
3 0.346875 0.08540540540540541 0.0234375 0.021621621621621623
3 0.38125 0.08540540540540541 0.026041666666666668 0.021621621621621623
3 0.4270833333333333 0.08540540540540541 0.046875 0.021621621621621623
3 0.46875 0.08540540540540541 0.018229166666666668 0.021621621621621623
3 0.49895833333333334 0.08540540540540541 0.0234375 0.021621621621621623
3 0.5302083333333333 0.08540540540540541 0.0203125 0.021621621621621623
3 0.21822916666666667 0.5827027027027027 0.06770833333333333 0.01945945945945946
3 0.19166666666666668 0.667027027027027 0.014583333333333334 0.01945945945945946
3 0.19427083333333334 0.692972972972973 0.0203125 0.01945945945945946
3 0.19479166666666667 0.7189189189189189 0.020833333333333332 0.01945945945945946
3 0.21197916666666666 0.7448648648648649 0.05520833333333333 0.01945945945945946
3 0.22864583333333333 0.7708108108108108 0.08854166666666667 0.01945945945945946
3 0.19322916666666667 0.7967567567567567 0.017708333333333333 0.01945945945945946
3 0.19375 0.8810810810810811 0.01875 0.01945945945945946
3 0.20208333333333334 0.9654054054054054 0.035416666666666666 0.01945945945945946
3 0.2604166666666667 0.5827027027027027 0.011458333333333333 0.01945945945945946
3 0.2078125 0.667027027027027 0.011979166666666667 0.01945945945945946
3 0.21354166666666666 0.692972972972973 0.011458333333333333 0.01945945945945946
3 0.21354166666666666 0.7189189189189189 0.0109375 0.01945945945945946
3 0.24583333333333332 0.7448648648648649 0.007291666666666667 0.01945945945945946
3 0.28125 0.7708108108108108 0.011458333333333333 0.01945945945945946
3 0.20729166666666668 0.7967567567567567 0.005729166666666666 0.01945945945945946
3 0.2125 0.8810810810810811 0.0140625 0.01945945945945946
3 0.22760416666666666 0.9654054054054054 0.0109375 0.01945945945945946
3 0.221875 0.06918918918918919 0.059895833333333336 0.021621621621621623
3 0.21770833333333334 0.08972972972972973 0.059895833333333336 0.021621621621621623
3 0.228125 0.2508108108108108 0.0875 0.021621621621621623
3 0.29739583333333336 0.2508108108108108 0.03229166666666667 0.021621621621621623