0 0.04375 0.5718918918918919 0.021354166666666667 0.021621621621621623
0 0.0796875 0.5718918918918919 0.020833333333333332 0.021621621621621623
0 0.04375 0.7427027027027027 0.021354166666666667 0.021621621621621623
0 0.0796875 0.7427027027027027 0.020833333333333332 0.021621621621621623
0 0.04375 0.8908108108108108 0.021354166666666667 0.021621621621621623
0 0.0796875 0.8908108108108108 0.020833333333333332 0.021621621621621623
3 0.953125 0.09081081081081081 0.009375 0.01945945945945946
3 0.1875 0.3881081081081081 0.30833333333333335 0.04432432432432432
3 0.4953125 0.3881081081081081 0.30833333333333335 0.04432432432432432
3 0.8036458333333333 0.3881081081081081 0.30833333333333335 0.04432432432432432
3 0.359375 0.5394594594594595 0.03229166666666667 0.021621621621621623
3 0.4953125 0.5275675675675676 0.9244791666666666 0.043243243243243246
3 0.4953125 0.6972972972972973 0.9244791666666666 0.043243243243243246
3 0.4953125 0.8572972972972973 0.9244791666666666 0.021621621621621623
3 0.4953125 0.4864864864864865 0.9244791666666666 0.02054054054054054
3 0.4953125 0.6562162162162162 0.9244791666666666 0.02054054054054054
3 0.4953125 0.827027027027027 0.9244791666666666 0.02054054054054054
3 0.4953125 0.9751351351351352 0.9244791666666666 0.02054054054054054
3 0.4953125 0.4864864864864865 0.9244791666666666 0.02054054054054054
3 0.4953125 0.6562162162162162 0.9244791666666666 0.02054054054054054
3 0.4953125 0.827027027027027 0.9244791666666666 0.02054054054054054
3 0.4953125 0.9751351351351352 0.9244791666666666 0.02054054054054054
3 0.4953125 0.08648648648648649 0.9244791666666666 0.034594594594594595
3 0.08125 0.21513513513513513 0.09583333333333334 0.04972972972972973