0 0.7209944751381215 0.2190366972477064 0.062430939226519336 0.016055045871559634
1 0.38232044198895027 0.42545871559633025 0.1569060773480663 0.3256880733944954
1 0.5480662983425414 0.42545871559633025 0.1569060773480663 0.3256880733944954
1 0.7138121546961326 0.42545871559633025 0.1569060773480663 0.3256880733944954
3 0.33591160220994476 0.6651376146788991 0.042541436464088395 0.021788990825688075
3 0.5016574585635359 0.6651376146788991 0.042541436464088395 0.021788990825688075
3 0.6751381215469613 0.6651376146788991 0.057458563535911604 0.021788990825688075
3 0.21933701657458562 0.31880733944954126 0.15359116022099448 0.06880733944954129
3 0.38232044198895027 0.7110091743119266 0.13480662983425415 0.04128440366972477
3 0.5480662983425414 0.7110091743119266 0.13480662983425415 0.04128440366972477
3 0.7138121546961326 0.7110091743119266 0.13480662983425415 0.04128440366972477
3 0.3149171270718232 0.033256880733944956 0.024861878453038673 0.022935779816513763
3 0.35138121546961326 0.033256880733944956 0.027624309392265192 0.022935779816513763
3 0.4 0.033256880733944956 0.049723756906077346 0.022935779816513763
3 0.44419889502762433 0.033256880733944956 0.019337016574585635 0.022935779816513763
3 0.47624309392265196 0.033256880733944956 0.024861878453038673 0.022935779816513763
3 0.5093922651933702 0.033256880733944956 0.02154696132596685 0.022935779816513763
3 0.17845303867403314 0.6410550458715596 0.0718232044198895 0.020642201834862386
3 0.1552486187845304 0.7305045871559633 0.025966850828729283 0.020642201834862386
3 0.16629834254143647 0.7580275229357798 0.04751381215469613 0.020642201834862386
3 0.1580110497237569 0.7855504587155964 0.030939226519337018 0.020642201834862386
3 0.1558011049723757 0.8130733944954128 0.026519337016574586 0.020642201834862386
3 0.17016574585635358 0.8405963302752294 0.055248618784530384 0.020642201834862386
3 0.16740331491712707 0.8681192660550459 0.05027624309392265 0.020642201834862386
3 0.1552486187845304 0.8956422018348624 0.02541436464088398 0.020642201834862386
3 0.14972375690607734 0.9231651376146789 0.014364640883977901 0.020642201834862386
3 0.1558011049723757 0.9506880733944955 0.02707182320441989 0.020642201834862386
3 0.22320441988950276 0.6410550458715596 0.012154696132596685 0.020642201834862386
3 0.17900552486187846 0.7305045871559633 0.014917127071823204 0.020642201834862386
3 0.2 0.7580275229357798 0.013259668508287293 0.020642201834862386
3 0.18232044198895028 0.7855504587155964 0.012154696132596685 0.020642201834862386
3 0.17790055248618786 0.8130733944954128 0.012154696132596685 0.020642201834862386
3 0.20607734806629835 0.8405963302752294 0.010497237569060774 0.020642201834862386
3 0.20165745856353592 0.8681192660550459 0.012154696132596685 0.020642201834862386
3 0.17679558011049723 0.8956422018348624 0.012154696132596685 0.020642201834862386
3 0.16519337016574587 0.9231651376146789 0.009944751381215469 0.020642201834862386
3 0.17845303867403314 0.9506880733944955 0.012154696132596685 0.020642201834862386
3 0.18232044198895028 0.016055045871559634 0.06353591160220995 0.022935779816513763
3 0.17790055248618786 0.03784403669724771 0.06353591160220995 0.022935779816513763
3 0.18895027624309393 0.20871559633027523 0.09281767955801105 0.022935779816513763
3 0.26243093922651933 0.20871559633027523 0.03425414364640884 0.022935779816513763
3 0.18950276243093922 0.231651376146789 0.09392265193370165 0.022935779816513763
3 0.2165745856353591 0.24311926605504589 0.14861878453038674 0.045871559633027525