0 0.6002717391304347 0.0208803611738149 0.025543478260869567 0.0417607223476298
0 0.7076086956521739 0.9548532731376975 0.1391304347826087 0.020316027088036117
1 0.7355978260869566 0.02144469525959368 0.18532608695652175 0.04288939051918736
1 0.2076086956521739 0.24830699774266365 0.02391304347826087 0.04966139954853273
1 0.4146739130434783 0.5293453724604966 0.3630434782608696 0.5282167042889391
1 0.2076086956521739 0.3160270880361174 0.02391304347826087 0.04966139954853273
1 0.2076086956521739 0.3837471783295711 0.02391304347826087 0.04966139954853273
1 0.2076086956521739 0.45146726862302483 0.02391304347826087 0.04966139954853273
1 0.2076086956521739 0.5191873589164786 0.02391304347826087 0.04966139954853273
1 0.2076086956521739 0.5869074492099323 0.02391304347826087 0.04966139954853273
1 0.2076086956521739 0.654627539503386 0.02391304347826087 0.04966139954853273
1 0.2076086956521739 0.7223476297968398 0.02391304347826087 0.04966139954853273
1 0.22282608695652173 0.020316027088036117 0.07282608695652174 0.03837471783295711
2 0.4502717391304348 0.0208803611738149 0.32554347826086955 0.0417607223476298
3 0.6771739130434783 0.4367945823927765 0.07880434782608696 0.020316027088036117
3 0.7244565217391304 0.7663656884875847 0.17282608695652174 0.023702031602708805
3 0.6891304347826087 0.8532731376975169 0.10271739130434783 0.020316027088036117
3 0.2076086956521739 0.26636568848758463 0.02717391304347826 0.024830699774266364
3 0.2076086956521739 0.3340857787810384 0.02717391304347826 0.024830699774266364
3 0.2076086956521739 0.4018058690744921 0.02717391304347826 0.024830699774266364
3 0.2076086956521739 0.46952595936794583 0.02717391304347826 0.024830699774266364
3 0.2076086956521739 0.5372460496613995 0.02717391304347826 0.024830699774266364
3 0.2076086956521739 0.6049661399548533 0.02717391304347826 0.024830699774266364
3 0.2076086956521739 0.672686230248307 0.02717391304347826 0.024830699774266364
3 0.2076086956521739 0.7404063205417607 0.02717391304347826 0.024830699774266364
3 0.2076086956521739 0.26636568848758463 0.02717391304347826 0.024830699774266364
3 0.2076086956521739 0.3340857787810384 0.02717391304347826 0.024830699774266364
3 0.2076086956521739 0.4018058690744921 0.02717391304347826 0.024830699774266364
3 0.2076086956521739 0.46952595936794583 0.02717391304347826 0.024830699774266364
3 0.2076086956521739 0.5372460496613995 0.02717391304347826 0.024830699774266364
3 0.2076086956521739 0.6049661399548533 0.02717391304347826 0.024830699774266364
3 0.2076086956521739 0.672686230248307 0.02717391304347826 0.024830699774266364
3 0.2076086956521739 0.7404063205417607 0.02717391304347826 0.024830699774266364
3 0.7141304347826087 0.3058690744920993 0.15271739130434783 0.056433408577878104
3 0.7326086956521739 0.5067720090293454 0.1565217391304348 0.022573363431151242
3 0.7326086956521739 0.5304740406320542 0.1565217391304348 0.020316027088036117
3 0.7326086956521739 0.5530474040632054 0.1565217391304348 0.020316027088036117
3 0.7326086956521739 0.5756207674943566 0.1565217391304348 0.020316027088036117
3 0.7326086956521739 0.6557562076749436 0.1565217391304348 0.045146726862302484
3 0.7326086956521739 0.690744920993228 0.1565217391304348 0.020316027088036117
3 0.6891304347826087 0.8329571106094809 0.10271739130434783 0.019187358916478554
3 0.6701086956521739 0.9108352144469526 0.0641304347826087 0.022573363431151242
3 0.3521739130434783 0.07787810383747178 0.024456521739130436 0.022573363431151242
3 0.38804347826086955 0.07787810383747178 0.02717391304347826 0.022573363431151242
3 0.4358695652173913 0.07787810383747178 0.04891304347826087 0.022573363431151242
3 0.47934782608695653 0.07787810383747178 0.019021739130434784 0.022573363431151242
3 0.5108695652173914 0.07787810383747178 0.024456521739130436 0.022573363431151242
3 0.5434782608695652 0.07787810383747178 0.021195652173913043 0.022573363431151242
3 0.2217391304347826 0.060948081264108354 0.0625 0.022573363431151242
3 0.21739130434782608 0.08239277652370203 0.0625 0.022573363431151242
3 0.29728260869565215 0.17720090293453725 0.09130434782608696 0.01580135440180587
3 0.4016304347826087 0.17720090293453725 0.0983695652173913 0.01580135440180587
3 0.503804347826087 0.17720090293453725 0.08641304347826087 0.01580135440180587
3 0.5885869565217391 0.17720090293453725 0.06304347826086956 0.01580135440180587
3 0.6451086956521739 0.17720090293453725 0.030434782608695653 0.01580135440180587