1 0.494279176201373 0.13657957244655583 0.9153318077803204 0.166270783847981
1 0.2654462242562929 0.4691211401425178 0.21967963386727687 0.2850356294536817
1 0.494279176201373 0.4691211401425178 0.21967963386727687 0.2850356294536817
1 0.7231121281464531 0.4691211401425178 0.21967963386727687 0.2850356294536817
1 0.21939359267734554 0.8705463182897862 0.12871853546910755 0.25653206650831356
1 0.3566933638443936 0.8705463182897862 0.12871853546910755 0.25653206650831356
1 0.49399313501144165 0.8705463182897862 0.12871853546910755 0.25653206650831356
1 0.6312929061784897 0.8705463182897862 0.12871853546910755 0.25653206650831356
1 0.7685926773455377 0.8705463182897862 0.12871853546910755 0.25653206650831356
3 0.494279176201373 0.29334916864608074 0.6773455377574371 0.057007125890736345
3 0.2248283752860412 0.7125890736342043 0.13844393592677345 0.021377672209026127
3 0.2654462242562929 0.6104513064133017 0.16475972540045766 0.023752969121140142
3 0.494279176201373 0.6104513064133017 0.16475972540045766 0.023752969121140142
3 0.7231121281464531 0.6104513064133017 0.16475972540045766 0.023752969121140142
3 0.33123569794050345 0.028503562945368172 0.02574370709382151 0.023752969121140142
3 0.36899313501144165 0.028503562945368172 0.028604118993135013 0.023752969121140142
3 0.4193363844393593 0.028503562945368172 0.05148741418764302 0.023752969121140142
3 0.46510297482837526 0.028503562945368172 0.02002288329519451 0.023752969121140142
3 0.4982837528604119 0.028503562945368172 0.02574370709382151 0.023752969121140142
3 0.532608695652174 0.028503562945368172 0.02231121281464531 0.023752969121140142
3 0.19393592677345536 0.011876484560570071 0.06636155606407322 0.023752969121140142
3 0.18935926773455378 0.0332541567695962 0.06578947368421052 0.023752969121140142