0 0.6227116704805492 0.00831353919239905 0.02688787185354691 0.0166270783847981
0 0.7820366132723112 0.24703087885985747 0.06464530892448513 0.0166270783847981
1 0.7651601830663616 0.008907363420427554 0.1950800915331808 0.017814726840855107
1 0.4096109839816934 0.41092636579572445 0.09153318077803203 0.19002375296912113
1 0.4096109839816934 0.649643705463183 0.09153318077803203 0.19002375296912113
1 0.4096109839816934 0.8883610451306413 0.09153318077803203 0.19002375296912113
1 0.22568649885583525 0.007719714964370546 0.07723112128146453 0.015439429928741092
2 0.46481693363844395 0.00831353919239905 0.3426773455377574 0.0166270783847981
3 0.5366132723112128 0.005344418052256532 0.14645308924485126 0.010688836104513063
3 0.5022883295194508 0.4192399049881235 0.06693363844393593 0.022565320665083134
3 0.6481693363844394 0.5938242280285035 0.358695652173913 0.0166270783847981
3 0.5022883295194508 0.6745843230403801 0.06693363844393593 0.022565320665083134
3 0.5022883295194508 0.8966745843230404 0.06693363844393593 0.022565320665083134
3 0.5423340961098398 0.0029691211401425177 0.11899313501144165 0.0059382422802850355
3 0.5423340961098398 0.0029691211401425177 0.11899313501144165 0.0059382422802850355
3 0.2625858123569794 0.332541567695962 0.15903890160183065 0.035629453681710214
3 0.6481693363844394 0.331353919239905 0.358695652173913 0.030878859857482184
3 0.6481693363844394 0.5700712589073634 0.358695652173913 0.030878859857482184
3 0.6481693363844394 0.8087885985748219 0.358695652173913 0.030878859857482184
3 0.36155606407322655 0.05463182897862233 0.02574370709382151 0.023752969121140142
3 0.39931350114416475 0.05463182897862233 0.028604118993135013 0.023752969121140142
3 0.4496567505720824 0.05463182897862233 0.05148741418764302 0.023752969121140142
3 0.4954233409610984 0.05463182897862233 0.02002288329519451 0.023752969121140142
3 0.528604118993135 0.05463182897862233 0.02574370709382151 0.023752969121140142
3 0.562929061784897 0.05463182897862233 0.02231121281464531 0.023752969121140142
3 0.2202517162471396 0.6484560570071259 0.07437070938215103 0.021377672209026127
3 0.21681922196796338 0.7410926365795725 0.06750572082379863 0.021377672209026127
3 0.19908466819221968 0.7695961995249406 0.032036613272311214 0.021377672209026127
3 0.19336384439359267 0.8622327790973872 0.020594965675057208 0.021377672209026127
3 0.20251716247139587 0.9548693586698337 0.038901601830663615 0.021377672209026127
3 0.2294050343249428 0.9833729216152018 0.09324942791762014 0.021377672209026127
3 0.2643020594965675 0.6484560570071259 0.008009153318077803 0.021377672209026127
3 0.261441647597254 0.7410926365795725 0.015446224256292907 0.021377672209026127
3 0.2236842105263158 0.7695961995249406 0.010869565217391304 0.021377672209026127
3 0.2139588100686499 0.8622327790973872 0.015446224256292907 0.021377672209026127
3 0.2311212814645309 0.9548693586698337 0.012585812356979404 0.021377672209026127
3 0.2866132723112128 0.9833729216152018 0.015446224256292907 0.021377672209026127
3 0.2242562929061785 0.03681710213776722 0.06578947368421052 0.023752969121140142
3 0.21967963386727687 0.05938242280285035 0.06578947368421052 0.023752969121140142
3 0.2311212814645309 0.23634204275534443 0.09610983981693363 0.023752969121140142
3 0.2345537757437071 0.26009501187648454 0.10354691075514874 0.023752969121140142
3 0.2580091533180778 0.27197149643705465 0.15045766590389015 0.047505938242280284