0 0.584375 0.02918918918918919 0.023958333333333335 0.04216216216216216
0 0.2677083333333333 0.9394594594594594 0.0125 0.025945945945945945
0 0.7421875 0.3145945945945946 0.058854166666666666 0.015135135135135135
0 0.41041666666666665 0.9091891891891892 0.12708333333333333 0.036756756756756756
0 0.5666666666666667 0.9091891891891892 0.12708333333333333 0.036756756756756756
0 0.7229166666666667 0.9091891891891892 0.12708333333333333 0.036756756756756756
0 0.2234375 0.20972972972972972 0.04635416666666667 0.04108108108108108
0 0.2864583333333333 0.20972972972972972 0.07552083333333333 0.04108108108108108
1 0.7140625 0.03027027027027027 0.17708333333333334 0.04216216216216216
1 0.32447916666666665 0.17405405405405405 0.052083333333333336 0.0972972972972973
1 0.3984375 0.17405405405405405 0.052083333333333336 0.0972972972972973
1 0.471875 0.17405405405405405 0.052083333333333336 0.0972972972972973
1 0.5458333333333333 0.17405405405405405 0.052083333333333336 0.0972972972972973
1 0.6192708333333333 0.17405405405405405 0.052083333333333336 0.0972972972972973
1 0.6932291666666667 0.17405405405405405 0.052083333333333336 0.0972972972972973
1 0.7666666666666667 0.17405405405405405 0.052083333333333336 0.0972972972972973
1 0.41041666666666665 0.5091891891891892 0.14791666666666667 0.307027027027027
1 0.5666666666666667 0.5091891891891892 0.14791666666666667 0.307027027027027
1 0.7229166666666667 0.5091891891891892 0.14791666666666667 0.307027027027027
2 0.440625 0.02918918918918919 0.31145833333333334 0.04216216216216216
2 0.4864583333333333 0.02918918918918919 0.007291666666666667 0.015135135135135135
2 0.2 0.9372972972972973 0.03229166666666667 0.02702702702702703
2 0.24166666666666667 0.9372972972972973 0.03229166666666667 0.02702702702702703
3 0.1828125 0 0 0
3 0.22291666666666668 0.03027027027027027 0.06979166666666667 0.036756756756756756
3 0.6729166666666667 0.08540540540540541 0.057291666666666664 0.021621621621621623
3 0.71875 0.08540540540540541 0.034375 0.021621621621621623
3 0.7609375 0.08540540540540541 0.050520833333333334 0.021621621621621623
3 0.21770833333333334 0.07783783783783783 0.06927083333333334 0.043243243243243246
3 0.30520833333333336 0.08540540540540541 0.04114583333333333 0.021621621621621623
3 0.346875 0.08540540540540541 0.0234375 0.021621621621621623
3 0.38125 0.08540540540540541 0.026041666666666668 0.021621621621621623
3 0.4270833333333333 0.08540540540540541 0.046875 0.021621621621621623
3 0.46875 0.08540540540540541 0.018229166666666668 0.021621621621621623
3 0.49895833333333334 0.08540540540540541 0.0234375 0.021621621621621623
3 0.5302083333333333 0.08540540540540541 0.0203125 0.021621621621621623
3 0.7963541666666667 0.08324324324324324 0.013020833333333334 0.022702702702702703
3 0.7140625 0.03351351351351351 0.17708333333333334 0.04756756756756757
3 0.2375 0.1837837837837838 0.10104166666666667 0.15135135135135136
3 0.32447916666666665 0.1837837837837838 0.0734375 0.15135135135135136
3 0.39791666666666664 0.1837837837837838 0.0734375 0.15135135135135136
3 0.471875 0.1837837837837838 0.0734375 0.15135135135135136
3 0.5453125 0.1837837837837838 0.0734375 0.15135135135135136
3 0.6192708333333333 0.1837837837837838 0.0734375 0.15135135135135136
3 0.6927083333333334 0.1837837837837838 0.0734375 0.15135135135135136
3 0.7666666666666667 0.1837837837837838 0.0734375 0.15135135135135136
3 0.2078125 0.30486486486486486 0.04739583333333333 0.021621621621621623
3 0.25104166666666666 0.30486486486486486 0.0203125 0.021621621621621623
3 0.29322916666666665 0.49513513513513513 0.016666666666666666 0.017297297297297298
3 0.22552083333333334 0.6086486486486486 0.08229166666666667 0.01945945945945946
3 0.23854166666666668 0.6345945945945946 0.10833333333333334 0.01945945945945946
3 0.22760416666666666 0.6605405405405406 0.08697916666666666 0.01945945945945946
3 0.20989583333333334 0.7448648648648649 0.0515625 0.01945945945945946
3 0.2046875 0.7708108108108108 0.040625 0.01945945945945946
3 0.215625 0.8551351351351352 0.06302083333333333 0.01945945945945946
3 0.22135416666666666 0.8810810810810811 0.07395833333333333 0.01945945945945946
3 0.21822916666666667 0.907027027027027 0.06770833333333333 0.01945945945945946
3 0.7932291666666667 0.31675675675675674 0.008333333333333333 0.017297297297297298
3 0.41041666666666665 0.5091891891891892 0.14791666666666667 0.307027027027027
3 0.41041666666666665 0.8064864864864865 0.14791666666666667 0.28540540540540543
3 0.5666666666666667 0.5091891891891892 0.14791666666666667 0.307027027027027
3 0.5666666666666667 0.8064864864864865 0.14791666666666667 0.28540540540540543
3 0.7229166666666667 0.5091891891891892 0.14791666666666667 0.307027027027027
3 0.7229166666666667 0.8064864864864865 0.14791666666666667 0.28540540540540543
3 0.5239583333333333 0.03027027027027027 0.09791666666666667 0.02810810810810811
3 0.36666666666666664 0.7783783783783784 0.04010416666666667 0.02054054054054054
3 0.5229166666666667 0.7351351351351352 0.04010416666666667 0.02054054054054054
3 0.6791666666666667 0.7351351351351352 0.04010416666666667 0.02054054054054054
3 0.5291666666666667 0.02918918918918919 0.07291666666666667 0.021621621621621623
3 0.2 0.9394594594594594 0.03125 0.03351351351351351
3 0.24166666666666667 0.9394594594594594 0.03125 0.03351351351351351
3 0.5291666666666667 0.02918918918918919 0.07291666666666667 0.021621621621621623
3 0.2 0.9394594594594594 0.03125 0.03351351351351351
3 0.24166666666666667 0.9394594594594594 0.03125 0.03351351351351351
3 0.25677083333333334 0.3654054054054054 0.14479166666666668 0.06486486486486487
3 0.41041666666666665 0.8216216216216217 0.12708333333333333 0.03891891891891892
3 0.5666666666666667 0.7783783783783784 0.12708333333333333 0.03891891891891892
3 0.7229166666666667 0.7686486486486487 0.12708333333333333 0.01945945945945946
3 0.26875 0.1545945945945946 0.13697916666666668 0.043243243243243246