0 0.587434554973822 0.02608695652173913 0.024083769633507852 0.042391304347826085
0 0.7335078534031414 0.25869565217391305 0.059162303664921465 0.015217391304347827
1 0.7178010471204188 0.02717391304347826 0.17801047120418848 0.042391304347826085
1 0.39267015706806285 0.40869565217391307 0.08376963350785341 0.17391304347826086
1 0.39267015706806285 0.6271739130434782 0.08376963350785341 0.17391304347826086
1 0.39267015706806285 0.8456521739130435 0.08376963350785341 0.17391304347826086
1 0.22408376963350785 0.02717391304347826 0.07015706806282722 0.03695652173913044
2 0.44293193717277485 0.02608695652173913 0.31308900523560207 0.042391304347826085
2 0.474869109947644 0.02608695652173913 0.007329842931937173 0.015217391304347827
3 0.5193717277486911 0.02717391304347826 0.112565445026178 0.02826086956521739
3 0.4654450261780105 0.41195652173913044 0.03717277486910995 0.015217391304347827
3 0.4774869109947644 0.6739130434782609 0.0612565445026178 0.020652173913043477
3 0.4675392670157068 0.8532608695652174 0.041361256544502616 0.020652173913043477
3 0.5246073298429319 0.02608695652173913 0.08743455497382199 0.021739130434782608
3 0.5246073298429319 0.02608695652173913 0.08743455497382199 0.021739130434782608
3 0.2581151832460733 0.33695652173913043 0.14554973821989528 0.03260869565217391
3 0.6109947643979058 0.3358695652173913 0.32827225130890053 0.02826086956521739
3 0.6109947643979058 0.5934782608695652 0.32827225130890053 0.02826086956521739
3 0.6109947643979058 0.7728260869565218 0.32827225130890053 0.02826086956521739
3 0.3486910994764398 0.08260869565217391 0.02356020942408377 0.021739130434782608
3 0.3832460732984293 0.08260869565217391 0.02617801047120419 0.021739130434782608
3 0.4293193717277487 0.08260869565217391 0.04712041884816754 0.021739130434782608
3 0.4712041884816754 0.08260869565217391 0.01832460732984293 0.021739130434782608
3 0.5015706806282723 0.08260869565217391 0.02356020942408377 0.021739130434782608
3 0.5329842931937173 0.08260869565217391 0.020418848167539267 0.021739130434782608
3 0.2193717277486911 0.5423913043478261 0.06806282722513089 0.01956521739130435
3 0.1931937172774869 0.6271739130434782 0.015706806282722512 0.01956521739130435
3 0.21465968586387435 0.6532608695652173 0.059162303664921465 0.01956521739130435
3 0.19581151832460733 0.6793478260869565 0.021465968586387434 0.01956521739130435
3 0.1931937172774869 0.7054347826086956 0.015706806282722512 0.01956521739130435
3 0.19842931937172775 0.7315217391304348 0.026701570680628273 0.01956521739130435
3 0.19633507853403143 0.816304347826087 0.022513089005235604 0.01956521739130435
3 0.19895287958115182 0.842391304347826 0.02774869109947644 0.01956521739130435
3 0.19895287958115182 0.8684782608695653 0.02774869109947644 0.01956521739130435
3 0.19895287958115182 0.8945652173913043 0.02774869109947644 0.01956521739130435
3 0.19895287958115182 0.9206521739130434 0.02774869109947644 0.01956521739130435
3 0.19895287958115182 0.9467391304347826 0.02774869109947644 0.01956521739130435
3 0.19895287958115182 0.9728260869565217 0.02774869109947644 0.01956521739130435
3 0.25863874345549737 0.5423913043478261 0.005235602094240838 0.01956521739130435
3 0.21204188481675393 0.6271739130434782 0.016230366492146597 0.01956521739130435
3 0.25287958115183246 0.6532608695652173 0.010471204188481676 0.01956521739130435
3 0.2130890052356021 0.6793478260869565 0.007329842931937173 0.01956521739130435
3 0.20628272251308902 0.7054347826086956 0.005235602094240838 0.01956521739130435
3 0.21780104712041884 0.7315217391304348 0.005759162303664921 0.01956521739130435
3 0.21675392670157068 0.816304347826087 0.012041884816753926 0.01956521739130435
3 0.2198952879581152 0.842391304347826 0.007853403141361256 0.01956521739130435
3 0.2193717277486911 0.8684782608695653 0.007329842931937173 0.01956521739130435
3 0.218848167539267 0.8945652173913043 0.006806282722513089 0.01956521739130435
3 0.2198952879581152 0.9206521739130434 0.007329842931937173 0.01956521739130435
3 0.22251308900523561 0.9467391304347826 0.013612565445026177 0.01956521739130435
3 0.2198952879581152 0.9728260869565217 0.007853403141361256 0.01956521739130435
3 0.22303664921465968 0.06630434782608696 0.060209424083769635 0.021739130434782608
3 0.218848167539267 0.08695652173913043 0.060209424083769635 0.021739130434782608
3 0.2293193717277487 0.24891304347826088 0.08795811518324607 0.021739130434782608
3 0.2324607329842932 0.27065217391304347 0.09476439790575916 0.021739130434782608
3 0.25392670157068065 0.28152173913043477 0.13769633507853404 0.043478260869565216
3 0.2743455497382199 0.29239130434782606 0.061780104712041886 0.021739130434782608