0 0.6160112359550561 0.019275700934579438 0.026404494382022473 0.038551401869158876
0 0.7724719101123596 0.2558411214953271 0.06348314606741573 0.016355140186915886
0 0.8556179775280899 0.3574766355140187 0.017977528089887642 0.037383177570093455
1 0.7558988764044944 0.01985981308411215 0.19157303370786516 0.0397196261682243
1 0.3758426966292135 0.3574766355140187 0.048314606741573035 0.10046728971962617
1 0.4393258426966292 0.3574766355140187 0.048314606741573035 0.10046728971962617
1 0.5022471910112359 0.3574766355140187 0.048314606741573035 0.10046728971962617
1 0.5657303370786517 0.3574766355140187 0.048314606741573035 0.10046728971962617
1 0.6286516853932584 0.3574766355140187 0.048314606741573035 0.10046728971962617
1 0.6921348314606741 0.3574766355140187 0.048314606741573035 0.10046728971962617
1 0.755056179775281 0.3574766355140187 0.048314606741573035 0.10046728971962617
1 0.8185393258426966 0.3574766355140187 0.048314606741573035 0.10046728971962617
1 0.4067415730337079 0.5549065420560748 0.0898876404494382 0.18691588785046728
1 0.4067415730337079 0.7897196261682243 0.0898876404494382 0.18691588785046728
1 0.22612359550561797 0.018691588785046728 0.07584269662921349 0.037383177570093455
2 0.4609550561797753 0.019275700934579438 0.3365168539325843 0.038551401869158876
2 0.4949438202247191 0.015186915887850467 0.007865168539325843 0.016355140186915886
3 0.5426966292134832 0.016355140186915886 0.12078651685393259 0.030373831775700934
3 0.49775280898876406 0.5852803738317757 0.06573033707865168 0.02219626168224299
3 0.4848314606741573 0.8656542056074766 0.039887640449438204 0.016355140186915886
3 0.5483146067415731 0.015186915887850467 0.09382022471910112 0.02336448598130841
3 0.5483146067415731 0.015186915887850467 0.09382022471910112 0.02336448598130841
3 0.26235955056179777 0.36682242990654207 0.15617977528089888 0.07009345794392523
3 0.6410112359550562 0.4766355140186916 0.35224719101123597 0.030373831775700934
3 0.6410112359550562 0.7686915887850467 0.35224719101123597 0.06074766355140187
3 0.6410112359550562 0.947429906542056 0.35224719101123597 0.030373831775700934
3 0.3595505617977528 0.07593457943925233 0.025280898876404494 0.02336448598130841
3 0.39662921348314606 0.07593457943925233 0.028089887640449437 0.02336448598130841
3 0.4460674157303371 0.07593457943925233 0.05056179775280899 0.02336448598130841
3 0.4910112359550562 0.07593457943925233 0.019662921348314606 0.02336448598130841
3 0.5235955056179775 0.07593457943925233 0.025280898876404494 0.02336448598130841
3 0.5573033707865168 0.07593457943925233 0.021910112359550562 0.02336448598130841
3 0.22078651685393258 0.6950934579439252 0.07303370786516854 0.02102803738317757
3 0.1960674157303371 0.7862149532710281 0.024157303370786518 0.02102803738317757
3 0.19887640449438201 0.8142523364485982 0.029775280898876405 0.02102803738317757
3 0.19887640449438201 0.8422897196261683 0.029775280898876405 0.02102803738317757
3 0.19887640449438201 0.8703271028037384 0.029775280898876405 0.02102803738317757
3 0.19887640449438201 0.8983644859813084 0.029775280898876405 0.02102803738317757
3 0.19887640449438201 0.9264018691588785 0.029775280898876405 0.02102803738317757
3 0.19887640449438201 0.9544392523364486 0.029213483146067417 0.02102803738317757
3 0.19887640449438201 0.9824766355140186 0.029775280898876405 0.02102803738317757
3 0.26685393258426965 0.6950934579439252 0.014044943820224719 0.02102803738317757
3 0.21797752808988763 0.7862149532710281 0.012921348314606741 0.02102803738317757
3 0.22359550561797753 0.8142523364485982 0.012921348314606741 0.02102803738317757
3 0.22247191011235956 0.8422897196261683 0.011797752808988765 0.02102803738317757
3 0.22528089887640448 0.8703271028037384 0.016853932584269662 0.02102803738317757
3 0.22415730337078651 0.8983644859813084 0.014044943820224719 0.02102803738317757
3 0.22415730337078651 0.9264018691588785 0.01348314606741573 0.02102803738317757
3 0.22303370786516855 0.9544392523364486 0.012921348314606741 0.02102803738317757
3 0.22528089887640448 0.9824766355140186 0.01741573033707865 0.02102803738317757
3 0.2247191011235955 0.05841121495327103 0.06460674157303371 0.02336448598130841
3 0.2202247191011236 0.08060747663551401 0.06460674157303371 0.02336448598130841
3 0.23146067415730337 0.2546728971962617 0.09438202247191012 0.02336448598130841
3 0.2348314606741573 0.2780373831775701 0.10168539325842697 0.02336448598130841
3 0.25786516853932584 0.2897196261682243 0.14775280898876406 0.04672897196261682
3 0.2797752808988764 0.3014018691588785 0.06629213483146068 0.02336448598130841