0 0.5904255319148937 0.024282560706401765 0.02446808510638298 0.04304635761589404
0 0.7388297872340426 0.26048565121412803 0.0601063829787234 0.01545253863134658
1 0.722872340425532 0.025386313465783666 0.18085106382978725 0.04304635761589404
1 0.3925531914893617 0.41280353200883 0.0851063829787234 0.17660044150110377
1 0.3925531914893617 0.6467991169977925 0.0851063829787234 0.17660044150110377
1 0.3925531914893617 0.8686534216335541 0.0851063829787234 0.17660044150110377
1 0.22127659574468084 0.025386313465783666 0.07127659574468086 0.037527593818984545
2 0.44361702127659575 0.024282560706401765 0.3180851063829787 0.04304635761589404
2 0.47925531914893615 0.024282560706401765 0.007446808510638298 0.01545253863134658
3 0.5228723404255319 0.025386313465783666 0.11117021276595744 0.02869757174392936
3 0.4787234042553192 0.488962472406181 0.06223404255319149 0.02097130242825607
3 0.6143617021276596 0.5949227373068433 0.33351063829787236 0.01545253863134658
3 0.4787234042553192 0.6909492273730684 0.06223404255319149 0.02097130242825607
3 0.4787234042553192 0.9050772626931567 0.06223404255319149 0.02097130242825607
3 0.5281914893617021 0.024282560706401765 0.08563829787234042 0.02207505518763797
3 0.5281914893617021 0.024282560706401765 0.08563829787234042 0.02207505518763797
3 0.25585106382978723 0.33995584988962474 0.1478723404255319 0.033112582781456956
3 0.6143617021276596 0.39293598233995586 0.33351063829787236 0.05739514348785872
3 0.6143617021276596 0.5728476821192053 0.33351063829787236 0.02869757174392936
3 0.6143617021276596 0.8090507726269316 0.33351063829787236 0.05739514348785872
3 0.3478723404255319 0.08167770419426049 0.023936170212765957 0.02207505518763797
3 0.3829787234042553 0.08167770419426049 0.026595744680851064 0.02207505518763797
3 0.4297872340425532 0.08167770419426049 0.047872340425531915 0.02207505518763797
3 0.4723404255319149 0.08167770419426049 0.018617021276595744 0.02207505518763797
3 0.5031914893617021 0.08167770419426049 0.023936170212765957 0.02207505518763797
3 0.5351063829787234 0.08167770419426049 0.02074468085106383 0.02207505518763797
3 0.21648936170212765 0.6335540838852097 0.06914893617021277 0.019867549668874173
3 0.20053191489361702 0.7196467991169978 0.03776595744680851 0.019867549668874173
3 0.19946808510638298 0.7461368653421634 0.035106382978723406 0.019867549668874173
3 0.20372340425531915 0.7726269315673289 0.043617021276595745 0.019867549668874173
3 0.1925531914893617 0.7991169977924945 0.02127659574468085 0.019867549668874173
3 0.1952127659574468 0.82560706401766 0.027127659574468086 0.019867549668874173
3 0.19042553191489361 0.8520971302428256 0.01702127659574468 0.019867549668874173
3 0.21010638297872342 0.8785871964679912 0.05638297872340425 0.019867549668874173
3 0.1930851063829787 0.9050772626931567 0.022872340425531913 0.019867549668874173
3 0.19095744680851065 0.9315673289183223 0.018085106382978722 0.019867549668874173
3 0.26063829787234044 0.6335540838852097 0.013829787234042552 0.019867549668874173
3 0.2324468085106383 0.7196467991169978 0.019680851063829788 0.019867549668874173
3 0.22819148936170214 0.7461368653421634 0.015957446808510637 0.019867549668874173
3 0.23670212765957446 0.7726269315673289 0.01648936170212766 0.019867549668874173
3 0.21382978723404256 0.7991169977924945 0.015957446808510637 0.019867549668874173
3 0.22021276595744682 0.82560706401766 0.015957446808510637 0.019867549668874173
3 0.20957446808510638 0.8520971302428256 0.01648936170212766 0.019867549668874173
3 0.249468085106383 0.8785871964679912 0.015957446808510637 0.019867549668874173
3 0.21436170212765956 0.9050772626931567 0.013829787234042552 0.019867549668874173
3 0.20957446808510638 0.9315673289183223 0.013829787234042552 0.019867549668874173
3 0.22021276595744682 0.06512141280353201 0.061170212765957445 0.02207505518763797
3 0.21595744680851064 0.08609271523178808 0.061170212765957445 0.02207505518763797
3 0.22659574468085106 0.25055187637969095 0.08936170212765958 0.02207505518763797
3 0.2297872340425532 0.2726269315673289 0.09627659574468085 0.02207505518763797
3 0.25159574468085105 0.2836644591611479 0.1398936170212766 0.04415011037527594
3 0.27074468085106385 0.2947019867549669 0.059574468085106386 0.02207505518763797