0 0.5836021505376344 0.018415178571428572 0.025268817204301075 0.036830357142857144
0 0.7333333333333333 0.2533482142857143 0.06075268817204301 0.015625
1 0.7174731182795699 0.018973214285714284 0.18333333333333332 0.03794642857142857
1 0.38333333333333336 0.40736607142857145 0.08602150537634409 0.17857142857142858
1 0.38333333333333336 0.6316964285714286 0.08602150537634409 0.17857142857142858
1 0.38333333333333336 0.8560267857142857 0.08602150537634409 0.17857142857142858
1 0.21048387096774193 0.017857142857142856 0.07258064516129033 0.03571428571428571
2 0.4352150537634409 0.018415178571428572 0.32204301075268815 0.036830357142857144
2 0.46774193548387094 0.014508928571428572 0.007526881720430108 0.015625
3 0.5134408602150538 0.015625 0.11559139784946236 0.029017857142857144
3 0.47043010752688175 0.43638392857142855 0.06290322580645161 0.021205357142857144
3 0.47043010752688175 0.6395089285714286 0.06290322580645161 0.021205357142857144
3 0.46021505376344085 0.8638392857142857 0.04247311827956989 0.021205357142857144
3 0.5188172043010753 0.014508928571428572 0.08978494623655914 0.022321428571428572
3 0.5188172043010753 0.014508928571428572 0.08978494623655914 0.022321428571428572
3 0.24516129032258063 0.33370535714285715 0.14946236559139786 0.033482142857142856
3 0.6075268817204301 0.3325892857142857 0.3370967741935484 0.029017857142857144
3 0.6075268817204301 0.5569196428571429 0.3370967741935484 0.029017857142857144
3 0.6075268817204301 0.78125 0.3370967741935484 0.029017857142857144
3 0.3381720430107527 0.07254464285714286 0.024193548387096774 0.022321428571428572
3 0.3736559139784946 0.07254464285714286 0.026881720430107527 0.022321428571428572
3 0.42096774193548386 0.07254464285714286 0.04838709677419355 0.022321428571428572
3 0.4639784946236559 0.07254464285714286 0.01881720430107527 0.022321428571428572
3 0.49516129032258066 0.07254464285714286 0.024193548387096774 0.022321428571428572
3 0.5274193548387097 0.07254464285714286 0.020967741935483872 0.022321428571428572
3 0.2053763440860215 0.6305803571428571 0.06989247311827956 0.020089285714285716
3 0.17849462365591398 0.7176339285714286 0.016129032258064516 0.020089285714285716
3 0.20053763440860214 0.7444196428571429 0.06075268817204301 0.020089285714285716
3 0.18064516129032257 0.7712053571428571 0.02043010752688172 0.020089285714285716
3 0.18387096774193548 0.7979910714285714 0.027419354838709678 0.020089285714285716
3 0.19408602150537635 0.8247767857142857 0.0478494623655914 0.020089285714285716
3 0.18118279569892473 0.8515625 0.02204301075268817 0.020089285714285716
3 0.17956989247311828 0.8783482142857143 0.01827956989247312 0.020089285714285716
3 0.18225806451612903 0.9051339285714286 0.024193548387096774 0.020089285714285716
3 0.17956989247311828 0.9319196428571429 0.01881720430107527 0.020089285714285716
3 0.2510752688172043 0.6305803571428571 0.016666666666666666 0.020089285714285716
3 0.2 0.7176339285714286 0.02043010752688172 0.020089285714285716
3 0.2403225806451613 0.7444196428571429 0.011827956989247311 0.020089285714285716
3 0.2 0.7712053571428571 0.012365591397849462 0.020089285714285716
3 0.20698924731182797 0.7979910714285714 0.012365591397849462 0.020089285714285716
3 0.22580645161290322 0.8247767857142857 0.01021505376344086 0.020089285714285716
3 0.2010752688172043 0.8515625 0.012365591397849462 0.020089285714285716
3 0.19516129032258064 0.8783482142857143 0.007526881720430108 0.020089285714285716
3 0.20161290322580644 0.9051339285714286 0.008064516129032258 0.020089285714285716
3 0.19516129032258064 0.9319196428571429 0.006989247311827957 0.020089285714285716
3 0.20913978494623656 0.05580357142857143 0.06182795698924731 0.022321428571428572
3 0.20483870967741935 0.07700892857142858 0.06182795698924731 0.022321428571428572
3 0.21559139784946235 0.24330357142857142 0.09032258064516129 0.022321428571428572
3 0.21881720430107526 0.265625 0.09731182795698924 0.022321428571428572
3 0.24086021505376345 0.2767857142857143 0.14139784946236558 0.044642857142857144
3 0.2618279569892473 0.28794642857142855 0.06344086021505377 0.022321428571428572