0 0.5944444444444444 0.026558891454965358 0.025555555555555557 0.04503464203233257
0 0.7494444444444445 0.27367205542725176 0.06277777777777778 0.016166281755196306
1 0.7327777777777778 0.02771362586605081 0.18888888888888888 0.04503464203233257
1 0.3877777777777778 0.4330254041570439 0.08888888888888889 0.18475750577367206
1 0.3877777777777778 0.6651270207852193 0.08888888888888889 0.18475750577367206
1 0.3877777777777778 0.8972286374133949 0.08888888888888889 0.18475750577367206
1 0.2088888888888889 0.02771362586605081 0.07444444444444444 0.03926096997690531
2 0.4411111111111111 0.026558891454965358 0.3322222222222222 0.04503464203233257
2 0.475 0.026558891454965358 0.0077777777777777776 0.016166281755196306
3 0.5222222222222223 0.02771362586605081 0.11944444444444445 0.03002309468822171
3 0.4777777777777778 0.4630484988452656 0.065 0.021939953810623556
3 0.4777777777777778 0.6732101616628176 0.065 0.021939953810623556
3 0.4672222222222222 0.9053117782909931 0.04388888888888889 0.021939953810623556
3 0.5277777777777778 0.026558891454965358 0.09277777777777778 0.023094688221709007
3 0.5277777777777778 0.026558891454965358 0.09277777777777778 0.023094688221709007
3 0.245 0.3568129330254042 0.15444444444444444 0.03464203233256351
3 0.6194444444444445 0.3556581986143187 0.34833333333333333 0.03002309468822171
3 0.6194444444444445 0.5877598152424942 0.34833333333333333 0.03002309468822171
3 0.6194444444444445 0.8198614318706697 0.34833333333333333 0.03002309468822171
3 0.3411111111111111 0.08660508083140878 0.025 0.023094688221709007
3 0.37777777777777777 0.08660508083140878 0.027777777777777776 0.023094688221709007
3 0.4266666666666667 0.08660508083140878 0.05 0.023094688221709007
3 0.4711111111111111 0.08660508083140878 0.019444444444444445 0.023094688221709007
3 0.5033333333333333 0.08660508083140878 0.025 0.023094688221709007
3 0.5366666666666666 0.08660508083140878 0.021666666666666667 0.023094688221709007
3 0.2038888888888889 0.663972286374134 0.07222222222222222 0.020785219399538105
3 0.1761111111111111 0.754041570438799 0.016666666666666666 0.020785219399538105
3 0.1988888888888889 0.7817551963048499 0.06277777777777778 0.020785219399538105
3 0.17833333333333334 0.8094688221709007 0.021111111111111112 0.020785219399538105
3 0.18166666666666667 0.8371824480369515 0.028333333333333332 0.020785219399538105
3 0.1922222222222222 0.8648960739030023 0.049444444444444444 0.020785219399538105
3 0.17888888888888888 0.8926096997690531 0.02277777777777778 0.020785219399538105
3 0.17722222222222223 0.9203233256351039 0.01888888888888889 0.020785219399538105
3 0.18 0.9480369515011547 0.025 0.020785219399538105
3 0.17722222222222223 0.9757505773672055 0.019444444444444445 0.020785219399538105
3 0.2511111111111111 0.663972286374134 0.017222222222222222 0.020785219399538105
3 0.19833333333333333 0.754041570438799 0.021111111111111112 0.020785219399538105
3 0.24 0.7817551963048499 0.012222222222222223 0.020785219399538105
3 0.19833333333333333 0.8094688221709007 0.012777777777777779 0.020785219399538105
3 0.20555555555555555 0.8371824480369515 0.012777777777777779 0.020785219399538105
3 0.225 0.8648960739030023 0.010555555555555556 0.020785219399538105
3 0.19944444444444445 0.8926096997690531 0.012777777777777779 0.020785219399538105
3 0.19333333333333333 0.9203233256351039 0.0077777777777777776 0.020785219399538105
3 0.2 0.9480369515011547 0.008333333333333333 0.020785219399538105
3 0.19333333333333333 0.9757505773672055 0.007222222222222222 0.020785219399538105
3 0.20777777777777778 0.06928406466512702 0.06388888888888888 0.023094688221709007
3 0.20333333333333334 0.09122401847575058 0.06388888888888888 0.023094688221709007
3 0.21444444444444444 0.2632794457274827 0.09333333333333334 0.023094688221709007
3 0.21777777777777776 0.2863741339491917 0.10055555555555555 0.023094688221709007
3 0.24055555555555555 0.2979214780600462 0.1461111111111111 0.046189376443418015
3 0.26222222222222225 0.3094688221709007 0.06555555555555556 0.023094688221709007