0 0.56875 0.009029345372460496 0.025543478260869567 0.01805869074492099
0 0.720108695652174 0.23702031602708803 0.06141304347826087 0.01580135440180587
1 0.7040760869565217 0.009593679458239277 0.18532608695652175 0.019187358916478554
1 0.36630434782608695 0.3927765237020316 0.08695652173913043 0.18058690744920994
1 0.36630434782608695 0.6196388261851016 0.08695652173913043 0.18058690744920994
1 0.36630434782608695 0.8465011286681715 0.08695652173913043 0.18058690744920994
1 0.19157608695652173 0.008465011286681716 0.07336956521739131 0.016930022573363433
2 0.41875 0.009029345372460496 0.32554347826086955 0.01805869074492099
2 0.4519021739130435 0.002257336343115124 0.008152173913043478 0.004514672686230248
3 0.49782608695652175 0.006207674943566591 0.11739130434782609 0.012415349887133182
3 0.4543478260869565 0.4006772009029345 0.06358695652173912 0.02144469525959368
3 0.4418478260869565 0.6636568848758465 0.03858695652173913 0.01580135440180587
3 0.4543478260869565 0.8758465011286681 0.06358695652173912 0.02144469525959368
3 0.5032608695652174 0.0039503386004514675 0.09130434782608696 0.007900677200902935
3 0.5032608695652174 0.0039503386004514675 0.09130434782608696 0.007900677200902935
3 0.2266304347826087 0.33521444695259595 0.15108695652173912 0.06772009029345373
3 0.5929347826086957 0.31715575620767494 0.3407608695652174 0.029345372460496615
3 0.5929347826086957 0.5846501128668171 0.3407608695652174 0.029345372460496615
3 0.5929347826086957 0.7708803611738149 0.3407608695652174 0.029345372460496615
3 0.32065217391304346 0.05417607223476298 0.024456521739130436 0.022573363431151242
3 0.3565217391304348 0.05417607223476298 0.02717391304347826 0.022573363431151242
3 0.4043478260869565 0.05417607223476298 0.04891304347826087 0.022573363431151242
3 0.44782608695652176 0.05417607223476298 0.019021739130434784 0.022573363431151242
3 0.47934782608695653 0.05417607223476298 0.024456521739130436 0.022573363431151242
3 0.5119565217391304 0.05417607223476298 0.021195652173913043 0.022573363431151242
3 0.18641304347826088 0.6523702031602708 0.07065217391304347 0.020316027088036117
3 0.1701086956521739 0.7404063205417607 0.03858695652173913 0.020316027088036117
3 0.1673913043478261 0.7674943566591422 0.03260869565217391 0.020316027088036117
3 0.1701086956521739 0.7945823927765236 0.03804347826086957 0.020316027088036117
3 0.1592391304347826 0.8216704288939052 0.016304347826086956 0.020316027088036117
3 0.16902173913043478 0.8487584650112867 0.035869565217391305 0.020316027088036117
3 0.16576086956521738 0.8758465011286681 0.029891304347826088 0.020316027088036117
3 0.1625 0.963882618510158 0.023369565217391305 0.020316027088036117
3 0.16521739130434782 0.989841986455982 0.029347826086956522 0.01805869074492099
3 0.22826086956521738 0.6523702031602708 0.007608695652173913 0.020316027088036117
3 0.19891304347826086 0.7404063205417607 0.0125 0.020316027088036117
3 0.1907608695652174 0.7674943566591422 0.007608695652173913 0.020316027088036117
3 0.19619565217391305 0.7945823927765236 0.008152173913043478 0.020316027088036117
3 0.17391304347826086 0.8216704288939052 0.008152173913043478 0.020316027088036117
3 0.19402173913043477 0.8487584650112867 0.008152173913043478 0.020316027088036117
3 0.18641304347826088 0.8758465011286681 0.005434782608695652 0.020316027088036117
3 0.1826086956521739 0.963882618510158 0.009782608695652175 0.020316027088036117
3 0.1872282608695652 0.989841986455982 0.008152173913043478 0.01805869074492099
3 0.19021739130434784 0.03724604966139955 0.0625 0.022573363431151242
3 0.1858695652173913 0.05869074492099323 0.0625 0.022573363431151242
3 0.1967391304347826 0.22686230248307 0.09130434782608696 0.022573363431151242
3 0.2 0.24943566591422123 0.0983695652173913 0.022573363431151242
3 0.22228260869565217 0.26072234762979685 0.14293478260869566 0.045146726862302484
3 0.24347826086956523 0.27200902934537247 0.0641304347826087 0.022573363431151242