0 0.584375 0.02922077922077922 0.023958333333333335 0.04220779220779221
0 0.2390625 0.38203463203463206 0.010416666666666666 0.021645021645021644
0 0.7421875 0.31493506493506496 0.058854166666666666 0.015151515151515152
0 0.41041666666666665 0.946969696969697 0.12708333333333333 0.0367965367965368
0 0.5666666666666667 0.946969696969697 0.12708333333333333 0.0367965367965368
0 0.7229166666666667 0.946969696969697 0.12708333333333333 0.0367965367965368
1 0.7140625 0.030303030303030304 0.17708333333333334 0.04220779220779221
1 0.32447916666666665 0.17424242424242425 0.052083333333333336 0.09740259740259741
1 0.3984375 0.17424242424242425 0.052083333333333336 0.09740259740259741
1 0.471875 0.17424242424242425 0.052083333333333336 0.09740259740259741
1 0.5458333333333333 0.17424242424242425 0.052083333333333336 0.09740259740259741
1 0.6192708333333333 0.17424242424242425 0.052083333333333336 0.09740259740259741
1 0.6932291666666667 0.17424242424242425 0.052083333333333336 0.09740259740259741
1 0.7666666666666667 0.17424242424242425 0.052083333333333336 0.09740259740259741
1 0.41041666666666665 0.5097402597402597 0.14791666666666667 0.30735930735930733
1 0.5666666666666667 0.5097402597402597 0.14791666666666667 0.30735930735930733
1 0.7229166666666667 0.5097402597402597 0.14791666666666667 0.30735930735930733
1 0.22291666666666668 0.030303030303030304 0.06979166666666667 0.0367965367965368
2 0.440625 0.02922077922077922 0.31145833333333334 0.04220779220779221
2 0.4864583333333333 0.02922077922077922 0.007291666666666667 0.015151515151515152
3 0.5239583333333333 0.030303030303030304 0.09791666666666667 0.02813852813852814
3 0.36666666666666664 0.7543290043290043 0.04010416666666667 0.020562770562770564
3 0.41041666666666665 0.8257575757575758 0.12708333333333333 0.01406926406926407
3 0.5229166666666667 0.7976190476190477 0.04010416666666667 0.020562770562770564
3 0.5666666666666667 0.8690476190476191 0.12708333333333333 0.01406926406926407
3 0.6791666666666667 0.7543290043290043 0.04010416666666667 0.020562770562770564
3 0.5291666666666667 0.02922077922077922 0.07291666666666667 0.021645021645021644
3 0.5291666666666667 0.02922077922077922 0.07291666666666667 0.021645021645021644
3 0.25677083333333334 0.3106060606060606 0.14479166666666668 0.032467532467532464
3 0.41041666666666665 0.7976190476190477 0.12708333333333333 0.03896103896103896
3 0.5666666666666667 0.8409090909090909 0.12708333333333333 0.03896103896103896
3 0.7229166666666667 0.7976190476190477 0.12708333333333333 0.03896103896103896
3 0.346875 0.0854978354978355 0.0234375 0.021645021645021644
3 0.38125 0.0854978354978355 0.026041666666666668 0.021645021645021644
3 0.4270833333333333 0.0854978354978355 0.046875 0.021645021645021644
3 0.46875 0.0854978354978355 0.018229166666666668 0.021645021645021644
3 0.49895833333333334 0.0854978354978355 0.0234375 0.021645021645021644
3 0.5302083333333333 0.0854978354978355 0.0203125 0.021645021645021644
3 0.21666666666666667 0.5941558441558441 0.06510416666666667 0.01948051948051948
3 0.228125 0.6201298701298701 0.0875 0.01948051948051948
3 0.22291666666666668 0.6461038961038961 0.07708333333333334 0.01948051948051948
3 0.19427083333333334 0.672077922077922 0.0203125 0.01948051948051948
3 0.23177083333333334 0.698051948051948 0.09479166666666666 0.01948051948051948
3 0.21770833333333334 0.724025974025974 0.0671875 0.01948051948051948
3 0.20052083333333334 0.8084415584415584 0.03229166666666667 0.01948051948051948
3 0.20416666666666666 0.9188311688311688 0.03958333333333333 0.01948051948051948
3 0.20885416666666667 0.9448051948051948 0.04895833333333333 0.01948051948051948
3 0.20885416666666667 0.9707792207792207 0.04895833333333333 0.01948051948051948
3 0.2630208333333333 0.5941558441558441 0.021875 0.01948051948051948
3 0.2838541666666667 0.6201298701298701 0.019270833333333334 0.01948051948051948
3 0.26979166666666665 0.6461038961038961 0.011979166666666667 0.01948051948051948
3 0.21458333333333332 0.672077922077922 0.013541666666666667 0.01948051948051948
3 0.28802083333333334 0.698051948051948 0.011979166666666667 0.01948051948051948
3 0.2598958333333333 0.724025974025974 0.011458333333333333 0.01948051948051948
3 0.2296875 0.8084415584415584 0.0203125 0.01948051948051948
3 0.21770833333333334 0.8344155844155844 0.0171875 0.01948051948051948
3 0.2359375 0.9188311688311688 0.019270833333333334 0.01948051948051948
3 0.24427083333333333 0.9448051948051948 0.0171875 0.01948051948051948
3 0.2453125 0.9707792207792207 0.019270833333333334 0.01948051948051948
3 0.221875 0.06926406926406926 0.059895833333333336 0.021645021645021644
3 0.21770833333333334 0.08982683982683982 0.059895833333333336 0.021645021645021644