0 0.5811797752808989 0.005841121495327103 0.026404494382022473 0.011682242990654205
0 0.751123595505618 0.2967289719626168 0.06348314606741573 0.016355140186915886
0 0.39325842696629215 0.9322429906542056 0.13707865168539327 0.0397196261682243
0 0.5617977528089888 0.9322429906542056 0.13707865168539327 0.0397196261682243
0 0.7303370786516854 0.9322429906542056 0.13707865168539327 0.0397196261682243
1 0.7210674157303371 0.006425233644859813 0.19157303370786516 0.012850467289719626
1 0.300561797752809 0.14485981308411214 0.056179775280898875 0.10514018691588785
1 0.38033707865168537 0.14485981308411214 0.056179775280898875 0.10514018691588785
1 0.45955056179775283 0.14485981308411214 0.056179775280898875 0.10514018691588785
1 0.5393258426966292 0.14485981308411214 0.056179775280898875 0.10514018691588785
1 0.6185393258426967 0.14485981308411214 0.056179775280898875 0.10514018691588785
1 0.6983146067415731 0.14485981308411214 0.056179775280898875 0.10514018691588785
1 0.7775280898876404 0.14485981308411214 0.056179775280898875 0.10514018691588785
1 0.39325842696629215 0.5070093457943925 0.15955056179775282 0.3317757009345794
1 0.5617977528089888 0.5070093457943925 0.15955056179775282 0.3317757009345794
1 0.7303370786516854 0.5070093457943925 0.15955056179775282 0.3317757009345794
1 0.19129213483146068 0.005257009345794392 0.07584269662921349 0.010514018691588784
2 0.42612359550561796 0.005841121495327103 0.3365168539325843 0.011682242990654205
3 0.3651685393258427 0.7511682242990654 0.08089887640449438 0.02219626168224299
3 0.39325842696629215 0.8282710280373832 0.13707865168539327 0.015186915887850467
3 0.5146067415730337 0.7511682242990654 0.04325842696629213 0.02219626168224299
3 0.6831460674157304 0.7710280373831776 0.04325842696629213 0.02219626168224299
3 0.7303370786516854 0.8481308411214953 0.13707865168539327 0.015186915887850467
3 0.22752808988764045 0.3516355140186916 0.15617977528089888 0.07009345794392523
3 0.39325842696629215 0.7978971962616822 0.13707865168539327 0.04205607476635514
3 0.5617977528089888 0.7978971962616822 0.13707865168539327 0.04205607476635514
3 0.7303370786516854 0.8177570093457944 0.13707865168539327 0.04205607476635514
3 0.32471910112359553 0.04906542056074766 0.025280898876404494 0.02336448598130841
3 0.36179775280898874 0.04906542056074766 0.028089887640449437 0.02336448598130841
3 0.41123595505617977 0.04906542056074766 0.05056179775280899 0.02336448598130841
3 0.45617977528089887 0.04906542056074766 0.019662921348314606 0.02336448598130841
3 0.4887640449438202 0.04906542056074766 0.025280898876404494 0.02336448598130841
3 0.5224719101123596 0.04906542056074766 0.021910112359550562 0.02336448598130841
3 0.1904494382022472 0.6144859813084113 0.08202247191011236 0.02102803738317757
3 0.18876404494382024 0.6425233644859814 0.07865168539325842 0.02102803738317757
3 0.19213483146067414 0.6705607476635514 0.08595505617977528 0.02102803738317757
3 0.17191011235955056 0.6985981308411215 0.0449438202247191 0.02102803738317757
3 0.19719101123595506 0.7266355140186916 0.09550561797752809 0.02102803738317757
3 0.19269662921348316 0.7546728971962616 0.08707865168539326 0.02102803738317757
3 0.1853932584269663 0.7827102803738317 0.07191011235955057 0.02102803738317757
3 0.15898876404494383 0.8107476635514018 0.019101123595505618 0.02102803738317757
3 0.16685393258426967 0.9018691588785047 0.0348314606741573 0.02102803738317757
3 0.24269662921348314 0.6144859813084113 0.016853932584269662 0.02102803738317757
3 0.2398876404494382 0.6425233644859814 0.016853932584269662 0.02102803738317757
3 0.24662921348314606 0.6705607476635514 0.016853932584269662 0.02102803738317757
3 0.20337078651685395 0.6985981308411215 0.012921348314606741 0.02102803738317757
3 0.2539325842696629 0.7266355140186916 0.012359550561797753 0.02102803738317757
3 0.2455056179775281 0.7546728971962616 0.012921348314606741 0.02102803738317757
3 0.22865168539325842 0.7827102803738317 0.008426966292134831 0.02102803738317757
3 0.1752808988764045 0.8107476635514018 0.007865168539325843 0.02102803738317757
3 0.19662921348314608 0.9018691588785047 0.01853932584269663 0.02102803738317757
3 0.1842696629213483 0.9299065420560748 0.016292134831460674 0.02102803738317757
3 0.1898876404494382 0.03154205607476635 0.06460674157303371 0.02336448598130841
3 0.1853932584269663 0.053738317757009345 0.06460674157303371 0.02336448598130841
3 0.1747191011235955 0.286214953271028 0.05112359550561798 0.02336448598130841
3 0.2258426966292135 0.286214953271028 0.030337078651685393 0.02336448598130841