1 0.3088888888888889 0.13625866050808313 0.05555555555555555 0.10392609699769054
1 0.3877777777777778 0.13625866050808313 0.05555555555555555 0.10392609699769054
1 0.4661111111111111 0.13625866050808313 0.05555555555555555 0.10392609699769054
1 0.545 0.13625866050808313 0.05555555555555555 0.10392609699769054
1 0.6233333333333333 0.13625866050808313 0.05555555555555555 0.10392609699769054
1 0.7022222222222222 0.13625866050808313 0.05555555555555555 0.10392609699769054
1 0.7805555555555556 0.13625866050808313 0.05555555555555555 0.10392609699769054
1 0.185 0.32217090069284066 0.024444444444444446 0.050808314087759814
1 0.39666666666666667 0.6096997690531177 0.3711111111111111 0.5404157043879908
1 0.185 0.39145496535796764 0.024444444444444446 0.050808314087759814
1 0.185 0.4607390300230947 0.024444444444444446 0.050808314087759814
1 0.185 0.5300230946882217 0.024444444444444446 0.050808314087759814
1 0.185 0.5993071593533488 0.024444444444444446 0.050808314087759814
1 0.6377777777777778 0.8163972286374134 0.021111111111111112 0.04387990762124711
1 0.6677777777777778 0.815242494226328 0.022222222222222223 0.046189376443418015
1 0.6977777777777778 0.815242494226328 0.022222222222222223 0.046189376443418015
3 0.6711111111111111 0.5912240184757506 0.09277777777777778 0.020785219399538105
3 0.7133333333333334 0.766743648960739 0.17666666666666667 0.02424942263279446
3 0.6777777777777778 0.9191685912240185 0.10611111111111111 0.020785219399538105
3 0.185 0.3406466512702079 0.027777777777777776 0.025404157043879907
3 0.185 0.40993071593533487 0.027777777777777776 0.025404157043879907
3 0.185 0.4792147806004619 0.027777777777777776 0.025404157043879907
3 0.185 0.5484988452655889 0.027777777777777776 0.025404157043879907
3 0.185 0.6177829099307159 0.027777777777777776 0.025404157043879907
3 0.185 0.3406466512702079 0.027777777777777776 0.025404157043879907
3 0.185 0.40993071593533487 0.027777777777777776 0.025404157043879907
3 0.185 0.4792147806004619 0.027777777777777776 0.025404157043879907
3 0.185 0.5484988452655889 0.027777777777777776 0.025404157043879907
3 0.185 0.6177829099307159 0.027777777777777776 0.025404157043879907
3 0.7027777777777777 0.394919168591224 0.15611111111111112 0.08660508083140878
3 0.7216666666666667 0.6628175519630485 0.16 0.023094688221709007
3 0.7216666666666667 0.687066974595843 0.16 0.020785219399538105
3 0.6777777777777778 0.8983833718244804 0.10611111111111111 0.019630484988452657
3 0.6577777777777778 0.9780600461893765 0.06555555555555556 0.023094688221709007
3 0.3327777777777778 0.04157043879907621 0.025 0.023094688221709007
3 0.36944444444444446 0.04157043879907621 0.027777777777777776 0.023094688221709007
3 0.41833333333333333 0.04157043879907621 0.05 0.023094688221709007
3 0.4627777777777778 0.04157043879907621 0.019444444444444445 0.023094688221709007
3 0.495 0.04157043879907621 0.025 0.023094688221709007
3 0.5283333333333333 0.04157043879907621 0.021666666666666667 0.023094688221709007
3 0.19944444444444445 0.02424942263279446 0.06388888888888888 0.023094688221709007
3 0.195 0.046189376443418015 0.06388888888888888 0.023094688221709007
3 0.27666666666666667 0.24942263279445728 0.09333333333333334 0.016166281755196306
3 0.3622222222222222 0.24942263279445728 0.058333333333333334 0.016166281755196306
3 0.43222222222222223 0.24942263279445728 0.06222222222222222 0.016166281755196306
3 0.5066666666666667 0.24942263279445728 0.06555555555555556 0.016166281755196306