0 0.6029729729729729 0.008408071748878924 0.025405405405405406 0.016816143497757848
0 0.7664864864864865 0.29035874439461884 0.06108108108108108 0.01569506726457399
0 0.4221621621621622 0.9002242152466368 0.1318918918918919 0.03811659192825112
0 0.5843243243243244 0.9002242152466368 0.1318918918918919 0.03811659192825112
0 0.7464864864864865 0.9002242152466368 0.1318918918918919 0.03811659192825112
1 0.7375675675675676 0.008968609865470852 0.18432432432432433 0.017937219730941704
1 0.33297297297297296 0.1446188340807175 0.05405405405405406 0.10089686098654709
1 0.4097297297297297 0.1446188340807175 0.05405405405405406 0.10089686098654709
1 0.4859459459459459 0.1446188340807175 0.05405405405405406 0.10089686098654709
1 0.5627027027027027 0.1446188340807175 0.05405405405405406 0.10089686098654709
1 0.6389189189189189 0.1446188340807175 0.05405405405405406 0.10089686098654709
1 0.7156756756756757 0.1446188340807175 0.05405405405405406 0.10089686098654709
1 0.7918918918918919 0.1446188340807175 0.05405405405405406 0.10089686098654709
1 0.4221621621621622 0.492152466367713 0.1535135135135135 0.3183856502242152
1 0.5843243243243244 0.492152466367713 0.1535135135135135 0.3183856502242152
1 0.7464864864864865 0.492152466367713 0.1535135135135135 0.3183856502242152
1 0.22783783783783784 0.007847533632286996 0.07297297297297298 0.01569506726457399
2 0.45378378378378376 0.008408071748878924 0.3237837837837838 0.016816143497757848
2 0.5013513513513513 0.0016816143497757848 0.008108108108108109 0.0033632286995515697
3 0.5402702702702703 0.005605381165919282 0.10216216216216216 0.011210762331838564
3 0.39513513513513515 0.7455156950672646 0.07783783783783783 0.021300448430493273
3 0.4221621621621622 0.8195067264573991 0.1318918918918919 0.014573991031390135
3 0.5572972972972973 0.7455156950672646 0.07783783783783783 0.021300448430493273
3 0.5843243243243244 0.8195067264573991 0.1318918918918919 0.014573991031390135
3 0.7194594594594594 0.7455156950672646 0.07783783783783783 0.021300448430493273
3 0.7464864864864865 0.8195067264573991 0.1318918918918919 0.014573991031390135
3 0.5456756756756757 0.0033632286995515697 0.07621621621621621 0.006726457399103139
3 0.5456756756756757 0.0033632286995515697 0.07621621621621621 0.006726457399103139
3 0.2627027027027027 0.3430493273542601 0.15027027027027026 0.06726457399103139
3 0.4221621621621622 0.7903587443946188 0.1318918918918919 0.04035874439461883
3 0.5843243243243244 0.7903587443946188 0.1318918918918919 0.04035874439461883
3 0.7464864864864865 0.7903587443946188 0.1318918918918919 0.04035874439461883
3 0.35621621621621624 0.052690582959641255 0.024324324324324326 0.02242152466367713
3 0.3918918918918919 0.052690582959641255 0.02702702702702703 0.02242152466367713
3 0.43945945945945947 0.052690582959641255 0.04864864864864865 0.02242152466367713
3 0.4827027027027027 0.052690582959641255 0.01891891891891892 0.02242152466367713
3 0.514054054054054 0.052690582959641255 0.024324324324324326 0.02242152466367713
3 0.5464864864864865 0.052690582959641255 0.02108108108108108 0.02242152466367713
3 0.21783783783783783 0.5952914798206278 0.06054054054054054 0.020179372197309416
3 0.21567567567567567 0.6221973094170403 0.05675675675675676 0.020179372197309416
3 0.22108108108108107 0.649103139013453 0.06756756756756757 0.020179372197309416
3 0.20270270270270271 0.6760089686098655 0.03027027027027027 0.020179372197309416
3 0.20162162162162162 0.702914798206278 0.02810810810810811 0.020179372197309416
3 0.20486486486486485 0.7298206278026906 0.03513513513513514 0.020179372197309416
3 0.22486486486486487 0.7567264573991032 0.07513513513513513 0.020179372197309416
3 0.22702702702702704 0.7836322869955157 0.07945945945945945 0.020179372197309416
3 0.20432432432432432 0.8710762331838565 0.03351351351351351 0.020179372197309416
3 0.20810810810810812 0.9854260089686099 0.04108108108108108 0.020179372197309416
3 0.2616216216216216 0.5952914798206278 0.021621621621621623 0.020179372197309416
3 0.2562162162162162 0.6221973094170403 0.01891891891891892 0.020179372197309416
3 0.2686486486486486 0.649103139013453 0.02108108108108108 0.020179372197309416
3 0.22864864864864864 0.6760089686098655 0.016756756756756756 0.020179372197309416
3 0.22378378378378377 0.702914798206278 0.011351351351351352 0.020179372197309416
3 0.23189189189189188 0.7298206278026906 0.012432432432432432 0.020179372197309416
3 0.27135135135135136 0.7567264573991032 0.011891891891891892 0.020179372197309416
3 0.27405405405405403 0.7836322869955157 0.008108108108108109 0.020179372197309416
3 0.23459459459459459 0.8710762331838565 0.02054054054054054 0.020179372197309416
3 0.22486486486486487 0.897982062780269 0.022702702702702703 0.020179372197309416
3 0.24 0.9854260089686099 0.017297297297297298 0.020179372197309416
3 0.22648648648648648 0.03587443946188341 0.062162162162162166 0.02242152466367713
3 0.22216216216216217 0.05717488789237668 0.062162162162162166 0.02242152466367713
3 0.2118918918918919 0.2802690582959641 0.049189189189189186 0.02242152466367713
3 0.2756756756756757 0.2802690582959641 0.05891891891891892 0.02242152466367713