0 0.6109550561797753 0.009929906542056074 0.026404494382022473 0.01985981308411215
1 0.7508426966292134 0.010514018691588784 0.19157303370786516 0.02102803738317757
1 0.22106741573033709 0.009345794392523364 0.07584269662921349 0.018691588785046728
2 0.4558988764044944 0.009929906542056074 0.3365168539325843 0.01985981308411215
3 0.5146067415730337 0.37149532710280375 0.1449438202247191 0.016355140186915886
3 0.5140449438202247 0.9264018691588785 0.0848314606741573 0.037383177570093455
3 0.5140449438202247 0.9264018691588785 0.0848314606741573 0.037383177570093455
3 0.5146067415730337 0.3212616822429907 0.1449438202247191 0.02336448598130841
3 0.3544943820224719 0.05724299065420561 0.025280898876404494 0.02336448598130841
3 0.39157303370786517 0.05724299065420561 0.028089887640449437 0.02336448598130841
3 0.4410112359550562 0.05724299065420561 0.05056179775280899 0.02336448598130841
3 0.4859550561797753 0.05724299065420561 0.019662921348314606 0.02336448598130841
3 0.5185393258426966 0.05724299065420561 0.025280898876404494 0.02336448598130841
3 0.552247191011236 0.05724299065420561 0.021910112359550562 0.02336448598130841
3 0.2196629213483146 0.0397196261682243 0.06460674157303371 0.02336448598130841
3 0.2151685393258427 0.06191588785046729 0.06460674157303371 0.02336448598130841