3 0.49421296296296297 0.3329326923076923 0.14930555555555555 0.016826923076923076
3 0.4945023148148148 0.9957932692307693 0.6834490740740741 0.006009615384615385
3 0.49363425925925924 0.9038461538461539 0.08738425925925926 0.038461538461538464
3 0.49363425925925924 0.9038461538461539 0.08738425925925926 0.038461538461538464
3 0.49421296296296297 0.28125 0.14930555555555555 0.02403846153846154
3 0.3292824074074074 0.01141826923076923 0.02662037037037037 0.02283653846153846
3 0.3677662037037037 0.01141826923076923 0.029513888888888888 0.02283653846153846
3 0.41869212962962965 0.01141826923076923 0.052662037037037035 0.02283653846153846
3 0.46469907407407407 0.01141826923076923 0.020833333333333332 0.02283653846153846
3 0.4982638888888889 0.01141826923076923 0.02662037037037037 0.02283653846153846
3 0.5329861111111112 0.01141826923076923 0.023148148148148147 0.02283653846153846
3 0.19039351851851852 0.002403846153846154 0.06712962962962964 0.004807692307692308
3 0.1857638888888889 0.014423076923076924 0.06655092592592593 0.02403846153846154