0 0.582010582010582 0.026373626373626374 0.02433862433862434 0.04285714285714286
1 0.7137566137566138 0.027472527472527472 0.17989417989417988 0.04285714285714286
1 0.21481481481481482 0.027472527472527472 0.07089947089947089 0.03736263736263736
2 0.43597883597883597 0.026373626373626374 0.3164021164021164 0.04285714285714286
3 0.49153439153439155 0.3791208791208791 0.1365079365079365 0.015384615384615385
3 0.49153439153439155 0.989010989010989 0.6243386243386243 0.013186813186813187
3 0.491005291005291 0.9010989010989011 0.07989417989417989 0.035164835164835165
3 0.491005291005291 0.9010989010989011 0.07989417989417989 0.035164835164835165
3 0.49153439153439155 0.33186813186813185 0.1365079365079365 0.02197802197802198
3 0.34074074074074073 0.08351648351648351 0.023809523809523808 0.02197802197802198
3 0.37566137566137564 0.08351648351648351 0.026455026455026454 0.02197802197802198
3 0.4222222222222222 0.08351648351648351 0.047619047619047616 0.02197802197802198
3 0.46455026455026455 0.08351648351648351 0.018518518518518517 0.02197802197802198
3 0.49523809523809526 0.08351648351648351 0.023809523809523808 0.02197802197802198
3 0.526984126984127 0.08351648351648351 0.020634920634920634 0.02197802197802198
3 0.21375661375661376 0.06703296703296703 0.06084656084656084 0.02197802197802198
3 0.20952380952380953 0.08791208791208792 0.06084656084656084 0.02197802197802198