0 0.5840425531914893 0.02869757174392936 0.02446808510638298 0.04304635761589404
0 0.7452127659574468 0.3200883002207506 0.0601063829787234 0.01545253863134658
0 0.40638297872340423 0.9205298013245033 0.12978723404255318 0.037527593818984545
0 0.5659574468085107 0.9205298013245033 0.12978723404255318 0.037527593818984545
0 0.725531914893617 0.9205298013245033 0.12978723404255318 0.037527593818984545
1 0.7164893617021276 0.029801324503311258 0.18085106382978725 0.04304635761589404
1 0.31861702127659575 0.17660044150110377 0.05319148936170213 0.09933774834437085
1 0.3941489361702128 0.17660044150110377 0.05319148936170213 0.09933774834437085
1 0.46914893617021275 0.17660044150110377 0.05319148936170213 0.09933774834437085
1 0.5446808510638298 0.17660044150110377 0.05319148936170213 0.09933774834437085
1 0.6196808510638298 0.17660044150110377 0.05319148936170213 0.09933774834437085
1 0.6952127659574469 0.17660044150110377 0.05319148936170213 0.09933774834437085
1 0.7702127659574468 0.17660044150110377 0.05319148936170213 0.09933774834437085
1 0.40638297872340423 0.5187637969094923 0.15106382978723404 0.31346578366445915
1 0.5659574468085107 0.5187637969094923 0.15106382978723404 0.31346578366445915
1 0.725531914893617 0.5187637969094923 0.15106382978723404 0.31346578366445915
1 0.2148936170212766 0.029801324503311258 0.07127659574468086 0.037527593818984545
2 0.4372340425531915 0.02869757174392936 0.3180851063829787 0.04304635761589404
2 0.48404255319148937 0.02869757174392936 0.007446808510638298 0.01545253863134658
3 0.5223404255319148 0.029801324503311258 0.1 0.02869757174392936
3 0.3797872340425532 0.7494481236203091 0.07659574468085106 0.02097130242825607
3 0.40638297872340423 0.8222958057395143 0.12978723404255318 0.01434878587196468
3 0.5212765957446809 0.7494481236203091 0.040957446808510635 0.02097130242825607
3 0.6808510638297872 0.7682119205298014 0.040957446808510635 0.02097130242825607
3 0.725531914893617 0.8410596026490066 0.12978723404255318 0.01434878587196468
3 0.5276595744680851 0.02869757174392936 0.07446808510638298 0.02207505518763797
3 0.5276595744680851 0.02869757174392936 0.07446808510638298 0.02207505518763797
3 0.249468085106383 0.3719646799116998 0.1478723404255319 0.06622516556291391
3 0.40638297872340423 0.7935982339955849 0.12978723404255318 0.039735099337748346
3 0.5659574468085107 0.7935982339955849 0.12978723404255318 0.039735099337748346
3 0.725531914893617 0.8123620309050773 0.12978723404255318 0.039735099337748346
3 0.3414893617021277 0.08609271523178808 0.023936170212765957 0.02207505518763797
3 0.37659574468085105 0.08609271523178808 0.026595744680851064 0.02207505518763797
3 0.42340425531914894 0.08609271523178808 0.047872340425531915 0.02207505518763797
3 0.46595744680851064 0.08609271523178808 0.018617021276595744 0.02207505518763797
3 0.4968085106382979 0.08609271523178808 0.023936170212765957 0.02207505518763797
3 0.5287234042553192 0.08609271523178808 0.02074468085106383 0.02207505518763797
3 0.21436170212765956 0.6203090507726269 0.07765957446808511 0.019867549668874173
3 0.2127659574468085 0.6467991169977925 0.07446808510638298 0.019867549668874173
3 0.21595744680851064 0.673289183222958 0.08138297872340426 0.019867549668874173
3 0.19680851063829788 0.6997792494481236 0.0425531914893617 0.019867549668874173
3 0.22074468085106383 0.7262693156732892 0.09042553191489362 0.019867549668874173
3 0.21648936170212765 0.7527593818984547 0.08244680851063829 0.019867549668874173
3 0.20957446808510638 0.7792494481236203 0.06808510638297872 0.019867549668874173
3 0.18457446808510639 0.8057395143487859 0.018085106382978722 0.019867549668874173
3 0.1920212765957447 0.891832229580574 0.03297872340425532 0.019867549668874173
3 0.1949468085106383 0.9966887417218543 0.038829787234042554 0.004415011037527594
3 0.26382978723404255 0.6203090507726269 0.015957446808510637 0.019867549668874173
3 0.2611702127659574 0.6467991169977925 0.015957446808510637 0.019867549668874173
3 0.2675531914893617 0.673289183222958 0.015957446808510637 0.019867549668874173
3 0.22659574468085106 0.6997792494481236 0.01223404255319149 0.019867549668874173
3 0.274468085106383 0.7262693156732892 0.011702127659574468 0.019867549668874173
3 0.26648936170212767 0.7527593818984547 0.01223404255319149 0.019867549668874173
3 0.25053191489361704 0.7792494481236203 0.007978723404255319 0.019867549668874173
3 0.2 0.8057395143487859 0.007446808510638298 0.019867549668874173
3 0.22021276595744682 0.891832229580574 0.017553191489361703 0.019867549668874173
3 0.20851063829787234 0.9183222958057395 0.014893617021276596 0.019867549668874173
3 0.22446808510638297 0.9966887417218543 0.015957446808510637 0.004415011037527594
3 0.21382978723404256 0.0695364238410596 0.061170212765957445 0.02207505518763797
3 0.20957446808510638 0.09050772626931568 0.061170212765957445 0.02207505518763797
3 0.19946808510638298 0.31015452538631344 0.04840425531914894 0.02207505518763797
3 0.2478723404255319 0.31015452538631344 0.02872340425531915 0.02207505518763797