0 0.5801587301587302 0.01868131868131868 0.02486772486772487 0.03736263736263736
1 0.7119047619047619 0.019230769230769232 0.18042328042328043 0.038461538461538464
1 0.4894179894179894 0.17252747252747253 0.8465608465608465 0.15384615384615385
1 0.4894179894179894 0.35934065934065934 0.6264550264550265 0.1813186813186813
1 0.25132275132275134 0.6791208791208792 0.15026455026455027 0.26373626373626374
1 0.41005291005291006 0.6791208791208792 0.15026455026455027 0.26373626373626374
1 0.5687830687830688 0.6791208791208792 0.15026455026455027 0.26373626373626374
1 0.7275132275132276 0.6791208791208792 0.15026455026455027 0.26373626373626374
1 0.21296296296296297 0.018131868131868133 0.07142857142857142 0.03626373626373627
2 0.43412698412698414 0.01868131868131868 0.31693121693121695 0.03736263736263736
3 0.4894179894179894 0.5164835164835165 0.6264550264550265 0.05274725274725275
3 0.25132275132275134 0.8098901098901099 0.12486772486772486 0.02197802197802198
3 0.41005291005291006 0.8098901098901099 0.12486772486772486 0.02197802197802198
3 0.5687830687830688 0.8098901098901099 0.12486772486772486 0.02197802197802198
3 0.7275132275132276 0.8098901098901099 0.12486772486772486 0.02197802197802198
3 0.3386243386243386 0.07252747252747253 0.023809523809523808 0.02197802197802198
3 0.37354497354497357 0.07252747252747253 0.026455026455026454 0.02197802197802198
3 0.4201058201058201 0.07252747252747253 0.047619047619047616 0.02197802197802198
3 0.4624338624338624 0.07252747252747253 0.018518518518518517 0.02197802197802198
3 0.4931216931216931 0.07252747252747253 0.023809523809523808 0.02197802197802198
3 0.5248677248677248 0.07252747252747253 0.020634920634920634 0.02197802197802198
3 0.21164021164021163 0.056043956043956046 0.06084656084656084 0.02197802197802198
3 0.2074074074074074 0.07692307692307693 0.06084656084656084 0.02197802197802198