0 0.5805263157894737 0.024070021881838075 0.024210526315789474 0.04266958424507659
0 0.7273684210526316 0.19584245076586435 0.05947368421052632 0.015317286652078774
1 0.7115789473684211 0.02516411378555799 0.17894736842105263 0.04266958424507659
1 0.38473684210526315 0.34682713347921224 0.08421052631578947 0.175054704595186
1 0.38473684210526315 0.5711159737417943 0.08421052631578947 0.175054704595186
1 0.38473684210526315 0.7910284463894968 0.08421052631578947 0.175054704595186
1 0.21526315789473685 0.02516411378555799 0.07052631578947369 0.037199124726477024
2 0.43526315789473685 0.024070021881838075 0.31473684210526315 0.04266958424507659
2 0.4689473684210526 0.024070021881838075 0.007368421052631579 0.015317286652078774
3 0.5131578947368421 0.02516411378555799 0.11157894736842106 0.028446389496717725
3 0.46 0.41466083150984684 0.041578947368421056 0.020787746170678335
3 0.46 0.5787746170678337 0.041578947368421056 0.020787746170678335
3 0.6042105263157894 0.7396061269146609 0.33 0.015317286652078774
3 0.47 0.8140043763676149 0.06157894736842105 0.020787746170678335
3 0.6042105263157894 0.9595185995623632 0.33 0.015317286652078774
3 0.5184210526315789 0.024070021881838075 0.0863157894736842 0.02188183807439825
3 0.5184210526315789 0.024070021881838075 0.0863157894736842 0.02188183807439825
3 0.24947368421052632 0.19146608315098468 0.1463157894736842 0.03282275711159737
3 0.6042105263157894 0.31291028446389496 0.33 0.028446389496717725
3 0.6042105263157894 0.49781181619256015 0.33 0.028446389496717725
3 0.6042105263157894 0.7177242888402626 0.33 0.028446389496717725
3 0.6042105263157894 0.937636761487965 0.33 0.028446389496717725
3 0.3405263157894737 0.08096280087527352 0.02368421052631579 0.02188183807439825
3 0.37526315789473685 0.08096280087527352 0.02631578947368421 0.02188183807439825
3 0.42157894736842105 0.08096280087527352 0.04736842105263158 0.02188183807439825
3 0.4636842105263158 0.08096280087527352 0.018421052631578946 0.02188183807439825
3 0.4942105263157895 0.08096280087527352 0.02368421052631579 0.02188183807439825
3 0.5257894736842105 0.08096280087527352 0.020526315789473684 0.02188183807439825
3 0.21052631578947367 0.4824945295404814 0.06842105263157895 0.019693654266958426
3 0.2094736842105263 0.5678336980306345 0.06631578947368422 0.019693654266958426
3 0.2168421052631579 0.5940919037199125 0.08157894736842106 0.019693654266958426
3 0.21105263157894738 0.6203501094091903 0.07 0.019693654266958426
3 0.21052631578947367 0.6466083150984683 0.06842105263157895 0.019693654266958426
3 0.19 0.6728665207877462 0.02736842105263158 0.019693654266958426
3 0.19105263157894736 0.6991247264770241 0.029473684210526315 0.019693654266958426
3 0.22210526315789475 0.725382932166302 0.09210526315789473 0.019693654266958426
3 0.22421052631578947 0.7516411378555798 0.09631578947368422 0.019693654266958426
3 0.21842105263157896 0.7778993435448578 0.08473684210526315 0.019693654266958426
3 0.18578947368421053 0.8927789934354485 0.018947368421052633 0.019693654266958426
3 0.19421052631578947 0.9781181619256017 0.035789473684210524 0.019693654266958426
3 0.25894736842105265 0.4824945295404814 0.02368421052631579 0.019693654266958426
3 0.2594736842105263 0.5678336980306345 0.02894736842105263 0.019693654266958426
3 0.27421052631578946 0.5940919037199125 0.02736842105263158 0.019693654266958426
3 0.2631578947368421 0.6203501094091903 0.028421052631578948 0.019693654266958426
3 0.26 0.6466083150984683 0.024210526315789474 0.019693654266958426
3 0.21842105263157896 0.6728665207877462 0.024736842105263158 0.019693654266958426
3 0.22 0.6991247264770241 0.023157894736842106 0.019693654266958426
3 0.2836842105263158 0.725382932166302 0.024736842105263158 0.019693654266958426
3 0.28789473684210526 0.7516411378555798 0.025789473684210525 0.019693654266958426
3 0.27631578947368424 0.7778993435448578 0.02526315789473684 0.019693654266958426
3 0.2094736842105263 0.8927789934354485 0.02368421052631579 0.019693654266958426
3 0.22736842105263158 0.9781181619256017 0.025789473684210525 0.019693654266958426
3 0.21421052631578946 0.06455142231947483 0.060526315789473685 0.02188183807439825
3 0.21 0.08533916849015317 0.060526315789473685 0.02188183807439825