0 0.5825396825396826 0.024175824175824177 0.02433862433862434 0.04285714285714286
0 0.24867724867724866 0.3373626373626374 0.010582010582010581 0.02197802197802198
0 0.2920634920634921 0.3373626373626374 0.010582010582010581 0.02197802197802198
0 0.21798941798941798 0.3769230769230769 0.010582010582010581 0.02197802197802198
0 0.7301587301587301 0.1967032967032967 0.059788359788359786 0.015384615384615385
0 0.6248677248677249 0.8043956043956044 0.027513227513227514 0.02857142857142857
1 0.7142857142857143 0.025274725274725275 0.17989417989417988 0.04285714285714286
1 0.38571428571428573 0.34835164835164834 0.08465608465608465 0.17582417582417584
1 0.38571428571428573 0.5736263736263736 0.08465608465608465 0.17582417582417584
1 0.38571428571428573 0.7945054945054945 0.08465608465608465 0.17582417582417584
1 0.21534391534391534 0.025274725274725275 0.07089947089947089 0.03736263736263736
2 0.4365079365079365 0.024175824175824177 0.3164021164021164 0.04285714285714286
2 0.4703703703703704 0.024175824175824177 0.007407407407407408 0.015384615384615385
3 0.5148148148148148 0.025274725274725275 0.11216931216931217 0.02857142857142857
3 0.4613756613756614 0.4164835164835165 0.0417989417989418 0.020879120879120878
3 0.49047619047619045 0.6010989010989011 0.09947089947089947 0.020879120879120878
3 0.6063492063492063 0.7428571428571429 0.33174603174603173 0.015384615384615385
3 0.4714285714285714 0.8175824175824176 0.06190476190476191 0.020879120879120878
3 0.5994708994708995 0.8043956043956044 0.01904761904761905 0.01978021978021978
3 0.5201058201058201 0.024175824175824177 0.08677248677248678 0.02197802197802198
3 0.5201058201058201 0.024175824175824177 0.08677248677248678 0.02197802197802198
3 0.24973544973544973 0.24835164835164836 0.14708994708994708 0.06593406593406594
3 0.6063492063492063 0.3142857142857143 0.33174603174603173 0.02857142857142857
3 0.6063492063492063 0.5 0.33174603174603173 0.02857142857142857
3 0.6063492063492063 0.7208791208791209 0.33174603174603173 0.02857142857142857
3 0.6063492063492063 0.9417582417582417 0.33174603174603173 0.02857142857142857
3 0.3412698412698413 0.08131868131868132 0.023809523809523808 0.02197802197802198
3 0.3761904761904762 0.08131868131868132 0.026455026455026454 0.02197802197802198
3 0.42275132275132277 0.08131868131868132 0.047619047619047616 0.02197802197802198
3 0.4650793650793651 0.08131868131868132 0.018518518518518517 0.02197802197802198
3 0.49576719576719575 0.08131868131868132 0.023809523809523808 0.02197802197802198
3 0.5275132275132275 0.08131868131868132 0.020634920634920634 0.02197802197802198
3 0.2105820105820106 0.6538461538461539 0.06878306878306878 0.01978021978021978
3 0.20952380952380953 0.7395604395604396 0.06666666666666667 0.01978021978021978
3 0.21693121693121692 0.765934065934066 0.082010582010582 0.01978021978021978
3 0.2111111111111111 0.7923076923076923 0.07037037037037037 0.01978021978021978
3 0.21851851851851853 0.8186813186813187 0.08518518518518518 0.01978021978021978
3 0.20846560846560847 0.845054945054945 0.06455026455026455 0.01978021978021978
3 0.20952380952380953 0.8714285714285714 0.06666666666666667 0.01978021978021978
3 0.22433862433862434 0.8978021978021978 0.09682539682539683 0.01978021978021978
3 0.21481481481481482 0.9241758241758242 0.07777777777777778 0.01978021978021978
3 0.2105820105820106 0.9505494505494505 0.06878306878306878 0.01978021978021978
3 0.25925925925925924 0.6538461538461539 0.023809523809523808 0.01978021978021978
3 0.25767195767195766 0.7395604395604396 0.02486772486772487 0.01978021978021978
3 0.27195767195767195 0.765934065934066 0.022222222222222223 0.01978021978021978
3 0.26031746031746034 0.7923076923076923 0.022222222222222223 0.01978021978021978
3 0.2761904761904762 0.8186813186813187 0.02433862433862434 0.01978021978021978
3 0.2544973544973545 0.845054945054945 0.021693121693121695 0.01978021978021978
3 0.2566137566137566 0.8714285714285714 0.022222222222222223 0.01978021978021978
3 0.2851851851851852 0.8978021978021978 0.019576719576719578 0.01978021978021978
3 0.26825396825396824 0.9241758241758242 0.022222222222222223 0.01978021978021978
3 0.25925925925925924 0.9505494505494505 0.022222222222222223 0.01978021978021978
3 0.21428571428571427 0.06483516483516484 0.06084656084656084 0.02197802197802198
3 0.21005291005291005 0.08571428571428572 0.06084656084656084 0.02197802197802198
3 0.20634920634920634 0.18681318681318682 0.06084656084656084 0.02197802197802198