0 0.6215675057208238 0.013064133016627079 0.02688787185354691 0.026128266033254157
0 0.2602974828375286 0.34085510688836107 0.011441647597254004 0.023752969121140142
0 0.30720823798627 0.34085510688836107 0.011441647597254004 0.023752969121140142
0 0.22711670480549198 0.3836104513064133 0.011441647597254004 0.023752969121140142
0 0.7808924485125858 0.18883610451306412 0.06464530892448513 0.0166270783847981
0 0.6670480549199085 0.8456057007125891 0.029748283752860413 0.030878859857482184
1 0.7640160183066361 0.013657957244655582 0.1950800915331808 0.027315914489311165
1 0.408466819221968 0.3527315914489311 0.09153318077803203 0.19002375296912113
1 0.408466819221968 0.5961995249406176 0.09153318077803203 0.19002375296912113
1 0.408466819221968 0.834916864608076 0.09153318077803203 0.19002375296912113
1 0.22454233409610985 0.012470308788598575 0.07723112128146453 0.02494061757719715
2 0.46367276887871856 0.013064133016627079 0.3426773455377574 0.026128266033254157
2 0.5002860411899314 0.0059382422802850355 0.008581235697940504 0.011876484560570071
3 0.5483409610983981 0.010095011876484561 0.12185354691075514 0.020190023752969122
3 0.4902745995423341 0.42636579572446553 0.04519450800915332 0.022565320665083134
3 0.5217391304347826 0.6258907363420427 0.10755148741418764 0.022565320665083134
3 0.647025171624714 0.7790973871733967 0.358695652173913 0.0166270783847981
3 0.5011441647597255 0.8598574821852731 0.06693363844393593 0.022565320665083134
3 0.6395881006864989 0.8456057007125891 0.020594965675057208 0.021377672209026127
3 0.5540617848970252 0.007719714964370546 0.09439359267734554 0.015439429928741092
3 0.5540617848970252 0.007719714964370546 0.09439359267734554 0.015439429928741092
3 0.261441647597254 0.24465558194774348 0.15903890160183065 0.07125890736342043
3 0.647025171624714 0.3159144893111639 0.358695652173913 0.030878859857482184
3 0.647025171624714 0.5166270783847982 0.358695652173913 0.030878859857482184
3 0.647025171624714 0.7553444180522565 0.358695652173913 0.030878859857482184
3 0.647025171624714 0.9887173396674585 0.35926773455377575 0.020190023752969122
3 0.36041189931350115 0.06413301662707839 0.02574370709382151 0.023752969121140142
3 0.39816933638443935 0.06413301662707839 0.028604118993135013 0.023752969121140142
3 0.448512585812357 0.06413301662707839 0.05148741418764302 0.023752969121140142
3 0.494279176201373 0.06413301662707839 0.02002288329519451 0.023752969121140142
3 0.5274599542334096 0.06413301662707839 0.02574370709382151 0.023752969121140142
3 0.5617848970251716 0.06413301662707839 0.02231121281464531 0.023752969121140142
3 0.21910755148741418 0.6828978622327792 0.07437070938215103 0.021377672209026127
3 0.21796338672768878 0.7755344418052257 0.07208237986270023 0.021377672209026127
3 0.22597254004576658 0.8040380047505938 0.08867276887871854 0.021377672209026127
3 0.21967963386727687 0.832541567695962 0.07608695652173914 0.021377672209026127
3 0.22768878718535468 0.8610451306413301 0.09210526315789473 0.021377672209026127
3 0.21681922196796338 0.8895486935866983 0.06979405034324943 0.021377672209026127
3 0.21796338672768878 0.9180522565320665 0.07208237986270023 0.021377672209026127
3 0.2339816933638444 0.9465558194774347 0.10469107551487414 0.021377672209026127
3 0.2236842105263158 0.9750593824228029 0.08409610983981694 0.021377672209026127
3 0.21939359267734554 0.9958432304038005 0.07494279176201372 0.0059382422802850355
3 0.2717391304347826 0.6828978622327792 0.02574370709382151 0.021377672209026127
3 0.2700228832951945 0.7755344418052257 0.02688787185354691 0.021377672209026127
3 0.2854691075514874 0.8040380047505938 0.02402745995423341 0.021377672209026127
3 0.272883295194508 0.832541567695962 0.02402745995423341 0.021377672209026127
3 0.290045766590389 0.8610451306413301 0.02631578947368421 0.021377672209026127
3 0.2665903890160183 0.8895486935866983 0.02345537757437071 0.021377672209026127
3 0.26887871853546913 0.9180522565320665 0.02402745995423341 0.021377672209026127
3 0.2997711670480549 0.9465558194774347 0.02116704805491991 0.021377672209026127
3 0.2814645308924485 0.9750593824228029 0.02402745995423341 0.021377672209026127
3 0.27202517162471396 0.9958432304038005 0.02459954233409611 0.0059382422802850355
3 0.2231121281464531 0.04631828978622328 0.06578947368421052 0.023752969121140142
3 0.21853546910755148 0.0688836104513064 0.06578947368421052 0.023752969121140142
3 0.2145308924485126 0.17814726840855108 0.06578947368421052 0.023752969121140142