0 0.26678043230944254 0.29550827423167847 0.011376564277588168 0.02364066193853428
0 0.313424345847554 0.29550827423167847 0.011376564277588168 0.02364066193853428
0 0.23378839590443687 0.3380614657210402 0.011376564277588168 0.02364066193853428
0 0.7844141069397043 0.14420803782505912 0.06427758816837315 0.016548463356973995
0 0.6712172923777019 0.7978723404255319 0.02957906712172924 0.030732860520094562
1 0.4141069397042093 0.3073286052009456 0.09101251422070535 0.18912529550827423
1 0.4141069397042093 0.549645390070922 0.09101251422070535 0.18912529550827423
1 0.4141069397042093 0.7872340425531915 0.09101251422070535 0.18912529550827423
3 0.49544937428896474 0.3806146572104019 0.044937428896473265 0.022458628841607566
3 0.5267349260523322 0.5791962174940898 0.10693970420932879 0.022458628841607566
3 0.6513083048919226 0.7316784869976359 0.35665529010238906 0.016548463356973995
3 0.5062571103526735 0.8120567375886525 0.06655290102389079 0.022458628841607566
3 0.6439135381114903 0.7978723404255319 0.020477815699658702 0.02127659574468085
3 0.26791808873720135 0.19976359338061467 0.15813424345847554 0.07092198581560284
3 0.6513083048919226 0.2706855791962175 0.35665529010238906 0.030732860520094562
3 0.6513083048919226 0.47044917257683216 0.35665529010238906 0.030732860520094562
3 0.6513083048919226 0.7080378250591016 0.35665529010238906 0.030732860520094562
3 0.6513083048919226 0.9456264775413712 0.35665529010238906 0.030732860520094562
3 0.366325369738339 0.02009456264775414 0.025597269624573378 0.02364066193853428
3 0.40386803185437997 0.02009456264775414 0.02844141069397042 0.02364066193853428
3 0.4539249146757679 0.02009456264775414 0.051194539249146756 0.02364066193853428
3 0.49943117178612056 0.02009456264775414 0.019908987485779295 0.02364066193853428
3 0.5324232081911263 0.02009456264775414 0.025597269624573378 0.02364066193853428
3 0.5665529010238908 0.02009456264775414 0.02218430034129693 0.02364066193853428
3 0.22582480091012513 0.6359338061465721 0.07394766780432309 0.02127659574468085
3 0.22468714448236632 0.7281323877068558 0.07167235494880546 0.02127659574468085
3 0.23265073947667805 0.7565011820330969 0.08816837315130831 0.02127659574468085
3 0.22639362912400454 0.7848699763593381 0.07565415244596133 0.02127659574468085
3 0.23435722411831628 0.8132387706855791 0.09158134243458475 0.02127659574468085
3 0.2235494880546075 0.8416075650118203 0.06939704209328783 0.02127659574468085
3 0.22468714448236632 0.8699763593380615 0.07167235494880546 0.02127659574468085
3 0.24061433447098976 0.8983451536643026 0.10409556313993173 0.02127659574468085
3 0.23037542662116042 0.9267139479905437 0.08361774744027303 0.02127659574468085
3 0.22582480091012513 0.9550827423167849 0.07394766780432309 0.02127659574468085
3 0.2781569965870307 0.6359338061465721 0.025597269624573378 0.02127659574468085
3 0.2764505119453925 0.7281323877068558 0.026734926052332197 0.02127659574468085
3 0.29180887372013653 0.7565011820330969 0.023890784982935155 0.02127659574468085
3 0.2792946530147895 0.7848699763593381 0.023890784982935155 0.02127659574468085
3 0.2963594994311718 0.8132387706855791 0.026166097838452786 0.02127659574468085
3 0.27303754266211605 0.8416075650118203 0.023321956769055744 0.02127659574468085
3 0.2753128555176337 0.8699763593380615 0.023890784982935155 0.02127659574468085
3 0.30602957906712175 0.8983451536643026 0.02104664391353811 0.02127659574468085
3 0.28782707622298065 0.9267139479905437 0.023890784982935155 0.02127659574468085
3 0.2781569965870307 0.9550827423167849 0.023890784982935155 0.02127659574468085
3 0.229806598407281 0.0076832151300236405 0.06598407281001138 0.015366430260047281
3 0.22525597269624573 0.024822695035460994 0.06541524459613197 0.02364066193853428
3 0.22127417519908987 0.13356973995271867 0.06541524459613197 0.02364066193853428