0 0.5855978260869565 0.020316027088036117 0.025543478260869567 0.040632054176072234
0 0.24239130434782608 0.3397291196388262 0.010869565217391304 0.022573363431151242
0 0.28695652173913044 0.3397291196388262 0.010869565217391304 0.022573363431151242
0 0.21032608695652175 0.3803611738148984 0.010869565217391304 0.022573363431151242
0 0.7369565217391304 0.19525959367945825 0.06141304347826087 0.01580135440180587
1 0.7209239130434782 0.0208803611738149 0.18532608695652175 0.0417607223476298
1 0.38315217391304346 0.3510158013544018 0.08695652173913043 0.18058690744920994
1 0.38315217391304346 0.5778781038374717 0.08695652173913043 0.18058690744920994
1 0.38315217391304346 0.8047404063205418 0.08695652173913043 0.18058690744920994
1 0.20815217391304347 0.019187358916478554 0.07282608695652174 0.03837471783295711
2 0.4355978260869565 0.020316027088036117 0.32554347826086955 0.040632054176072234
2 0.4701086956521739 0.01805869074492099 0.007608695652173913 0.01580135440180587
3 0.5157608695652174 0.019187358916478554 0.11521739130434783 0.029345372460496615
3 0.6097826086956522 0.33860045146726864 0.3407608695652174 0.01580135440180587
3 0.47119565217391307 0.4153498871331828 0.06358695652173912 0.02144469525959368
3 0.4608695652173913 0.5857787810383747 0.042934782608695654 0.02144469525959368
3 0.6097826086956522 0.7516930022573364 0.3407608695652174 0.01580135440180587
3 0.4608695652173913 0.8284424379232506 0.042934782608695654 0.02144469525959368
3 0.5211956521739131 0.01805869074492099 0.0891304347826087 0.022573363431151242
3 0.5211956521739131 0.01805869074492099 0.0891304347826087 0.022573363431151242
3 0.24347826086956523 0.24830699774266365 0.15108695652173912 0.06772009029345373
3 0.6097826086956522 0.3160270880361174 0.3407608695652174 0.029345372460496615
3 0.6097826086956522 0.5022573363431151 0.3407608695652174 0.029345372460496615
3 0.6097826086956522 0.7291196388261851 0.3407608695652174 0.029345372460496615
3 0.6097826086956522 0.9559819413092551 0.3407608695652174 0.029345372460496615
3 0.3375 0.07674943566591422 0.024456521739130436 0.022573363431151242
3 0.3733695652173913 0.07674943566591422 0.02717391304347826 0.022573363431151242
3 0.421195652173913 0.07674943566591422 0.04891304347826087 0.022573363431151242
3 0.46467391304347827 0.07674943566591422 0.019021739130434784 0.022573363431151242
3 0.49619565217391304 0.07674943566591422 0.024456521739130436 0.022573363431151242
3 0.528804347826087 0.07674943566591422 0.021195652173913043 0.022573363431151242
3 0.20326086956521738 0.664785553047404 0.07065217391304347 0.020316027088036117
3 0.20217391304347826 0.7528216704288939 0.06847826086956521 0.020316027088036117
3 0.20978260869565218 0.7799097065462754 0.08423913043478261 0.020316027088036117
3 0.21141304347826087 0.8069977426636569 0.0875 0.020316027088036117
3 0.18206521739130435 0.8340857787810384 0.02826086956521739 0.020316027088036117
3 0.21739130434782608 0.8611738148984198 0.09945652173913043 0.020316027088036117
3 0.20380434782608695 0.8882618510158014 0.07228260869565217 0.020316027088036117
3 0.22119565217391304 0.9153498871331829 0.10706521739130435 0.020316027088036117
3 0.20217391304347826 0.9424379232505643 0.06847826086956521 0.020316027088036117
3 0.20108695652173914 0.9695259593679458 0.06630434782608696 0.020316027088036117
3 0.2516304347826087 0.664785553047404 0.021195652173913043 0.020316027088036117
3 0.25 0.7528216704288939 0.021739130434782608 0.020316027088036117
3 0.2668478260869565 0.7799097065462754 0.02391304347826087 0.020316027088036117
3 0.2673913043478261 0.8069977426636569 0.01847826086956522 0.020316027088036117
3 0.20978260869565218 0.8340857787810384 0.021739130434782608 0.020316027088036117
3 0.28152173913043477 0.8611738148984198 0.02282608695652174 0.020316027088036117
3 0.25271739130434784 0.8882618510158014 0.02010869565217391 0.020316027088036117
3 0.28858695652173916 0.9153498871331829 0.021195652173913043 0.020316027088036117
3 0.24891304347826088 0.9424379232505643 0.01956521739130435 0.020316027088036117
3 0.24782608695652175 0.9695259593679458 0.020652173913043477 0.020316027088036117
3 0.20706521739130435 0.05981941309255079 0.0625 0.022573363431151242
3 0.20271739130434782 0.08126410835214447 0.0625 0.022573363431151242
3 0.19891304347826086 0.18510158013544017 0.0625 0.022573363431151242