0 0.7757062146892655 0.13497652582159625 0.06384180790960452 0.01643192488262911
0 0.6689265536723163 0.5269953051643192 0.04067796610169491 0.03051643192488263
0 0.6621468926553672 0.7629107981220657 0.02768361581920904 0.03051643192488263
1 0.40790960451977404 0.29694835680751175 0.0903954802259887 0.18779342723004694
1 0.40790960451977404 0.5328638497652582 0.0903954802259887 0.18779342723004694
1 0.40790960451977404 0.7687793427230047 0.0903954802259887 0.18779342723004694
3 0.4887005649717514 0.3051643192488263 0.04463276836158192 0.022300469483568074
3 0.4887005649717514 0.5410798122065728 0.04463276836158192 0.022300469483568074
3 0.6361581920903955 0.5269953051643192 0.020338983050847456 0.02112676056338028
3 0.4994350282485876 0.7769953051643192 0.06610169491525424 0.022300469483568074
3 0.6361581920903955 0.7629107981220657 0.020338983050847456 0.02112676056338028
3 0.6435028248587571 0.9495305164319249 0.35423728813559324 0.01643192488262911
3 0.2627118644067797 0.17253521126760563 0.15706214689265538 0.035211267605633804
3 0.6435028248587571 0.21830985915492956 0.35423728813559324 0.03051643192488263
3 0.6435028248587571 0.45422535211267606 0.35423728813559324 0.03051643192488263
3 0.6435028248587571 0.6901408450704225 0.35423728813559324 0.03051643192488263
3 0.6435028248587571 0.926056338028169 0.35423728813559324 0.03051643192488263
3 0.36045197740112994 0.011737089201877934 0.025423728813559324 0.023474178403755867
3 0.3977401129943503 0.011737089201877934 0.02824858757062147 0.023474178403755867
3 0.44745762711864406 0.011737089201877934 0.05084745762711865 0.023474178403755867
3 0.49265536723163844 0.011737089201877934 0.01977401129943503 0.023474178403755867
3 0.5254237288135594 0.011737089201877934 0.025423728813559324 0.023474178403755867
3 0.559322033898305 0.011737089201877934 0.022033898305084745 0.023474178403755867
3 0.22090395480225988 0.4847417840375587 0.07344632768361582 0.02112676056338028
3 0.23559322033898306 0.5762910798122066 0.10282485875706214 0.02112676056338028
3 0.21581920903954802 0.6044600938967136 0.06384180790960452 0.02112676056338028
3 0.23220338983050848 0.6326291079812206 0.096045197740113 0.02112676056338028
3 0.23559322033898306 0.6607981220657277 0.10282485875706214 0.02112676056338028
3 0.24293785310734464 0.6889671361502347 0.11751412429378531 0.02112676056338028
3 0.22259887005649717 0.7171361502347418 0.07740112994350283 0.02112676056338028
3 0.20225988700564973 0.7453051643192489 0.03672316384180791 0.02112676056338028
3 0.19378531073446328 0.7734741784037559 0.0192090395480226 0.02112676056338028
3 0.1943502824858757 0.8650234741784038 0.020338983050847456 0.02112676056338028
3 0.2033898305084746 0.9565727699530516 0.0384180790960452 0.02112676056338028
3 0.22994350282485876 0.9847417840375586 0.09209039548022599 0.02112676056338028
3 0.27175141242937856 0.4847417840375587 0.023163841807909605 0.02112676056338028
3 0.303954802259887 0.5762910798122066 0.02824858757062147 0.02112676056338028
3 0.26440677966101694 0.6044600938967136 0.02598870056497175 0.02112676056338028
3 0.29491525423728815 0.6326291079812206 0.023163841807909605 0.02112676056338028
3 0.3016949152542373 0.6607981220657277 0.023163841807909605 0.02112676056338028
3 0.3163841807909605 0.6889671361502347 0.023163841807909605 0.02112676056338028
3 0.2734463276836158 0.7171361502347418 0.01694915254237288 0.02112676056338028
3 0.22994350282485876 0.7453051643192489 0.012429378531073447 0.02112676056338028
3 0.21468926553672316 0.7734741784037559 0.01694915254237288 0.02112676056338028
3 0.21977401129943502 0.8650234741784038 0.024858757062146894 0.02112676056338028
3 0.23672316384180792 0.9565727699530516 0.022598870056497175 0.02112676056338028
3 0.29152542372881357 0.9847417840375586 0.025423728813559324 0.02112676056338028
3 0.2248587570621469 0.0035211267605633804 0.0655367231638418 0.007042253521126761
3 0.22033898305084745 0.01643192488262911 0.06497175141242938 0.023474178403755867
3 0.21638418079096045 0.12441314553990611 0.06497175141242938 0.023474178403755867