0 0.7802259887005649 0.15375586854460094 0.06384180790960452 0.01643192488262911
0 0.6734463276836158 0.545774647887324 0.04067796610169491 0.03051643192488263
0 0.6666666666666666 0.7816901408450704 0.02768361581920904 0.03051643192488263
1 0.4124293785310734 0.31572769953051644 0.0903954802259887 0.18779342723004694
1 0.4124293785310734 0.5516431924882629 0.0903954802259887 0.18779342723004694
1 0.4124293785310734 0.7875586854460094 0.0903954802259887 0.18779342723004694
3 0.49322033898305084 0.323943661971831 0.04463276836158192 0.022300469483568074
3 0.49322033898305084 0.5598591549295775 0.04463276836158192 0.022300469483568074
3 0.6406779661016949 0.545774647887324 0.020338983050847456 0.02112676056338028
3 0.503954802259887 0.795774647887324 0.06610169491525424 0.022300469483568074
3 0.6406779661016949 0.7816901408450704 0.020338983050847456 0.02112676056338028
3 0.6480225988700565 0.9683098591549296 0.35423728813559324 0.01643192488262911
3 0.2672316384180791 0.19131455399061034 0.15706214689265538 0.035211267605633804
3 0.6480225988700565 0.23708920187793428 0.35423728813559324 0.03051643192488263
3 0.6480225988700565 0.47300469483568075 0.35423728813559324 0.03051643192488263
3 0.6480225988700565 0.7089201877934272 0.35423728813559324 0.03051643192488263
3 0.6480225988700565 0.9448356807511737 0.35423728813559324 0.03051643192488263
3 0.3649717514124294 0.03051643192488263 0.025423728813559324 0.023474178403755867
3 0.40225988700564974 0.03051643192488263 0.02824858757062147 0.023474178403755867
3 0.4519774011299435 0.03051643192488263 0.05084745762711865 0.023474178403755867
3 0.4971751412429379 0.03051643192488263 0.01977401129943503 0.023474178403755867
3 0.5299435028248588 0.03051643192488263 0.025423728813559324 0.023474178403755867
3 0.5638418079096045 0.03051643192488263 0.022033898305084745 0.023474178403755867
3 0.22542372881355932 0.5035211267605634 0.07344632768361582 0.02112676056338028
3 0.2401129943502825 0.5950704225352113 0.10282485875706214 0.02112676056338028
3 0.22033898305084745 0.6232394366197183 0.06384180790960452 0.02112676056338028
3 0.23672316384180792 0.6514084507042254 0.096045197740113 0.02112676056338028
3 0.2401129943502825 0.6795774647887324 0.10282485875706214 0.02112676056338028
3 0.24745762711864408 0.7077464788732394 0.11751412429378531 0.02112676056338028
3 0.2271186440677966 0.7359154929577465 0.07740112994350283 0.02112676056338028
3 0.20677966101694914 0.7640845070422535 0.03672316384180791 0.02112676056338028
3 0.19830508474576272 0.7922535211267606 0.0192090395480226 0.02112676056338028
3 0.19887005649717515 0.8838028169014085 0.020338983050847456 0.02112676056338028
3 0.207909604519774 0.9753521126760564 0.0384180790960452 0.02112676056338028
3 0.2344632768361582 0.9958920187793427 0.09265536723163842 0.005868544600938967
3 0.27627118644067794 0.5035211267605634 0.023163841807909605 0.02112676056338028
3 0.30847457627118646 0.5950704225352113 0.02824858757062147 0.02112676056338028
3 0.2689265536723164 0.6232394366197183 0.02598870056497175 0.02112676056338028
3 0.2994350282485876 0.6514084507042254 0.023163841807909605 0.02112676056338028
3 0.30621468926553674 0.6795774647887324 0.023163841807909605 0.02112676056338028
3 0.32090395480225986 0.7077464788732394 0.023163841807909605 0.02112676056338028
3 0.27796610169491526 0.7359154929577465 0.01694915254237288 0.02112676056338028
3 0.2344632768361582 0.7640845070422535 0.012429378531073447 0.02112676056338028
3 0.2192090395480226 0.7922535211267606 0.01694915254237288 0.02112676056338028
3 0.22429378531073446 0.8838028169014085 0.024858757062146894 0.02112676056338028
3 0.24124293785310735 0.9753521126760564 0.022598870056497175 0.02112676056338028
3 0.296045197740113 0.9958920187793427 0.02598870056497175 0.005868544600938967
3 0.22937853107344633 0.012910798122065728 0.06497175141242938 0.023474178403755867
3 0.2248587570621469 0.035211267605633804 0.06497175141242938 0.023474178403755867
3 0.22090395480225988 0.1431924882629108 0.06497175141242938 0.023474178403755867