0 0.5793650793650794 0.023076923076923078 0.02433862433862434 0.04285714285714286
0 0.726984126984127 0.1956043956043956 0.059788359788359786 0.015384615384615385
0 0.626984126984127 0.5626373626373626 0.0380952380952381 0.02857142857142857
0 0.6206349206349207 0.7835164835164835 0.025925925925925925 0.02857142857142857
1 0.7111111111111111 0.024175824175824177 0.17989417989417988 0.04285714285714286
1 0.3825396825396825 0.34725274725274724 0.08465608465608465 0.17582417582417584
1 0.3825396825396825 0.5681318681318681 0.08465608465608465 0.17582417582417584
1 0.3825396825396825 0.789010989010989 0.08465608465608465 0.17582417582417584
1 0.21216931216931217 0.024175824175824177 0.07089947089947089 0.03736263736263736
2 0.43333333333333335 0.023076923076923078 0.3164021164021164 0.04285714285714286
2 0.4582010582010582 0.023076923076923078 0.007407407407407408 0.015384615384615385
3 0.5068783068783069 0.024175824175824177 0.12116402116402117 0.02857142857142857
3 0.4582010582010582 0.35494505494505496 0.0417989417989418 0.020879120879120878
3 0.4582010582010582 0.5758241758241758 0.0417989417989418 0.020879120879120878
3 0.5962962962962963 0.5626373626373626 0.01904761904761905 0.01978021978021978
3 0.46825396825396826 0.7967032967032966 0.06190476190476191 0.020879120879120878
3 0.5962962962962963 0.7835164835164835 0.01904761904761905 0.01978021978021978
3 0.6031746031746031 0.9582417582417583 0.33174603174603173 0.015384615384615385
3 0.5121693121693122 0.023076923076923078 0.09576719576719576 0.02197802197802198
3 0.5121693121693122 0.023076923076923078 0.09576719576719576 0.02197802197802198
3 0.24656084656084656 0.23076923076923078 0.14708994708994708 0.03296703296703297
3 0.6031746031746031 0.27362637362637365 0.33174603174603173 0.02857142857142857
3 0.6031746031746031 0.4945054945054945 0.33174603174603173 0.02857142857142857
3 0.6031746031746031 0.7153846153846154 0.33174603174603173 0.02857142857142857
3 0.6031746031746031 0.9362637362637363 0.33174603174603173 0.02857142857142857
3 0.3380952380952381 0.08021978021978023 0.023809523809523808 0.02197802197802198
3 0.373015873015873 0.08021978021978023 0.026455026455026454 0.02197802197802198
3 0.4195767195767196 0.08021978021978023 0.047619047619047616 0.02197802197802198
3 0.46190476190476193 0.08021978021978023 0.018518518518518517 0.02197802197802198
3 0.4925925925925926 0.08021978021978023 0.023809523809523808 0.02197802197802198
3 0.5243386243386243 0.08021978021978023 0.020634920634920634 0.02197802197802198
3 0.2074074074074074 0.5230769230769231 0.06878306878306878 0.01978021978021978
3 0.22116402116402117 0.6087912087912087 0.0962962962962963 0.01978021978021978
3 0.20264550264550266 0.6351648351648351 0.059788359788359786 0.01978021978021978
3 0.21798941798941798 0.6615384615384615 0.08994708994708994 0.01978021978021978
3 0.22116402116402117 0.6879120879120879 0.0962962962962963 0.01978021978021978
3 0.22804232804232805 0.7142857142857143 0.11005291005291006 0.01978021978021978
3 0.20899470899470898 0.7406593406593407 0.07248677248677249 0.01978021978021978
3 0.18994708994708995 0.7670329670329671 0.03439153439153439 0.01978021978021978
3 0.182010582010582 0.7934065934065934 0.01798941798941799 0.01978021978021978
3 0.18253968253968253 0.8791208791208791 0.01904761904761905 0.01978021978021978
3 0.191005291005291 0.9648351648351648 0.03597883597883598 0.01978021978021978
3 0.21587301587301588 0.9901098901098901 0.08677248677248678 0.017582417582417582
3 0.25502645502645505 0.5230769230769231 0.021693121693121695 0.01978021978021978
3 0.2851851851851852 0.6087912087912087 0.026455026455026454 0.01978021978021978
3 0.24814814814814815 0.6351648351648351 0.02433862433862434 0.01978021978021978
3 0.2767195767195767 0.6615384615384615 0.021693121693121695 0.01978021978021978
3 0.2830687830687831 0.6879120879120879 0.021693121693121695 0.01978021978021978
3 0.2968253968253968 0.7142857142857143 0.021693121693121695 0.01978021978021978
3 0.2566137566137566 0.7406593406593407 0.015873015873015872 0.01978021978021978
3 0.21587301587301588 0.7670329670329671 0.01164021164021164 0.01978021978021978
3 0.2015873015873016 0.7934065934065934 0.015873015873015872 0.01978021978021978
3 0.20634920634920634 0.8791208791208791 0.02328042328042328 0.01978021978021978
3 0.2222222222222222 0.9648351648351648 0.021164021164021163 0.01978021978021978
3 0.27354497354497354 0.9901098901098901 0.02433862433862434 0.017582417582417582
3 0.2111111111111111 0.06373626373626373 0.06084656084656084 0.02197802197802198
3 0.20687830687830688 0.08461538461538462 0.06084656084656084 0.02197802197802198
3 0.20317460317460317 0.18571428571428572 0.06084656084656084 0.02197802197802198