0 0.584375 0.02918918918918919 0.023958333333333335 0.04216216216216216
0 0.7296875 0.16324324324324324 0.058854166666666666 0.015135135135135135
1 0.7140625 0.03027027027027027 0.17708333333333334 0.04216216216216216
1 0.390625 0.3124324324324324 0.08333333333333333 0.17297297297297298
1 0.390625 0.534054054054054 0.08333333333333333 0.17297297297297298
1 0.390625 0.7513513513513513 0.08333333333333333 0.17297297297297298
1 0.22291666666666668 0.03027027027027027 0.06979166666666667 0.036756756756756756
2 0.440625 0.02918918918918919 0.31145833333333334 0.04216216216216216
2 0.4739583333333333 0.02918918918918919 0.007291666666666667 0.015135135135135135
3 0.5177083333333333 0.03027027027027027 0.11041666666666666 0.02810810810810811
3 0.46510416666666665 0.37945945945945947 0.04114583333333333 0.02054054054054054
3 0.46510416666666665 0.5805405405405405 0.04114583333333333 0.02054054054054054
3 0.6078125 0.7005405405405405 0.3265625 0.015135135135135135
3 0.475 0.7935135135135135 0.0609375 0.02054054054054054
3 0.6078125 0.9178378378378378 0.3265625 0.015135135135135135
3 0.5229166666666667 0.02918918918918919 0.08541666666666667 0.021621621621621623
3 0.5229166666666667 0.02918918918918919 0.08541666666666667 0.021621621621621623
3 0.25677083333333334 0.19783783783783784 0.14479166666666668 0.032432432432432434
3 0.6078125 0.2789189189189189 0.3265625 0.02810810810810811
3 0.6078125 0.5005405405405405 0.3265625 0.02810810810810811
3 0.6078125 0.6789189189189189 0.3265625 0.02810810810810811
3 0.6078125 0.8962162162162162 0.3265625 0.02810810810810811
3 0.346875 0.08540540540540541 0.0234375 0.021621621621621623
3 0.38125 0.08540540540540541 0.026041666666666668 0.021621621621621623
3 0.4270833333333333 0.08540540540540541 0.046875 0.021621621621621623
3 0.46875 0.08540540540540541 0.018229166666666668 0.021621621621621623
3 0.49895833333333334 0.08540540540540541 0.0234375 0.021621621621621623
3 0.5302083333333333 0.08540540540540541 0.0203125 0.021621621621621623
3 0.21822916666666667 0.4854054054054054 0.06770833333333333 0.01945945945945946
3 0.21614583333333334 0.5697297297297297 0.06354166666666666 0.01945945945945946
3 0.2171875 0.5956756756756757 0.065625 0.01945945945945946
3 0.21875 0.6216216216216216 0.06927083333333334 0.01945945945945946
3 0.21822916666666667 0.6475675675675676 0.06770833333333333 0.01945945945945946
3 0.22604166666666667 0.6735135135135135 0.08385416666666666 0.01945945945945946
3 0.23177083333333334 0.6994594594594594 0.0953125 0.01945945945945946
3 0.23541666666666666 0.7254054054054054 0.10260416666666666 0.01945945945945946
3 0.22239583333333332 0.7513513513513513 0.0765625 0.01945945945945946
3 0.22447916666666667 0.7772972972972974 0.08072916666666667 0.01945945945945946
3 0.19375 0.8908108108108108 0.01875 0.01945945945945946
3 0.20208333333333334 0.9751351351351352 0.035416666666666666 0.01945945945945946
3 0.265625 0.4854054054054054 0.021875 0.01945945945945946
3 0.2635416666666667 0.5697297297297297 0.025520833333333333 0.01945945945945946
3 0.26510416666666664 0.5956756756756757 0.025520833333333333 0.01945945945945946
3 0.26979166666666665 0.6216216216216216 0.027604166666666666 0.01945945945945946
3 0.2671875 0.6475675675675676 0.023958333333333335 0.01945945945945946
3 0.2833333333333333 0.6735135135135135 0.025520833333333333 0.01945945945945946
3 0.2947916666666667 0.6994594594594594 0.025520833333333333 0.01945945945945946
3 0.3015625 0.7254054054054054 0.022916666666666665 0.01945945945945946
3 0.2734375 0.7513513513513513 0.01875 0.01945945945945946
3 0.278125 0.7772972972972974 0.020833333333333332 0.01945945945945946
3 0.21666666666666667 0.8908108108108108 0.021875 0.01945945945945946
3 0.23645833333333333 0.9751351351351352 0.028125 0.01945945945945946
3 0.221875 0.06918918918918919 0.059895833333333336 0.021621621621621623
3 0.21770833333333334 0.08972972972972973 0.059895833333333336 0.021621621621621623
3 0.2140625 0.1535135135135135 0.059895833333333336 0.021621621621621623