1 0.15914351851851852 0.2668269230769231 0.03935185185185185 0.08173076923076923
1 0.16666666666666666 0.4807692307692308 0.05497685185185185 0.042067307692307696
1 0.2361111111111111 0.4807692307692308 0.05497685185185185 0.042067307692307696
3 0.3055555555555556 0.2920673076923077 0.2349537037037037 0.02403846153846154
3 0.4866898148148148 0.43028846153846156 0.6944444444444444 0.02403846153846154
3 0.4866898148148148 0.5384615384615384 0.6944444444444444 0.02403846153846154
3 0.4866898148148148 0.6730769230769231 0.6944444444444444 0.02403846153846154
3 0.4866898148148148 0.12860576923076922 0.6944444444444444 0.04927884615384615
3 0.3055555555555556 0.25721153846153844 0.2349537037037037 0.03125
3 0.4866898148148148 0.3954326923076923 0.6944444444444444 0.03125
3 0.4866898148148148 0.6382211538461539 0.6944444444444444 0.03125
3 0.4866898148148148 0.8088942307692307 0.6944444444444444 0.03125
3 0.3211805555555556 0.002403846153846154 0.02662037037037037 0.004807692307692308
3 0.35966435185185186 0.002403846153846154 0.029513888888888888 0.004807692307692308
3 0.4105902777777778 0.002403846153846154 0.052662037037037035 0.004807692307692308
3 0.45717592592592593 0.002403846153846154 0.020833333333333332 0.004807692307692308
3 0.49074074074074076 0.002403846153846154 0.02662037037037037 0.004807692307692308
3 0.5248842592592593 0.002403846153846154 0.023148148148148147 0.004807692307692308
3 0.17824074074074073 0.004807692307692308 0.06712962962962964 0.009615384615384616