0 0.5876373626373627 0.010273972602739725 0.025824175824175823 0.02054794520547945
1 0.7244505494505494 0.010844748858447488 0.18736263736263736 0.021689497716894976
1 0.1945054945054945 0.16095890410958905 0.05274725274725275 0.07990867579908675
1 0.19065934065934065 0.3447488584474886 0.024175824175824177 0.0502283105022831
1 0.4 0.6289954337899544 0.367032967032967 0.5342465753424658
1 0.19065934065934065 0.4132420091324201 0.024175824175824177 0.0502283105022831
1 0.19065934065934065 0.4817351598173516 0.024175824175824177 0.0502283105022831
1 0.19065934065934065 0.5502283105022832 0.024175824175824177 0.0502283105022831
1 0.19065934065934065 0.6187214611872146 0.024175824175824177 0.0502283105022831
1 0.19065934065934065 0.6872146118721462 0.024175824175824177 0.0502283105022831
1 0.19065934065934065 0.7557077625570776 0.024175824175824177 0.0502283105022831
1 0.19065934065934065 0.8242009132420092 0.024175824175824177 0.0502283105022831
1 0.2063186813186813 0.009703196347031963 0.07417582417582418 0.019406392694063926
2 0.435989010989011 0.010273972602739725 0.3291208791208791 0.02054794520547945
3 0.6741758241758242 0.610730593607306 0.09725274725274725 0.02054794520547945
3 0.6736263736263737 0.9668949771689498 0.09615384615384616 0.02054794520547945
3 0.19065934065934065 0.363013698630137 0.027472527472527472 0.02511415525114155
3 0.19065934065934065 0.4315068493150685 0.027472527472527472 0.02511415525114155
3 0.19065934065934065 0.5 0.027472527472527472 0.02511415525114155
3 0.19065934065934065 0.5684931506849316 0.027472527472527472 0.02511415525114155
3 0.19065934065934065 0.636986301369863 0.027472527472527472 0.02511415525114155
3 0.19065934065934065 0.7054794520547946 0.027472527472527472 0.02511415525114155
3 0.19065934065934065 0.773972602739726 0.027472527472527472 0.02511415525114155
3 0.19065934065934065 0.8424657534246576 0.027472527472527472 0.02511415525114155
3 0.19065934065934065 0.363013698630137 0.027472527472527472 0.02511415525114155
3 0.19065934065934065 0.4315068493150685 0.027472527472527472 0.02511415525114155
3 0.19065934065934065 0.5 0.027472527472527472 0.02511415525114155
3 0.19065934065934065 0.5684931506849316 0.027472527472527472 0.02511415525114155
3 0.19065934065934065 0.636986301369863 0.027472527472527472 0.02511415525114155
3 0.19065934065934065 0.7054794520547946 0.027472527472527472 0.02511415525114155
3 0.19065934065934065 0.773972602739726 0.027472527472527472 0.02511415525114155
3 0.19065934065934065 0.8424657534246576 0.027472527472527472 0.02511415525114155
3 0.7027472527472527 0.4166666666666667 0.1543956043956044 0.08561643835616438
3 0.7214285714285714 0.6815068493150684 0.15824175824175823 0.0228310502283105
3 0.7214285714285714 0.7054794520547946 0.15824175824175823 0.02054794520547945
3 0.7214285714285714 0.728310502283105 0.15824175824175823 0.02054794520547945
3 0.7214285714285714 0.7511415525114156 0.15824175824175823 0.02054794520547945
3 0.7214285714285714 0.8321917808219178 0.15824175824175823 0.045662100456621
3 0.7214285714285714 0.867579908675799 0.15824175824175823 0.02054794520547945
3 0.6736263736263737 0.9463470319634704 0.09615384615384616 0.019406392694063926
3 0.33681318681318684 0.05707762557077625 0.024725274725274724 0.0228310502283105
3 0.3730769230769231 0.05707762557077625 0.027472527472527472 0.0228310502283105
3 0.42142857142857143 0.05707762557077625 0.04945054945054945 0.0228310502283105
3 0.4653846153846154 0.05707762557077625 0.019230769230769232 0.0228310502283105
3 0.49725274725274726 0.05707762557077625 0.024725274725274724 0.0228310502283105
3 0.5302197802197802 0.05707762557077625 0.02142857142857143 0.0228310502283105
3 0.20494505494505494 0.03995433789954338 0.06318681318681318 0.0228310502283105
3 0.20054945054945056 0.06164383561643835 0.06318681318681318 0.0228310502283105
3 0.2774725274725275 0.2671232876712329 0.06758241758241758 0.01598173515981735
3 0.371978021978022 0.2671232876712329 0.10164835164835165 0.01598173515981735
3 0.4593406593406593 0.2671232876712329 0.053296703296703295 0.01598173515981735
3 0.5302197802197802 0.2671232876712329 0.06813186813186813 0.01598173515981735