0 0.584375 0.02918918918918919 0.023958333333333335 0.04216216216216216
0 0.22552083333333334 0.5167567567567568 0.010416666666666666 0.021621621621621623
0 0.7296875 0.42486486486486486 0.058854166666666666 0.015135135135135135
0 0.2234375 0.20972972972972972 0.04635416666666667 0.04108108108108108
0 0.2864583333333333 0.20972972972972972 0.07552083333333333 0.04108108108108108
1 0.7140625 0.03027027027027027 0.17708333333333334 0.04216216216216216
1 0.20052083333333334 0.8054054054054054 0.028125 0.043243243243243246
1 0.24114583333333334 0.8054054054054054 0.028125 0.043243243243243246
1 0.28177083333333336 0.8054054054054054 0.028125 0.043243243243243246
1 0.20052083333333334 0.8681081081081081 0.028125 0.043243243243243246
1 0.24114583333333334 0.8681081081081081 0.028125 0.043243243243243246
1 0.28177083333333336 0.8681081081081081 0.028125 0.043243243243243246
1 0.41041666666666665 0.6194594594594595 0.14791666666666667 0.307027027027027
1 0.5666666666666667 0.6194594594594595 0.14791666666666667 0.307027027027027
1 0.7229166666666667 0.6194594594594595 0.14791666666666667 0.307027027027027
2 0.440625 0.02918918918918919 0.31145833333333334 0.04216216216216216
2 0.49322916666666666 0.02918918918918919 0.007291666666666667 0.015135135135135135
3 0.1828125 0 0 0
3 0.22291666666666668 0.03027027027027027 0.06979166666666667 0.036756756756756756
3 0.6729166666666667 0.08540540540540541 0.057291666666666664 0.021621621621621623
3 0.71875 0.08540540540540541 0.034375 0.021621621621621623
3 0.7609375 0.08540540540540541 0.050520833333333334 0.021621621621621623
3 0.21770833333333334 0.07783783783783783 0.06927083333333334 0.043243243243243246
3 0.30520833333333336 0.08540540540540541 0.04114583333333333 0.021621621621621623
3 0.346875 0.08540540540540541 0.0234375 0.021621621621621623
3 0.38125 0.08540540540540541 0.026041666666666668 0.021621621621621623
3 0.4270833333333333 0.08540540540540541 0.046875 0.021621621621621623
3 0.46875 0.08540540540540541 0.018229166666666668 0.021621621621621623
3 0.49895833333333334 0.08540540540540541 0.0234375 0.021621621621621623
3 0.5302083333333333 0.08540540540540541 0.0203125 0.021621621621621623
3 0.7963541666666667 0.08324324324324324 0.013020833333333334 0.022702702702702703
3 0.7140625 0.03351351351351351 0.17708333333333334 0.04756756756756757
3 0.20885416666666667 0.5167567567567568 0.049479166666666664 0.02810810810810811
3 0.29322916666666665 0.6043243243243244 0.016666666666666666 0.017297297297297298
3 0.29322916666666665 0.6756756756756757 0.016666666666666666 0.017297297297297298
3 0.20104166666666667 0.8075675675675675 0.029166666666666667 0.04864864864864865
3 0.24166666666666667 0.8075675675675675 0.029166666666666667 0.04864864864864865
3 0.28229166666666666 0.8075675675675675 0.029166666666666667 0.04864864864864865
3 0.20104166666666667 0.8702702702702703 0.029166666666666667 0.04864864864864865
3 0.24166666666666667 0.8702702702702703 0.029166666666666667 0.04864864864864865
3 0.28229166666666666 0.8702702702702703 0.029166666666666667 0.04864864864864865
3 0.19947916666666668 0.9167567567567567 0.030729166666666665 0.021621621621621623
3 0.7807291666666667 0.42702702702702705 0.008333333333333333 0.017297297297297298
3 0.7932291666666667 0.42702702702702705 0.008333333333333333 0.017297297297297298
3 0.41041666666666665 0.6194594594594595 0.14791666666666667 0.307027027027027
3 0.41041666666666665 0.8832432432432432 0.14791666666666667 0.21945945945945947
3 0.5666666666666667 0.6194594594594595 0.14791666666666667 0.307027027027027
3 0.5666666666666667 0.8832432432432432 0.14791666666666667 0.21945945945945947
3 0.7229166666666667 0.6194594594594595 0.14791666666666667 0.307027027027027
3 0.7229166666666667 0.8832432432432432 0.14791666666666667 0.21945945945945947
3 0.5270833333333333 0.03027027027027027 0.09114583333333333 0.02810810810810811
3 0.3651041666666667 0.8810810810810811 0.03697916666666667 0.015135135135135135
3 0.41041666666666665 0.9491891891891892 0.12708333333333333 0.014054054054054054
3 0.5213541666666667 0.8627027027027027 0.03697916666666667 0.015135135135135135
3 0.6890625 0.8648648648648649 0.059895833333333336 0.02054054054054054
3 0.5322916666666667 0.02918918918918919 0.06614583333333333 0.021621621621621623
3 0.5322916666666667 0.02918918918918919 0.06614583333333333 0.021621621621621623
3 0.25677083333333334 0.4454054054054054 0.14479166666666668 0.032432432432432434
3 0.41041666666666665 0.9210810810810811 0.12708333333333333 0.03891891891891892
3 0.5666666666666667 0.9027027027027027 0.12708333333333333 0.03891891891891892
3 0.7229166666666667 0.9081081081081082 0.12708333333333333 0.03891891891891892
3 0.26875 0.1545945945945946 0.13697916666666668 0.043243243243243246