0 0.760989010989011 0.11986301369863013 0.06208791208791209 0.01598173515981735
1 0.4032967032967033 0.2773972602739726 0.08791208791208792 0.182648401826484
1 0.4032967032967033 0.5068493150684932 0.08791208791208792 0.182648401826484
1 0.4032967032967033 0.7363013698630136 0.08791208791208792 0.182648401826484
3 0.4818681318681319 0.2853881278538813 0.043406593406593405 0.021689497716894976
3 0.4818681318681319 0.5559360730593608 0.043406593406593405 0.021689497716894976
3 0.4818681318681319 0.7442922374429224 0.043406593406593405 0.021689497716894976
3 0.4818681318681319 0.973744292237443 0.043406593406593405 0.021689497716894976
3 0.2620879120879121 0.15639269406392695 0.15274725274725276 0.03424657534246575
3 0.6324175824175824 0.2009132420091324 0.3445054945054945 0.02968036529680365
3 0.6324175824175824 0.4714611872146119 0.3445054945054945 0.02968036529680365
3 0.6324175824175824 0.6598173515981736 0.3445054945054945 0.02968036529680365
3 0.6324175824175824 0.889269406392694 0.3445054945054945 0.02968036529680365
3 0.35714285714285715 0.03767123287671233 0.024725274725274724 0.0228310502283105
3 0.3934065934065934 0.03767123287671233 0.027472527472527472 0.0228310502283105
3 0.44175824175824174 0.03767123287671233 0.04945054945054945 0.0228310502283105
3 0.4857142857142857 0.03767123287671233 0.019230769230769232 0.0228310502283105
3 0.5175824175824176 0.03767123287671233 0.024725274725274724 0.0228310502283105
3 0.5505494505494506 0.03767123287671233 0.02142857142857143 0.0228310502283105
3 0.22142857142857142 0.4600456621004566 0.07142857142857142 0.02054794520547945
3 0.22032967032967032 0.5490867579908676 0.06923076923076923 0.02054794520547945
3 0.22527472527472528 0.5764840182648402 0.07967032967032966 0.02054794520547945
3 0.2357142857142857 0.6038812785388128 0.10054945054945055 0.02054794520547945
3 0.22142857142857142 0.6312785388127854 0.07142857142857142 0.02054794520547945
3 0.22967032967032966 0.658675799086758 0.08846153846153847 0.02054794520547945
3 0.22197802197802197 0.6860730593607306 0.07307692307692308 0.02054794520547945
3 0.2010989010989011 0.7134703196347032 0.03076923076923077 0.02054794520547945
3 0.22582417582417583 0.7408675799086758 0.08076923076923077 0.02054794520547945
3 0.23956043956043957 0.7682648401826484 0.10824175824175825 0.02054794520547945
3 0.1956043956043956 0.8881278538812786 0.01978021978021978 0.02054794520547945
3 0.2043956043956044 0.9771689497716894 0.03736263736263736 0.02054794520547945
3 0.26703296703296703 0.4600456621004566 0.014835164835164835 0.02054794520547945
3 0.26593406593406593 0.5490867579908676 0.01703296703296703 0.02054794520547945
3 0.2741758241758242 0.5764840182648402 0.012637362637362638 0.02054794520547945
3 0.29725274725274725 0.6038812785388128 0.016483516483516484 0.02054794520547945
3 0.2664835164835165 0.6312785388127854 0.012637362637362638 0.02054794520547945
3 0.28406593406593406 0.658675799086758 0.014285714285714285 0.02054794520547945
3 0.2681318681318681 0.6860730593607306 0.013736263736263736 0.02054794520547945
3 0.22527472527472528 0.7134703196347032 0.012637362637362638 0.02054794520547945
3 0.2752747252747253 0.7408675799086758 0.011538461538461539 0.02054794520547945
3 0.3032967032967033 0.7682648401826484 0.012087912087912088 0.02054794520547945
3 0.21593406593406594 0.8881278538812786 0.015384615384615385 0.02054794520547945
3 0.23626373626373626 0.9771689497716894 0.020879120879120878 0.02054794520547945
3 0.22527472527472528 0.02054794520547945 0.06318681318681318 0.0228310502283105
3 0.22087912087912087 0.04223744292237443 0.06318681318681318 0.0228310502283105
3 0.21703296703296704 0.1095890410958904 0.06318681318681318 0.0228310502283105