0 0.625 0.005841121495327103 0.026404494382022473 0.011682242990654205
0 0.7814606741573034 0.13317757009345793 0.06348314606741573 0.016355140186915886
1 0.7648876404494382 0.006425233644859813 0.19157303370786516 0.012850467289719626
1 0.4157303370786517 0.29439252336448596 0.0898876404494382 0.18691588785046728
1 0.4157303370786517 0.5292056074766355 0.0898876404494382 0.18691588785046728
1 0.4157303370786517 0.764018691588785 0.0898876404494382 0.18691588785046728
1 0.2351123595505618 0.005257009345794392 0.07584269662921349 0.010514018691588784
2 0.4699438202247191 0.005841121495327103 0.3365168539325843 0.011682242990654205
3 0.4960674157303371 0.30257009345794394 0.044382022471910115 0.02219626168224299
3 0.65 0.4742990654205608 0.35224719101123597 0.016355140186915886
3 0.4960674157303371 0.5537383177570093 0.044382022471910115 0.02219626168224299
3 0.4960674157303371 0.772196261682243 0.044382022471910115 0.02219626168224299
3 0.2713483146067416 0.1705607476635514 0.15617977528089888 0.035046728971962614
3 0.65 0.2161214953271028 0.35224719101123597 0.030373831775700934
3 0.65 0.45093457943925236 0.35224719101123597 0.030373831775700934
3 0.65 0.6857476635514018 0.35224719101123597 0.030373831775700934
3 0.65 0.9205607476635514 0.35224719101123597 0.030373831775700934
3 0.3685393258426966 0.04906542056074766 0.025280898876404494 0.02336448598130841
3 0.40561797752808987 0.04906542056074766 0.028089887640449437 0.02336448598130841
3 0.4550561797752809 0.04906542056074766 0.05056179775280899 0.02336448598130841
3 0.5 0.04906542056074766 0.019662921348314606 0.02336448598130841
3 0.5325842696629214 0.04906542056074766 0.025280898876404494 0.02336448598130841
3 0.5662921348314607 0.04906542056074766 0.021910112359550562 0.02336448598130841
3 0.22977528089887642 0.48130841121495327 0.07303370786516854 0.02102803738317757
3 0.22865168539325842 0.572429906542056 0.07078651685393259 0.02102803738317757
3 0.2443820224719101 0.6004672897196262 0.10280898876404494 0.02102803738317757
3 0.23651685393258426 0.6285046728971962 0.08707865168539326 0.02102803738317757
3 0.2303370786516854 0.6565420560747663 0.0747191011235955 0.02102803738317757
3 0.24831460674157305 0.6845794392523364 0.11067415730337078 0.02102803738317757
3 0.22977528089887642 0.7126168224299065 0.07303370786516854 0.02102803738317757
3 0.24213483146067416 0.7406542056074766 0.09831460674157304 0.02102803738317757
3 0.20786516853932585 0.7686915887850467 0.029213483146067417 0.02102803738317757
3 0.24213483146067416 0.7967289719626168 0.09775280898876404 0.02102803738317757
3 0.20337078651685395 0.919392523364486 0.020224719101123594 0.02102803738317757
3 0.2752808988764045 0.48130841121495327 0.012359550561797753 0.02102803738317757
3 0.27191011235955054 0.572429906542056 0.010112359550561797 0.02102803738317757
3 0.30730337078651687 0.6004672897196262 0.01741573033707865 0.02102803738317757
3 0.28707865168539326 0.6285046728971962 0.007865168539325843 0.02102803738317757
3 0.2747191011235955 0.6565420560747663 0.007865168539325843 0.02102803738317757
3 0.3112359550561798 0.6845794392523364 0.008426966292134831 0.02102803738317757
3 0.2735955056179775 0.7126168224299065 0.008426966292134831 0.02102803738317757
3 0.29775280898876405 0.7406542056074766 0.006179775280898876 0.02102803738317757
3 0.22808988764044943 0.7686915887850467 0.0056179775280898875 0.02102803738317757
3 0.29719101123595504 0.7967289719626168 0.006179775280898876 0.02102803738317757
3 0.22359550561797753 0.919392523364486 0.015168539325842697 0.02102803738317757
3 0.23370786516853934 0.03154205607476635 0.06460674157303371 0.02336448598130841
3 0.2292134831460674 0.053738317757009345 0.06460674157303371 0.02336448598130841
3 0.22528089887640448 0.12266355140186916 0.06460674157303371 0.02336448598130841