0 0.5954545454545455 0.016666666666666666 0.025133689839572194 0.03333333333333333
0 0.7443850267379679 0.14888888888888888 0.06042780748663101 0.015555555555555555
1 0.7286096256684492 0.017222222222222222 0.18235294117647058 0.034444444444444444
1 0.3962566844919786 0.3022222222222222 0.0855614973262032 0.17777777777777778
1 0.3962566844919786 0.5255555555555556 0.0855614973262032 0.17777777777777778
1 0.3962566844919786 0.7488888888888889 0.0855614973262032 0.17777777777777778
1 0.22433155080213904 0.01611111111111111 0.07219251336898395 0.03222222222222222
2 0.44786096256684493 0.016666666666666666 0.32032085561497325 0.03333333333333333
2 0.4818181818181818 0.011111111111111112 0.0074866310160427805 0.015555555555555555
3 0.5270053475935829 0.013888888888888888 0.11390374331550802 0.027777777777777776
3 0.4727272727272727 0.31 0.04224598930481283 0.021111111111111112
3 0.6192513368983957 0.47333333333333333 0.3352941176470588 0.015555555555555555
3 0.4727272727272727 0.5488888888888889 0.04224598930481283 0.021111111111111112
3 0.4727272727272727 0.7566666666666667 0.04224598930481283 0.021111111111111112
3 0.4727272727272727 0.98 0.04224598930481283 0.021111111111111112
3 0.5320855614973262 0.011111111111111112 0.0877005347593583 0.022222222222222223
3 0.5320855614973262 0.011111111111111112 0.0877005347593583 0.022222222222222223
3 0.25882352941176473 0.18444444444444444 0.14866310160427806 0.03333333333333333
3 0.6192513368983957 0.22777777777777777 0.3352941176470588 0.028888888888888888
3 0.6192513368983957 0.45111111111111113 0.3352941176470588 0.028888888888888888
3 0.6192513368983957 0.6744444444444444 0.3352941176470588 0.028888888888888888
3 0.6192513368983957 0.8977777777777778 0.3352941176470588 0.028888888888888888
3 0.3513368983957219 0.06888888888888889 0.02406417112299465 0.022222222222222223
3 0.3866310160427808 0.06888888888888889 0.026737967914438502 0.022222222222222223
3 0.43368983957219254 0.06888888888888889 0.0481283422459893 0.022222222222222223
3 0.4764705882352941 0.06888888888888889 0.01871657754010695 0.022222222222222223
3 0.5074866310160427 0.06888888888888889 0.02406417112299465 0.022222222222222223
3 0.539572192513369 0.06888888888888889 0.02085561497326203 0.022222222222222223
3 0.2192513368983957 0.48 0.06951871657754011 0.02
3 0.21818181818181817 0.5666666666666667 0.06737967914438503 0.02
3 0.23315508021390374 0.5933333333333334 0.09786096256684491 0.02
3 0.22566844919786097 0.62 0.08288770053475936 0.02
3 0.2197860962566845 0.6466666666666666 0.07112299465240642 0.02
3 0.23689839572192514 0.6733333333333333 0.1053475935828877 0.02
3 0.2192513368983957 0.7 0.06951871657754011 0.02
3 0.23101604278074866 0.7266666666666667 0.09358288770053476 0.02
3 0.1983957219251337 0.7533333333333333 0.027807486631016044 0.02
3 0.23101604278074866 0.78 0.09304812834224599 0.02
3 0.19411764705882353 0.8966666666666666 0.019251336898395723 0.02
3 0.20267379679144384 0.9833333333333333 0.03636363636363636 0.02
3 0.2625668449197861 0.48 0.011764705882352941 0.02
3 0.25935828877005346 0.5666666666666667 0.009625668449197862 0.02
3 0.293048128342246 0.5933333333333334 0.016577540106951873 0.02
3 0.2737967914438503 0.62 0.0074866310160427805 0.02
3 0.2620320855614973 0.6466666666666666 0.0074866310160427805 0.02
3 0.2967914438502674 0.6733333333333333 0.008021390374331552 0.02
3 0.2609625668449198 0.7 0.008021390374331552 0.02
3 0.2839572192513369 0.7266666666666667 0.0058823529411764705 0.02
3 0.21764705882352942 0.7533333333333333 0.0053475935828877 0.02
3 0.28342245989304815 0.78 0.0058823529411764705 0.02
3 0.21336898395721926 0.8966666666666666 0.014438502673796792 0.02
3 0.23155080213903742 0.9833333333333333 0.016042780748663103 0.02
3 0.2229946524064171 0.052222222222222225 0.06149732620320856 0.022222222222222223
3 0.21871657754010695 0.07333333333333333 0.06149732620320856 0.022222222222222223
3 0.21497326203208555 0.1388888888888889 0.06149732620320856 0.022222222222222223