0 0.6103351955307262 0.0075406032482598605 0.026256983240223464 0.015081206496519721
1 0.7494413407821229 0.008120649651972157 0.19050279329608938 0.016241299303944315
1 0.20670391061452514 0.2273781902552204 0.024581005586592177 0.05104408352668213
1 0.4195530726256983 0.5162412993039444 0.37318435754189944 0.54292343387471
1 0.6620111731843575 0.857308584686775 0.021229050279329607 0.04408352668213457
1 0.6921787709497207 0.8561484918793504 0.0223463687150838 0.04640371229698376
1 0.22262569832402235 0.0069605568445475635 0.07541899441340782 0.013921113689095127
2 0.456145251396648 0.0075406032482598605 0.3346368715083799 0.015081206496519721
3 0.7022346368715083 0.46867749419953597 0.10614525139664804 0.02088167053364269
3 0.7379888268156425 0.8074245939675174 0.1776536312849162 0.024361948955916472
3 0.7089385474860335 0.9605568445475638 0.11955307262569832 0.02088167053364269
3 0.20670391061452514 0.2459396751740139 0.027932960893854747 0.025522041763341066
3 0.20670391061452514 0.2459396751740139 0.027932960893854747 0.025522041763341066
3 0.7273743016759776 0.3004640371229698 0.1569832402234637 0.08700696055684455
3 0.7463687150837989 0.5406032482598608 0.16089385474860335 0.02320185614849188
3 0.7463687150837989 0.5649651972157773 0.16089385474860335 0.02088167053364269
3 0.7463687150837989 0.5986078886310905 0.16089385474860335 0.04176334106728538
3 0.7463687150837989 0.6322505800464037 0.16089385474860335 0.02088167053364269
3 0.7452513966480447 0.703016241299304 0.16256983240223463 0.02320185614849188
3 0.7452513966480447 0.7273781902552204 0.16256983240223463 0.02088167053364269
3 0.7089385474860335 0.9396751740139211 0.11955307262569832 0.019721577726218097
3 0.3553072625698324 0.052204176334106726 0.025139664804469275 0.02320185614849188
3 0.39217877094972065 0.052204176334106726 0.027932960893854747 0.02320185614849188
3 0.441340782122905 0.052204176334106726 0.05027932960893855 0.02320185614849188
3 0.4860335195530726 0.052204176334106726 0.019553072625698324 0.02320185614849188
3 0.5184357541899441 0.052204176334106726 0.025139664804469275 0.02320185614849188
3 0.5519553072625698 0.052204176334106726 0.021787709497206705 0.02320185614849188
3 0.2212290502793296 0.03480278422273782 0.06424581005586592 0.02320185614849188
3 0.21675977653631284 0.0568445475638051 0.06424581005586592 0.02320185614849188
3 0.2837988826815642 0.154292343387471 0.06424581005586592 0.016241299303944315
3 0.36312849162011174 0.154292343387471 0.07430167597765364 0.016241299303944315
3 0.46145251396648046 0.154292343387471 0.10167597765363129 0.016241299303944315