0 0.5831578947368421 0.024070021881838075 0.024210526315789474 0.04266958424507659
0 0.73 0.15973741794310722 0.05947368421052632 0.015317286652078774
1 0.7142105263157895 0.02516411378555799 0.17894736842105263 0.04266958424507659
1 0.3873684210526316 0.31072210065645517 0.08421052631578947 0.175054704595186
1 0.3873684210526316 0.5306345733041575 0.08421052631578947 0.175054704595186
1 0.3873684210526316 0.75054704595186 0.08421052631578947 0.175054704595186
1 0.21789473684210525 0.02516411378555799 0.07052631578947369 0.037199124726477024
2 0.4378947368421053 0.024070021881838075 0.31473684210526315 0.04266958424507659
2 0.4368421052631579 0.024070021881838075 0.007368421052631579 0.015317286652078774
3 0.49842105263157893 0.02516411378555799 0.1463157894736842 0.028446389496717725
3 0.6068421052631578 0.2592997811816193 0.33 0.015317286652078774
3 0.4626315789473684 0.3336980306345733 0.041578947368421056 0.020787746170678335
3 0.6068421052631578 0.47921225382932164 0.33 0.015317286652078774
3 0.4726315789473684 0.5536105032822757 0.06157894736842105 0.020787746170678335
3 0.4626315789473684 0.7582056892778993 0.041578947368421056 0.020787746170678335
3 0.6068421052631578 0.9190371991247265 0.33 0.015317286652078774
3 0.4726315789473684 0.9907002188183808 0.06210526315789474 0.016411378555798686
3 0.5036842105263157 0.024070021881838075 0.12105263157894737 0.02188183807439825
3 0.5036842105263157 0.024070021881838075 0.12105263157894737 0.02188183807439825
3 0.2521052631578947 0.21663019693654267 0.1463157894736842 0.03282275711159737
3 0.6068421052631578 0.237417943107221 0.33 0.028446389496717725
3 0.6068421052631578 0.4573304157549234 0.33 0.028446389496717725
3 0.6068421052631578 0.6772428884026258 0.33 0.028446389496717725
3 0.6068421052631578 0.8971553610503282 0.33 0.028446389496717725
3 0.3431578947368421 0.08096280087527352 0.02368421052631579 0.02188183807439825
3 0.3778947368421053 0.08096280087527352 0.02631578947368421 0.02188183807439825
3 0.4242105263157895 0.08096280087527352 0.04736842105263158 0.02188183807439825
3 0.4663157894736842 0.08096280087527352 0.018421052631578946 0.02188183807439825
3 0.4968421052631579 0.08096280087527352 0.02368421052631579 0.02188183807439825
3 0.5284210526315789 0.08096280087527352 0.020526315789473684 0.02188183807439825
3 0.2131578947368421 0.5076586433260394 0.06842105263157895 0.019693654266958426
3 0.22631578947368422 0.5929978118161926 0.09473684210526316 0.019693654266958426
3 0.23 0.6192560175054704 0.10210526315789474 0.019693654266958426
3 0.18789473684210525 0.6455142231947484 0.017894736842105262 0.019693654266958426
3 0.18842105263157893 0.7308533916849015 0.018947368421052633 0.019693654266958426
3 0.1968421052631579 0.8161925601750547 0.035789473684210524 0.019693654266958426
3 0.22157894736842104 0.8424507658643327 0.08578947368421053 0.019693654266958426
3 0.19526315789473683 0.9277899343544858 0.03263157894736842 0.019693654266958426
3 0.2573684210526316 0.5076586433260394 0.014736842105263158 0.019693654266958426
3 0.28578947368421054 0.5929978118161926 0.019473684210526317 0.019693654266958426
3 0.29157894736842105 0.6192560175054704 0.015263157894736841 0.019693654266958426
3 0.2031578947368421 0.6455142231947484 0.007894736842105263 0.019693654266958426
3 0.21105263157894738 0.7308533916849015 0.02157894736842105 0.019693654266958426
3 0.22842105263157894 0.8161925601750547 0.022105263157894735 0.019693654266958426
3 0.2768421052631579 0.8424507658643327 0.019473684210526317 0.019693654266958426
3 0.22578947368421054 0.9277899343544858 0.022105263157894735 0.019693654266958426
3 0.21 0.9540481400437637 0.012105263157894737 0.019693654266958426
3 0.2168421052631579 0.06455142231947483 0.060526315789473685 0.02188183807439825
3 0.21263157894736842 0.08533916849015317 0.060526315789473685 0.02188183807439825
3 0.20894736842105263 0.14989059080962802 0.060526315789473685 0.02188183807439825
3 0.28421052631578947 0.14989059080962802 0.06947368421052631 0.02188183807439825
3 0.23684210526315788 0.17177242888402625 0.09578947368421052 0.02188183807439825