0 0.5925133689839572 0.024444444444444446 0.02459893048128342 0.043333333333333335
0 0.741711229946524 0.1622222222222222 0.06042780748663101 0.015555555555555555
1 0.725668449197861 0.025555555555555557 0.18181818181818182 0.043333333333333335
1 0.39358288770053473 0.31555555555555553 0.0855614973262032 0.17777777777777778
1 0.39358288770053473 0.5388888888888889 0.0855614973262032 0.17777777777777778
1 0.39358288770053473 0.7622222222222222 0.0855614973262032 0.17777777777777778
1 0.22139037433155082 0.025555555555555557 0.07165775401069518 0.03777777777777778
2 0.4449197860962567 0.024444444444444446 0.31978609625668447 0.043333333333333335
2 0.44385026737967914 0.024444444444444446 0.0074866310160427805 0.015555555555555555
3 0.5064171122994653 0.025555555555555557 0.14866310160427806 0.028888888888888888
3 0.6165775401069519 0.2633333333333333 0.3352941176470588 0.015555555555555555
3 0.47005347593582886 0.3388888888888889 0.04224598930481283 0.021111111111111112
3 0.6165775401069519 0.4866666666666667 0.3352941176470588 0.015555555555555555
3 0.4802139037433155 0.5622222222222222 0.06256684491978609 0.021111111111111112
3 0.47005347593582886 0.77 0.04224598930481283 0.021111111111111112
3 0.6165775401069519 0.9333333333333333 0.3352941176470588 0.015555555555555555
3 0.5117647058823529 0.024444444444444446 0.12299465240641712 0.022222222222222223
3 0.5117647058823529 0.024444444444444446 0.12299465240641712 0.022222222222222223
3 0.25614973262032087 0.22 0.14866310160427806 0.03333333333333333
3 0.6165775401069519 0.2411111111111111 0.3352941176470588 0.028888888888888888
3 0.6165775401069519 0.46444444444444444 0.3352941176470588 0.028888888888888888
3 0.6165775401069519 0.6877777777777778 0.3352941176470588 0.028888888888888888
3 0.6165775401069519 0.9111111111111111 0.3352941176470588 0.028888888888888888
3 0.34866310160427805 0.08222222222222222 0.02406417112299465 0.022222222222222223
3 0.3839572192513369 0.08222222222222222 0.026737967914438502 0.022222222222222223
3 0.4310160427807487 0.08222222222222222 0.0481283422459893 0.022222222222222223
3 0.4737967914438503 0.08222222222222222 0.01871657754010695 0.022222222222222223
3 0.5048128342245989 0.08222222222222222 0.02406417112299465 0.022222222222222223
3 0.5368983957219251 0.08222222222222222 0.02085561497326203 0.022222222222222223
3 0.21657754010695188 0.5155555555555555 0.06951871657754011 0.02
3 0.22994652406417113 0.6022222222222222 0.0962566844919786 0.02
3 0.23368983957219253 0.6288888888888889 0.10374331550802139 0.02
3 0.19090909090909092 0.6555555555555556 0.01818181818181818 0.02
3 0.19144385026737967 0.7422222222222222 0.019251336898395723 0.02
3 0.2 0.8288888888888889 0.03636363636363636 0.02
3 0.2251336898395722 0.8555555555555555 0.08716577540106951 0.02
3 0.1983957219251337 0.9422222222222222 0.033155080213903745 0.02
3 0.26149732620320854 0.5155555555555555 0.014973262032085561 0.02
3 0.2903743315508021 0.6022222222222222 0.019786096256684493 0.02
3 0.2962566844919786 0.6288888888888889 0.015508021390374332 0.02
3 0.20641711229946524 0.6555555555555556 0.008021390374331552 0.02
3 0.2144385026737968 0.7422222222222222 0.021925133689839574 0.02
3 0.2320855614973262 0.8288888888888889 0.022459893048128343 0.02
3 0.2812834224598931 0.8555555555555555 0.019786096256684493 0.02
3 0.22941176470588234 0.9422222222222222 0.022459893048128343 0.02
3 0.21336898395721926 0.9688888888888889 0.01229946524064171 0.02
3 0.22032085561497325 0.06555555555555556 0.06149732620320856 0.022222222222222223
3 0.2160427807486631 0.08666666666666667 0.06149732620320856 0.022222222222222223
3 0.21229946524064172 0.15222222222222223 0.06149732620320856 0.022222222222222223
3 0.2887700534759358 0.15222222222222223 0.07058823529411765 0.022222222222222223
3 0.24064171122994651 0.17444444444444446 0.09732620320855614 0.022222222222222223