0 0.7875706214689265 0.11150234741784038 0.06384180790960452 0.01643192488262911
1 0.41977401129943503 0.2734741784037559 0.0903954802259887 0.18779342723004694
1 0.41977401129943503 0.5093896713615024 0.0903954802259887 0.18779342723004694
1 0.41977401129943503 0.7453051643192489 0.0903954802259887 0.18779342723004694
3 0.655367231638418 0.21830985915492956 0.35423728813559324 0.01643192488262911
3 0.5005649717514125 0.2981220657276995 0.04463276836158192 0.022300469483568074
3 0.655367231638418 0.4964788732394366 0.35423728813559324 0.01643192488262911
3 0.5005649717514125 0.5762910798122066 0.04463276836158192 0.022300469483568074
3 0.5112994350282486 0.7535211267605634 0.06610169491525424 0.022300469483568074
3 0.655367231638418 0.926056338028169 0.35423728813559324 0.01643192488262911
3 0.5112994350282486 0.9964788732394366 0.06666666666666667 0.004694835680751174
3 0.2745762711864407 0.1960093896713615 0.15706214689265538 0.035211267605633804
3 0.655367231638418 0.19483568075117372 0.35423728813559324 0.03051643192488263
3 0.655367231638418 0.47300469483568075 0.35423728813559324 0.03051643192488263
3 0.655367231638418 0.6666666666666666 0.35423728813559324 0.03051643192488263
3 0.655367231638418 0.9025821596244131 0.35423728813559324 0.03051643192488263
3 0.37231638418079094 0.02699530516431925 0.025423728813559324 0.023474178403755867
3 0.4096045197740113 0.02699530516431925 0.02824858757062147 0.023474178403755867
3 0.45932203389830506 0.02699530516431925 0.05084745762711865 0.023474178403755867
3 0.5045197740112994 0.02699530516431925 0.01977401129943503 0.023474178403755867
3 0.5372881355932203 0.02699530516431925 0.025423728813559324 0.023474178403755867
3 0.5711864406779661 0.02699530516431925 0.022033898305084745 0.023474178403755867
3 0.2327683615819209 0.5082159624413145 0.07344632768361582 0.02112676056338028
3 0.21073446327683615 0.5997652582159625 0.02937853107344633 0.02112676056338028
3 0.21412429378531073 0.6279342723004695 0.03672316384180791 0.02112676056338028
3 0.22259887005649717 0.6561032863849765 0.05310734463276836 0.02112676056338028
3 0.20564971751412428 0.6842723004694836 0.01977401129943503 0.02112676056338028
3 0.22824858757062147 0.7124413145539906 0.06497175141242938 0.02112676056338028
3 0.20508474576271185 0.7406103286384976 0.01807909604519774 0.02112676056338028
3 0.20734463276836157 0.7687793427230047 0.022598870056497175 0.02112676056338028
3 0.20903954802259886 0.7969483568075117 0.02598870056497175 0.02112676056338028
3 0.21073446327683615 0.8251173708920188 0.029943502824858758 0.02112676056338028
3 0.2062146892655367 0.9483568075117371 0.020338983050847456 0.02112676056338028
3 0.27853107344632766 0.5082159624413145 0.012429378531073447 0.02112676056338028
3 0.23389830508474577 0.5997652582159625 0.011864406779661017 0.02112676056338028
3 0.24067796610169492 0.6279342723004695 0.010169491525423728 0.02112676056338028
3 0.25649717514124293 0.6561032863849765 0.00847457627118644 0.02112676056338028
3 0.22259887005649717 0.6842723004694836 0.007909604519774011 0.02112676056338028
3 0.268361581920904 0.7124413145539906 0.007909604519774011 0.02112676056338028
3 0.22090395480225988 0.7406103286384976 0.007909604519774011 0.02112676056338028
3 0.22542372881355932 0.7687793427230047 0.007909604519774011 0.02112676056338028
3 0.22937853107344633 0.7969483568075117 0.00847457627118644 0.02112676056338028
3 0.2327683615819209 0.8251173708920188 0.007909604519774011 0.02112676056338028
3 0.22542372881355932 0.9483568075117371 0.012994350282485875 0.02112676056338028
3 0.23672316384180792 0.011150234741784037 0.0655367231638418 0.022300469483568074
3 0.23220338983050848 0.03169014084507042 0.06497175141242938 0.023474178403755867
3 0.22824858757062147 0.10093896713615023 0.06497175141242938 0.023474178403755867
3 0.30903954802259886 0.10093896713615023 0.07457627118644068 0.023474178403755867
3 0.25819209039548024 0.12441314553990611 0.10282485875706214 0.023474178403755867
3 0.2711864406779661 0.13615023474178403 0.15084745762711865 0.046948356807511735