0 0.5663934426229508 0.018140589569160998 0.025683060109289616 0.036281179138321996
0 0.7185792349726776 0.15419501133786848 0.06174863387978142 0.015873015873015872
1 0.7024590163934427 0.01870748299319728 0.18633879781420765 0.03741496598639456
1 0.3628415300546448 0.31065759637188206 0.08743169398907104 0.18140589569160998
1 0.3628415300546448 0.5385487528344671 0.08743169398907104 0.18140589569160998
1 0.3628415300546448 0.7664399092970522 0.08743169398907104 0.18140589569160998
1 0.1871584699453552 0.017573696145124718 0.07377049180327869 0.035147392290249435
2 0.4155737704918033 0.018140589569160998 0.3273224043715847 0.036281179138321996
2 0.4158469945355191 0.013605442176870748 0.007650273224043716 0.015873015873015872
3 0.4786885245901639 0.01473922902494331 0.15027322404371585 0.02947845804988662
3 0.5907103825136611 0.25736961451247165 0.34262295081967215 0.015873015873015872
3 0.44098360655737706 0.3344671201814059 0.04316939890710383 0.021541950113378686
3 0.5907103825136611 0.5260770975056689 0.34262295081967215 0.015873015873015872
3 0.44098360655737706 0.6031746031746031 0.04316939890710383 0.021541950113378686
3 0.45136612021857925 0.7743764172335601 0.06393442622950819 0.021541950113378686
3 0.5907103825136611 0.9410430839002267 0.34262295081967215 0.015873015873015872
3 0.48415300546448087 0.013605442176870748 0.12404371584699453 0.022675736961451247
3 0.48415300546448087 0.013605442176870748 0.12404371584699453 0.022675736961451247
3 0.22240437158469945 0.23582766439909297 0.15191256830601094 0.034013605442176874
3 0.5907103825136611 0.23469387755102042 0.34262295081967215 0.02947845804988662
3 0.5907103825136611 0.5034013605442177 0.34262295081967215 0.02947845804988662
3 0.5907103825136611 0.6904761904761905 0.34262295081967215 0.02947845804988662
3 0.5907103825136611 0.9183673469387755 0.34262295081967215 0.02947845804988662
3 0.31693989071038253 0.07256235827664399 0.02459016393442623 0.022675736961451247
3 0.35300546448087433 0.07256235827664399 0.0273224043715847 0.022675736961451247
3 0.4010928961748634 0.07256235827664399 0.04918032786885246 0.022675736961451247
3 0.4448087431693989 0.07256235827664399 0.01912568306010929 0.022675736961451247
3 0.47650273224043715 0.07256235827664399 0.02459016393442623 0.022675736961451247
3 0.5092896174863388 0.07256235827664399 0.021311475409836064 0.022675736961451247
3 0.1819672131147541 0.5374149659863946 0.07103825136612021 0.02040816326530612
3 0.16065573770491803 0.6258503401360545 0.02841530054644809 0.02040816326530612
3 0.16393442622950818 0.6530612244897959 0.03551912568306011 0.02040816326530612
3 0.1721311475409836 0.6802721088435374 0.05136612021857923 0.02040816326530612
3 0.1557377049180328 0.7074829931972789 0.01912568306010929 0.02040816326530612
3 0.17759562841530055 0.7346938775510204 0.06284153005464481 0.02040816326530612
3 0.1551912568306011 0.7619047619047619 0.017486338797814208 0.02040816326530612
3 0.15737704918032788 0.7891156462585034 0.02185792349726776 0.02040816326530612
3 0.15901639344262294 0.8163265306122449 0.025136612021857924 0.02040816326530612
3 0.16065573770491803 0.8435374149659864 0.02896174863387978 0.02040816326530612
3 0.15628415300546447 0.9625850340136054 0.019672131147540985 0.02040816326530612
3 0.2262295081967213 0.5374149659863946 0.012021857923497269 0.02040816326530612
3 0.1830601092896175 0.6258503401360545 0.011475409836065573 0.02040816326530612
3 0.18961748633879782 0.6530612244897959 0.009836065573770493 0.02040816326530612
3 0.20491803278688525 0.6802721088435374 0.00819672131147541 0.02040816326530612
3 0.1721311475409836 0.7074829931972789 0.007650273224043716 0.02040816326530612
3 0.21639344262295082 0.7346938775510204 0.007650273224043716 0.02040816326530612
3 0.17049180327868851 0.7619047619047619 0.007650273224043716 0.02040816326530612
3 0.17486338797814208 0.7891156462585034 0.007650273224043716 0.02040816326530612
3 0.17868852459016393 0.8163265306122449 0.00819672131147541 0.02040816326530612
3 0.1819672131147541 0.8435374149659864 0.007650273224043716 0.02040816326530612
3 0.17486338797814208 0.9625850340136054 0.012568306010928962 0.02040816326530612
3 0.18579234972677597 0.05555555555555555 0.06284153005464481 0.022675736961451247
3 0.1814207650273224 0.07709750566893424 0.06284153005464481 0.022675736961451247
3 0.17759562841530055 0.14399092970521543 0.06284153005464481 0.022675736961451247
3 0.25573770491803277 0.14399092970521543 0.07213114754098361 0.022675736961451247
3 0.20655737704918034 0.16666666666666666 0.0994535519125683 0.022675736961451247
3 0.2191256830601093 0.17800453514739228 0.14590163934426228 0.045351473922902494