0 0.584375 0.02922077922077922 0.023958333333333335 0.04220779220779221
0 0.7296875 0.1634199134199134 0.058854166666666666 0.015151515151515152
1 0.7140625 0.030303030303030304 0.17708333333333334 0.04220779220779221
1 0.390625 0.31277056277056275 0.08333333333333333 0.17316017316017315
1 0.390625 0.5303030303030303 0.08333333333333333 0.17316017316017315
1 0.390625 0.7478354978354979 0.08333333333333333 0.17316017316017315
1 0.22291666666666668 0.030303030303030304 0.06979166666666667 0.0367965367965368
2 0.440625 0.02922077922077922 0.31145833333333334 0.04220779220779221
2 0.44114583333333335 0.02922077922077922 0.007291666666666667 0.015151515151515152
3 0.5010416666666667 0.030303030303030304 0.14322916666666666 0.02813852813852814
3 0.6078125 0.2619047619047619 0.3265625 0.015151515151515152
3 0.46510416666666665 0.3354978354978355 0.04114583333333333 0.020562770562770564
3 0.6078125 0.5183982683982684 0.3265625 0.015151515151515152
3 0.46510416666666665 0.591991341991342 0.04114583333333333 0.020562770562770564
3 0.475 0.7554112554112554 0.0609375 0.020562770562770564
3 0.6078125 0.9145021645021645 0.3265625 0.015151515151515152
3 0.475 0.9880952380952381 0.0609375 0.020562770562770564
3 0.50625 0.02922077922077922 0.11822916666666666 0.021645021645021644
3 0.50625 0.02922077922077922 0.11822916666666666 0.021645021645021644
3 0.25677083333333334 0.24134199134199133 0.14479166666666668 0.032467532467532464
3 0.6078125 0.24025974025974026 0.3265625 0.02813852813852814
3 0.6078125 0.4967532467532468 0.3265625 0.02813852813852814
3 0.6078125 0.6753246753246753 0.3265625 0.02813852813852814
3 0.6078125 0.8928571428571429 0.3265625 0.02813852813852814
3 0.346875 0.0854978354978355 0.0234375 0.021645021645021644
3 0.38125 0.0854978354978355 0.026041666666666668 0.021645021645021644
3 0.4270833333333333 0.0854978354978355 0.046875 0.021645021645021644
3 0.46875 0.0854978354978355 0.018229166666666668 0.021645021645021644
3 0.49895833333333334 0.0854978354978355 0.0234375 0.021645021645021644
3 0.5302083333333333 0.0854978354978355 0.0203125 0.021645021645021644
3 0.21822916666666667 0.5292207792207793 0.06770833333333333 0.01948051948051948
3 0.19791666666666666 0.6136363636363636 0.027083333333333334 0.01948051948051948
3 0.20104166666666667 0.6396103896103896 0.033854166666666664 0.01948051948051948
3 0.20885416666666667 0.6655844155844156 0.04895833333333333 0.01948051948051948
3 0.19322916666666667 0.6915584415584416 0.018229166666666668 0.01948051948051948
3 0.2140625 0.7175324675324676 0.059895833333333336 0.01948051948051948
3 0.19270833333333334 0.7435064935064936 0.016666666666666666 0.01948051948051948
3 0.19479166666666667 0.7694805194805194 0.020833333333333332 0.01948051948051948
3 0.19635416666666666 0.7954545454545454 0.023958333333333335 0.01948051948051948
3 0.19791666666666666 0.8214285714285714 0.027604166666666666 0.01948051948051948
3 0.19375 0.935064935064935 0.01875 0.01948051948051948
3 0.2604166666666667 0.5292207792207793 0.011458333333333333 0.01948051948051948
3 0.21927083333333333 0.6136363636363636 0.0109375 0.01948051948051948
3 0.22552083333333334 0.6396103896103896 0.009375 0.01948051948051948
3 0.24010416666666667 0.6655844155844156 0.0078125 0.01948051948051948
3 0.20885416666666667 0.6915584415584416 0.007291666666666667 0.01948051948051948
3 0.25104166666666666 0.7175324675324676 0.007291666666666667 0.01948051948051948
3 0.20729166666666668 0.7435064935064936 0.007291666666666667 0.01948051948051948
3 0.21145833333333333 0.7694805194805194 0.007291666666666667 0.01948051948051948
3 0.21510416666666668 0.7954545454545454 0.0078125 0.01948051948051948
3 0.21822916666666667 0.8214285714285714 0.007291666666666667 0.01948051948051948
3 0.21145833333333333 0.935064935064935 0.011979166666666667 0.01948051948051948
3 0.221875 0.06926406926406926 0.059895833333333336 0.021645021645021644
3 0.21770833333333334 0.08982683982683982 0.059895833333333336 0.021645021645021644
3 0.2140625 0.15367965367965367 0.059895833333333336 0.021645021645021644
3 0.28854166666666664 0.15367965367965367 0.06875 0.021645021645021644
3 0.24166666666666667 0.17532467532467533 0.09479166666666666 0.021645021645021644
3 0.25364583333333335 0.18614718614718614 0.1390625 0.04329004329004329