0 0.5698369565217392 0.020316027088036117 0.025543478260869567 0.040632054176072234
0 0.721195652173913 0.1580135440180587 0.06141304347826087 0.01580135440180587
0 0.6184782608695653 0.30812641083521447 0.0391304347826087 0.029345372460496615
0 0.6119565217391304 0.5756207674943566 0.026630434782608695 0.029345372460496615
0 0.6119565217391304 0.9864559819413092 0.02717391304347826 0.024830699774266364
1 0.7051630434782609 0.0208803611738149 0.18532608695652175 0.0417607223476298
1 0.3673913043478261 0.31376975169300225 0.08695652173913043 0.18058690744920994
1 0.3673913043478261 0.5406320541760722 0.08695652173913043 0.18058690744920994
1 0.3673913043478261 0.7674943566591422 0.08695652173913043 0.18058690744920994
1 0.1923913043478261 0.019187358916478554 0.07282608695652174 0.03837471783295711
2 0.41983695652173914 0.020316027088036117 0.32554347826086955 0.040632054176072234
2 0.425 0.01805869074492099 0.007608695652173913 0.01580135440180587
3 0.48532608695652174 0.019187358916478554 0.14456521739130435 0.029345372460496615
3 0.45543478260869563 0.3216704288939052 0.06358695652173912 0.02144469525959368
3 0.5869565217391305 0.30812641083521447 0.01956521739130435 0.020316027088036117
3 0.475 0.5891647855530474 0.10217391304347827 0.02144469525959368
3 0.5869565217391305 0.5756207674943566 0.01956521739130435 0.020316027088036117
3 0.45543478260869563 0.7753950338600452 0.06358695652173912 0.02144469525959368
3 0.5869565217391305 0.9887133182844243 0.01956521739130435 0.020316027088036117
3 0.4907608695652174 0.01805869074492099 0.11847826086956521 0.022573363431151242
3 0.4907608695652174 0.01805869074492099 0.11847826086956521 0.022573363431151242
3 0.22771739130434782 0.21670428893905191 0.15108695652173912 0.033860045146726865
3 0.5940217391304348 0.2381489841986456 0.3407608695652174 0.029345372460496615
3 0.5940217391304348 0.5056433408577878 0.3407608695652174 0.029345372460496615
3 0.5940217391304348 0.6918735891647856 0.3407608695652174 0.029345372460496615
3 0.5940217391304348 0.9187358916478555 0.3407608695652174 0.029345372460496615
3 0.3217391304347826 0.07674943566591422 0.024456521739130436 0.022573363431151242
3 0.3576086956521739 0.07674943566591422 0.02717391304347826 0.022573363431151242
3 0.40543478260869564 0.07674943566591422 0.04891304347826087 0.022573363431151242
3 0.4489130434782609 0.07674943566591422 0.019021739130434784 0.022573363431151242
3 0.48043478260869565 0.07674943566591422 0.024456521739130436 0.022573363431151242
3 0.5130434782608696 0.07674943566591422 0.021195652173913043 0.022573363431151242
3 0.1875 0.5169300225733634 0.07065217391304347 0.020316027088036117
3 0.17771739130434783 0.6049661399548533 0.051630434782608696 0.020316027088036117
3 0.18315217391304348 0.6320541760722348 0.06195652173913044 0.020316027088036117
3 0.1701086956521739 0.6591422121896162 0.035869565217391305 0.020316027088036117
3 0.15978260869565217 0.6862302483069977 0.01576086956521739 0.020316027088036117
3 0.16467391304347825 0.7133182844243793 0.025543478260869567 0.020316027088036117
3 0.17228260869565218 0.7404063205417607 0.04076086956521739 0.020316027088036117
3 0.1766304347826087 0.7674943566591422 0.049456521739130434 0.020316027088036117
3 0.17173913043478262 0.7945823927765236 0.03967391304347826 0.020316027088036117
3 0.16956521739130434 0.8216704288939052 0.035326086956521736 0.020316027088036117
3 0.16195652173913044 0.9401805869074492 0.01956521739130435 0.020316027088036117
3 0.23369565217391305 0.5169300225733634 0.016304347826086956 0.020316027088036117
3 0.21521739130434783 0.6049661399548533 0.016304347826086956 0.020316027088036117
3 0.22391304347826088 0.6320541760722348 0.014130434782608696 0.020316027088036117
3 0.1983695652173913 0.6591422121896162 0.014673913043478261 0.020316027088036117
3 0.1766304347826087 0.6862302483069977 0.011956521739130435 0.020316027088036117
3 0.18695652173913044 0.7133182844243793 0.011956521739130435 0.020316027088036117
3 0.20217391304347826 0.7404063205417607 0.0125 0.020316027088036117
3 0.2108695652173913 0.7674943566591422 0.011956521739130435 0.020316027088036117
3 0.20054347826086957 0.7945823927765236 0.011956521739130435 0.020316027088036117
3 0.1956521739130435 0.8216704288939052 0.01141304347826087 0.020316027088036117
3 0.1842391304347826 0.9401805869074492 0.01956521739130435 0.020316027088036117
3 0.19130434782608696 0.05981941309255079 0.0625 0.022573363431151242
3 0.18695652173913044 0.08126410835214447 0.0625 0.022573363431151242
3 0.18315217391304348 0.14785553047404063 0.0625 0.022573363431151242
3 0.2608695652173913 0.14785553047404063 0.07173913043478261 0.022573363431151242
3 0.20869565217391303 0.17042889390519186 0.09239130434782608 0.022573363431151242