0 0.7744533947065593 0.1638755980861244 0.06501726121979287 0.01674641148325359
1 0.3998849252013809 0.32894736842105265 0.09205983889528194 0.19138755980861244
1 0.3998849252013809 0.5741626794258373 0.09205983889528194 0.19138755980861244
1 0.3998849252013809 0.8145933014354066 0.09205983889528194 0.19138755980861244
3 0.48216340621403914 0.40311004784689 0.045454545454545456 0.022727272727272728
3 0.48216340621403914 0.5825358851674641 0.045454545454545456 0.022727272727272728
3 0.6398158803222095 0.7583732057416268 0.36075949367088606 0.01674641148325359
3 0.49309551208285385 0.8397129186602871 0.06731875719217491 0.022727272727272728
3 0.6398158803222095 0.9946172248803827 0.3613348676639816 0.008373205741626795
3 0.2520138089758343 0.1590909090909091 0.15995397008055237 0.03588516746411483
3 0.6398158803222095 0.291866028708134 0.36075949367088606 0.03110047846889952
3 0.6398158803222095 0.49401913875598086 0.36075949367088606 0.03110047846889952
3 0.6398158803222095 0.7344497607655502 0.36075949367088606 0.03110047846889952
3 0.6398158803222095 0.9748803827751196 0.36075949367088606 0.03110047846889952
3 0.3515535097813579 0.03827751196172249 0.025891829689298044 0.023923444976076555
3 0.3895281933256617 0.03827751196172249 0.028768699654775604 0.023923444976076555
3 0.44016110471806674 0.03827751196172249 0.05178365937859609 0.023923444976076555
3 0.4861910241657077 0.03827751196172249 0.020138089758342925 0.023923444976076555
3 0.5195627157652474 0.03827751196172249 0.025891829689298044 0.023923444976076555
3 0.5540851553509781 0.03827751196172249 0.02243958573072497 0.023923444976076555
3 0.2094361334867664 0.4772727272727273 0.07479861910241657 0.0215311004784689
3 0.20828538550057538 0.5705741626794258 0.07249712313003452 0.0215311004784689
3 0.21634062140391255 0.5992822966507177 0.08918296892980437 0.0215311004784689
3 0.21001150747986191 0.6279904306220095 0.07652474108170311 0.0215311004784689
3 0.2094361334867664 0.6566985645933014 0.07479861910241657 0.0215311004784689
3 0.18699654775604144 0.6854066985645934 0.02991944764096663 0.0215311004784689
3 0.22209436133486765 0.7141148325358851 0.10069044879171461 0.0215311004784689
3 0.18814729574223246 0.742822966507177 0.03222094361334868 0.0215311004784689
3 0.2180667433831991 0.7715311004784688 0.09263521288837745 0.0215311004784689
3 0.2243958573072497 0.8002392344497608 0.10529344073647871 0.0215311004784689
3 0.18239355581127734 0.9258373205741627 0.020713463751438434 0.0215311004784689
3 0.261795166858458 0.4772727272727273 0.024165707710011506 0.0215311004784689
3 0.26352128883774456 0.5705741626794258 0.03279631760644419 0.0215311004784689
3 0.27848101265822783 0.5992822966507177 0.028768699654775604 0.0215311004784689
3 0.26582278481012656 0.6279904306220095 0.029344073647871116 0.0215311004784689
3 0.2646720368239356 0.6566985645933014 0.028768699654775604 0.0215311004784689
3 0.2186421173762946 0.6854066985645934 0.02819332566168009 0.0215311004784689
3 0.2899884925201381 0.7141148325358851 0.02819332566168009 0.0215311004784689
3 0.22094361334867663 0.742822966507177 0.02819332566168009 0.0215311004784689
3 0.2813578826237054 0.7715311004784688 0.02819332566168009 0.0215311004784689
3 0.2928653624856157 0.8002392344497608 0.025891829689298044 0.0215311004784689
3 0.21173762945914845 0.9258373205741627 0.03222094361334868 0.0215311004784689
3 0.213463751438435 0.02033492822966507 0.0661680092059839 0.023923444976076555
3 0.2088607594936709 0.0430622009569378 0.0661680092059839 0.023923444976076555