0 0.5875690607734807 0.013761467889908258 0.025966850828729283 0.027522935779816515
0 0.7414364640883978 0.18463302752293578 0.062430939226519336 0.016055045871559634
0 0.6370165745856353 0.5676605504587156 0.039779005524861875 0.02981651376146789
0 0.6303867403314917 0.7981651376146789 0.02707182320441989 0.02981651376146789
1 0.7251381215469613 0.014334862385321102 0.18839779005524862 0.028669724770642203
1 0.38176795580110495 0.34288990825688076 0.08839779005524862 0.1834862385321101
1 0.38176795580110495 0.573394495412844 0.08839779005524862 0.1834862385321101
1 0.38176795580110495 0.8038990825688074 0.08839779005524862 0.1834862385321101
1 0.20414364640883978 0.013188073394495414 0.07458563535911603 0.026376146788990827
2 0.4350828729281768 0.013761467889908258 0.330939226519337 0.027522935779816515
2 0.46104972375690606 0.006880733944954129 0.008287292817679558 0.013761467889908258
3 0.5116022099447514 0.010894495412844037 0.1270718232044199 0.021788990825688075
3 0.4607734806629834 0.35091743119266056 0.04364640883977901 0.021788990825688075
3 0.4607734806629834 0.5814220183486238 0.04364640883977901 0.021788990825688075
3 0.6049723756906077 0.5676605504587156 0.019889502762430938 0.020642201834862386
3 0.4712707182320442 0.8119266055045872 0.06464088397790055 0.021788990825688075
3 0.6049723756906077 0.7981651376146789 0.019889502762430938 0.020642201834862386
3 0.6121546961325967 0.9805045871559633 0.34640883977900555 0.016055045871559634
3 0.5171270718232044 0.008600917431192661 0.1005524861878453 0.017201834862385322
3 0.5171270718232044 0.008600917431192661 0.1005524861878453 0.017201834862385322
3 0.23977900552486187 0.2213302752293578 0.15359116022099448 0.034403669724770644
3 0.6121546961325967 0.26605504587155965 0.34640883977900555 0.02981651376146789
3 0.6121546961325967 0.49655963302752293 0.34640883977900555 0.02981651376146789
3 0.6121546961325967 0.7270642201834863 0.34640883977900555 0.02981651376146789
3 0.6121546961325967 0.9575688073394495 0.34640883977900555 0.02981651376146789
3 0.33535911602209945 0.06422018348623854 0.024861878453038673 0.022935779816513763
3 0.37182320441988953 0.06422018348623854 0.027624309392265192 0.022935779816513763
3 0.42044198895027624 0.06422018348623854 0.049723756906077346 0.022935779816513763
3 0.46464088397790054 0.06422018348623854 0.019337016574585635 0.022935779816513763
3 0.4966850828729282 0.06422018348623854 0.024861878453038673 0.022935779816513763
3 0.5298342541436464 0.06422018348623854 0.02154696132596685 0.022935779816513763
3 0.19889502762430938 0.5263761467889908 0.0718232044198895 0.020642201834862386
3 0.2132596685082873 0.6158256880733946 0.1005524861878453 0.020642201834862386
3 0.19392265193370165 0.643348623853211 0.062430939226519336 0.020642201834862386
3 0.20994475138121546 0.6708715596330275 0.09392265193370165 0.020642201834862386
3 0.2132596685082873 0.698394495412844 0.1005524861878453 0.020642201834862386
3 0.22044198895027625 0.7259174311926605 0.11491712707182321 0.020642201834862386
3 0.2005524861878453 0.7534403669724771 0.07569060773480663 0.020642201834862386
3 0.18066298342541437 0.7809633027522935 0.03591160220994475 0.020642201834862386
3 0.1723756906077348 0.8084862385321101 0.01878453038674033 0.020642201834862386
3 0.17292817679558012 0.8979357798165137 0.019889502762430938 0.020642201834862386
3 0.18176795580110497 0.9873853211009175 0.03756906077348066 0.020642201834862386
3 0.24751381215469614 0.5263761467889908 0.020441988950276244 0.020642201834862386
3 0.2795580110497238 0.6158256880733946 0.026519337016574586 0.020642201834862386
3 0.2408839779005525 0.643348623853211 0.02430939226519337 0.020642201834862386
3 0.269060773480663 0.6708715596330275 0.018232044198895028 0.020642201834862386
3 0.27679558011049726 0.698394495412844 0.020441988950276244 0.020642201834862386
3 0.29226519337016577 0.7259174311926605 0.022651933701657457 0.020642201834862386
3 0.24917127071823206 0.7534403669724771 0.014364640883977901 0.020642201834862386
3 0.20773480662983426 0.7809633027522935 0.012154696132596685 0.020642201834862386
3 0.19171270718232045 0.8084862385321101 0.014917127071823204 0.020642201834862386
3 0.1983425414364641 0.8979357798165137 0.02541436464088398 0.020642201834862386
3 0.2149171270718232 0.9873853211009175 0.023204419889502764 0.020642201834862386
3 0.20276243093922652 0.047018348623853214 0.06353591160220995 0.022935779816513763
3 0.1983425414364641 0.06880733944954129 0.06353591160220995 0.022935779816513763
3 0.19447513812154696 0.1743119266055046 0.06353591160220995 0.022935779816513763