0 0.5583048919226393 0.01182033096926714 0.026734926052332197 0.02364066193853428
0 0.7167235494880546 0.18557919621749408 0.06427758816837315 0.016548463356973995
0 0.6092150170648464 0.5803782505910166 0.040955631399317405 0.030732860520094562
0 0.6023890784982935 0.817966903073286 0.027872582480091012 0.030732860520094562
1 0.699943117178612 0.012411347517730497 0.19397042093287828 0.024822695035460994
1 0.3464163822525597 0.3486997635933806 0.09101251422070535 0.18912529550827423
1 0.3464163822525597 0.5862884160756501 0.09101251422070535 0.18912529550827423
1 0.3464163822525597 0.8238770685579196 0.09101251422070535 0.18912529550827423
1 0.16353811149032993 0.011229314420803783 0.07679180887372014 0.022458628841607566
2 0.40130830489192265 0.01182033096926714 0.34072810011376564 0.02364066193853428
2 0.42804323094425484 0.004728132387706856 0.008532423208191127 0.009456264775413711
3 0.4800910125142207 0.008865248226950355 0.13083048919226395 0.01773049645390071
3 0.42775881683731515 0.35697399527186763 0.044937428896473265 0.022458628841607566
3 0.42775881683731515 0.5945626477541371 0.044937428896473265 0.022458628841607566
3 0.5762229806598407 0.5803782505910166 0.020477815699658702 0.02127659574468085
3 0.43856655290102387 0.8321513002364066 0.06655290102389079 0.022458628841607566
3 0.5762229806598407 0.817966903073286 0.020477815699658702 0.02127659574468085
3 0.4857792946530148 0.0065011820330969266 0.10352673492605233 0.013002364066193853
3 0.4857792946530148 0.0065011820330969266 0.10352673492605233 0.013002364066193853
3 0.20022753128555176 0.22340425531914893 0.15813424345847554 0.03546099290780142
3 0.5836177474402731 0.2695035460992908 0.35665529010238906 0.030732860520094562
3 0.5836177474402731 0.5070921985815603 0.35665529010238906 0.030732860520094562
3 0.5836177474402731 0.7446808510638298 0.35665529010238906 0.030732860520094562
3 0.5836177474402731 0.9822695035460993 0.35665529010238906 0.030732860520094562
3 0.2986348122866894 0.061465721040189124 0.025597269624573378 0.02364066193853428
3 0.3361774744027304 0.061465721040189124 0.02844141069397042 0.02364066193853428
3 0.3862343572241183 0.061465721040189124 0.051194539249146756 0.02364066193853428
3 0.431740614334471 0.061465721040189124 0.019908987485779295 0.02364066193853428
3 0.46473265073947667 0.061465721040189124 0.025597269624573378 0.02364066193853428
3 0.4988623435722412 0.061465721040189124 0.02218430034129693 0.02364066193853428
3 0.15813424345847554 0.5378250591016549 0.07394766780432309 0.02127659574468085
3 0.17292377701934017 0.6300236406619385 0.10352673492605233 0.02127659574468085
3 0.15301478953356087 0.6583924349881797 0.06427758816837315 0.02127659574468085
3 0.1695108077360637 0.6867612293144209 0.09670079635949944 0.02127659574468085
3 0.17292377701934017 0.7151300236406619 0.10352673492605233 0.02127659574468085
3 0.18031854379977247 0.7434988179669031 0.11831626848691695 0.02127659574468085
3 0.15984072810011377 0.7718676122931442 0.07792946530147896 0.02127659574468085
3 0.13936291240045506 0.8002364066193853 0.036973833902161544 0.02127659574468085
3 0.13083048919226395 0.8286052009456265 0.019340159271899887 0.02127659574468085
3 0.13139931740614336 0.9208037825059102 0.020477815699658702 0.02127659574468085
3 0.20819112627986347 0.5378250591016549 0.02104664391353811 0.02127659574468085
3 0.24118316268486917 0.6300236406619385 0.027303754266211604 0.02127659574468085
3 0.20136518771331058 0.6583924349881797 0.02502844141069397 0.02127659574468085
3 0.23037542662116042 0.6867612293144209 0.01877133105802048 0.02127659574468085
3 0.23833902161547213 0.7151300236406619 0.02104664391353811 0.02127659574468085
3 0.25426621160409557 0.7434988179669031 0.023321956769055744 0.02127659574468085
3 0.2098976109215017 0.7718676122931442 0.01478953356086462 0.02127659574468085
3 0.16723549488054607 0.8002364066193853 0.012514220705346985 0.02127659574468085
3 0.15073947667804324 0.8286052009456265 0.015358361774744027 0.02127659574468085
3 0.15756541524459614 0.9208037825059102 0.026166097838452786 0.02127659574468085
3 0.1621160409556314 0.04373522458628842 0.06541524459613197 0.02364066193853428
3 0.15756541524459614 0.06619385342789598 0.06541524459613197 0.02364066193853428
3 0.15358361774744028 0.17494089834515367 0.06541524459613197 0.02364066193853428