0 0.5671296296296297 0.027644230769230768 0.02662037037037037 0.046875
0 0.7285879629629629 0.21634615384615385 0.06539351851851852 0.016826923076923076
1 0.7112268518518519 0.028846153846153848 0.19675925925925927 0.046875
1 0.3738425925925926 0.4326923076923077 0.16435185185185186 0.34134615384615385
1 0.5474537037037037 0.4326923076923077 0.16435185185185186 0.34134615384615385
1 0.7210648148148148 0.4326923076923077 0.16435185185185186 0.34134615384615385
1 0.16550925925925927 0.028846153846153848 0.0775462962962963 0.040865384615384616
2 0.4074074074074074 0.027644230769230768 0.3460648148148148 0.046875
2 0.44560185185185186 0.027644230769230768 0.008101851851851851 0.016826923076923076
3 0.49363425925925924 0.028846153846153848 0.12152777777777778 0.03125
3 0.33622685185185186 0.6838942307692307 0.06655092592592593 0.02283653846153846
3 0.3738425925925926 0.7632211538461539 0.1412037037037037 0.015625
3 0.5098379629629629 0.6838942307692307 0.06655092592592593 0.02283653846153846
3 0.5474537037037037 0.7632211538461539 0.1412037037037037 0.015625
3 0.6724537037037037 0.6838942307692307 0.04456018518518518 0.02283653846153846
3 0.4994212962962963 0.027644230769230768 0.09375 0.02403846153846154
3 0.4994212962962963 0.027644230769230768 0.09375 0.02403846153846154
3 0.203125 0.2548076923076923 0.16087962962962962 0.036057692307692304
3 0.3738425925925926 0.7319711538461539 0.1412037037037037 0.04326923076923077
3 0.5474537037037037 0.7319711538461539 0.1412037037037037 0.04326923076923077
3 0.7210648148148148 0.7319711538461539 0.1412037037037037 0.04326923076923077
3 0.30324074074074076 0.09014423076923077 0.026041666666666668 0.02403846153846154
3 0.3414351851851852 0.09014423076923077 0.028935185185185185 0.02403846153846154
3 0.3923611111111111 0.09014423076923077 0.052083333333333336 0.02403846153846154
3 0.4386574074074074 0.09014423076923077 0.02025462962962963 0.02403846153846154
3 0.4722222222222222 0.09014423076923077 0.026041666666666668 0.02403846153846154
3 0.5069444444444444 0.09014423076923077 0.022569444444444444 0.02403846153846154
3 0.16030092592592593 0.5745192307692307 0.07523148148148148 0.021634615384615384
3 0.13078703703703703 0.6682692307692307 0.01678240740740741 0.021634615384615384
3 0.13599537037037038 0.6971153846153846 0.027199074074074073 0.021634615384615384
3 0.1417824074074074 0.7259615384615384 0.03819444444444445 0.021634615384615384
3 0.13136574074074073 0.7548076923076923 0.017939814814814815 0.021634615384615384
3 0.13252314814814814 0.7836538461538461 0.02025462962962963 0.021634615384615384
3 0.13483796296296297 0.8125 0.024305555555555556 0.021634615384615384
3 0.13541666666666666 0.8413461538461539 0.026041666666666668 0.021634615384615384
3 0.14351851851851852 0.8701923076923077 0.041666666666666664 0.021634615384615384
3 0.13020833333333334 0.8990384615384616 0.015625 0.021634615384615384
3 0.20891203703703703 0.5745192307692307 0.01678240740740741 0.021634615384615384
3 0.1568287037037037 0.6682692307692307 0.028935185185185185 0.021634615384615384
3 0.16435185185185186 0.6971153846153846 0.022569444444444444 0.021634615384615384
3 0.17650462962962962 0.7259615384615384 0.024305555555555556 0.021634615384615384
3 0.1550925925925926 0.7548076923076923 0.02199074074074074 0.021634615384615384
3 0.1545138888888889 0.7836538461538461 0.017939814814814815 0.021634615384615384
3 0.15914351851851852 0.8125 0.017939814814814815 0.021634615384615384
3 0.16087962962962962 0.8413461538461539 0.017939814814814815 0.021634615384615384
3 0.17476851851851852 0.8701923076923077 0.015625 0.021634615384615384
3 0.14930555555555555 0.8990384615384616 0.015625 0.021634615384615384
3 0.16435185185185186 0.07211538461538461 0.06655092592592593 0.02403846153846154
3 0.1597222222222222 0.09495192307692307 0.06655092592592593 0.02403846153846154
3 0.1556712962962963 0.20552884615384615 0.06655092592592593 0.02403846153846154
3 0.23842592592592593 0.20552884615384615 0.0763888888888889 0.02403846153846154