0 0.5907103825136611 0.022675736961451247 0.025136612021857924 0.04421768707482993
0 0.19836065573770492 0.36848072562358275 0.01092896174863388 0.022675736961451247
0 0.7431693989071039 0.20068027210884354 0.06174863387978142 0.015873015873015872
1 0.726775956284153 0.023809523809523808 0.18579234972677597 0.04421768707482993
1 0.4081967213114754 0.40476190476190477 0.1551912568306011 0.3219954648526077
1 0.5721311475409836 0.40476190476190477 0.1551912568306011 0.3219954648526077
1 0.7360655737704918 0.40476190476190477 0.1551912568306011 0.3219954648526077
1 0.21147540983606558 0.023809523809523808 0.073224043715847 0.03854875283446712
2 0.43989071038251365 0.022675736961451247 0.326775956284153 0.04421768707482993
2 0.47595628415300545 0.022675736961451247 0.007650273224043716 0.015873015873015872
3 0.521311475409836 0.023809523809523808 0.11475409836065574 0.02947845804988662
3 0.3726775956284153 0.6870748299319728 0.06284153005464481 0.021541950113378686
3 0.4081967213114754 0.7619047619047619 0.13333333333333333 0.01473922902494331
3 0.5366120218579234 0.6417233560090703 0.06284153005464481 0.021541950113378686
3 0.5721311475409836 0.7165532879818595 0.13333333333333333 0.01473922902494331
3 0.7005464480874317 0.6417233560090703 0.06284153005464481 0.021541950113378686
3 0.7360655737704918 0.7165532879818595 0.13333333333333333 0.01473922902494331
3 0.526775956284153 0.022675736961451247 0.08852459016393442 0.022675736961451247
3 0.526775956284153 0.022675736961451247 0.08852459016393442 0.022675736961451247
3 0.24699453551912567 0.2766439909297052 0.15191256830601094 0.06802721088435375
3 0.4081967213114754 0.7324263038548753 0.13333333333333333 0.04081632653061224
3 0.5721311475409836 0.6870748299319728 0.13333333333333333 0.04081632653061224
3 0.7360655737704918 0.6870748299319728 0.13333333333333333 0.04081632653061224
3 0.34153005464480873 0.08163265306122448 0.02459016393442623 0.022675736961451247
3 0.37759562841530053 0.08163265306122448 0.0273224043715847 0.022675736961451247
3 0.42568306010928963 0.08163265306122448 0.04918032786885246 0.022675736961451247
3 0.46939890710382515 0.08163265306122448 0.01912568306010929 0.022675736961451247
3 0.5010928961748634 0.08163265306122448 0.02459016393442623 0.022675736961451247
3 0.533879781420765 0.08163265306122448 0.021311475409836064 0.022675736961451247
3 0.20655737704918034 0.6541950113378685 0.07103825136612021 0.02040816326530612
3 0.17868852459016393 0.7426303854875284 0.015846994535519125 0.02040816326530612
3 0.17923497267759564 0.7698412698412699 0.016939890710382512 0.02040816326530612
3 0.18907103825136612 0.7970521541950113 0.036065573770491806 0.02040816326530612
3 0.18360655737704917 0.8242630385487528 0.025683060109289616 0.02040816326530612
3 0.18469945355191256 0.8514739229024944 0.027868852459016394 0.02040816326530612
3 0.1885245901639344 0.8786848072562359 0.03551912568306011 0.02040816326530612
3 0.1825136612021858 0.9058956916099773 0.023497267759562842 0.02040816326530612
3 0.1825136612021858 0.9331065759637188 0.022950819672131147 0.02040816326530612
3 0.1819672131147541 0.9603174603174603 0.02185792349726776 0.02040816326530612
3 0.2530054644808743 0.6541950113378685 0.01639344262295082 0.02040816326530612
3 0.2010928961748634 0.7426303854875284 0.022950819672131147 0.02040816326530612
3 0.19836065573770492 0.7698412698412699 0.014754098360655738 0.02040816326530612
3 0.2174863387978142 0.7970521541950113 0.014754098360655738 0.02040816326530612
3 0.20601092896174864 0.8242630385487528 0.012568306010928962 0.02040816326530612
3 0.20601092896174864 0.8514739229024944 0.00819672131147541 0.02040816326530612
3 0.21420765027322405 0.8786848072562359 0.010382513661202186 0.02040816326530612
3 0.20163934426229507 0.9058956916099773 0.007650273224043716 0.02040816326530612
3 0.2010928961748634 0.9331065759637188 0.00819672131147541 0.02040816326530612
3 0.1994535519125683 0.9603174603174603 0.007650273224043716 0.02040816326530612
3 0.2103825136612022 0.06462585034013606 0.06284153005464481 0.022675736961451247
3 0.20601092896174864 0.08616780045351474 0.06284153005464481 0.022675736961451247
3 0.20218579234972678 0.19047619047619047 0.06284153005464481 0.022675736961451247
3 0.28032786885245903 0.19047619047619047 0.07213114754098361 0.022675736961451247
3 0.21256830601092896 0.21315192743764172 0.06229508196721312 0.022675736961451247