0 0.5959677419354839 0.013392857142857142 0.025268817204301075 0.026785714285714284
1 0.7298387096774194 0.013950892857142858 0.18333333333333332 0.027901785714285716
1 0.2075268817204301 0.23102678571428573 0.023655913978494623 0.049107142857142856
1 0.41236559139784945 0.5089285714285714 0.35913978494623655 0.5223214285714286
1 0.2075268817204301 0.29799107142857145 0.023655913978494623 0.049107142857142856
1 0.2075268817204301 0.36495535714285715 0.023655913978494623 0.049107142857142856
1 0.2075268817204301 0.43191964285714285 0.023655913978494623 0.049107142857142856
1 0.2075268817204301 0.49888392857142855 0.023655913978494623 0.049107142857142856
1 0.2075268817204301 0.5658482142857143 0.023655913978494623 0.049107142857142856
1 0.2075268817204301 0.6328125 0.023655913978494623 0.049107142857142856
1 0.2075268817204301 0.6997767857142857 0.023655913978494623 0.049107142857142856
1 0.2228494623655914 0.012834821428571428 0.07258064516129033 0.025669642857142856
2 0.4475806451612903 0.013392857142857142 0.32204301075268815 0.026785714285714284
3 0.6720430107526881 0.4732142857142857 0.07795698924731183 0.020089285714285716
3 0.7188172043010753 0.7790178571428571 0.17096774193548386 0.0234375
3 0.7188172043010753 0.8113839285714286 0.17096774193548386 0.0234375
3 0.6817204301075269 0.8973214285714286 0.09731182795698924 0.020089285714285716
3 0.2075268817204301 0.24888392857142858 0.026881720430107527 0.024553571428571428
3 0.2075268817204301 0.3158482142857143 0.026881720430107527 0.024553571428571428
3 0.2075268817204301 0.3828125 0.026881720430107527 0.024553571428571428
3 0.2075268817204301 0.4497767857142857 0.026881720430107527 0.024553571428571428
3 0.2075268817204301 0.5167410714285714 0.026881720430107527 0.024553571428571428
3 0.2075268817204301 0.5837053571428571 0.026881720430107527 0.024553571428571428
3 0.2075268817204301 0.6506696428571429 0.026881720430107527 0.024553571428571428
3 0.2075268817204301 0.7176339285714286 0.026881720430107527 0.024553571428571428
3 0.2075268817204301 0.24888392857142858 0.026881720430107527 0.024553571428571428
3 0.2075268817204301 0.3158482142857143 0.026881720430107527 0.024553571428571428
3 0.2075268817204301 0.3828125 0.026881720430107527 0.024553571428571428
3 0.2075268817204301 0.4497767857142857 0.026881720430107527 0.024553571428571428
3 0.2075268817204301 0.5167410714285714 0.026881720430107527 0.024553571428571428
3 0.2075268817204301 0.5837053571428571 0.026881720430107527 0.024553571428571428
3 0.2075268817204301 0.6506696428571429 0.026881720430107527 0.024553571428571428
3 0.2075268817204301 0.7176339285714286 0.026881720430107527 0.024553571428571428
3 0.7086021505376344 0.3013392857142857 0.1510752688172043 0.08370535714285714
3 0.7268817204301076 0.5424107142857143 0.15483870967741936 0.022321428571428572
3 0.7268817204301076 0.5658482142857143 0.15483870967741936 0.020089285714285716
3 0.7268817204301076 0.5881696428571429 0.15483870967741936 0.020089285714285716
3 0.7268817204301076 0.6104910714285714 0.15483870967741936 0.020089285714285716
3 0.7258064516129032 0.6785714285714286 0.15645161290322582 0.022321428571428572
3 0.7258064516129032 0.7020089285714286 0.15645161290322582 0.020089285714285716
3 0.6817204301075269 0.8772321428571429 0.09731182795698924 0.018973214285714284
3 0.6650537634408602 0.9542410714285714 0.06344086021505377 0.022321428571428572
3 0.35053763440860214 0.0625 0.024193548387096774 0.022321428571428572
3 0.3860215053763441 0.0625 0.026881720430107527 0.022321428571428572
3 0.43333333333333335 0.0625 0.04838709677419355 0.022321428571428572
3 0.47634408602150535 0.0625 0.01881720430107527 0.022321428571428572
3 0.5075268817204301 0.0625 0.024193548387096774 0.022321428571428572
3 0.5397849462365591 0.0625 0.020967741935483872 0.022321428571428572
3 0.221505376344086 0.04575892857142857 0.06182795698924731 0.022321428571428572
3 0.2172043010752688 0.06696428571428571 0.06182795698924731 0.022321428571428572
3 0.2817204301075269 0.16071428571428573 0.06182795698924731 0.015625
3 0.3580645161290323 0.16071428571428573 0.07150537634408602 0.015625
3 0.45268817204301076 0.16071428571428573 0.0978494623655914 0.015625