0 0.5915300546448088 0.015306122448979591 0.025683060109289616 0.030612244897959183
0 0.7437158469945355 0.14852607709750568 0.06174863387978142 0.015873015873015872
1 0.7275956284153006 0.015873015873015872 0.18633879781420765 0.031746031746031744
1 0.3879781420765027 0.30498866213151926 0.08743169398907104 0.18140589569160998
1 0.3879781420765027 0.5328798185941043 0.08743169398907104 0.18140589569160998
1 0.3879781420765027 0.7607709750566893 0.08743169398907104 0.18140589569160998
1 0.2122950819672131 0.01473922902494331 0.07377049180327869 0.02947845804988662
2 0.4407103825136612 0.015306122448979591 0.3273224043715847 0.030612244897959183
2 0.47540983606557374 0.007936507936507936 0.007650273224043716 0.015873015873015872
3 0.5215846994535519 0.012471655328798186 0.11639344262295082 0.024943310657596373
3 0.46612021857923497 0.3129251700680272 0.04316939890710383 0.021541950113378686
3 0.46612021857923497 0.5408163265306123 0.04316939890710383 0.021541950113378686
3 0.47650273224043715 0.7687074829931972 0.06393442622950819 0.021541950113378686
3 0.6158469945355192 0.935374149659864 0.34262295081967215 0.015873015873015872
3 0.5270491803278688 0.01020408163265306 0.09016393442622951 0.02040816326530612
3 0.5270491803278688 0.01020408163265306 0.09016393442622951 0.02040816326530612
3 0.24754098360655738 0.18480725623582767 0.15191256830601094 0.034013605442176874
3 0.6158469945355192 0.2290249433106576 0.34262295081967215 0.02947845804988662
3 0.6158469945355192 0.45691609977324266 0.34262295081967215 0.02947845804988662
3 0.6158469945355192 0.6848072562358276 0.34262295081967215 0.02947845804988662
3 0.6158469945355192 0.9126984126984127 0.34262295081967215 0.02947845804988662
3 0.34207650273224044 0.06689342403628118 0.02459016393442623 0.022675736961451247
3 0.37814207650273224 0.06689342403628118 0.0273224043715847 0.022675736961451247
3 0.4262295081967213 0.06689342403628118 0.04918032786885246 0.022675736961451247
3 0.46994535519125685 0.06689342403628118 0.01912568306010929 0.022675736961451247
3 0.5016393442622951 0.06689342403628118 0.02459016393442623 0.022675736961451247
3 0.5344262295081967 0.06689342403628118 0.021311475409836064 0.022675736961451247
3 0.20710382513661202 0.48639455782312924 0.07103825136612021 0.02040816326530612
3 0.20765027322404372 0.5748299319727891 0.0726775956284153 0.02040816326530612
3 0.20601092896174864 0.6020408163265306 0.06885245901639345 0.02040816326530612
3 0.21366120218579235 0.6292517006802721 0.08469945355191257 0.02040816326530612
3 0.18579234972677597 0.6564625850340136 0.02841530054644809 0.02040816326530612
3 0.21530054644808744 0.6836734693877551 0.08797814207650273 0.02040816326530612
3 0.21147540983606558 0.7108843537414966 0.08032786885245902 0.02040816326530612
3 0.22513661202185792 0.7380952380952381 0.10765027322404372 0.02040816326530612
3 0.21639344262295082 0.7653061224489796 0.09016393442622951 0.02040816326530612
3 0.20546448087431693 0.7925170068027211 0.06775956284153005 0.02040816326530612
3 0.1814207650273224 0.9115646258503401 0.019672131147540985 0.02040816326530612
3 0.19043715846994536 0.9943310657596371 0.03770491803278689 0.009070294784580499
3 0.25136612021857924 0.48639455782312924 0.012568306010928962 0.02040816326530612
3 0.25956284153005466 0.5748299319727891 0.025683060109289616 0.02040816326530612
3 0.24918032786885247 0.6020408163265306 0.012021857923497269 0.02040816326530612
3 0.2650273224043716 0.6292517006802721 0.012021857923497269 0.02040816326530612
3 0.2087431693989071 0.6564625850340136 0.012021857923497269 0.02040816326530612
3 0.2683060109289617 0.6836734693877551 0.012021857923497269 0.02040816326530612
3 0.2612021857923497 0.7108843537414966 0.012568306010928962 0.02040816326530612
3 0.28852459016393445 0.7380952380952381 0.012568306010928962 0.02040816326530612
3 0.26994535519125684 0.7653061224489796 0.011475409836065573 0.02040816326530612
3 0.24808743169398906 0.7925170068027211 0.012021857923497269 0.02040816326530612
3 0.20546448087431693 0.9115646258503401 0.022950819672131147 0.02040816326530612
3 0.22240437158469945 0.9943310657596371 0.022950819672131147 0.009070294784580499
3 0.21092896174863388 0.049886621315192746 0.06284153005464481 0.022675736961451247
3 0.20655737704918034 0.07142857142857142 0.06284153005464481 0.022675736961451247
3 0.20273224043715846 0.1383219954648526 0.06284153005464481 0.022675736961451247