0 0.6206703910614525 0.025522041763341066 0.02569832402234637 0.04524361948955916
0 0.776536312849162 0.16937354988399073 0.06312849162011173 0.016241299303944315
1 0.7597765363128491 0.02668213457076566 0.18994413407821228 0.04524361948955916
1 0.41284916201117317 0.3294663573085847 0.0893854748603352 0.18561484918793503
1 0.41284916201117317 0.5626450116009281 0.0893854748603352 0.18561484918793503
1 0.41284916201117317 0.7958236658932715 0.0893854748603352 0.18561484918793503
1 0.2329608938547486 0.02668213457076566 0.07486033519553073 0.03944315545243619
2 0.4664804469273743 0.025522041763341066 0.3340782122905028 0.04524361948955916
2 0.5022346368715084 0.025522041763341066 0.00782122905027933 0.016241299303944315
3 0.5491620111731843 0.02668213457076566 0.11843575418994413 0.030162412993039442
3 0.49273743016759775 0.3375870069605568 0.044134078212290505 0.022041763341067284
3 0.49273743016759775 0.5707656612529002 0.044134078212290505 0.022041763341067284
3 0.5033519553072626 0.8039443155452436 0.06536312849162011 0.022041763341067284
3 0.6458100558659218 0.974477958236659 0.35027932960893854 0.016241299303944315
3 0.5547486033519553 0.025522041763341066 0.09162011173184358 0.02320185614849188
3 0.5547486033519553 0.025522041763341066 0.09162011173184358 0.02320185614849188
3 0.26927374301675977 0.20649651972157773 0.1553072625698324 0.03480278422273782
3 0.6458100558659218 0.2517401392111369 0.35027932960893854 0.030162412993039442
3 0.6458100558659218 0.48491879350348027 0.35027932960893854 0.030162412993039442
3 0.6458100558659218 0.7180974477958236 0.35027932960893854 0.030162412993039442
3 0.6458100558659218 0.951276102088167 0.35027932960893854 0.030162412993039442
3 0.3659217877094972 0.08584686774941995 0.025139664804469275 0.02320185614849188
3 0.40279329608938547 0.08584686774941995 0.027932960893854747 0.02320185614849188
3 0.4519553072625698 0.08584686774941995 0.05027932960893855 0.02320185614849188
3 0.49664804469273743 0.08584686774941995 0.019553072625698324 0.02320185614849188
3 0.5290502793296089 0.08584686774941995 0.025139664804469275 0.02320185614849188
3 0.5625698324022347 0.08584686774941995 0.021787709497206705 0.02320185614849188
3 0.22793296089385476 0.5150812064965197 0.07262569832402235 0.02088167053364269
3 0.22849162011173185 0.605568445475638 0.07430167597765364 0.02088167053364269
3 0.22681564245810057 0.6334106728538283 0.07039106145251396 0.02088167053364269
3 0.2346368715083799 0.6612529002320185 0.08659217877094973 0.02088167053364269
3 0.20614525139664805 0.6890951276102089 0.02905027932960894 0.02088167053364269
3 0.23631284916201117 0.7169373549883991 0.08994413407821229 0.02088167053364269
3 0.2324022346368715 0.7447795823665894 0.08212290502793296 0.02088167053364269
3 0.24636871508379887 0.7726218097447796 0.1100558659217877 0.02088167053364269
3 0.23743016759776536 0.8004640371229699 0.09217877094972067 0.02088167053364269
3 0.22625698324022347 0.8283062645011601 0.06927374301675977 0.02088167053364269
3 0.2016759776536313 0.9501160092807425 0.02011173184357542 0.02088167053364269
3 0.27318435754189946 0.5150812064965197 0.012849162011173185 0.02088167053364269
3 0.28156424581005585 0.605568445475638 0.026256983240223464 0.02088167053364269
3 0.2709497206703911 0.6334106728538283 0.012290502793296089 0.02088167053364269
3 0.2871508379888268 0.6612529002320185 0.012290502793296089 0.02088167053364269
3 0.22960893854748604 0.6890951276102089 0.012290502793296089 0.02088167053364269
3 0.2905027932960894 0.7169373549883991 0.012290502793296089 0.02088167053364269
3 0.28324022346368716 0.7447795823665894 0.012849162011173185 0.02088167053364269
3 0.3111731843575419 0.7726218097447796 0.012849162011173185 0.02088167053364269
3 0.29217877094972067 0.8004640371229699 0.011731843575418994 0.02088167053364269
3 0.2698324022346369 0.8283062645011601 0.012290502793296089 0.02088167053364269
3 0.22625698324022347 0.9501160092807425 0.02346368715083799 0.02088167053364269
3 0.23184357541899442 0.06844547563805105 0.06424581005586592 0.02320185614849188
3 0.22737430167597766 0.09048723897911833 0.06424581005586592 0.02320185614849188
3 0.22346368715083798 0.15893271461716937 0.06424581005586592 0.02320185614849188