0 0.5649766899766899 0.017554479418886198 0.027389277389277388 0.035108958837772396
0 0.7272727272727273 0.16101694915254236 0.06585081585081586 0.01694915254237288
1 0.710081585081585 0.018159806295399514 0.1987179487179487 0.03631961259079903
1 0.3479020979020979 0.3280871670702179 0.09324009324009325 0.1937046004842615
1 0.3479020979020979 0.5714285714285714 0.09324009324009325 0.1937046004842615
1 0.3479020979020979 0.8147699757869249 0.09324009324009325 0.1937046004842615
1 0.16054778554778554 0.01694915254237288 0.07867132867132867 0.03389830508474576
2 0.40413752913752915 0.017554479418886198 0.34906759906759904 0.035108958837772396
2 0.44114219114219116 0.010895883777239709 0.008158508158508158 0.01694915254237288
3 0.49038461538461536 0.014527845036319613 0.12412587412587413 0.029055690072639227
3 0.43123543123543123 0.3365617433414044 0.04603729603729604 0.023002421307506054
3 0.43123543123543123 0.5799031476997578 0.04603729603729604 0.023002421307506054
3 0.4423076923076923 0.8232445520581114 0.06818181818181818 0.023002421307506054
3 0.5909090909090909 0.9957627118644068 0.36596736596736595 0.006053268765133172
3 0.4962121212121212 0.012106537530266344 0.09615384615384616 0.024213075060532687
3 0.4962121212121212 0.012106537530266344 0.09615384615384616 0.024213075060532687
3 0.19813519813519814 0.19975786924939468 0.16200466200466201 0.03631961259079903
3 0.5909090909090909 0.2469733656174334 0.36538461538461536 0.031476997578692496
3 0.5909090909090909 0.49031476997578693 0.36538461538461536 0.031476997578692496
3 0.5909090909090909 0.7336561743341404 0.36538461538461536 0.031476997578692496
3 0.5909090909090909 0.9769975786924939 0.36538461538461536 0.031476997578692496
3 0.29895104895104896 0.07384987893462469 0.026223776223776224 0.024213075060532687
3 0.3374125874125874 0.07384987893462469 0.029137529137529136 0.024213075060532687
3 0.3886946386946387 0.07384987893462469 0.05244755244755245 0.024213075060532687
3 0.4353146853146853 0.07384987893462469 0.020396270396270396 0.024213075060532687
3 0.46911421911421913 0.07384987893462469 0.026223776223776224 0.024213075060532687
3 0.504079254079254 0.07384987893462469 0.022727272727272728 0.024213075060532687
3 0.155011655011655 0.5217917675544794 0.07575757575757576 0.021791767554479417
3 0.1555944055944056 0.6162227602905569 0.0775058275058275 0.021791767554479417
3 0.15384615384615385 0.6452784503631961 0.07342657342657342 0.021791767554479417
3 0.16200466200466201 0.6743341404358354 0.09032634032634032 0.021791767554479417
3 0.13228438228438227 0.7033898305084746 0.030303030303030304 0.021791767554479417
3 0.16375291375291376 0.7324455205811138 0.09382284382284382 0.021791767554479417
3 0.15967365967365968 0.761501210653753 0.08566433566433566 0.021791767554479417
3 0.17424242424242425 0.7905569007263923 0.1148018648018648 0.021791767554479417
3 0.1649184149184149 0.8196125907990315 0.09615384615384616 0.021791767554479417
3 0.15326340326340326 0.8486682808716707 0.07226107226107226 0.021791767554479417
3 0.12762237762237763 0.9757869249394673 0.02097902097902098 0.021791767554479417
3 0.20221445221445222 0.5217917675544794 0.013403263403263404 0.021791767554479417
3 0.21095571095571095 0.6162227602905569 0.027389277389277388 0.021791767554479417
3 0.1998834498834499 0.6452784503631961 0.01282051282051282 0.021791767554479417
3 0.21678321678321677 0.6743341404358354 0.01282051282051282 0.021791767554479417
3 0.15675990675990675 0.7033898305084746 0.01282051282051282 0.021791767554479417
3 0.2202797202797203 0.7324455205811138 0.01282051282051282 0.021791767554479417
3 0.2127039627039627 0.761501210653753 0.013403263403263404 0.021791767554479417
3 0.24184149184149184 0.7905569007263923 0.013403263403263404 0.021791767554479417
3 0.22202797202797203 0.8196125907990315 0.012237762237762238 0.021791767554479417
3 0.1987179487179487 0.8486682808716707 0.01282051282051282 0.021791767554479417
3 0.15326340326340326 0.9757869249394673 0.024475524475524476 0.021791767554479417
3 0.1590909090909091 0.05569007263922518 0.06701631701631702 0.024213075060532687
3 0.15442890442890442 0.07869249394673124 0.06701631701631702 0.024213075060532687
3 0.15034965034965034 0.15012106537530268 0.06701631701631702 0.024213075060532687