0 0.584375 0.02918918918918919 0.023958333333333335 0.04216216216216216
0 0.7296875 0.16324324324324324 0.058854166666666666 0.015135135135135135
1 0.7140625 0.03027027027027027 0.17708333333333334 0.04216216216216216
1 0.390625 0.3124324324324324 0.08333333333333333 0.17297297297297298
1 0.390625 0.5297297297297298 0.08333333333333333 0.17297297297297298
1 0.390625 0.7470270270270271 0.08333333333333333 0.17297297297297298
1 0.22291666666666668 0.03027027027027027 0.06979166666666667 0.036756756756756756
2 0.440625 0.02918918918918919 0.31145833333333334 0.04216216216216216
2 0.46510416666666665 0.02918918918918919 0.007291666666666667 0.015135135135135135
3 0.5130208333333334 0.03027027027027027 0.11927083333333334 0.02810810810810811
3 0.46510416666666665 0.32 0.04114583333333333 0.02054054054054054
3 0.46510416666666665 0.5372972972972972 0.04114583333333333 0.02054054054054054
3 0.46510416666666665 0.7545945945945945 0.04114583333333333 0.02054054054054054
3 0.46510416666666665 0.9718918918918918 0.04114583333333333 0.02054054054054054
3 0.5182291666666666 0.02918918918918919 0.09427083333333333 0.021621621621621623
3 0.5182291666666666 0.02918918918918919 0.09427083333333333 0.021621621621621623
3 0.25677083333333334 0.19783783783783784 0.14479166666666668 0.032432432432432434
3 0.6078125 0.24 0.3265625 0.02810810810810811
3 0.6078125 0.4572972972972973 0.3265625 0.02810810810810811
3 0.6078125 0.6745945945945946 0.3265625 0.02810810810810811
3 0.6078125 0.8918918918918919 0.3265625 0.02810810810810811
3 0.346875 0.08540540540540541 0.0234375 0.021621621621621623
3 0.38125 0.08540540540540541 0.026041666666666668 0.021621621621621623
3 0.4270833333333333 0.08540540540540541 0.046875 0.021621621621621623
3 0.46875 0.08540540540540541 0.018229166666666668 0.021621621621621623
3 0.49895833333333334 0.08540540540540541 0.0234375 0.021621621621621623
3 0.5302083333333333 0.08540540540540541 0.0203125 0.021621621621621623
3 0.21822916666666667 0.4854054054054054 0.06770833333333333 0.01945945945945946
3 0.21354166666666666 0.5697297297297297 0.058854166666666666 0.01945945945945946
3 0.21979166666666666 0.5956756756756757 0.07135416666666666 0.01945945945945946
3 0.23177083333333334 0.6216216216216216 0.09479166666666666 0.01945945945945946
3 0.23177083333333334 0.6475675675675676 0.09479166666666666 0.01945945945945946
3 0.19322916666666667 0.6735135135135135 0.017708333333333333 0.01945945945945946
3 0.19375 0.7578378378378379 0.01875 0.01945945945945946
3 0.20208333333333334 0.8421621621621621 0.035416666666666666 0.01945945945945946
3 0.2265625 0.8681081081081081 0.08489583333333334 0.01945945945945946
3 0.20052083333333334 0.9524324324324325 0.03229166666666667 0.01945945945945946
3 0.2578125 0.4854054054054054 0.0067708333333333336 0.01945945945945946
3 0.253125 0.5697297297297297 0.013541666666666667 0.01945945945945946
3 0.265625 0.5956756756756757 0.0140625 0.01945945945945946
3 0.2875 0.6216216216216216 0.011979166666666667 0.01945945945945946
3 0.28802083333333334 0.6475675675675676 0.011458333333333333 0.01945945945945946
3 0.20833333333333334 0.6735135135135135 0.0078125 0.01945945945945946
3 0.2125 0.7578378378378379 0.013541666666666667 0.01945945945945946
3 0.22864583333333333 0.8421621621621621 0.013020833333333334 0.01945945945945946
3 0.2786458333333333 0.8681081081081081 0.013541666666666667 0.01945945945945946
3 0.2265625 0.9524324324324325 0.013541666666666667 0.01945945945945946
3 0.21302083333333333 0.9783783783783784 0.007291666666666667 0.01945945945945946
3 0.221875 0.06918918918918919 0.059895833333333336 0.021621621621621623
3 0.21770833333333334 0.08972972972972973 0.059895833333333336 0.021621621621621623
3 0.2140625 0.1535135135135135 0.059895833333333336 0.021621621621621623
3 0.28854166666666664 0.1535135135135135 0.06875 0.021621621621621623