0 0.5858638743455498 0.029347826086956522 0.024083769633507852 0.042391304347826085
0 0.20471204188481676 0.5423913043478261 0.010471204188481676 0.021739130434782608
0 0.7319371727748691 0.3423913043478261 0.059162303664921465 0.015217391304347827
1 0.7162303664921466 0.030434782608695653 0.17801047120418848 0.042391304347826085
1 0.22146596858638742 0.3076086956521739 0.06387434554973823 0.09782608695652174
1 0.4109947643979058 0.5380434782608695 0.1486910994764398 0.30869565217391304
1 0.5680628272251309 0.5380434782608695 0.1486910994764398 0.30869565217391304
1 0.725130890052356 0.5380434782608695 0.1486910994764398 0.30869565217391304
1 0.22251308900523561 0.030434782608695653 0.07015706806282722 0.03695652173913044
2 0.44136125654450264 0.029347826086956522 0.31308900523560207 0.042391304347826085
2 0.48219895287958114 0.029347826086956522 0.007329842931937173 0.015217391304347827
3 0.5225130890052356 0.030434782608695653 0.10366492146596859 0.02826086956521739
3 0.38481675392670156 0.7652173913043478 0.07539267015706806 0.020652173913043477
3 0.5418848167539267 0.7652173913043478 0.07539267015706806 0.020652173913043477
3 0.6989528795811518 0.7652173913043478 0.07539267015706806 0.020652173913043477
3 0.5277486910994764 0.029347826086956522 0.07853403141361257 0.021739130434782608
3 0.5277486910994764 0.029347826086956522 0.07853403141361257 0.021739130434782608
3 0.25654450261780104 0.4543478260869565 0.14554973821989528 0.06521739130434782
3 0.4109947643979058 0.808695652173913 0.12774869109947645 0.0391304347826087
3 0.5680628272251309 0.808695652173913 0.12774869109947645 0.0391304347826087
3 0.725130890052356 0.808695652173913 0.12774869109947645 0.0391304347826087
3 0.3471204188481675 0.08586956521739131 0.02356020942408377 0.021739130434782608
3 0.38167539267015704 0.08586956521739131 0.02617801047120419 0.021739130434782608
3 0.42774869109947644 0.08586956521739131 0.04712041884816754 0.021739130434782608
3 0.46963350785340313 0.08586956521739131 0.01832460732984293 0.021739130434782608
3 0.5 0.08586956521739131 0.02356020942408377 0.021739130434782608
3 0.5314136125654451 0.08586956521739131 0.020418848167539267 0.021739130434782608
3 0.2136125654450262 0.816304347826087 0.060209424083769635 0.01956521739130435
3 0.193717277486911 0.842391304347826 0.020418848167539267 0.01956521739130435
3 0.22198952879581152 0.8684782608695653 0.07643979057591622 0.01956521739130435
3 0.22879581151832462 0.8945652173913043 0.09005235602094241 0.01956521739130435
3 0.2130890052356021 0.9206521739130434 0.059162303664921465 0.01956521739130435
3 0.2193717277486911 0.9467391304347826 0.0712041884816754 0.01956521739130435
3 0.22251308900523561 0.9728260869565217 0.0774869109947644 0.01956521739130435
3 0.2549738219895288 0.816304347826087 0.015706806282722512 0.01956521739130435
3 0.2130890052356021 0.842391304347826 0.011518324607329843 0.01956521739130435
3 0.26910994764397905 0.8684782608695653 0.011518324607329843 0.01956521739130435
3 0.281151832460733 0.8945652173913043 0.009424083769633508 0.01956521739130435
3 0.25078534031413613 0.9206521739130434 0.009947643979057591 0.01956521739130435
3 0.2612565445026178 0.9467391304347826 0.007329842931937173 0.01956521739130435
3 0.2675392670157068 0.9728260869565217 0.007329842931937173 0.01956521739130435
3 0.22146596858638742 0.06956521739130435 0.060209424083769635 0.021739130434782608
3 0.21727748691099477 0.09021739130434783 0.060209424083769635 0.021739130434782608
3 0.21047120418848167 0.3934782608695652 0.05340314136125655 0.021739130434782608
3 0.2628272251308901 0.3934782608695652 0.03193717277486911 0.021739130434782608