0 0.5848404255319148 0.018763796909492272 0.025 0.037527593818984545
0 0.6856382978723404 0.9370860927152318 0.1276595744680851 0.019867549668874173
1 0.7172872340425532 0.019315673289183224 0.18138297872340425 0.03863134657836645
1 0.20425531914893616 0.17328918322295805 0.05106382978723404 0.0772626931567329
1 0.20053191489361702 0.3509933774834437 0.023404255319148935 0.04856512141280353
1 0.4031914893617021 0.6258278145695364 0.3553191489361702 0.5165562913907285
1 0.20053191489361702 0.41721854304635764 0.023404255319148935 0.04856512141280353
1 0.20053191489361702 0.48344370860927155 0.023404255319148935 0.04856512141280353
1 0.20053191489361702 0.5496688741721855 0.023404255319148935 0.04856512141280353
1 0.6345744680851064 0.8211920529801324 0.023404255319148935 0.04856512141280353
1 0.21569148936170213 0.018211920529801324 0.07180851063829788 0.03642384105960265
2 0.43803191489361704 0.018763796909492272 0.31861702127659575 0.037527593818984545
3 0.6601063829787234 0.543046357615894 0.07712765957446809 0.019867549668874173
3 0.6936170212765957 0.8300220750551877 0.07819148936170213 0.019867549668874173
3 0.20053191489361702 0.3686534216335541 0.026595744680851064 0.024282560706401765
3 0.20053191489361702 0.434878587196468 0.026595744680851064 0.024282560706401765
3 0.20053191489361702 0.5011037527593819 0.026595744680851064 0.024282560706401765
3 0.20053191489361702 0.5673289183222958 0.026595744680851064 0.024282560706401765
3 0.20053191489361702 0.3686534216335541 0.026595744680851064 0.024282560706401765
3 0.20053191489361702 0.434878587196468 0.026595744680851064 0.024282560706401765
3 0.20053191489361702 0.5011037527593819 0.026595744680851064 0.024282560706401765
3 0.20053191489361702 0.5673289183222958 0.026595744680851064 0.024282560706401765
3 0.6962765957446808 0.4205298013245033 0.149468085106383 0.08278145695364239
3 0.7143617021276596 0.6114790286975718 0.15319148936170213 0.02207505518763797
3 0.7143617021276596 0.6346578366445916 0.15319148936170213 0.019867549668874173
3 0.7132978723404255 0.7019867549668874 0.15478723404255318 0.02207505518763797
3 0.7132978723404255 0.7251655629139073 0.15478723404255318 0.019867549668874173
3 0.6936170212765957 0.8101545253863135 0.07819148936170213 0.018763796909492272
3 0.6531914893617021 0.8940397350993378 0.0627659574468085 0.02207505518763797
3 0.34202127659574466 0.0728476821192053 0.023936170212765957 0.02207505518763797
3 0.3771276595744681 0.0728476821192053 0.026595744680851064 0.02207505518763797
3 0.423936170212766 0.0728476821192053 0.047872340425531915 0.02207505518763797
3 0.4664893617021277 0.0728476821192053 0.018617021276595744 0.02207505518763797
3 0.4973404255319149 0.0728476821192053 0.023936170212765957 0.02207505518763797
3 0.5292553191489362 0.0728476821192053 0.02074468085106383 0.02207505518763797
3 0.21436170212765956 0.056291390728476824 0.061170212765957445 0.02207505518763797
3 0.21010638297872342 0.0772626931567329 0.061170212765957445 0.02207505518763797
3 0.2824468085106383 0.27593818984547464 0.061170212765957445 0.01545253863134658
3 0.3553191489361702 0.27593818984547464 0.06489361702127659 0.01545253863134658
3 0.42925531914893617 0.27593818984547464 0.06329787234042553 0.01545253863134658