0 0.584375 0.02918918918918919 0.023958333333333335 0.04216216216216216
0 0.7296875 0.29621621621621624 0.058854166666666666 0.015135135135135135
0 0.2234375 0.20972972972972972 0.04635416666666667 0.04108108108108108
0 0.2864583333333333 0.20972972972972972 0.07552083333333333 0.04108108108108108
1 0.7140625 0.03027027027027027 0.17708333333333334 0.04216216216216216
1 0.390625 0.4454054054054054 0.08333333333333333 0.17297297297297298
1 0.390625 0.6627027027027027 0.08333333333333333 0.17297297297297298
1 0.390625 0.88 0.08333333333333333 0.17297297297297298
2 0.440625 0.02918918918918919 0.31145833333333334 0.04216216216216216
2 0.48125 0.02918918918918919 0.007291666666666667 0.015135135135135135
3 0.1828125 0 0 0
3 0.22291666666666668 0.03027027027027027 0.06979166666666667 0.036756756756756756
3 0.6729166666666667 0.08540540540540541 0.057291666666666664 0.021621621621621623
3 0.71875 0.08540540540540541 0.034375 0.021621621621621623
3 0.7609375 0.08540540540540541 0.050520833333333334 0.021621621621621623
3 0.21770833333333334 0.07783783783783783 0.06927083333333334 0.043243243243243246
3 0.30520833333333336 0.08540540540540541 0.04114583333333333 0.021621621621621623
3 0.346875 0.08540540540540541 0.0234375 0.021621621621621623
3 0.38125 0.08540540540540541 0.026041666666666668 0.021621621621621623
3 0.4270833333333333 0.08540540540540541 0.046875 0.021621621621621623
3 0.46875 0.08540540540540541 0.018229166666666668 0.021621621621621623
3 0.49895833333333334 0.08540540540540541 0.0234375 0.021621621621621623
3 0.5302083333333333 0.08540540540540541 0.0203125 0.021621621621621623
3 0.7963541666666667 0.08324324324324324 0.013020833333333334 0.022702702702702703
3 0.7140625 0.03351351351351351 0.17708333333333334 0.04756756756756757
3 0.49557291666666664 0.15675675675675677 0.9911458333333333 0.0972972972972973
3 0.28229166666666666 0.23243243243243245 0.027604166666666666 0.021621621621621623
3 0.315625 0.23243243243243245 0.018229166666666668 0.021621621621621623
3 0.34739583333333335 0.23243243243243245 0.023958333333333335 0.021621621621621623
3 0.3854166666666667 0.23243243243243245 0.030208333333333334 0.021621621621621623
3 0.4432291666666667 0.23243243243243245 0.06614583333333333 0.021621621621621623
3 0.2140625 0.2864864864864865 0.059895833333333336 0.021621621621621623
3 0.2484375 0.2972972972972973 0.128125 0.043243243243243246
3 0.29322916666666665 0.45513513513513515 0.016666666666666666 0.017297297297297298
3 0.29322916666666665 0.5264864864864864 0.016666666666666666 0.017297297297297298
3 0.29322916666666665 0.6 0.016666666666666666 0.017297297297297298
3 0.23020833333333332 0.7037837837837838 0.0921875 0.01945945945945946
3 0.2078125 0.7881081081081082 0.04739583333333333 0.01945945945945946
3 0.20572916666666666 0.8140540540540541 0.042708333333333334 0.01945945945945946
3 0.209375 0.84 0.050520833333333334 0.01945945945945946
3 0.203125 0.865945945945946 0.0375 0.01945945945945946
3 0.20989583333333334 0.8918918918918919 0.051041666666666666 0.01945945945945946
3 0.2046875 0.9178378378378378 0.040625 0.01945945945945946
3 0.21979166666666666 0.9437837837837838 0.07083333333333333 0.01945945945945946
3 0.20625 0.9697297297297297 0.044270833333333336 0.01945945945945946
3 0.7807291666666667 0.2983783783783784 0.008333333333333333 0.017297297297297298
3 0.7932291666666667 0.2983783783783784 0.008333333333333333 0.017297297297297298
3 0.390625 0.4454054054054054 0.08333333333333333 0.17297297297297298
3 0.6078125 0.372972972972973 0.3265625 0.02810810810810811
3 0.390625 0.6627027027027027 0.08333333333333333 0.17297297297297298
3 0.6078125 0.5902702702702702 0.3265625 0.02810810810810811
3 0.6078125 0.6118918918918919 0.3265625 0.015135135135135135
3 0.390625 0.88 0.08333333333333333 0.17297297297297298
3 0.6078125 0.8075675675675675 0.3265625 0.02810810810810811
3 0.5213541666666667 0.03027027027027027 0.103125 0.02810810810810811
3 0.6078125 0.6118918918918919 0.3265625 0.015135135135135135
3 0.46510416666666665 0.6854054054054054 0.04114583333333333 0.02054054054054054
3 0.5265625 0.02918918918918919 0.078125 0.021621621621621623
3 0.5265625 0.02918918918918919 0.078125 0.021621621621621623
3 0.25677083333333334 0.35243243243243244 0.14479166666666668 0.032432432432432434
3 0.6078125 0.372972972972973 0.3265625 0.02810810810810811
3 0.6078125 0.5902702702702702 0.3265625 0.02810810810810811
3 0.6078125 0.8075675675675675 0.3265625 0.02810810810810811
3 0.26875 0.1545945945945946 0.13697916666666668 0.043243243243243246