1 0.7363888888888889 0.004618937644341801 0.18944444444444444 0.009237875288683603
3 0.20277777777777778 0.33602771362586603 0.06666666666666667 0.04157043879907621
3 0.20277777777777778 0.41570438799076215 0.06666666666666667 0.06235565819861432
3 0.5488888888888889 0.33602771362586603 0.5744444444444444 0.06928406466512702
3 0.20277777777777778 0.6096997690531177 0.06666666666666667 0.04157043879907621
3 0.20277777777777778 0.6685912240184757 0.06666666666666667 0.020785219399538105
3 0.5488888888888889 0.648960739030023 0.5744444444444444 0.13856812933025403
3 0.20277777777777778 0.8856812933025404 0.06666666666666667 0.04157043879907621
3 0.20277777777777778 0.9445727482678984 0.06666666666666667 0.020785219399538105
3 0.5027777777777778 0.15011547344110854 0.6666666666666666 0.04734411085450346
3 0.5488888888888889 0.26096997690531176 0.5744444444444444 0.03579676674364896
3 0.5488888888888889 0.5392609699769053 0.5744444444444444 0.03579676674364896
3 0.5488888888888889 0.8106235565819861 0.5744444444444444 0.03579676674364896
3 0.3438888888888889 0.04503464203233257 0.025 0.023094688221709007
3 0.38055555555555554 0.04503464203233257 0.027777777777777776 0.023094688221709007
3 0.42944444444444446 0.04503464203233257 0.05 0.023094688221709007
3 0.47444444444444445 0.04503464203233257 0.019444444444444445 0.023094688221709007
3 0.5066666666666667 0.04503464203233257 0.025 0.023094688221709007
3 0.5394444444444444 0.04503464203233257 0.021666666666666667 0.023094688221709007
3 0.2111111111111111 0.02771362586605081 0.06388888888888888 0.023094688221709007
3 0.20666666666666667 0.049653579676674366 0.06388888888888888 0.023094688221709007