0 0.5714673913043479 0.016930022573363433 0.025543478260869567 0.033860045146726865
1 0.7067934782608696 0.017494356659142212 0.18532608695652175 0.034988713318284424
1 0.19429347826086957 0.01636568848758465 0.07336956521739131 0.0327313769751693
2 0.42146739130434785 0.016930022573363433 0.32554347826086955 0.033860045146726865
3 0.18478260869565216 0.3544018058690745 0.06521739130434782 0.040632054176072234
3 0.18478260869565216 0.4322799097065463 0.06521739130434782 0.060948081264108354
3 0.5233695652173913 0.3544018058690745 0.5619565217391305 0.06772009029345373
3 0.18478260869565216 0.6218961625282167 0.06521739130434782 0.040632054176072234
3 0.18478260869565216 0.6794582392776524 0.06521739130434782 0.020316027088036117
3 0.5233695652173913 0.6602708803611738 0.5619565217391305 0.13544018058690746
3 0.18478260869565216 0.891647855530474 0.06521739130434782 0.040632054176072234
3 0.18478260869565216 0.9492099322799097 0.06521739130434782 0.020316027088036117
3 0.4782608695652174 0.172686230248307 0.6521739130434783 0.046275395033860044
3 0.5233695652173913 0.28103837471783294 0.5619565217391305 0.034988713318284424
3 0.5233695652173913 0.5530474040632054 0.5619565217391305 0.034988713318284424
3 0.5233695652173913 0.8182844243792325 0.5619565217391305 0.034988713318284424
3 0.32282608695652176 0.06997742663656885 0.024456521739130436 0.022573363431151242
3 0.358695652173913 0.06997742663656885 0.02717391304347826 0.022573363431151242
3 0.40652173913043477 0.06997742663656885 0.04891304347826087 0.022573363431151242
3 0.45054347826086955 0.06997742663656885 0.019021739130434784 0.022573363431151242
3 0.48206521739130437 0.06997742663656885 0.024456521739130436 0.022573363431151242
3 0.5141304347826087 0.06997742663656885 0.021195652173913043 0.022573363431151242
3 0.19293478260869565 0.05304740406320542 0.0625 0.022573363431151242
3 0.18858695652173912 0.0744920993227991 0.0625 0.022573363431151242