0 0.5867403314917127 0.02522935779816514 0.02541436464088398 0.04472477064220184
1 0.7243093922651934 0.026376146788990827 0.1878453038674033 0.04472477064220184
1 0.19171270718232045 0.8922018348623854 0.05303867403314917 0.08027522935779817
1 0.20331491712707184 0.026376146788990827 0.07403314917127071 0.0389908256880734
2 0.43425414364640885 0.02522935779816514 0.33038674033149174 0.04472477064220184
3 0.33480662983425413 0.08486238532110092 0.024861878453038673 0.022935779816513763
3 0.3712707182320442 0.08486238532110092 0.027624309392265192 0.022935779816513763
3 0.4198895027624309 0.08486238532110092 0.049723756906077346 0.022935779816513763
3 0.46408839779005523 0.08486238532110092 0.019337016574585635 0.022935779816513763
3 0.49613259668508286 0.08486238532110092 0.024861878453038673 0.022935779816513763
3 0.5292817679558011 0.08486238532110092 0.02154696132596685 0.022935779816513763
3 0.2022099447513812 0.0676605504587156 0.06353591160220995 0.022935779816513763
3 0.19779005524861878 0.08944954128440367 0.06353591160220995 0.022935779816513763
3 0.2729281767955801 0.9959862385321101 0.06408839779005525 0.005733944954128441
3 0.3511049723756906 0.9959862385321101 0.07237569060773481 0.005733944954128441
3 0.4069060773480663 0.9959862385321101 0.019337016574585635 0.005733944954128441