0 0.6114525139664805 0.013921113689095127 0.026256983240223464 0.027842227378190254
0 0.7670391061452514 0.14849187935034802 0.06312849162011173 0.016241299303944315
0 0.6575418994413408 0.302784222737819 0.0329608938547486 0.030162412993039442
1 0.7505586592178771 0.014501160092807424 0.19050279329608938 0.029002320185614848
1 0.4033519553072626 0.308584686774942 0.0893854748603352 0.18561484918793503
1 0.4033519553072626 0.5417633410672854 0.0893854748603352 0.18561484918793503
1 0.4033519553072626 0.7749419953596288 0.0893854748603352 0.18561484918793503
1 0.22374301675977654 0.01334106728538283 0.07541899441340782 0.02668213457076566
2 0.4572625698324022 0.013921113689095127 0.3346368715083799 0.027842227378190254
2 0.48463687150837986 0.0069605568445475635 0.008379888268156424 0.013921113689095127
3 0.535195530726257 0.011020881670533642 0.12737430167597766 0.022041763341067284
3 0.48324022346368717 0.3167053364269142 0.044134078212290505 0.022041763341067284
3 0.6290502793296089 0.302784222737819 0.02011173184357542 0.02088167053364269
3 0.5016759776536313 0.5916473317865429 0.08044692737430167 0.022041763341067284
3 0.48324022346368717 0.7830626450116009 0.044134078212290505 0.022041763341067284
3 0.5407821229050279 0.008700696055684454 0.1005586592178771 0.01740139211136891
3 0.5407821229050279 0.008700696055684454 0.1005586592178771 0.01740139211136891
3 0.25977653631284914 0.18561484918793503 0.1553072625698324 0.03480278422273782
3 0.6363128491620111 0.2308584686774942 0.35027932960893854 0.030162412993039442
3 0.6363128491620111 0.505800464037123 0.35027932960893854 0.030162412993039442
3 0.6363128491620111 0.697215777262181 0.35027932960893854 0.030162412993039442
3 0.6363128491620111 0.9303944315545244 0.35027932960893854 0.030162412993039442
3 0.3564245810055866 0.06496519721577726 0.025139664804469275 0.02320185614849188
3 0.39329608938547483 0.06496519721577726 0.027932960893854747 0.02320185614849188
3 0.4424581005586592 0.06496519721577726 0.05027932960893855 0.02320185614849188
3 0.4871508379888268 0.06496519721577726 0.019553072625698324 0.02320185614849188
3 0.5195530726256983 0.06496519721577726 0.025139664804469275 0.02320185614849188
3 0.553072625698324 0.06496519721577726 0.021787709497206705 0.02320185614849188
3 0.21843575418994413 0.494199535962877 0.07262569832402235 0.02088167053364269
3 0.23575418994413408 0.5846867749419954 0.10726256983240223 0.02088167053364269
3 0.2 0.6125290023201856 0.035754189944134075 0.02088167053364269
3 0.2217877094972067 0.6403712296983759 0.07988826815642458 0.02088167053364269
3 0.19888268156424582 0.6682134570765661 0.03407821229050279 0.02088167053364269
3 0.211731843575419 0.6960556844547564 0.05977653631284916 0.02088167053364269
3 0.21899441340782122 0.7238979118329466 0.07374301675977654 0.02088167053364269
3 0.19441340782122904 0.7517401392111369 0.025139664804469275 0.02088167053364269
3 0.21452513966480447 0.7795823665893271 0.06536312849162011 0.02088167053364269
3 0.22569832402234638 0.8074245939675174 0.08715083798882682 0.02088167053364269
3 0.19217877094972066 0.9292343387470998 0.02011173184357542 0.02088167053364269
3 0.26145251396648045 0.494199535962877 0.00782122905027933 0.02088167053364269
3 0.3005586592178771 0.5846867749419954 0.01675977653631285 0.02088167053364269
3 0.22905027932960895 0.6125290023201856 0.01675977653631285 0.02088167053364269
3 0.27206703910614527 0.6403712296983759 0.015083798882681564 0.02088167053364269
3 0.22681564245810057 0.6682134570765661 0.01452513966480447 0.02088167053364269
3 0.2508379888268156 0.6960556844547564 0.012849162011173185 0.02088167053364269
3 0.2664804469273743 0.7238979118329466 0.015083798882681564 0.02088167053364269
3 0.21675977653631284 0.7517401392111369 0.012849162011173185 0.02088167053364269
3 0.25642458100558657 0.7795823665893271 0.012849162011173185 0.02088167053364269
3 0.2787709497206704 0.8074245939675174 0.012290502793296089 0.02088167053364269
3 0.21284916201117318 0.9292343387470998 0.016201117318435754 0.02088167053364269
3 0.2223463687150838 0.04756380510440835 0.06424581005586592 0.02320185614849188
3 0.21787709497206703 0.06960556844547564 0.06424581005586592 0.02320185614849188
3 0.21396648044692737 0.13805104408352667 0.06424581005586592 0.02320185614849188
3 0.29329608938547486 0.13805104408352667 0.07262569832402235 0.02320185614849188