0 0.5760869565217391 0.02494061757719715 0.02631578947368421 0.04631828978622328
1 0.7185354691075515 0.026128266033254157 0.1945080091533181 0.04631828978622328
1 0.16704805491990846 0.19477434679334918 0.05491990846681922 0.0831353919239905
1 0.16304347826086957 0.3859857482185273 0.02517162471395881 0.052256532066508314
1 0.38100686498855835 0.6817102137767221 0.38215102974828374 0.5558194774346793
1 0.16304347826086957 0.45724465558194777 0.02517162471395881 0.052256532066508314
1 0.16304347826086957 0.5285035629453682 0.02517162471395881 0.052256532066508314
1 0.16304347826086957 0.5997624703087886 0.02517162471395881 0.052256532066508314
1 0.629862700228833 0.9608076009501187 0.02517162471395881 0.052256532066508314
1 0.17906178489702518 0.026128266033254157 0.07665903890160183 0.040380047505938245
2 0.4181922196796339 0.02494061757719715 0.34210526315789475 0.04631828978622328
3 0.6573226544622426 0.6140142517814727 0.08295194508009153 0.021377672209026127
3 0.6933638443935927 0.9703087885985748 0.08409610983981694 0.021377672209026127
3 0.16304347826086957 0.40498812351543945 0.028604118993135013 0.026128266033254157
3 0.16304347826086957 0.47624703087885983 0.028604118993135013 0.026128266033254157
3 0.16304347826086957 0.5475059382422803 0.028604118993135013 0.026128266033254157
3 0.16304347826086957 0.6187648456057007 0.028604118993135013 0.026128266033254157
3 0.16304347826086957 0.40498812351543945 0.028604118993135013 0.026128266033254157
3 0.16304347826086957 0.47624703087885983 0.028604118993135013 0.026128266033254157
3 0.16304347826086957 0.5475059382422803 0.028604118993135013 0.026128266033254157
3 0.16304347826086957 0.6187648456057007 0.028604118993135013 0.026128266033254157
3 0.6962242562929062 0.44655581947743467 0.16075514874141877 0.05938242280285035
3 0.715675057208238 0.6876484560570071 0.16475972540045766 0.023752969121140142
3 0.715675057208238 0.7125890736342043 0.16475972540045766 0.021377672209026127
3 0.715675057208238 0.7363420427553444 0.16475972540045766 0.021377672209026127
3 0.715675057208238 0.7600950118764845 0.16475972540045766 0.021377672209026127
3 0.7145308924485125 0.832541567695962 0.16647597254004576 0.023752969121140142
3 0.7145308924485125 0.8574821852731591 0.16647597254004576 0.021377672209026127
3 0.6933638443935927 0.9489311163895487 0.08409610983981694 0.020190023752969122
3 0.31521739130434784 0.08669833729216152 0.02574370709382151 0.023752969121140142
3 0.35297482837528604 0.08669833729216152 0.028604118993135013 0.023752969121140142
3 0.40331807780320367 0.08669833729216152 0.05148741418764302 0.023752969121140142
3 0.4490846681922197 0.08669833729216152 0.02002288329519451 0.023752969121140142
3 0.48226544622425627 0.08669833729216152 0.02574370709382151 0.023752969121140142
3 0.5165903890160183 0.08669833729216152 0.02231121281464531 0.023752969121140142
3 0.17791762013729978 0.0688836104513064 0.06578947368421052 0.023752969121140142
3 0.17334096109839817 0.09144893111638955 0.06578947368421052 0.023752969121140142
3 0.2511441647597254 0.30522565320665085 0.06578947368421052 0.0166270783847981
3 0.33867276887871856 0.30522565320665085 0.08867276887871854 0.0166270783847981
3 0.42219679633867274 0.30522565320665085 0.057780320366132724 0.0166270783847981
3 0.4719679633867277 0.30522565320665085 0.020594965675057208 0.0166270783847981