0 0.6305460750853242 0.008274231678486997 0.026734926052332197 0.016548463356973995
1 0.7721843003412969 0.008865248226950355 0.19397042093287828 0.01773049645390071
1 0.2235494880546075 0.16193853427895982 0.05460750853242321 0.08274231678486997
1 0.21956769055745165 0.35224586288416077 0.02502844141069397 0.05200945626477541
1 0.43629124004550623 0.6465721040189125 0.3799772468714448 0.5531914893617021
1 0.21956769055745165 0.4231678486997636 0.02502844141069397 0.05200945626477541
1 0.21956769055745165 0.4940898345153664 0.02502844141069397 0.05200945626477541
1 0.21956769055745165 0.5650118203309693 0.02502844141069397 0.05200945626477541
1 0.6837315130830489 0.9243498817966903 0.02502844141069397 0.05200945626477541
1 0.23577929465301478 0.0076832151300236405 0.07679180887372014 0.015366430260047281
2 0.4735494880546075 0.008274231678486997 0.34072810011376564 0.016548463356973995
3 0.7110352673492605 0.5791962174940898 0.08248009101251422 0.02127659574468085
3 0.7468714448236633 0.933806146572104 0.08361774744027303 0.02127659574468085
3 0.21956769055745165 0.37115839243498816 0.02844141069397042 0.026004728132387706
3 0.21956769055745165 0.44208037825059104 0.02844141069397042 0.026004728132387706
3 0.21956769055745165 0.5130023640661938 0.02844141069397042 0.026004728132387706
3 0.21956769055745165 0.5839243498817966 0.02844141069397042 0.026004728132387706
3 0.21956769055745165 0.37115839243498816 0.02844141069397042 0.026004728132387706
3 0.21956769055745165 0.44208037825059104 0.02844141069397042 0.026004728132387706
3 0.21956769055745165 0.5130023640661938 0.02844141069397042 0.026004728132387706
3 0.21956769055745165 0.5839243498817966 0.02844141069397042 0.026004728132387706
3 0.7497155858930603 0.41252955082742315 0.15984072810011377 0.0591016548463357
3 0.7690557451649602 0.6524822695035462 0.16382252559726962 0.02364066193853428
3 0.7690557451649602 0.6773049645390071 0.16382252559726962 0.02127659574468085
3 0.7690557451649602 0.7009456264775413 0.16382252559726962 0.02127659574468085
3 0.7690557451649602 0.7245862884160756 0.16382252559726962 0.02127659574468085
3 0.7679180887372014 0.7966903073286052 0.16552901023890784 0.02364066193853428
3 0.7679180887372014 0.8215130023640662 0.16552901023890784 0.02127659574468085
3 0.7468714448236633 0.9125295508274232 0.08361774744027303 0.02009456264775414
3 0.7039249146757679 0.9946808510638298 0.0676905574516496 0.008274231678486997
3 0.3708759954493743 0.054373522458628844 0.025597269624573378 0.02364066193853428
3 0.40841865756541523 0.054373522458628844 0.02844141069397042 0.02364066193853428
3 0.45847554038680316 0.054373522458628844 0.051194539249146756 0.02364066193853428
3 0.5039817974971559 0.054373522458628844 0.019908987485779295 0.02364066193853428
3 0.5369738339021616 0.054373522458628844 0.025597269624573378 0.02364066193853428
3 0.571103526734926 0.054373522458628844 0.02218430034129693 0.02364066193853428
3 0.23435722411831628 0.03664302600472813 0.06541524459613197 0.02364066193853428
3 0.229806598407281 0.0591016548463357 0.06541524459613197 0.02364066193853428
3 0.30716723549488056 0.2718676122931442 0.06541524459613197 0.016548463356973995
3 0.39419795221843 0.2718676122931442 0.08816837315130831 0.016548463356973995
3 0.47724687144482364 0.2718676122931442 0.05745164960182025 0.016548463356973995
3 0.5267349260523322 0.2718676122931442 0.020477815699658702 0.016548463356973995