0 0.715675057208238 0.12232779097387174 0.06464530892448513 0.0166270783847981
1 0.34324942791762014 0.2862232779097387 0.09153318077803203 0.19002375296912113
1 0.34324942791762014 0.5249406175771971 0.09153318077803203 0.19002375296912113
1 0.34324942791762014 0.7636579572446556 0.09153318077803203 0.19002375296912113
3 0.42505720823798626 0.29453681710213775 0.04519450800915332 0.022565320665083134
3 0.5818077803203662 0.4691211401425178 0.358695652173913 0.0166270783847981
3 0.42505720823798626 0.5498812351543944 0.04519450800915332 0.022565320665083134
3 0.5818077803203662 0.7078384798099763 0.358695652173913 0.0166270783847981
3 0.42505720823798626 0.7885985748218527 0.04519450800915332 0.022565320665083134
3 0.19622425629290619 0.17814726840855108 0.15903890160183065 0.07125890736342043
3 0.5818077803203662 0.20665083135391923 0.358695652173913 0.030878859857482184
3 0.5818077803203662 0.44536817102137766 0.358695652173913 0.030878859857482184
3 0.5818077803203662 0.684085510688836 0.358695652173913 0.030878859857482184
3 0.5818077803203662 0.9228028503562945 0.358695652173913 0.030878859857482184
3 0.2951945080091533 0.005344418052256532 0.02631578947368421 0.010688836104513063
3 0.3332379862700229 0.005344418052256532 0.02917620137299771 0.010688836104513063
3 0.3835812356979405 0.005344418052256532 0.05205949656750572 0.010688836104513063
3 0.4290617848970252 0.005344418052256532 0.020594965675057208 0.010688836104513063
3 0.4622425629290618 0.005344418052256532 0.02631578947368421 0.010688836104513063
3 0.4965675057208238 0.005344418052256532 0.02288329519450801 0.010688836104513063
3 0.15389016018306637 0.5118764845605701 0.07437070938215103 0.021377672209026127
3 0.14530892448512586 0.6045130641330166 0.057780320366132724 0.021377672209026127
3 0.16704805491990846 0.6330166270783848 0.10068649885583524 0.021377672209026127
3 0.12643020594965676 0.661520190023753 0.02002288329519451 0.021377672209026127
3 0.12986270022883295 0.6900237529691211 0.02688787185354691 0.021377672209026127
3 0.14702517162471396 0.7185273159144893 0.06064073226544622 0.021377672209026127
3 0.14816933638443935 0.7470308788598575 0.06292906178489703 0.021377672209026127
3 0.12814645308924486 0.7755344418052257 0.02288329519450801 0.021377672209026127
3 0.14588100686498856 0.8040380047505938 0.05835240274599542 0.021377672209026127
3 0.12643020594965676 0.832541567695962 0.019450800915331808 0.021377672209026127
3 0.12700228832951946 0.9251781472684085 0.020594965675057208 0.021377672209026127
3 0.2048054919908467 0.5118764845605701 0.021739130434782608 0.021377672209026127
3 0.19164759725400457 0.6045130641330166 0.02745995423340961 0.021377672209026127
3 0.2345537757437071 0.6330166270783848 0.028604118993135013 0.021377672209026127
3 0.15217391304347827 0.661520190023753 0.02402745995423341 0.021377672209026127
3 0.15617848970251716 0.6900237529691211 0.01887871853546911 0.021377672209026127
3 0.19279176201372997 0.7185273159144893 0.02459954233409611 0.021377672209026127
3 0.19336384439359267 0.7470308788598575 0.021739130434782608 0.021377672209026127
3 0.15045766590389015 0.7755344418052257 0.016590389016018305 0.021377672209026127
3 0.1853546910755149 0.8040380047505938 0.015446224256292907 0.021377672209026127
3 0.15045766590389015 0.832541567695962 0.02345537757437071 0.021377672209026127
3 0.15160183066361557 0.9251781472684085 0.02288329519450801 0.021377672209026127
3 0.15331807780320367 0.007719714964370546 0.06636155606407322 0.015439429928741092
3 0.14931350114416475 0.11163895486935867 0.06578947368421052 0.023752969121140142