0 0.5927027027027028 0.013452914798206279 0.025405405405405406 0.026905829596412557
0 0.7432432432432432 0.14349775784753363 0.06108108108108108 0.01569506726457399
1 0.7272972972972973 0.014013452914798207 0.18432432432432433 0.028026905829596414
1 0.39135135135135135 0.2982062780269058 0.08648648648648649 0.17937219730941703
1 0.39135135135135135 0.523542600896861 0.08648648648648649 0.17937219730941703
1 0.39135135135135135 0.7488789237668162 0.08648648648648649 0.17937219730941703
1 0.21756756756756757 0.01289237668161435 0.07297297297297298 0.0257847533632287
2 0.44351351351351354 0.013452914798206279 0.3237837837837838 0.026905829596412557
2 0.47324324324324324 0.006726457399103139 0.008108108108108109 0.013452914798206279
3 0.5205405405405406 0.010650224215246636 0.12 0.021300448430493273
3 0.6167567567567568 0.24551569506726456 0.3389189189189189 0.01569506726457399
3 0.4789189189189189 0.3217488789237668 0.06324324324324325 0.021300448430493273
3 0.6167567567567568 0.47085201793721976 0.3389189189189189 0.01569506726457399
3 0.46864864864864864 0.547085201793722 0.042702702702702704 0.021300448430493273
3 0.4875675675675676 0.797085201793722 0.08054054054054054 0.021300448430493273
3 0.6167567567567568 0.92152466367713 0.3389189189189189 0.01569506726457399
3 0.4789189189189189 0.9927130044843049 0.06378378378378378 0.01233183856502242
3 0.5259459459459459 0.008408071748878924 0.09405405405405405 0.016816143497757848
3 0.5259459459459459 0.008408071748878924 0.09405405405405405 0.016816143497757848
3 0.2524324324324324 0.20179372197309417 0.15027027027027026 0.033632286995515695
3 0.6167567567567568 0.22309417040358745 0.3389189189189189 0.02914798206278027
3 0.6167567567567568 0.4484304932735426 0.3389189189189189 0.02914798206278027
3 0.6167567567567568 0.7141255605381166 0.3389189189189189 0.02914798206278027
3 0.6167567567567568 0.899103139013453 0.3389189189189189 0.02914798206278027
3 0.34594594594594597 0.06278026905829596 0.024324324324324326 0.02242152466367713
3 0.3816216216216216 0.06278026905829596 0.02702702702702703 0.02242152466367713
3 0.4291891891891892 0.06278026905829596 0.04864864864864865 0.02242152466367713
3 0.47243243243243244 0.06278026905829596 0.01891891891891892 0.02242152466367713
3 0.5037837837837837 0.06278026905829596 0.024324324324324326 0.02242152466367713
3 0.5362162162162162 0.06278026905829596 0.02108108108108108 0.02242152466367713
3 0.21243243243243243 0.5 0.07027027027027027 0.020179372197309416
3 0.18702702702702703 0.5874439461883408 0.01945945945945946 0.020179372197309416
3 0.19567567567567568 0.6748878923766816 0.036756756756756756 0.020179372197309416
3 0.22108108108108107 0.7017937219730942 0.08810810810810811 0.020179372197309416
3 0.19405405405405404 0.7892376681614349 0.03351351351351351 0.020179372197309416
3 0.1945945945945946 0.9035874439461884 0.03513513513513514 0.020179372197309416
3 0.18837837837837837 0.9899103139013453 0.02216216216216216 0.017937219730941704
3 0.2572972972972973 0.5 0.014054054054054054 0.020179372197309416
3 0.20972972972972972 0.5874439461883408 0.02054054054054054 0.020179372197309416
3 0.22378378378378377 0.6748878923766816 0.014594594594594595 0.020179372197309416
3 0.27783783783783783 0.7017937219730942 0.02 0.020179372197309416
3 0.22432432432432434 0.7892376681614349 0.02054054054054054 0.020179372197309416
3 0.2091891891891892 0.8161434977578476 0.011891891891891892 0.020179372197309416
3 0.2227027027027027 0.9035874439461884 0.015675675675675675 0.020179372197309416
3 0.21135135135135136 0.9899103139013453 0.01945945945945946 0.017937219730941704
3 0.21621621621621623 0.04596412556053812 0.062162162162162166 0.02242152466367713
3 0.2118918918918919 0.06726457399103139 0.062162162162162166 0.02242152466367713
3 0.20810810810810812 0.13340807174887892 0.062162162162162166 0.02242152466367713
3 0.24702702702702703 0.1446188340807175 0.13945945945945945 0.04484304932735426
3 0.2583783783783784 0.15582959641255606 0.06702702702702702 0.02242152466367713