0 0.584375 0.02922077922077922 0.023958333333333335 0.04220779220779221
0 0.7296875 0.1634199134199134 0.058854166666666666 0.015151515151515152
1 0.7140625 0.030303030303030304 0.17708333333333334 0.04220779220779221
1 0.390625 0.31277056277056275 0.08333333333333333 0.17316017316017315
1 0.390625 0.5303030303030303 0.08333333333333333 0.17316017316017315
1 0.390625 0.7478354978354979 0.08333333333333333 0.17316017316017315
1 0.22291666666666668 0.030303030303030304 0.06979166666666667 0.0367965367965368
2 0.440625 0.02922077922077922 0.31145833333333334 0.04220779220779221
2 0.46927083333333336 0.02922077922077922 0.007291666666666667 0.015151515151515152
3 0.5151041666666667 0.030303030303030304 0.11510416666666666 0.02813852813852814
3 0.46510416666666665 0.3593073593073593 0.04114583333333333 0.020562770562770564
3 0.46510416666666665 0.5378787878787878 0.04114583333333333 0.020562770562770564
3 0.46510416666666665 0.7554112554112554 0.04114583333333333 0.020562770562770564
3 0.46510416666666665 0.9729437229437229 0.04114583333333333 0.020562770562770564
3 0.5203125 0.02922077922077922 0.09010416666666667 0.021645021645021644
3 0.5203125 0.02922077922077922 0.09010416666666667 0.021645021645021644
3 0.25677083333333334 0.2196969696969697 0.14479166666666668 0.032467532467532464
3 0.6078125 0.2792207792207792 0.3265625 0.02813852813852814
3 0.6078125 0.4577922077922078 0.3265625 0.02813852813852814
3 0.6078125 0.6753246753246753 0.3265625 0.02813852813852814
3 0.6078125 0.8928571428571429 0.3265625 0.02813852813852814
3 0.346875 0.0854978354978355 0.0234375 0.021645021645021644
3 0.38125 0.0854978354978355 0.026041666666666668 0.021645021645021644
3 0.4270833333333333 0.0854978354978355 0.046875 0.021645021645021644
3 0.46875 0.0854978354978355 0.018229166666666668 0.021645021645021644
3 0.49895833333333334 0.0854978354978355 0.0234375 0.021645021645021644
3 0.5302083333333333 0.0854978354978355 0.0203125 0.021645021645021644
3 0.21822916666666667 0.5075757575757576 0.06770833333333333 0.01948051948051948
3 0.19375 0.591991341991342 0.01875 0.01948051948051948
3 0.20208333333333334 0.6764069264069265 0.035416666666666666 0.01948051948051948
3 0.2265625 0.7023809523809523 0.08489583333333334 0.01948051948051948
3 0.20052083333333334 0.7867965367965368 0.03229166666666667 0.01948051948051948
3 0.20104166666666667 0.8971861471861472 0.033854166666666664 0.01948051948051948
3 0.19479166666666667 0.9816017316017316 0.020833333333333332 0.01948051948051948
3 0.2604166666666667 0.5075757575757576 0.011458333333333333 0.01948051948051948
3 0.2125 0.591991341991342 0.0140625 0.01948051948051948
3 0.2296875 0.6764069264069265 0.015104166666666667 0.01948051948051948
3 0.2796875 0.7023809523809523 0.015625 0.01948051948051948
3 0.22864583333333333 0.7867965367965368 0.017708333333333333 0.01948051948051948
3 0.2140625 0.8127705627705628 0.009895833333333333 0.01948051948051948
3 0.22864583333333333 0.8971861471861472 0.015625 0.01948051948051948
3 0.2171875 0.9816017316017316 0.017708333333333333 0.01948051948051948
3 0.221875 0.06926406926406926 0.059895833333333336 0.021645021645021644
3 0.21770833333333334 0.08982683982683982 0.059895833333333336 0.021645021645021644
3 0.2140625 0.15367965367965367 0.059895833333333336 0.021645021645021644
3 0.2515625 0.1645021645021645 0.134375 0.04329004329004329
3 0.2625 0.17532467532467533 0.06458333333333334 0.021645021645021644