0 0.589627659574468 0.018211920529801324 0.025 0.03642384105960265
0 0.21861702127659574 0.31788079470198677 0.010638297872340425 0.02207505518763797
0 0.7377659574468085 0.18763796909492272 0.0601063829787234 0.01545253863134658
1 0.7220744680851063 0.018763796909492272 0.18138297872340425 0.037527593818984545
1 0.39148936170212767 0.33995584988962474 0.0851063829787234 0.17660044150110377
1 0.39148936170212767 0.5618101545253863 0.0851063829787234 0.17660044150110377
1 0.39148936170212767 0.7836644591611479 0.0851063829787234 0.17660044150110377
1 0.2204787234042553 0.017660044150110375 0.07180851063829788 0.03532008830022075
2 0.4428191489361702 0.018211920529801324 0.31861702127659575 0.03642384105960265
2 0.5101063829787233 0.01434878587196468 0.007446808510638298 0.01545253863134658
3 0.5377659574468086 0.01545253863134658 0.07925531914893617 0.02869757174392936
3 0.4776595744680851 0.347682119205298 0.06223404255319149 0.02097130242825607
3 0.4675531914893617 0.7913907284768212 0.04202127659574468 0.02097130242825607
3 0.5430851063829787 0.01434878587196468 0.05372340425531915 0.02207505518763797
3 0.5430851063829787 0.01434878587196468 0.05372340425531915 0.02207505518763797
3 0.2547872340425532 0.24503311258278146 0.1478723404255319 0.033112582781456956
3 0.6132978723404255 0.26600441501103755 0.33351063829787236 0.02869757174392936
3 0.6132978723404255 0.5275938189845475 0.33351063829787236 0.02869757174392936
3 0.6132978723404255 0.7097130242825607 0.33351063829787236 0.02869757174392936
3 0.6132978723404255 0.9315673289183223 0.33351063829787236 0.02869757174392936
3 0.3468085106382979 0.0717439293598234 0.023936170212765957 0.02207505518763797
3 0.3819148936170213 0.0717439293598234 0.026595744680851064 0.02207505518763797
3 0.42872340425531913 0.0717439293598234 0.047872340425531915 0.02207505518763797
3 0.47127659574468084 0.0717439293598234 0.018617021276595744 0.02207505518763797
3 0.502127659574468 0.0717439293598234 0.023936170212765957 0.02207505518763797
3 0.5340425531914894 0.0717439293598234 0.02074468085106383 0.02207505518763797
3 0.19042553191489361 0.5110375275938189 0.019148936170212766 0.019867549668874173
3 0.19893617021276597 0.5971302428256071 0.036170212765957444 0.019867549668874173
3 0.19787234042553192 0.6832229580573952 0.034574468085106384 0.019867549668874173
3 0.19148936170212766 0.7693156732891833 0.02127659574468085 0.019867549668874173
3 0.19148936170212766 0.7958057395143487 0.02127659574468085 0.019867549668874173
3 0.2053191489361702 0.8818984547461368 0.04946808510638298 0.019867549668874173
3 0.20797872340425533 0.9083885209713024 0.054787234042553194 0.019867549668874173
3 0.21223404255319148 0.934878587196468 0.06329787234042553 0.019867549668874173
3 0.21170212765957447 0.9613686534216336 0.06223404255319149 0.019867549668874173
3 0.2148936170212766 0.9878587196467992 0.06861702127659575 0.019867549668874173
3 0.20638297872340425 0.5110375275938189 0.007446808510638298 0.019867549668874173
3 0.22287234042553192 0.5971302428256071 0.006914893617021276 0.019867549668874173
3 0.22180851063829787 0.6832229580573952 0.007978723404255319 0.019867549668874173
3 0.21117021276595746 0.7693156732891833 0.01223404255319149 0.019867549668874173
3 0.20851063829787234 0.7958057395143487 0.007446808510638298 0.019867549668874173
3 0.2377659574468085 0.8818984547461368 0.010106382978723405 0.019867549668874173
3 0.24202127659574468 0.9083885209713024 0.007446808510638298 0.019867549668874173
3 0.251063829787234 0.934878587196468 0.007446808510638298 0.019867549668874173
3 0.249468085106383 0.9613686534216336 0.007446808510638298 0.019867549668874173
3 0.25585106382978723 0.9878587196467992 0.007446808510638298 0.019867549668874173
3 0.21914893617021278 0.05518763796909492 0.061170212765957445 0.02207505518763797
3 0.2148936170212766 0.076158940397351 0.061170212765957445 0.02207505518763797
3 0.21117021276595746 0.17770419426048564 0.061170212765957445 0.02207505518763797
3 0.249468085106383 0.18874172185430463 0.1372340425531915 0.04415011037527594
3 0.24148936170212765 0.1997792494481236 0.027659574468085105 0.02207505518763797