0 0.729608938547486 0.16589327146171692 0.06312849162011173 0.016241299303944315
1 0.3659217877094972 0.3259860788863109 0.0893854748603352 0.18561484918793503
1 0.3659217877094972 0.5638051044083526 0.0893854748603352 0.18561484918793503
1 0.3659217877094972 0.796983758700696 0.0893854748603352 0.18561484918793503
3 0.44581005586592176 0.39791183294663574 0.044134078212290505 0.022041763341067284
3 0.44581005586592176 0.5719257540603249 0.044134078212290505 0.022041763341067284
3 0.5988826815642458 0.7424593967517401 0.35027932960893854 0.016241299303944315
3 0.4564245810055866 0.8213457076566125 0.06536312849162011 0.022041763341067284
3 0.5988826815642458 0.9756380510440835 0.35027932960893854 0.016241299303944315
3 0.2223463687150838 0.16125290023201855 0.1553072625698324 0.03480278422273782
3 0.5988826815642458 0.2900232018561485 0.35027932960893854 0.030162412993039442
3 0.5988826815642458 0.48607888631090485 0.35027932960893854 0.030162412993039442
3 0.5988826815642458 0.7192575406032483 0.35027932960893854 0.030162412993039442
3 0.5988826815642458 0.9524361948955916 0.35027932960893854 0.030162412993039442
3 0.31899441340782125 0.04408352668213457 0.025139664804469275 0.02320185614849188
3 0.3558659217877095 0.04408352668213457 0.027932960893854747 0.02320185614849188
3 0.40502793296089384 0.04408352668213457 0.05027932960893855 0.02320185614849188
3 0.44972067039106145 0.04408352668213457 0.019553072625698324 0.02320185614849188
3 0.482122905027933 0.04408352668213457 0.025139664804469275 0.02320185614849188
3 0.5156424581005586 0.04408352668213457 0.021787709497206705 0.02320185614849188
3 0.18100558659217877 0.46983758700696054 0.07262569832402235 0.02088167053364269
3 0.17988826815642459 0.5603248259860789 0.07039106145251396 0.02088167053364269
3 0.1877094972067039 0.5881670533642691 0.08659217877094973 0.02088167053364269
3 0.18156424581005587 0.6160092807424594 0.07430167597765364 0.02088167053364269
3 0.15921787709497207 0.6438515081206496 0.02905027932960894 0.02088167053364269
3 0.18100558659217877 0.6716937354988399 0.07262569832402235 0.02088167053364269
3 0.19329608938547485 0.6995359628770301 0.09776536312849161 0.02088167053364269
3 0.16033519553072625 0.7273781902552204 0.03128491620111732 0.02088167053364269
3 0.1893854748603352 0.7552204176334106 0.08994413407821229 0.02088167053364269
3 0.19553072625698323 0.7830626450116009 0.10223463687150838 0.02088167053364269
3 0.1547486033519553 0.9048723897911833 0.02011173184357542 0.02088167053364269
3 0.16396648044692738 0.9918793503480279 0.038547486033519554 0.013921113689095127
3 0.2335195530726257 0.46983758700696054 0.027374301675977653 0.02088167053364269
3 0.2335195530726257 0.5603248259860789 0.031843575418994415 0.02088167053364269
3 0.24860335195530725 0.5881670533642691 0.029608938547486034 0.02088167053364269
3 0.23631284916201117 0.6160092807424594 0.02905027932960894 0.02088167053364269
3 0.188268156424581 0.6438515081206496 0.02346368715083799 0.02088167053364269
3 0.2346368715083799 0.6716937354988399 0.028491620111731845 0.02088167053364269
3 0.2581005586592179 0.6995359628770301 0.025139664804469275 0.02088167053364269
3 0.19162011173184357 0.7273781902552204 0.02569832402234637 0.02088167053364269
3 0.24972067039106144 0.7552204176334106 0.024581005586592177 0.02088167053364269
3 0.2631284916201117 0.7830626450116009 0.027374301675977653 0.02088167053364269
3 0.18212290502793296 0.9048723897911833 0.029608938547486034 0.02088167053364269
3 0.2011173184357542 0.9918793503480279 0.03240223463687151 0.013921113689095127
3 0.18491620111731844 0.02668213457076566 0.06424581005586592 0.02320185614849188
3 0.18044692737430168 0.048723897911832945 0.06424581005586592 0.02320185614849188