0 0.7860411899313501 0.12707838479809977 0.06464530892448513 0.0166270783847981
1 0.41361556064073224 0.29097387173396677 0.09153318077803203 0.19002375296912113
1 0.41361556064073224 0.5344418052256532 0.09153318077803203 0.19002375296912113
1 0.41361556064073224 0.7731591448931117 0.09153318077803203 0.19002375296912113
3 0.4954233409610984 0.3646080760095012 0.04519450800915332 0.022565320665083134
3 0.4954233409610984 0.5855106888361045 0.04519450800915332 0.022565320665083134
3 0.4954233409610984 0.7814726840855107 0.04519450800915332 0.022565320665083134
3 0.2665903890160183 0.16508313539192399 0.15903890160183065 0.035629453681710214
3 0.6521739130434783 0.25415676959619954 0.358695652173913 0.030878859857482184
3 0.6521739130434783 0.497624703087886 0.358695652173913 0.030878859857482184
3 0.6521739130434783 0.6935866983372921 0.358695652173913 0.030878859857482184
3 0.6521739130434783 0.9323040380047506 0.358695652173913 0.030878859857482184
3 0.36556064073226546 0.04156769596199525 0.02574370709382151 0.023752969121140142
3 0.40331807780320367 0.04156769596199525 0.028604118993135013 0.023752969121140142
3 0.4536613272311213 0.04156769596199525 0.05148741418764302 0.023752969121140142
3 0.4994279176201373 0.04156769596199525 0.02002288329519451 0.023752969121140142
3 0.532608695652174 0.04156769596199525 0.02574370709382151 0.023752969121140142
3 0.566933638443936 0.04156769596199525 0.02231121281464531 0.023752969121140142
3 0.2242562929061785 0.4809976247030879 0.07437070938215103 0.021377672209026127
3 0.2231121281464531 0.5736342042755345 0.07208237986270023 0.021377672209026127
3 0.2311212814645309 0.6021377672209026 0.08867276887871854 0.021377672209026127
3 0.2391304347826087 0.6306413301662708 0.10469107551487414 0.021377672209026127
3 0.23684210526315788 0.6591448931116389 0.10011441647597254 0.021377672209026127
3 0.20194508009153317 0.6876484560570071 0.029748283752860413 0.021377672209026127
3 0.23684210526315788 0.7161520190023754 0.09954233409610984 0.021377672209026127
3 0.19679633867276888 0.7446555819477435 0.019450800915331808 0.021377672209026127
3 0.19736842105263158 0.83729216152019 0.020594965675057208 0.021377672209026127
3 0.20652173913043478 0.9299287410926366 0.038901601830663615 0.021377672209026127
3 0.2334096109839817 0.9584323040380047 0.09324942791762014 0.021377672209026127
3 0.2694508009153318 0.4809976247030879 0.010297482837528604 0.021377672209026127
3 0.2700228832951945 0.5736342042755345 0.016590389016018305 0.021377672209026127
3 0.2826086956521739 0.6021377672209026 0.008009153318077803 0.021377672209026127
3 0.30320366132723114 0.6306413301662708 0.017162471395881007 0.021377672209026127
3 0.29347826086956524 0.6591448931116389 0.006292906178489702 0.021377672209026127
3 0.2225400457665904 0.6876484560570071 0.005720823798627002 0.021377672209026127
3 0.2929061784897025 0.7161520190023754 0.006292906178489702 0.021377672209026127
3 0.21567505720823799 0.7446555819477435 0.013157894736842105 0.021377672209026127
3 0.21853546910755148 0.83729216152019 0.016590389016018305 0.021377672209026127
3 0.23684210526315788 0.9299287410926366 0.016590389016018305 0.021377672209026127
3 0.290045766590389 0.9584323040380047 0.014302059496567507 0.021377672209026127
3 0.22826086956521738 0.023752969121140142 0.06578947368421052 0.023752969121140142
3 0.2236842105263158 0.04631828978622328 0.06578947368421052 0.023752969121140142
3 0.21967963386727687 0.1163895486935867 0.06578947368421052 0.023752969121140142