0 0.7416570771001151 0.12320574162679426 0.06501726121979287 0.01674641148325359
1 0.3670886075949367 0.28827751196172247 0.09205983889528194 0.19138755980861244
1 0.3670886075949367 0.5334928229665071 0.09205983889528194 0.19138755980861244
1 0.3670886075949367 0.7739234449760766 0.09205983889528194 0.19138755980861244
3 0.44936708860759494 0.3624401913875598 0.045454545454545456 0.022727272727272728
3 0.44936708860759494 0.5849282296650717 0.045454545454545456 0.022727272727272728
3 0.6070195627157653 0.7177033492822966 0.36075949367088606 0.01674641148325359
3 0.44936708860759494 0.8205741626794258 0.045454545454545456 0.022727272727272728
3 0.6070195627157653 0.9581339712918661 0.36075949367088606 0.01674641148325359
3 0.21921749136939012 0.16148325358851676 0.15995397008055237 0.03588516746411483
3 0.6070195627157653 0.2511961722488038 0.36075949367088606 0.03110047846889952
3 0.6070195627157653 0.4964114832535885 0.36075949367088606 0.03110047846889952
3 0.6070195627157653 0.69377990430622 0.36075949367088606 0.03110047846889952
3 0.6070195627157653 0.9342105263157895 0.36075949367088606 0.03110047846889952
3 0.3187571921749137 0.03708133971291866 0.025891829689298044 0.023923444976076555
3 0.3567318757192175 0.03708133971291866 0.028768699654775604 0.023923444976076555
3 0.40736478711162255 0.03708133971291866 0.05178365937859609 0.023923444976076555
3 0.4533947065592635 0.03708133971291866 0.020138089758342925 0.023923444976076555
3 0.48676639815880324 0.03708133971291866 0.025891829689298044 0.023923444976076555
3 0.5212888377445339 0.03708133971291866 0.02243958573072497 0.023923444976076555
3 0.1766398158803222 0.4796650717703349 0.07479861910241657 0.0215311004784689
3 0.17433831990794016 0.5729665071770335 0.07019562715765247 0.0215311004784689
3 0.17548906789413118 0.6016746411483254 0.07249712313003452 0.0215311004784689
3 0.17721518987341772 0.6303827751196173 0.07652474108170311 0.0215311004784689
3 0.1766398158803222 0.6590909090909091 0.07479861910241657 0.0215311004784689
3 0.1852704257767549 0.687799043062201 0.09263521288837745 0.0215311004784689
3 0.1915995397008055 0.7165071770334929 0.10529344073647871 0.0215311004784689
3 0.1956271576524741 0.7452153110047847 0.11334867663981588 0.0215311004784689
3 0.1812428078250863 0.7739234449760766 0.08457997698504027 0.0215311004784689
3 0.18354430379746836 0.8026315789473685 0.08918296892980437 0.0215311004784689
3 0.14959723820483314 0.9282296650717703 0.020713463751438434 0.0215311004784689
3 0.2289988492520138 0.4796650717703349 0.02474108170310702 0.0215311004784689
3 0.22669735327963175 0.5729665071770335 0.02819332566168009 0.0215311004784689
3 0.2284234752589183 0.6016746411483254 0.02761795166858458 0.0215311004784689
3 0.2330264672036824 0.6303827751196173 0.028768699654775604 0.0215311004784689
3 0.23187571921749137 0.6590909090909091 0.028768699654775604 0.0215311004784689
3 0.24798619102416572 0.687799043062201 0.026467203682393557 0.0215311004784689
3 0.2600690448791715 0.7165071770334929 0.025891829689298044 0.0215311004784689
3 0.26927502876869963 0.7452153110047847 0.02704257767548907 0.0215311004784689
3 0.23878020713463752 0.7739234449760766 0.023014959723820484 0.0215311004784689
3 0.2422324510932106 0.8026315789473685 0.02186421173762946 0.0215311004784689
3 0.1760644418872267 0.9282296650717703 0.026467203682393557 0.0215311004784689
3 0.1806674338319908 0.019138755980861243 0.0661680092059839 0.023923444976076555
3 0.1760644418872267 0.041866028708133975 0.0661680092059839 0.023923444976076555
3 0.1720368239355581 0.11244019138755981 0.0661680092059839 0.023923444976076555