0 0.5937158469945355 0.017006802721088437 0.025683060109289616 0.034013605442176874
0 0.7459016393442623 0.15192743764172337 0.06174863387978142 0.015873015873015872
1 0.7297814207650273 0.017573696145124718 0.18633879781420765 0.035147392290249435
1 0.3901639344262295 0.30839002267573695 0.08743169398907104 0.18140589569160998
1 0.3901639344262295 0.5408163265306123 0.08743169398907104 0.18140589569160998
1 0.3901639344262295 0.7687074829931972 0.08743169398907104 0.18140589569160998
1 0.21448087431693988 0.016439909297052153 0.07377049180327869 0.032879818594104306
2 0.442896174863388 0.017006802721088437 0.3273224043715847 0.034013605442176874
2 0.47759562841530057 0.011337868480725623 0.007650273224043716 0.015873015873015872
3 0.5237704918032787 0.01417233560090703 0.11639344262295082 0.02834467120181406
3 0.46830601092896174 0.3786848072562358 0.04316939890710383 0.021541950113378686
3 0.46830601092896174 0.5895691609977324 0.04316939890710383 0.021541950113378686
3 0.6180327868852459 0.7154195011337868 0.34262295081967215 0.015873015873015872
3 0.46830601092896174 0.8129251700680272 0.04316939890710383 0.021541950113378686
3 0.6180327868852459 0.9433106575963719 0.34262295081967215 0.015873015873015872
3 0.5289617486338798 0.011337868480725623 0.08961748633879782 0.022675736961451247
3 0.5289617486338798 0.011337868480725623 0.08961748633879782 0.022675736961451247
3 0.24972677595628415 0.18820861678004536 0.15191256830601094 0.034013605442176874
3 0.6180327868852459 0.2732426303854875 0.34262295081967215 0.02947845804988662
3 0.6180327868852459 0.5056689342403629 0.34262295081967215 0.02947845804988662
3 0.6180327868852459 0.6927437641723356 0.34262295081967215 0.02947845804988662
3 0.6180327868852459 0.9206349206349206 0.34262295081967215 0.02947845804988662
3 0.3442622950819672 0.07029478458049887 0.02459016393442623 0.022675736961451247
3 0.380327868852459 0.07029478458049887 0.0273224043715847 0.022675736961451247
3 0.4284153005464481 0.07029478458049887 0.04918032786885246 0.022675736961451247
3 0.4721311475409836 0.07029478458049887 0.01912568306010929 0.022675736961451247
3 0.5038251366120219 0.07029478458049887 0.02459016393442623 0.022675736961451247
3 0.5366120218579234 0.07029478458049887 0.021311475409836064 0.022675736961451247
3 0.20928961748633879 0.4897959183673469 0.07103825136612021 0.02040816326530612
3 0.20710382513661202 0.5782312925170068 0.06666666666666667 0.02040816326530612
3 0.2081967213114754 0.6054421768707483 0.06885245901639345 0.02040816326530612
3 0.2098360655737705 0.6326530612244898 0.0726775956284153 0.02040816326530612
3 0.20928961748633879 0.6598639455782312 0.07103825136612021 0.02040816326530612
3 0.2174863387978142 0.6870748299319728 0.08797814207650273 0.02040816326530612
3 0.22349726775956283 0.7142857142857143 0.1 0.02040816326530612
3 0.2273224043715847 0.7414965986394558 0.10765027322404372 0.02040816326530612
3 0.21366120218579235 0.7687074829931972 0.08032786885245902 0.02040816326530612
3 0.21584699453551912 0.7959183673469388 0.08469945355191257 0.02040816326530612
3 0.18360655737704917 0.9149659863945578 0.019672131147540985 0.02040816326530612
3 0.19262295081967212 0.996031746031746 0.03770491803278689 0.005668934240362812
3 0.25901639344262295 0.4897959183673469 0.023497267759562842 0.02040816326530612
3 0.2568306010928962 0.5782312925170068 0.026775956284153007 0.02040816326530612
3 0.25846994535519124 0.6054421768707483 0.02622950819672131 0.02040816326530612
3 0.26284153005464483 0.6326530612244898 0.0273224043715847 0.02040816326530612
3 0.2617486338797814 0.6598639455782312 0.0273224043715847 0.02040816326530612
3 0.27704918032786885 0.6870748299319728 0.025136612021857924 0.02040816326530612
3 0.28852459016393445 0.7142857142857143 0.02459016393442623 0.02040816326530612
3 0.2972677595628415 0.7414965986394558 0.025683060109289616 0.02040816326530612
3 0.2683060109289617 0.7687074829931972 0.02185792349726776 0.02040816326530612
3 0.2715846994535519 0.7959183673469388 0.020765027322404372 0.02040816326530612
3 0.2087431693989071 0.9149659863945578 0.025136612021857924 0.02040816326530612
3 0.22650273224043715 0.996031746031746 0.025683060109289616 0.005668934240362812
3 0.21311475409836064 0.05328798185941043 0.06284153005464481 0.022675736961451247
3 0.2087431693989071 0.07482993197278912 0.06284153005464481 0.022675736961451247
3 0.20491803278688525 0.1417233560090703 0.06284153005464481 0.022675736961451247