0 0.5825966850828729 0.02121559633027523 0.025966850828729283 0.04243119266055046
0 0.7364640883977901 0.16169724770642202 0.062430939226519336 0.016055045871559634
1 0.7201657458563536 0.021788990825688075 0.18839779005524862 0.04357798165137615
1 0.37679558011049724 0.31995412844036697 0.08839779005524862 0.1834862385321101
1 0.37679558011049724 0.555045871559633 0.08839779005524862 0.1834862385321101
1 0.37679558011049724 0.7855504587155964 0.08839779005524862 0.1834862385321101
1 0.19889502762430938 0.020642201834862386 0.07403314917127071 0.0389908256880734
2 0.43011049723756906 0.02121559633027523 0.330939226519337 0.04243119266055046
2 0.46519337016574586 0.0194954128440367 0.0077348066298342545 0.016055045871559634
3 0.5116022099447514 0.020642201834862386 0.11712707182320442 0.02981651376146789
3 0.4558011049723757 0.39105504587155965 0.04364640883977901 0.021788990825688075
3 0.4558011049723757 0.6043577981651376 0.04364640883977901 0.021788990825688075
3 0.6071823204419889 0.731651376146789 0.34640883977900555 0.016055045871559634
3 0.4558011049723757 0.8302752293577982 0.04364640883977901 0.021788990825688075
3 0.6071823204419889 0.9621559633027523 0.34640883977900555 0.016055045871559634
3 0.5171270718232044 0.0194954128440367 0.09060773480662983 0.022935779816513763
3 0.5171270718232044 0.0194954128440367 0.09060773480662983 0.022935779816513763
3 0.23480662983425415 0.19839449541284404 0.15359116022099448 0.034403669724770644
3 0.6071823204419889 0.28440366972477066 0.34640883977900555 0.02981651376146789
3 0.6071823204419889 0.5194954128440367 0.34640883977900555 0.02981651376146789
3 0.6071823204419889 0.7087155963302753 0.34640883977900555 0.02981651376146789
3 0.6071823204419889 0.9392201834862385 0.34640883977900555 0.02981651376146789
3 0.33038674033149174 0.07912844036697247 0.024861878453038673 0.022935779816513763
3 0.36685082872928176 0.07912844036697247 0.027624309392265192 0.022935779816513763
3 0.4154696132596685 0.07912844036697247 0.049723756906077346 0.022935779816513763
3 0.45966850828729283 0.07912844036697247 0.019337016574585635 0.022935779816513763
3 0.49171270718232046 0.07912844036697247 0.024861878453038673 0.022935779816513763
3 0.5248618784530387 0.07912844036697247 0.02154696132596685 0.022935779816513763
3 0.19392265193370165 0.5034403669724771 0.0718232044198895 0.020642201834862386
3 0.19171270718232045 0.5928899082568807 0.06740331491712707 0.020642201834862386
3 0.19281767955801105 0.6204128440366973 0.06961325966850829 0.020642201834862386
3 0.19447513812154696 0.6479357798165137 0.07348066298342541 0.020642201834862386
3 0.19392265193370165 0.6754587155963303 0.0718232044198895 0.020642201834862386
3 0.2022099447513812 0.7029816513761468 0.08895027624309393 0.020642201834862386
3 0.20828729281767955 0.7305045871559633 0.1011049723756906 0.020642201834862386
3 0.2121546961325967 0.7580275229357798 0.10883977900552486 0.020642201834862386
3 0.1983425414364641 0.7855504587155964 0.08121546961325966 0.020642201834862386
3 0.2005524861878453 0.8130733944954128 0.0856353591160221 0.020642201834862386
3 0.16795580110497238 0.9334862385321101 0.019889502762430938 0.020642201834862386
3 0.24419889502762432 0.5034403669724771 0.023756906077348067 0.020642201834862386
3 0.2419889502762431 0.5928899082568807 0.02707182320441989 0.020642201834862386
3 0.243646408839779 0.6204128440366973 0.026519337016574586 0.020642201834862386
3 0.24806629834254143 0.6479357798165137 0.027624309392265192 0.020642201834862386
3 0.24696132596685083 0.6754587155963303 0.027624309392265192 0.020642201834862386
3 0.26243093922651933 0.7029816513761468 0.02541436464088398 0.020642201834862386
3 0.2740331491712707 0.7305045871559633 0.024861878453038673 0.020642201834862386
3 0.2828729281767956 0.7580275229357798 0.025966850828729283 0.020642201834862386
3 0.2535911602209945 0.7855504587155964 0.022099447513812154 0.020642201834862386
3 0.2569060773480663 0.8130733944954128 0.020994475138121547 0.020642201834862386
3 0.19337016574585636 0.9334862385321101 0.02541436464088398 0.020642201834862386
3 0.19779005524861878 0.06192660550458716 0.06353591160220995 0.022935779816513763
3 0.19337016574585636 0.08371559633027523 0.06353591160220995 0.022935779816513763
3 0.18950276243093922 0.15137614678899083 0.06353591160220995 0.022935779816513763