0 0.5853403141361256 0.02717391304347826 0.024083769633507852 0.042391304347826085
0 0.731413612565445 0.16195652173913044 0.059162303664921465 0.015217391304347827
1 0.7157068062827225 0.02826086956521739 0.17801047120418848 0.042391304347826085
1 0.39057591623036647 0.3119565217391304 0.08376963350785341 0.17391304347826086
1 0.39057591623036647 0.5304347826086957 0.08376963350785341 0.17391304347826086
1 0.39057591623036647 0.7489130434782608 0.08376963350785341 0.17391304347826086
1 0.22198952879581152 0.02826086956521739 0.07015706806282722 0.03695652173913044
2 0.4408376963350785 0.02717391304347826 0.31308900523560207 0.042391304347826085
2 0.4743455497382199 0.02717391304347826 0.007329842931937173 0.015217391304347827
3 0.518324607329843 0.02826086956521739 0.11099476439790576 0.02826086956521739
3 0.4654450261780105 0.31956521739130433 0.041361256544502616 0.020652173913043477
3 0.4654450261780105 0.5380434782608695 0.041361256544502616 0.020652173913043477
3 0.4654450261780105 0.7565217391304347 0.041361256544502616 0.020652173913043477
3 0.4654450261780105 0.975 0.041361256544502616 0.020652173913043477
3 0.5235602094240838 0.02717391304347826 0.08586387434554973 0.021739130434782608
3 0.5235602094240838 0.02717391304347826 0.08586387434554973 0.021739130434782608
3 0.256020942408377 0.1967391304347826 0.14554973821989528 0.03260869565217391
3 0.6089005235602094 0.2391304347826087 0.32827225130890053 0.02826086956521739
3 0.6089005235602094 0.45760869565217394 0.32827225130890053 0.02826086956521739
3 0.6089005235602094 0.6760869565217391 0.32827225130890053 0.02826086956521739
3 0.6089005235602094 0.8945652173913043 0.32827225130890053 0.02826086956521739
3 0.34659685863874345 0.08369565217391305 0.02356020942408377 0.021739130434782608
3 0.381151832460733 0.08369565217391305 0.02617801047120419 0.021739130434782608
3 0.4272251308900524 0.08369565217391305 0.04712041884816754 0.021739130434782608
3 0.46910994764397906 0.08369565217391305 0.01832460732984293 0.021739130434782608
3 0.49947643979057593 0.08369565217391305 0.02356020942408377 0.021739130434782608
3 0.5308900523560209 0.08369565217391305 0.020418848167539267 0.021739130434782608
3 0.21727748691099477 0.48586956521739133 0.06806282722513089 0.01956521739130435
3 0.2162303664921466 0.5706521739130435 0.06596858638743455 0.01956521739130435
3 0.23089005235602095 0.5967391304347827 0.09581151832460733 0.01956521739130435
3 0.19790575916230366 0.6228260869565218 0.02931937172774869 0.01956521739130435
3 0.2162303664921466 0.6489130434782608 0.06596858638743455 0.01956521739130435
3 0.2162303664921466 0.675 0.06596858638743455 0.01956521739130435
3 0.22879581151832462 0.7010869565217391 0.09109947643979058 0.01956521739130435
3 0.21518324607329842 0.7271739130434782 0.06387434554973823 0.01956521739130435
3 0.21727748691099477 0.7532608695652174 0.06806282722513089 0.01956521739130435
3 0.22094240837696336 0.7793478260869565 0.07591623036649214 0.01956521739130435
3 0.19267015706806281 0.8934782608695652 0.018848167539267015 0.01956521739130435
3 0.20104712041884817 0.9782608695652174 0.0356020942408377 0.01956521739130435
3 0.25968586387434556 0.48586956521739133 0.011518324607329843 0.01956521739130435
3 0.25863874345549737 0.5706521739130435 0.013612565445026177 0.01956521739130435
3 0.2905759162303665 0.5967391304347827 0.01780104712041885 0.01956521739130435
3 0.22094240837696336 0.6228260869565218 0.012041884816753926 0.01956521739130435
3 0.2581151832460733 0.6489130434782608 0.012041884816753926 0.01956521739130435
3 0.25654450261780104 0.675 0.009947643979057591 0.01956521739130435
3 0.281151832460733 0.7010869565217391 0.007853403141361256 0.01956521739130435
3 0.25392670157068065 0.7271739130434782 0.007853403141361256 0.01956521739130435
3 0.2581151832460733 0.7532608695652174 0.007329842931937173 0.01956521739130435
3 0.2643979057591623 0.7793478260869565 0.005759162303664921 0.01956521739130435
3 0.21047120418848167 0.8934782608695652 0.011518324607329843 0.01956521739130435
3 0.22879581151832462 0.9782608695652174 0.014659685863874346 0.01956521739130435
3 0.22094240837696336 0.06739130434782609 0.060209424083769635 0.021739130434782608
3 0.21675392670157068 0.08804347826086957 0.060209424083769635 0.021739130434782608
3 0.2130890052356021 0.15217391304347827 0.060209424083769635 0.021739130434782608