0 0.5629834254143646 0.03096330275229358 0.02541436464088398 0.04472477064220184
0 0.9834254143646409 0.3084862385321101 0.022099447513812154 0.09174311926605505
0 0.4408839779005525 0.48394495412844035 0.0055248618784530384 0.011467889908256881
0 0.45193370165745855 0.48394495412844035 0.0033149171270718232 0.006880733944954129
0 0.46298342541436466 0.48394495412844035 0.0033149171270718232 0.006880733944954129
0 0.4740331491712707 0.48394495412844035 0.0033149171270718232 0.006880733944954129
0 0.4850828729281768 0.48394495412844035 0.0033149171270718232 0.006880733944954129
0 0.49613259668508286 0.48394495412844035 0.0033149171270718232 0.006880733944954129
1 0.7005524861878453 0.03211009174311927 0.1878453038674033 0.04472477064220184
1 0.4734806629834254 0.30963302752293576 0.8839779005524862 0.38990825688073394
1 0.16685082872928178 0.5871559633027523 0.026519337016574586 0.05504587155963303
1 0.3475138121546961 0.5871559633027523 0.026519337016574586 0.05504587155963303
1 0.5259668508287293 0.5871559633027523 0.026519337016574586 0.05504587155963303
1 0.6662983425414365 0.5871559633027523 0.026519337016574586 0.05504587155963303
1 0.20331491712707184 0.8635321100917431 0.12375690607734807 0.25688073394495414
1 0.33591160220994476 0.8635321100917431 0.12375690607734807 0.25688073394495414
1 0.4685082872928177 0.8635321100917431 0.12375690607734807 0.25688073394495414
1 0.6011049723756906 0.8635321100917431 0.12375690607734807 0.25688073394495414
1 0.7337016574585635 0.8635321100917431 0.12375690607734807 0.25688073394495414
1 0.17955801104972377 0.03211009174311927 0.07403314917127071 0.0389908256880734
2 0.41049723756906076 0.03096330275229358 0.33038674033149174 0.04472477064220184
3 0.16408839779005524 0.6915137614678899 0.045303867403314914 0.03555045871559633
3 0.3110497237569061 0.09059633027522936 0.024861878453038673 0.022935779816513763
3 0.3475138121546961 0.09059633027522936 0.027624309392265192 0.022935779816513763
3 0.3961325966850829 0.09059633027522936 0.049723756906077346 0.022935779816513763
3 0.4403314917127072 0.09059633027522936 0.019337016574585635 0.022935779816513763
3 0.4723756906077348 0.09059633027522936 0.024861878453038673 0.022935779816513763
3 0.505524861878453 0.09059633027522936 0.02154696132596685 0.022935779816513763
3 0.22707182320441988 0.5745412844036697 0.07624309392265194 0.028669724770642203
3 0.40607734806629836 0.5745412844036697 0.07348066298342541 0.028669724770642203
3 0.5651933701657459 0.5745412844036697 0.034806629834254144 0.028669724770642203
3 0.7337016574585635 0.5745412844036697 0.09116022099447514 0.028669724770642203
3 0.17845303867403314 0.07339449541284404 0.06353591160220995 0.022935779816513763
3 0.17403314917127072 0.09518348623853211 0.06353591160220995 0.022935779816513763