0 0.5744505494505494 0.007420091324200913 0.025824175824175823 0.014840182648401826
0 0.7274725274725274 0.13356164383561644 0.06208791208791209 0.01598173515981735
0 0.7802197802197802 0.4452054794520548 0.01978021978021978 0.0410958904109589
1 0.7112637362637363 0.007990867579908675 0.18736263736263736 0.01598173515981735
1 0.3697802197802198 0.2910958904109589 0.08791208791208792 0.182648401826484
1 0.3697802197802198 0.5205479452054794 0.08791208791208792 0.182648401826484
1 0.3697802197802198 0.75 0.08791208791208792 0.182648401826484
1 0.19313186813186814 0.00684931506849315 0.07417582417582418 0.0136986301369863
2 0.4228021978021978 0.007420091324200913 0.3291208791208791 0.014840182648401826
3 0.5041208791208791 0.0045662100456621 0.11703296703296703 0.0091324200913242
3 0.44835164835164837 0.2990867579908676 0.043406593406593405 0.021689497716894976
3 0.44835164835164837 0.569634703196347 0.043406593406593405 0.021689497716894976
3 0.44835164835164837 0.7579908675799086 0.043406593406593405 0.021689497716894976
3 0.44835164835164837 0.9874429223744292 0.043406593406593405 0.021689497716894976
3 0.5096153846153846 0.00228310502283105 0.09065934065934066 0.0045662100456621
3 0.5096153846153846 0.00228310502283105 0.09065934065934066 0.0045662100456621
3 0.22857142857142856 0.17009132420091325 0.15274725274725276 0.03424657534246575
3 0.5989010989010989 0.2146118721461187 0.3445054945054945 0.02968036529680365
3 0.5989010989010989 0.4851598173515982 0.3445054945054945 0.02968036529680365
3 0.5989010989010989 0.6735159817351598 0.3445054945054945 0.02968036529680365
3 0.5989010989010989 0.9029680365296804 0.3445054945054945 0.02968036529680365
3 0.32362637362637364 0.05136986301369863 0.024725274725274724 0.0228310502283105
3 0.3598901098901099 0.05136986301369863 0.027472527472527472 0.0228310502283105
3 0.40824175824175823 0.05136986301369863 0.04945054945054945 0.0228310502283105
3 0.4521978021978022 0.05136986301369863 0.019230769230769232 0.0228310502283105
3 0.48406593406593407 0.05136986301369863 0.024725274725274724 0.0228310502283105
3 0.5170329670329671 0.05136986301369863 0.02142857142857143 0.0228310502283105
3 0.1879120879120879 0.4737442922374429 0.07142857142857142 0.02054794520547945
3 0.18681318681318682 0.5627853881278538 0.06923076923076923 0.02054794520547945
3 0.19175824175824177 0.5901826484018264 0.07967032967032966 0.02054794520547945
3 0.2021978021978022 0.617579908675799 0.10054945054945055 0.02054794520547945
3 0.1879120879120879 0.6449771689497716 0.07142857142857142 0.02054794520547945
3 0.19615384615384615 0.6723744292237442 0.08846153846153847 0.02054794520547945
3 0.18846153846153846 0.6997716894977168 0.07307692307692308 0.02054794520547945
3 0.16758241758241757 0.7271689497716894 0.03076923076923077 0.02054794520547945
3 0.19230769230769232 0.7545662100456622 0.08076923076923077 0.02054794520547945
3 0.20604395604395603 0.7819634703196348 0.10824175824175825 0.02054794520547945
3 0.1620879120879121 0.9018264840182648 0.01978021978021978 0.02054794520547945
3 0.17115384615384616 0.9897260273972602 0.03791208791208791 0.0182648401826484
3 0.23351648351648352 0.4737442922374429 0.014835164835164835 0.02054794520547945
3 0.23241758241758242 0.5627853881278538 0.016483516483516484 0.02054794520547945
3 0.24065934065934066 0.5901826484018264 0.012637362637362638 0.02054794520547945
3 0.26373626373626374 0.617579908675799 0.016483516483516484 0.02054794520547945
3 0.23516483516483516 0.6449771689497716 0.01703296703296703 0.02054794520547945
3 0.25054945054945055 0.6723744292237442 0.014285714285714285 0.02054794520547945
3 0.23461538461538461 0.6997716894977168 0.013736263736263736 0.02054794520547945
3 0.19175824175824177 0.7271689497716894 0.012637362637362638 0.02054794520547945
3 0.24175824175824176 0.7545662100456622 0.011538461538461539 0.02054794520547945
3 0.26978021978021977 0.7819634703196348 0.012087912087912088 0.02054794520547945
3 0.1824175824175824 0.9018264840182648 0.015384615384615385 0.02054794520547945
3 0.2021978021978022 0.9897260273972602 0.020879120879120878 0.0182648401826484
3 0.19175824175824177 0.03424657534246575 0.06318681318681318 0.0228310502283105
3 0.18736263736263736 0.05593607305936073 0.06318681318681318 0.0228310502283105
3 0.1835164835164835 0.1232876712328767 0.06318681318681318 0.0228310502283105