0 0.6061797752808988 0.02453271028037383 0.025842696629213482 0.0455607476635514
1 0.7460674157303371 0.02570093457943925 0.19101123595505617 0.0455607476635514
1 0.5146067415730337 0.3072429906542056 0.8938202247191012 0.39485981308411217
1 0.21629213483146068 0.02570093457943925 0.07528089887640449 0.0397196261682243
2 0.451123595505618 0.02453271028037383 0.3359550561797753 0.0455607476635514
3 0.35 0.0852803738317757 0.025280898876404494 0.02336448598130841
3 0.38707865168539324 0.0852803738317757 0.028089887640449437 0.02336448598130841
3 0.43651685393258427 0.0852803738317757 0.05056179775280899 0.02336448598130841
3 0.48146067415730337 0.0852803738317757 0.019662921348314606 0.02336448598130841
3 0.5140449438202247 0.0852803738317757 0.025280898876404494 0.02336448598130841
3 0.547752808988764 0.0852803738317757 0.021910112359550562 0.02336448598130841
3 0.2151685393258427 0.06775700934579439 0.06460674157303371 0.02336448598130841
3 0.21067415730337077 0.08995327102803738 0.06460674157303371 0.02336448598130841