0 0.6046961325966851 0.006880733944954129 0.025966850828729283 0.013761467889908258
1 0.7422651933701657 0.007454128440366973 0.18839779005524862 0.014908256880733946
1 0.5143646408839779 0.268348623853211 0.8790055248618784 0.3876146788990826
1 0.2212707182320442 0.006307339449541285 0.07458563535911603 0.01261467889908257
2 0.4522099447513812 0.006880733944954129 0.330939226519337 0.013761467889908258
3 0.3524861878453039 0.05045871559633028 0.024861878453038673 0.022935779816513763
3 0.3889502762430939 0.05045871559633028 0.027624309392265192 0.022935779816513763
3 0.4375690607734807 0.05045871559633028 0.049723756906077346 0.022935779816513763
3 0.481767955801105 0.05045871559633028 0.019337016574585635 0.022935779816513763
3 0.5138121546961326 0.05045871559633028 0.024861878453038673 0.022935779816513763
3 0.5469613259668509 0.05045871559633028 0.02154696132596685 0.022935779816513763
3 0.21988950276243094 0.033256880733944956 0.06353591160220995 0.022935779816513763
3 0.2154696132596685 0.05504587155963303 0.06353591160220995 0.022935779816513763