0 0.7637362637362637 0.22602739726027396 0.06208791208791209 0.01598173515981735
1 0.40604395604395604 0.3835616438356164 0.08791208791208792 0.182648401826484
1 0.40604395604395604 0.6381278538812786 0.08791208791208792 0.182648401826484
1 0.40604395604395604 0.867579908675799 0.08791208791208792 0.182648401826484
3 0.4846153846153846 0.4748858447488584 0.043406593406593405 0.021689497716894976
3 0.4846153846153846 0.6461187214611872 0.043406593406593405 0.021689497716894976
3 0.4950549450549451 0.8961187214611872 0.06428571428571428 0.021689497716894976
3 0.26483516483516484 0.2796803652968037 0.15274725274725276 0.0684931506849315
3 0.6351648351648351 0.3481735159817352 0.3445054945054945 0.02968036529680365
3 0.6351648351648351 0.5616438356164384 0.3445054945054945 0.02968036529680365
3 0.6351648351648351 0.791095890410959 0.3445054945054945 0.02968036529680365
3 0.3598901098901099 0.0410958904109589 0.024725274725274724 0.0228310502283105
3 0.39615384615384613 0.0410958904109589 0.027472527472527472 0.0228310502283105
3 0.4445054945054945 0.0410958904109589 0.04945054945054945 0.0228310502283105
3 0.48846153846153845 0.0410958904109589 0.019230769230769232 0.0228310502283105
3 0.5203296703296704 0.0410958904109589 0.024725274725274724 0.0228310502283105
3 0.5532967032967033 0.0410958904109589 0.02142857142857143 0.0228310502283105
3 0.22417582417582418 0.6004566210045662 0.07142857142857142 0.02054794520547945
3 0.23241758241758242 0.6894977168949772 0.08791208791208792 0.02054794520547945
3 0.2302197802197802 0.7168949771689498 0.08406593406593407 0.02054794520547945
3 0.23351648351648352 0.7442922374429224 0.09010989010989011 0.02054794520547945
3 0.19835164835164834 0.8333333333333334 0.01978021978021978 0.02054794520547945
3 0.20714285714285716 0.9223744292237442 0.03736263736263736 0.02054794520547945
3 0.23296703296703297 0.9497716894977168 0.08956043956043956 0.02054794520547945
3 0.2675824175824176 0.6004566210045662 0.00989010989010989 0.02054794520547945
3 0.28846153846153844 0.6894977168949772 0.017582417582417582 0.02054794520547945
3 0.28076923076923077 0.7168949771689498 0.010439560439560439 0.02054794520547945
3 0.28516483516483515 0.7442922374429224 0.007692307692307693 0.02054794520547945
3 0.21923076923076923 0.8333333333333334 0.016483516483516484 0.02054794520547945
3 0.23626373626373626 0.9223744292237442 0.015384615384615385 0.02054794520547945
3 0.289010989010989 0.9497716894977168 0.016483516483516484 0.02054794520547945
3 0.22802197802197802 0.023972602739726026 0.06318681318681318 0.0228310502283105
3 0.22362637362637364 0.045662100456621 0.06318681318681318 0.0228310502283105
3 0.22417582417582418 0.21575342465753425 0.07197802197802197 0.0228310502283105