0 0.5853403141361256 0.025 0.024083769633507852 0.042391304347826085
0 0.21465968586387435 0.3858695652173913 0.010471204188481676 0.021739130434782608
0 0.2617801047120419 0.3858695652173913 0.010471204188481676 0.021739130434782608
0 0.31308900523560207 0.3858695652173913 0.010471204188481676 0.021739130434782608
0 0.731413612565445 0.2576086956521739 0.059162303664921465 0.015217391304347827
1 0.7157068062827225 0.02608695652173913 0.17801047120418848 0.042391304347826085
1 0.39057591623036647 0.4076086956521739 0.08376963350785341 0.17391304347826086
1 0.39057591623036647 0.6260869565217392 0.08376963350785341 0.17391304347826086
1 0.39057591623036647 0.8445652173913043 0.08376963350785341 0.17391304347826086
1 0.22198952879581152 0.02608695652173913 0.07015706806282722 0.03695652173913044
2 0.4408376963350785 0.025 0.31308900523560207 0.042391304347826085
2 0.4549738219895288 0.025 0.007329842931937173 0.015217391304347827
3 0.5083769633507853 0.02608695652173913 0.13036649214659685 0.02826086956521739
3 0.6089005235602094 0.3565217391304348 0.32827225130890053 0.015217391304347827
3 0.4942408376963351 0.45 0.09842931937172775 0.020652173913043477
3 0.6089005235602094 0.575 0.32827225130890053 0.015217391304347827
3 0.4942408376963351 0.6684782608695652 0.09842931937172775 0.020652173913043477
3 0.47539267015706804 0.8717391304347826 0.0612565445026178 0.020652173913043477
3 0.5136125654450262 0.025 0.10523560209424083 0.021739130434782608
3 0.5136125654450262 0.025 0.10523560209424083 0.021739130434782608
3 0.256020942408377 0.3141304347826087 0.14554973821989528 0.03260869565217391
3 0.6089005235602094 0.3347826086956522 0.32827225130890053 0.02826086956521739
3 0.6089005235602094 0.5532608695652174 0.32827225130890053 0.02826086956521739
3 0.6089005235602094 0.7717391304347826 0.32827225130890053 0.02826086956521739
3 0.34659685863874345 0.08152173913043478 0.02356020942408377 0.021739130434782608
3 0.381151832460733 0.08152173913043478 0.02617801047120419 0.021739130434782608
3 0.4272251308900524 0.08152173913043478 0.04712041884816754 0.021739130434782608
3 0.46910994764397906 0.08152173913043478 0.01832460732984293 0.021739130434782608
3 0.49947643979057593 0.08152173913043478 0.02356020942408377 0.021739130434782608
3 0.5308900523560209 0.08152173913043478 0.020418848167539267 0.021739130434782608
3 0.21727748691099477 0.6597826086956522 0.06806282722513089 0.01956521739130435
3 0.1968586387434555 0.7445652173913043 0.02774869109947644 0.01956521739130435
3 0.19424083769633507 0.7706521739130435 0.02198952879581152 0.01956521739130435
3 0.20261780104712043 0.7967391304347826 0.03926701570680628 0.01956521739130435
3 0.1905759162303665 0.8815217391304347 0.015183246073298429 0.01956521739130435
3 0.18900523560209423 0.907608695652174 0.011518324607329843 0.01956521739130435
3 0.2 0.933695652173913 0.033507853403141365 0.01956521739130435
3 0.19790575916230366 0.9597826086956521 0.029842931937172777 0.01956521739130435
3 0.1905759162303665 0.9858695652173913 0.015183246073298429 0.01956521739130435
3 0.2570680628272251 0.6597826086956522 0.006806282722513089 0.01956521739130435
3 0.22251308900523561 0.7445652173913043 0.016753926701570682 0.01956521739130435
3 0.2136125654450262 0.7706521739130435 0.011518324607329843 0.01956521739130435
3 0.2293193717277487 0.7967391304347826 0.007329842931937173 0.01956521739130435
3 0.20785340314136125 0.8815217391304347 0.013612565445026177 0.01956521739130435
3 0.20471204188481676 0.907608695652174 0.015183246073298429 0.01956521739130435
3 0.2256544502617801 0.933695652173913 0.012041884816753926 0.01956521739130435
3 0.22198952879581152 0.9597826086956521 0.012041884816753926 0.01956521739130435
3 0.20523560209424083 0.9858695652173913 0.007853403141361256 0.01956521739130435
3 0.22094240837696336 0.06521739130434782 0.060209424083769635 0.021739130434782608
3 0.21675392670157068 0.08586956521739131 0.060209424083769635 0.021739130434782608
3 0.21727748691099477 0.24782608695652175 0.06858638743455497 0.021739130434782608
3 0.24031413612565444 0.25869565217391305 0.11413612565445026 0.043478260869565216