0 0.6008064516129032 0.01171875 0.025268817204301075 0.0234375
0 0.21989247311827956 0.3716517857142857 0.010752688172043012 0.022321428571428572
0 0.2682795698924731 0.3716517857142857 0.010752688172043012 0.022321428571428572
0 0.3209677419354839 0.3716517857142857 0.010752688172043012 0.022321428571428572
0 0.7505376344086021 0.23995535714285715 0.06075268817204301 0.015625
0 0.8021505376344086 0.3203125 0.01935483870967742 0.04017857142857143
1 0.7346774193548387 0.012276785714285714 0.18333333333333332 0.024553571428571428
1 0.40053763440860213 0.3939732142857143 0.08602150537634409 0.17857142857142858
1 0.40053763440860213 0.6183035714285714 0.08602150537634409 0.17857142857142858
1 0.40053763440860213 0.8426339285714286 0.08602150537634409 0.17857142857142858
1 0.22768817204301076 0.011160714285714286 0.07258064516129033 0.022321428571428572
2 0.45241935483870965 0.01171875 0.32204301075268815 0.0234375
2 0.4669354838709677 0.005022321428571429 0.008064516129032258 0.010044642857142858
3 0.521505376344086 0.008928571428571428 0.13440860215053763 0.017857142857142856
3 0.624731182795699 0.34151785714285715 0.3370967741935484 0.015625
3 0.5069892473118279 0.4375 0.1010752688172043 0.021205357142857144
3 0.4876344086021505 0.6462053571428571 0.06290322580645161 0.021205357142857144
3 0.4876344086021505 0.8504464285714286 0.06290322580645161 0.021205357142857144
3 0.5268817204301075 0.006696428571428571 0.1086021505376344 0.013392857142857142
3 0.5268817204301075 0.006696428571428571 0.1086021505376344 0.013392857142857142
3 0.2623655913978495 0.29799107142857145 0.14946236559139786 0.033482142857142856
3 0.624731182795699 0.31919642857142855 0.3370967741935484 0.029017857142857144
3 0.624731182795699 0.5435267857142857 0.3370967741935484 0.029017857142857144
3 0.624731182795699 0.7678571428571429 0.3370967741935484 0.029017857142857144
3 0.3553763440860215 0.05915178571428571 0.024193548387096774 0.022321428571428572
3 0.39086021505376345 0.05915178571428571 0.026881720430107527 0.022321428571428572
3 0.4381720430107527 0.05915178571428571 0.04838709677419355 0.022321428571428572
3 0.48118279569892475 0.05915178571428571 0.01881720430107527 0.022321428571428572
3 0.5123655913978494 0.05915178571428571 0.024193548387096774 0.022321428571428572
3 0.5446236559139785 0.05915178571428571 0.020967741935483872 0.022321428571428572
3 0.22258064516129034 0.6529017857142857 0.06989247311827956 0.020089285714285716
3 0.20161290322580644 0.7399553571428571 0.02849462365591398 0.020089285714285716
3 0.2021505376344086 0.7667410714285714 0.02903225806451613 0.020089285714285716
3 0.20161290322580644 0.7935267857142857 0.02795698924731183 0.020089285714285716
3 0.1989247311827957 0.8203125 0.02258064516129032 0.020089285714285716
3 0.2010752688172043 0.9073660714285714 0.027419354838709678 0.020089285714285716
3 0.1935483870967742 0.9341517857142857 0.012365591397849462 0.020089285714285716
3 0.20161290322580644 0.9609375 0.02795698924731183 0.020089285714285716
3 0.2032258064516129 0.9877232142857143 0.03118279569892473 0.020089285714285716
3 0.2629032258064516 0.6529017857142857 0.005376344086021506 0.020089285714285716
3 0.22741935483870968 0.7399553571428571 0.016666666666666666 0.020089285714285716
3 0.22795698924731184 0.7667410714285714 0.016666666666666666 0.020089285714285716
3 0.22419354838709676 0.7935267857142857 0.011827956989247311 0.020089285714285716
3 0.21666666666666667 0.8203125 0.007526881720430108 0.020089285714285716
3 0.22580645161290322 0.9073660714285714 0.016129032258064516 0.020089285714285716
3 0.20967741935483872 0.9341517857142857 0.013978494623655914 0.020089285714285716
3 0.22473118279569892 0.9609375 0.012365591397849462 0.020089285714285716
3 0.22795698924731184 0.9877232142857143 0.011827956989247311 0.020089285714285716
3 0.22634408602150538 0.04241071428571429 0.06182795698924731 0.022321428571428572
3 0.22204301075268817 0.06361607142857142 0.06182795698924731 0.022321428571428572
3 0.22258064516129034 0.22991071428571427 0.07043010752688172 0.022321428571428572
3 0.24623655913978496 0.24107142857142858 0.11720430107526882 0.044642857142857144