0 0.232837528604119 0.336104513064133 0.011441647597254004 0.023752969121140142
0 0.284324942791762 0.336104513064133 0.011441647597254004 0.023752969121140142
0 0.3403890160183066 0.336104513064133 0.011441647597254004 0.023752969121140142
0 0.7974828375286042 0.19596199524940616 0.06464530892448513 0.0166270783847981
0 0.8524027459954233 0.2814726840855107 0.020594965675057208 0.04275534441805225
1 0.42505720823798626 0.35985748218527314 0.09153318077803203 0.19002375296912113
1 0.42505720823798626 0.5985748218527316 0.09153318077803203 0.19002375296912113
1 0.42505720823798626 0.83729216152019 0.09153318077803203 0.19002375296912113
3 0.6636155606407322 0.30403800475059384 0.358695652173913 0.0166270783847981
3 0.5383295194508009 0.40617577197149646 0.10755148741418764 0.022565320665083134
3 0.5177345537757437 0.6282660332541568 0.06693363844393593 0.022565320665083134
3 0.5177345537757437 0.8456057007125891 0.06693363844393593 0.022565320665083134
3 0.2780320366132723 0.25771971496437057 0.15903890160183065 0.035629453681710214
3 0.6636155606407322 0.28028503562945367 0.358695652173913 0.030878859857482184
3 0.6636155606407322 0.5190023752969121 0.358695652173913 0.030878859857482184
3 0.6636155606407322 0.7577197149643705 0.358695652173913 0.030878859857482184
3 0.37700228832951943 0.00831353919239905 0.02631578947368421 0.0166270783847981
3 0.415045766590389 0.00831353919239905 0.02917620137299771 0.0166270783847981
3 0.4653890160183066 0.00831353919239905 0.05205949656750572 0.0166270783847981
3 0.5108695652173914 0.00831353919239905 0.020594965675057208 0.0166270783847981
3 0.5440503432494279 0.00831353919239905 0.02631578947368421 0.0166270783847981
3 0.5783752860411899 0.00831353919239905 0.02288329519450801 0.0166270783847981
3 0.23569794050343248 0.6353919239904988 0.07437070938215103 0.021377672209026127
3 0.2133867276887872 0.7280285035629454 0.03032036613272311 0.021377672209026127
3 0.2139588100686499 0.7565320665083135 0.030892448512585814 0.021377672209026127
3 0.2133867276887872 0.7850356294536817 0.029748283752860413 0.021377672209026127
3 0.21052631578947367 0.8135391923990499 0.02402745995423341 0.021377672209026127
3 0.2128146453089245 0.9061757719714965 0.02917620137299771 0.021377672209026127
3 0.2048054919908467 0.9346793349168646 0.013157894736842105 0.021377672209026127
3 0.2133867276887872 0.9631828978622328 0.029748283752860413 0.021377672209026127
3 0.21538901601830662 0.9899049881235155 0.033752860411899316 0.017814726840855107
3 0.27860411899313503 0.6353919239904988 0.005720823798627002 0.021377672209026127
3 0.2408466819221968 0.7280285035629454 0.017734553775743706 0.021377672209026127
3 0.2414187643020595 0.7565320665083135 0.017734553775743706 0.021377672209026127
3 0.2374141876430206 0.7850356294536817 0.012585812356979404 0.021377672209026127
3 0.2294050343249428 0.8135391923990499 0.008009153318077803 0.021377672209026127
3 0.2391304347826087 0.9061757719714965 0.017162471395881007 0.021377672209026127
3 0.2219679633867277 0.9346793349168646 0.014874141876430207 0.021377672209026127
3 0.2379862700228833 0.9631828978622328 0.013157894736842105 0.021377672209026127
3 0.24170480549199086 0.9899049881235155 0.013157894736842105 0.017814726840855107
3 0.2351258581235698 0.010688836104513063 0.06636155606407322 0.021377672209026127
3 0.23569794050343248 0.18527315914489312 0.07494279176201372 0.023752969121140142
3 0.2608695652173913 0.19714964370546317 0.12471395881006865 0.047505938242280284