0 0.167433831990794 0.37799043062200954 0.011507479861910242 0.023923444976076555
0 0.22266973532796316 0.37799043062200954 0.011507479861910242 0.023923444976076555
0 0.7324510932105869 0.23684210526315788 0.06501726121979287 0.01674641148325359
1 0.3578826237054085 0.4019138755980861 0.09205983889528194 0.19138755980861244
1 0.3578826237054085 0.6423444976076556 0.09205983889528194 0.19138755980861244
1 0.3578826237054085 0.90311004784689 0.09205983889528194 0.19138755980861244
3 0.45109321058688145 0.4102870813397129 0.06731875719217491 0.022727272727272728
3 0.5978135788262371 0.6291866028708134 0.36075949367088606 0.01674641148325359
3 0.4718066743383199 0.7320574162679426 0.10817031070195628 0.022727272727272728
3 0.45109321058688145 0.9330143540669856 0.06731875719217491 0.022727272727272728
3 0.21001150747986191 0.29904306220095694 0.15995397008055237 0.03588516746411483
3 0.5978135788262371 0.32177033492822965 0.36075949367088606 0.03110047846889952
3 0.5978135788262371 0.6052631578947368 0.36075949367088606 0.03110047846889952
3 0.5978135788262371 0.8229665071770335 0.36075949367088606 0.03110047846889952
3 0.3095512082853855 0.0430622009569378 0.025891829689298044 0.023923444976076555
3 0.3475258918296893 0.0430622009569378 0.028768699654775604 0.023923444976076555
3 0.39815880322209435 0.0430622009569378 0.05178365937859609 0.023923444976076555
3 0.4441887226697353 0.0430622009569378 0.020138089758342925 0.023923444976076555
3 0.47756041426927504 0.0430622009569378 0.025891829689298044 0.023923444976076555
3 0.5120828538550057 0.0430622009569378 0.02243958573072497 0.023923444976076555
3 0.167433831990794 0.6794258373205742 0.07479861910241657 0.0215311004784689
3 0.142692750287687 0.7727272727272727 0.025891829689298044 0.0215311004784689
3 0.14211737629459148 0.8014354066985646 0.02474108170310702 0.0215311004784689
3 0.13751438434982738 0.8301435406698564 0.014959723820483314 0.0215311004784689
3 0.142692750287687 0.8588516746411483 0.02531645569620253 0.0215311004784689
3 0.1386651323360184 0.8875598086124402 0.017836593785960874 0.0215311004784689
3 0.14211737629459148 0.916267942583732 0.02474108170310702 0.0215311004784689
3 0.142692750287687 0.9449760765550239 0.025891829689298044 0.0215311004784689
3 0.13924050632911392 0.9736842105263158 0.018411967779056387 0.0215311004784689
3 0.14211737629459148 0.9952153110047847 0.02531645569620253 0.007177033492822967
3 0.2140391254315305 0.6794258373205742 0.012658227848101266 0.0215311004784689
3 0.1714614499424626 0.7727272727272727 0.024165707710011506 0.0215311004784689
3 0.16915995397008055 0.8014354066985646 0.02186421173762946 0.0215311004784689
3 0.1565017261219793 0.8301435406698564 0.01668584579976985 0.0215311004784689
3 0.167433831990794 0.8588516746411483 0.01726121979286536 0.0215311004784689
3 0.15995397008055237 0.8875598086124402 0.017836593785960874 0.0215311004784689
3 0.16628308400460298 0.916267942583732 0.01668584579976985 0.0215311004784689
3 0.1668584579976985 0.9449760765550239 0.01668584579976985 0.0215311004784689
3 0.15880322209436135 0.9736842105263158 0.015535097813578827 0.0215311004784689
3 0.1642692750287687 0.9952153110047847 0.013233601841196778 0.007177033492822967
3 0.1714614499424626 0.025119617224880382 0.0661680092059839 0.023923444976076555
3 0.1668584579976985 0.04784688995215311 0.0661680092059839 0.023923444976076555
3 0.167433831990794 0.22607655502392343 0.07537399309551208 0.023923444976076555
3 0.19275028768699654 0.23803827751196172 0.12543153049482164 0.04784688995215311