0 0.58994708994709 0.025274725274725275 0.02433862433862434 0.04285714285714286
0 0.21534391534391534 0.3901098901098901 0.010582010582010581 0.02197802197802198
0 0.26296296296296295 0.3901098901098901 0.010582010582010581 0.02197802197802198
0 0.31375661375661373 0.3901098901098901 0.010582010582010581 0.02197802197802198
0 0.26825396825396824 0.9186813186813186 0.012698412698412698 0.026373626373626374
0 0.7375661375661375 0.26043956043956046 0.059788359788359786 0.015384615384615385
1 0.7216931216931217 0.026373626373626374 0.17989417989417988 0.04285714285714286
1 0.3931216931216931 0.41208791208791207 0.08465608465608465 0.17582417582417584
1 0.3931216931216931 0.6329670329670329 0.08465608465608465 0.17582417582417584
1 0.3931216931216931 0.8538461538461538 0.08465608465608465 0.17582417582417584
1 0.22275132275132276 0.026373626373626374 0.07089947089947089 0.03736263736263736
2 0.44391534391534393 0.025274725274725275 0.3164021164021164 0.04285714285714286
2 0.4582010582010582 0.025274725274725275 0.007407407407407408 0.015384615384615385
2 0.19947089947089947 0.9164835164835164 0.0328042328042328 0.027472527472527472
2 0.2417989417989418 0.9164835164835164 0.0328042328042328 0.027472527472527472
3 0.5121693121693122 0.026373626373626374 0.13174603174603175 0.02857142857142857
3 0.47883597883597884 0.4197802197802198 0.06190476190476191 0.020879120879120878
3 0.4666666666666667 0.6362637362637362 0.03756613756613757 0.015384615384615385
3 0.4666666666666667 0.8571428571428571 0.03756613756613757 0.015384615384615385
3 0.5174603174603175 0.025274725274725275 0.10634920634920635 0.02197802197802198
3 0.19947089947089947 0.9186813186813186 0.031746031746031744 0.03406593406593406
3 0.2417989417989418 0.9186813186813186 0.031746031746031744 0.03406593406593406
3 0.5174603174603175 0.025274725274725275 0.10634920634920635 0.02197802197802198
3 0.19947089947089947 0.9186813186813186 0.031746031746031744 0.03406593406593406
3 0.2417989417989418 0.9186813186813186 0.031746031746031744 0.03406593406593406
3 0.2571428571428571 0.31758241758241756 0.14708994708994708 0.03296703296703297
3 0.6137566137566137 0.3384615384615385 0.33174603174603173 0.02857142857142857
3 0.6137566137566137 0.5593406593406594 0.33174603174603173 0.02857142857142857
3 0.6137566137566137 0.7802197802197802 0.33174603174603173 0.02857142857142857
3 0.3486772486772487 0.08241758241758242 0.023809523809523808 0.02197802197802198
3 0.3835978835978836 0.08241758241758242 0.026455026455026454 0.02197802197802198
3 0.4301587301587302 0.08241758241758242 0.047619047619047616 0.02197802197802198
3 0.4724867724867725 0.08241758241758242 0.018518518518518517 0.02197802197802198
3 0.5031746031746032 0.08241758241758242 0.023809523809523808 0.02197802197802198
3 0.5349206349206349 0.08241758241758242 0.020634920634920634 0.02197802197802198
3 0.19523809523809524 0.5824175824175825 0.023809523809523808 0.01978021978021978
3 0.19153439153439153 0.6087912087912087 0.0164021164021164 0.01978021978021978
3 0.19576719576719576 0.6945054945054945 0.02486772486772487 0.01978021978021978
3 0.2111111111111111 0.7208791208791209 0.05555555555555555 0.01978021978021978
3 0.19576719576719576 0.7472527472527473 0.02486772486772487 0.01978021978021978
3 0.19576719576719576 0.7736263736263737 0.02486772486772487 0.01978021978021978
3 0.21216931216931217 0.8593406593406593 0.05714285714285714 0.01978021978021978
3 0.20582010582010582 0.8857142857142857 0.044444444444444446 0.01978021978021978
3 0.21746031746031746 0.5824175824175825 0.014285714285714285 0.01978021978021978
3 0.20582010582010582 0.6087912087912087 0.00582010582010582 0.01978021978021978
3 0.21851851851851853 0.6945054945054945 0.013756613756613757 0.01978021978021978
3 0.24708994708994708 0.7208791208791209 0.009523809523809525 0.01978021978021978
3 0.21534391534391534 0.7472527472527473 0.007936507936507936 0.01978021978021978
3 0.21428571428571427 0.7736263736263737 0.00582010582010582 0.01978021978021978
3 0.2507936507936508 0.8593406593406593 0.014285714285714285 0.01978021978021978
3 0.2343915343915344 0.8857142857142857 0.007407407407407408 0.01978021978021978
3 0.2216931216931217 0.06593406593406594 0.06084656084656084 0.02197802197802198
3 0.21746031746031746 0.08681318681318681 0.06084656084656084 0.02197802197802198
3 0.21798941798941798 0.25054945054945055 0.06931216931216931 0.02197802197802198
3 0.24126984126984127 0.26153846153846155 0.11534391534391535 0.04395604395604396