0 0.1622554660529344 0.3624401913875598 0.011507479861910242 0.023923444976076555
0 0.19677790563866512 0.3624401913875598 0.011507479861910242 0.023923444976076555
0 0.21691599539700807 0.8732057416267942 0.01380897583429229 0.028708133971291867
0 0.7272727272727273 0.22129186602870812 0.06501726121979287 0.01674641148325359
0 0.6196777905638665 0.3803827751196172 0.04372842347525892 0.03110047846889952
1 0.35270425776754893 0.38636363636363635 0.09205983889528194 0.19138755980861244
1 0.35270425776754893 0.6267942583732058 0.09205983889528194 0.19138755980861244
1 0.35270425776754893 0.8672248803827751 0.09205983889528194 0.19138755980861244
2 0.14211737629459148 0.8708133971291866 0.03567318757192175 0.029904306220095694
2 0.18814729574223246 0.8708133971291866 0.03567318757192175 0.029904306220095694
3 0.44591484464902187 0.39473684210526316 0.06731875719217491 0.022727272727272728
3 0.5851553509781358 0.3803827751196172 0.020713463751438434 0.0215311004784689
3 0.45397008055235905 0.6351674641148325 0.08285385500575373 0.022727272727272728
3 0.4326812428078251 0.8923444976076556 0.040851553509781355 0.01674641148325359
3 0.14211737629459148 0.8732057416267942 0.03452243958573072 0.03708133971291866
3 0.18814729574223246 0.8732057416267942 0.03452243958573072 0.03708133971291866
3 0.14211737629459148 0.8732057416267942 0.03452243958573072 0.03708133971291866
3 0.18814729574223246 0.8732057416267942 0.03452243958573072 0.03708133971291866
3 0.2048331415420023 0.2834928229665072 0.15995397008055237 0.03588516746411483
3 0.5926352128883774 0.3062200956937799 0.36075949367088606 0.03110047846889952
3 0.5926352128883774 0.5466507177033493 0.36075949367088606 0.03110047846889952
3 0.5926352128883774 0.7870813397129187 0.36075949367088606 0.03110047846889952
3 0.3043728423475259 0.02751196172248804 0.025891829689298044 0.023923444976076555
3 0.3423475258918297 0.02751196172248804 0.028768699654775604 0.023923444976076555
3 0.39298043728423476 0.02751196172248804 0.05178365937859609 0.023923444976076555
3 0.4390103567318757 0.02751196172248804 0.020138089758342925 0.023923444976076555
3 0.4723820483314154 0.02751196172248804 0.025891829689298044 0.023923444976076555
3 0.5069044879171462 0.02751196172248804 0.02243958573072497 0.023923444976076555
3 0.14211737629459148 0.5717703349282297 0.035097813578826235 0.0215311004784689
3 0.13118527042577677 0.6004784688995215 0.012658227848101266 0.0215311004784689
3 0.1380897583429229 0.6291866028708134 0.02704257767548907 0.0215311004784689
3 0.15880322209436135 0.6578947368421053 0.06846950517836593 0.0215311004784689
3 0.14096662830840045 0.6866028708133971 0.03279631760644419 0.0215311004784689
3 0.1478711162255466 0.715311004784689 0.04602991944764097 0.0215311004784689
3 0.15420023014959724 0.8086124401913876 0.059263521288837745 0.0215311004784689
3 0.1472957422324511 0.8373205741626795 0.045454545454545456 0.0215311004784689
3 0.14959723820483314 0.9736842105263158 0.05005753739930955 0.0215311004784689
3 0.13377445339470656 0.9952153110047847 0.017836593785960874 0.007177033492822967
3 0.16973532796317606 0.5717703349282297 0.013233601841196778 0.0215311004784689
3 0.14614499424626007 0.6004784688995215 0.012082853855005753 0.0215311004784689
3 0.16052934407364788 0.6291866028708134 0.01093210586881473 0.0215311004784689
3 0.2008055235903337 0.6578947368421053 0.00863060989643268 0.0215311004784689
3 0.16340621403912542 0.6866028708133971 0.005753739930955121 0.0215311004784689
3 0.1766398158803222 0.715311004784689 0.006329113924050633 0.0215311004784689
3 0.19505178365937859 0.8086124401913876 0.015535097813578827 0.0215311004784689
3 0.17721518987341772 0.8373205741626795 0.00805523590333717 0.0215311004784689
3 0.1858457997698504 0.9736842105263158 0.015535097813578827 0.0215311004784689
3 0.14844649021864212 0.9952153110047847 0.006904487917146145 0.007177033492822967
3 0.16628308400460298 0.011363636363636364 0.0667433831990794 0.022727272727272728
3 0.1616800920598389 0.03229665071770335 0.0661680092059839 0.023923444976076555
3 0.1622554660529344 0.21052631578947367 0.07537399309551208 0.023923444976076555
3 0.18757192174913695 0.22248803827751196 0.12543153049482164 0.04784688995215311