0 0.584375 0.02918918918918919 0.023958333333333335 0.04216216216216216
0 0.215625 0.3881081081081081 0.010416666666666666 0.021621621621621623
0 0.2625 0.3881081081081081 0.010416666666666666 0.021621621621621623
0 0.30833333333333335 0.3881081081081081 0.010416666666666666 0.021621621621621623
0 0.2677083333333333 0.6886486486486486 0.0125 0.025945945945945945
0 0.2677083333333333 0.8378378378378378 0.0125 0.025945945945945945
0 0.7296875 0.26054054054054054 0.058854166666666666 0.015135135135135135
1 0.7140625 0.03027027027027027 0.17708333333333334 0.04216216216216216
1 0.390625 0.4097297297297297 0.08333333333333333 0.17297297297297298
1 0.390625 0.6270270270270271 0.08333333333333333 0.17297297297297298
1 0.390625 0.8443243243243244 0.08333333333333333 0.17297297297297298
1 0.22291666666666668 0.03027027027027027 0.06979166666666667 0.036756756756756756
2 0.440625 0.02918918918918919 0.31145833333333334 0.04216216216216216
2 0.4546875 0.02918918918918919 0.007291666666666667 0.015135135135135135
2 0.2 0.6864864864864865 0.03229166666666667 0.02702702702702703
2 0.24166666666666667 0.6864864864864865 0.03229166666666667 0.02702702702702703
2 0.2 0.8356756756756757 0.03229166666666667 0.02702702702702703
2 0.24166666666666667 0.8356756756756757 0.03229166666666667 0.02702702702702703
3 0.5078125 0.03027027027027027 0.1296875 0.02810810810810811
3 0.4630208333333333 0.412972972972973 0.03697916666666667 0.015135135135135135
3 0.4630208333333333 0.6302702702702703 0.03697916666666667 0.015135135135135135
3 0.4630208333333333 0.8475675675675676 0.03697916666666667 0.015135135135135135
3 0.5130208333333334 0.02918918918918919 0.1046875 0.021621621621621623
3 0.2 0.6886486486486486 0.03125 0.03351351351351351
3 0.24166666666666667 0.6886486486486486 0.03125 0.03351351351351351
3 0.2 0.8378378378378378 0.03125 0.03351351351351351
3 0.24166666666666667 0.8378378378378378 0.03125 0.03351351351351351
3 0.5130208333333334 0.02918918918918919 0.1046875 0.021621621621621623
3 0.2 0.6886486486486486 0.03125 0.03351351351351351
3 0.24166666666666667 0.6886486486486486 0.03125 0.03351351351351351
3 0.2 0.8378378378378378 0.03125 0.03351351351351351
3 0.24166666666666667 0.8378378378378378 0.03125 0.03351351351351351
3 0.25677083333333334 0.31675675675675674 0.14479166666666668 0.032432432432432434
3 0.6078125 0.3372972972972973 0.3265625 0.02810810810810811
3 0.6078125 0.5545945945945946 0.3265625 0.02810810810810811
3 0.6078125 0.7718918918918919 0.3265625 0.02810810810810811
3 0.346875 0.08540540540540541 0.0234375 0.021621621621621623
3 0.38125 0.08540540540540541 0.026041666666666668 0.021621621621621623
3 0.4270833333333333 0.08540540540540541 0.046875 0.021621621621621623
3 0.46875 0.08540540540540541 0.018229166666666668 0.021621621621621623
3 0.49895833333333334 0.08540540540540541 0.0234375 0.021621621621621623
3 0.5302083333333333 0.08540540540540541 0.0203125 0.021621621621621623
3 0.196875 0.49405405405405406 0.025520833333333333 0.01945945945945946
3 0.21197916666666666 0.52 0.05572916666666667 0.01945945945945946
3 0.21354166666666666 0.6043243243243244 0.058333333333333334 0.01945945945945946
3 0.20520833333333333 0.6302702702702703 0.041666666666666664 0.01945945945945946
3 0.20625 0.6562162162162162 0.04375 0.01945945945945946
3 0.1921875 0.7794594594594595 0.016145833333333335 0.01945945945945946
3 0.20260416666666667 0.8054054054054054 0.03697916666666667 0.01945945945945946
3 0.19375 0.9297297297297298 0.01875 0.01945945945945946
3 0.21770833333333334 0.49405405405405406 0.009895833333333333 0.01945945945945946
3 0.24791666666666667 0.52 0.009895833333333333 0.01945945945945946
3 0.24895833333333334 0.6043243243243244 0.007291666666666667 0.01945945945945946
3 0.234375 0.6302702702702703 0.011458333333333333 0.01945945945945946
3 0.23489583333333333 0.6562162162162162 0.0078125 0.01945945945945946
3 0.20572916666666666 0.7794594594594595 0.005208333333333333 0.01945945945945946
3 0.2296875 0.8054054054054054 0.011458333333333333 0.01945945945945946
3 0.21041666666666667 0.9297297297297298 0.009895833333333333 0.01945945945945946
3 0.221875 0.06918918918918919 0.059895833333333336 0.021621621621621623
3 0.21770833333333334 0.08972972972972973 0.059895833333333336 0.021621621621621623
3 0.21822916666666667 0.2508108108108108 0.06822916666666666 0.021621621621621623
3 0.24114583333333334 0.2616216216216216 0.11354166666666667 0.043243243243243246