0 0.22569444444444445 0.359375 0.011574074074074073 0.02403846153846154
0 0.7899305555555556 0.1814903846153846 0.06539351851851852 0.016826923076923076
0 0.8454861111111112 0.26802884615384615 0.020833333333333332 0.04326923076923077
1 0.4131944444444444 0.3473557692307692 0.09259259259259259 0.19230769230769232
1 0.4131944444444444 0.5889423076923077 0.09259259259259259 0.19230769230769232
1 0.4131944444444444 0.8305288461538461 0.09259259259259259 0.19230769230769232
3 0.6545138888888888 0.29086538461538464 0.3628472222222222 0.016826923076923076
3 0.5277777777777778 0.3942307692307692 0.1087962962962963 0.02283653846153846
3 0.5069444444444444 0.6189903846153846 0.06770833333333333 0.02283653846153846
3 0.5069444444444444 0.8605769230769231 0.06770833333333333 0.02283653846153846
3 0.2644675925925926 0.2620192307692308 0.16087962962962962 0.07211538461538461
3 0.6545138888888888 0.2668269230769231 0.3628472222222222 0.03125
3 0.6545138888888888 0.5084134615384616 0.3628472222222222 0.03125
3 0.6545138888888888 0.75 0.3628472222222222 0.03125
3 0.22164351851851852 0.6622596153846154 0.07523148148148148 0.021634615384615384
3 0.1996527777777778 0.7560096153846154 0.03125 0.021634615384615384
3 0.19907407407407407 0.7848557692307693 0.030671296296296297 0.021634615384615384
3 0.19907407407407407 0.8137019230769231 0.03009259259259259 0.021634615384615384
3 0.20543981481481483 0.8425480769230769 0.043402777777777776 0.021634615384615384
3 0.19618055555555555 0.8713942307692307 0.024305555555555556 0.021634615384615384
3 0.20543981481481483 0.9002403846153846 0.043402777777777776 0.021634615384615384
3 0.20023148148148148 0.9290865384615384 0.03298611111111111 0.021634615384615384
3 0.20775462962962962 0.9579326923076923 0.048032407407407406 0.021634615384615384
3 0.2662037037037037 0.6622596153846154 0.008680555555555556 0.021634615384615384
3 0.22743055555555555 0.7560096153846154 0.017361111111111112 0.021634615384615384
3 0.22685185185185186 0.7848557692307693 0.017939814814814815 0.021634615384615384
3 0.22337962962962962 0.8137019230769231 0.01273148148148148 0.021634615384615384
3 0.23726851851851852 0.8425480769230769 0.01273148148148148 0.021634615384615384
3 0.2175925925925926 0.8713942307692307 0.01273148148148148 0.021634615384615384
3 0.2349537037037037 0.9002403846153846 0.008680555555555556 0.021634615384615384
3 0.22337962962962962 0.9290865384615384 0.007523148148148148 0.021634615384615384
3 0.2378472222222222 0.9579326923076923 0.00636574074074074 0.021634615384615384
3 0.22106481481481483 0.002403846153846154 0.06712962962962964 0.004807692307692308
3 0.22164351851851852 0.17067307692307693 0.07581018518518519 0.02403846153846154
3 0.24710648148148148 0.18269230769230768 0.1261574074074074 0.04807692307692308