0 0.584375 0.02918918918918919 0.023958333333333335 0.04216216216216216
0 0.7296875 0.26054054054054054 0.058854166666666666 0.015135135135135135
0 0.7796875 0.772972972972973 0.01875 0.03891891891891892
1 0.7140625 0.03027027027027027 0.17708333333333334 0.04216216216216216
1 0.390625 0.4097297297297297 0.08333333333333333 0.17297297297297298
1 0.390625 0.6270270270270271 0.08333333333333333 0.17297297297297298
1 0.390625 0.8443243243243244 0.08333333333333333 0.17297297297297298
1 0.22291666666666668 0.03027027027027027 0.06979166666666667 0.036756756756756756
2 0.440625 0.02918918918918919 0.31145833333333334 0.04216216216216216
2 0.4546875 0.02918918918918919 0.007291666666666667 0.015135135135135135
3 0.5078125 0.03027027027027027 0.1296875 0.02810810810810811
3 0.6078125 0.3589189189189189 0.3265625 0.015135135135135135
3 0.475 0.43243243243243246 0.0609375 0.02054054054054054
3 0.6078125 0.5762162162162162 0.3265625 0.015135135135135135
3 0.475 0.6691891891891892 0.0609375 0.02054054054054054
3 0.6078125 0.7935135135135135 0.3265625 0.015135135135135135
3 0.475 0.8864864864864865 0.0609375 0.02054054054054054
3 0.5130208333333334 0.02918918918918919 0.1046875 0.021621621621621623
3 0.5130208333333334 0.02918918918918919 0.1046875 0.021621621621621623
3 0.25677083333333334 0.31675675675675674 0.14479166666666668 0.032432432432432434
3 0.6078125 0.3372972972972973 0.3265625 0.02810810810810811
3 0.6078125 0.5545945945945946 0.3265625 0.02810810810810811
3 0.6078125 0.7718918918918919 0.3265625 0.02810810810810811
3 0.346875 0.08540540540540541 0.0234375 0.021621621621621623
3 0.38125 0.08540540540540541 0.026041666666666668 0.021621621621621623
3 0.4270833333333333 0.08540540540540541 0.046875 0.021621621621621623
3 0.46875 0.08540540540540541 0.018229166666666668 0.021621621621621623
3 0.49895833333333334 0.08540540540540541 0.0234375 0.021621621621621623
3 0.5302083333333333 0.08540540540540541 0.0203125 0.021621621621621623
3 0.21822916666666667 0.5210810810810811 0.06770833333333333 0.01945945945945946
3 0.19895833333333332 0.6054054054054054 0.0296875 0.01945945945945946
3 0.1953125 0.6313513513513513 0.021875 0.01945945945945946
3 0.19375 0.6572972972972972 0.01875 0.01945945945945946
3 0.20364583333333333 0.7416216216216216 0.0390625 0.01945945945945946
3 0.18802083333333333 0.7675675675675676 0.007291666666666667 0.01945945945945946
3 0.19427083333333334 0.7935135135135135 0.0203125 0.01945945945945946
3 0.1984375 0.8194594594594594 0.028125 0.01945945945945946
3 0.20104166666666667 0.8454054054054054 0.03333333333333333 0.01945945945945946
3 0.20364583333333333 0.8713513513513513 0.0390625 0.01945945945945946
3 0.19739583333333333 0.9556756756756757 0.026041666666666668 0.01945945945945946
3 0.1953125 0.9816216216216216 0.022395833333333334 0.01945945945945946
3 0.259375 0.5210810810810811 0.009895833333333333 0.01945945945945946
3 0.22447916666666667 0.6054054054054054 0.015625 0.01945945945945946
3 0.21510416666666668 0.6313513513513513 0.011979166666666667 0.01945945945945946
3 0.20885416666666667 0.6572972972972972 0.005729166666666666 0.01945945945945946
3 0.234375 0.7416216216216216 0.015625 0.01945945945945946
3 0.20104166666666667 0.7675675675675676 0.0125 0.01945945945945946
3 0.21197916666666666 0.7935135135135135 0.009375 0.01945945945945946
3 0.21927083333333333 0.8194594594594594 0.0078125 0.01945945945945946
3 0.2234375 0.8454054054054054 0.005729166666666666 0.01945945945945946
3 0.22916666666666666 0.8713513513513513 0.005729166666666666 0.01945945945945946
3 0.2203125 0.9556756756756757 0.013541666666666667 0.01945945945945946
3 0.215625 0.9816216216216216 0.011979166666666667 0.01945945945945946
3 0.221875 0.06918918918918919 0.059895833333333336 0.021621621621621623
3 0.21770833333333334 0.08972972972972973 0.059895833333333336 0.021621621621621623
3 0.21822916666666667 0.2508108108108108 0.06822916666666666 0.021621621621621623
3 0.24114583333333334 0.2616216216216216 0.11354166666666667 0.043243243243243246