0 0.5802083333333333 0.02918918918918919 0.023958333333333335 0.04216216216216216
1 0.7098958333333333 0.03027027027027027 0.17708333333333334 0.04216216216216216
1 0.19635416666666666 0.33297297297297296 0.035416666666666666 0.07351351351351351
1 0.203125 0.5254054054054054 0.049479166666666664 0.03783783783783784
1 0.265625 0.5254054054054054 0.049479166666666664 0.03783783783783784
2 0.43645833333333334 0.02918918918918919 0.31145833333333334 0.04216216216216216
3 0.17864583333333334 0 0 0
3 0.21875 0.03027027027027027 0.06979166666666667 0.036756756756756756
3 0.6682291666666667 0.08540540540540541 0.057291666666666664 0.021621621621621623
3 0.7145833333333333 0.08540540540540541 0.034375 0.021621621621621623
3 0.75625 0.08540540540540541 0.050520833333333334 0.021621621621621623
3 0.21354166666666666 0.07783783783783783 0.06927083333333334 0.043243243243243246
3 0.30104166666666665 0.08540540540540541 0.04114583333333333 0.021621621621621623
3 0.3421875 0.08540540540540541 0.0234375 0.021621621621621623
3 0.3765625 0.08540540540540541 0.026041666666666668 0.021621621621621623
3 0.42239583333333336 0.08540540540540541 0.046875 0.021621621621621623
3 0.46458333333333335 0.08540540540540541 0.018229166666666668 0.021621621621621623
3 0.4947916666666667 0.08540540540540541 0.0234375 0.021621621621621623
3 0.5255208333333333 0.08540540540540541 0.0203125 0.021621621621621623
3 0.7921875 0.08324324324324324 0.013020833333333334 0.022702702702702703
3 0.7098958333333333 0.03351351351351351 0.17708333333333334 0.04756756756756757
3 0.1828125 0.12108108108108108 0.008854166666666666 0.024864864864864864
3 0.2515625 0.3545945945945946 0.058854166666666666 0.024864864864864864
3 0.228125 0.5762162162162162 0.09895833333333333 0.024864864864864864
3 0.328125 0.35567567567567565 0.21145833333333333 0.021621621621621623
3 0.49114583333333334 0.48 0.625 0.021621621621621623
3 0.49114583333333334 0.5772972972972973 0.625 0.021621621621621623
3 0.49114583333333334 0.6983783783783784 0.625 0.021621621621621623
3 0.49114583333333334 0.20864864864864865 0.625 0.04432432432432432
3 0.328125 0.32432432432432434 0.21145833333333333 0.02810810810810811
3 0.49114583333333334 0.4486486486486487 0.625 0.02810810810810811
3 0.49114583333333334 0.667027027027027 0.625 0.02810810810810811
3 0.49114583333333334 0.8205405405405405 0.625 0.02810810810810811