0 0.5842931937172775 0.029347826086956522 0.024083769633507852 0.042391304347826085
0 0.7303664921465969 0.29782608695652174 0.059162303664921465 0.015217391304347827
1 0.7146596858638743 0.030434782608695653 0.17801047120418848 0.042391304347826085
1 0.38952879581151834 0.44782608695652176 0.08376963350785341 0.17391304347826086
1 0.38952879581151834 0.6663043478260869 0.08376963350785341 0.17391304347826086
1 0.38952879581151834 0.8847826086956522 0.08376963350785341 0.17391304347826086
1 0.22094240837696336 0.030434782608695653 0.07015706806282722 0.03695652173913044
2 0.4397905759162304 0.029347826086956522 0.31308900523560207 0.042391304347826085
2 0.5005235602094241 0.029347826086956522 0.007329842931937173 0.015217391304347827
3 0.5308900523560209 0.030434782608695653 0.08376963350785341 0.02826086956521739
3 0.4643979057591623 0.45543478260869563 0.041361256544502616 0.020652173913043477
3 0.4643979057591623 0.6739130434782609 0.041361256544502616 0.020652173913043477
3 0.4643979057591623 0.8923913043478261 0.041361256544502616 0.020652173913043477
3 0.5361256544502618 0.029347826086956522 0.05863874345549738 0.021739130434782608
3 0.5361256544502618 0.029347826086956522 0.05863874345549738 0.021739130434782608
3 0.2549738219895288 0.33260869565217394 0.14554973821989528 0.03260869565217391
3 0.6078534031413613 0.375 0.32827225130890053 0.02826086956521739
3 0.6078534031413613 0.5934782608695652 0.32827225130890053 0.02826086956521739
3 0.6078534031413613 0.8119565217391305 0.32827225130890053 0.02826086956521739
3 0.34554973821989526 0.08586956521739131 0.02356020942408377 0.021739130434782608
3 0.38010471204188484 0.08586956521739131 0.02617801047120419 0.021739130434782608
3 0.4261780104712042 0.08586956521739131 0.04712041884816754 0.021739130434782608
3 0.4680628272251309 0.08586956521739131 0.01832460732984293 0.021739130434782608
3 0.49842931937172774 0.08586956521739131 0.02356020942408377 0.021739130434782608
3 0.5298429319371728 0.08586956521739131 0.020418848167539267 0.021739130434782608
3 0.19162303664921465 0.5380434782608695 0.018848167539267015 0.01956521739130435
3 0.2 0.6228260869565218 0.0356020942408377 0.01956521739130435
3 0.22460732984293194 0.6489130434782608 0.08534031413612565 0.01956521739130435
3 0.19842931937172775 0.7336956521739131 0.032460732984293195 0.01956521739130435
3 0.19895287958115182 0.8184782608695652 0.034031413612565446 0.01956521739130435
3 0.20628272251308902 0.9032608695652173 0.04869109947643979 0.01956521739130435
3 0.2130890052356021 0.9293478260869565 0.06230366492146597 0.01956521739130435
3 0.2089005235602094 0.9554347826086956 0.05392670157068063 0.01956521739130435
3 0.21256544502617802 0.9815217391304348 0.0612565445026178 0.01956521739130435
3 0.20837696335078534 0.5380434782608695 0.009424083769633508 0.01956521739130435
3 0.22722513089005236 0.6228260869565218 0.014136125654450262 0.01956521739130435
3 0.27591623036649215 0.6489130434782608 0.011518324607329843 0.01956521739130435
3 0.22460732984293194 0.7336956521739131 0.014136125654450262 0.01956521739130435
3 0.22356020942408378 0.8184782608695652 0.009424083769633508 0.01956521739130435
3 0.24031413612565444 0.9032608695652173 0.013612565445026177 0.01956521739130435
3 0.2523560209424084 0.9293478260869565 0.009947643979057591 0.01956521739130435
3 0.24345549738219896 0.9554347826086956 0.009424083769633508 0.01956521739130435
3 0.24973821989528797 0.9815217391304348 0.007853403141361256 0.01956521739130435
3 0.2198952879581152 0.06956521739130435 0.060209424083769635 0.021739130434782608
3 0.2157068062827225 0.09021739130434783 0.060209424083769635 0.021739130434782608
3 0.21465968586387435 0.28804347826086957 0.06544502617801047 0.021739130434782608
3 0.2717277486910995 0.28804347826086957 0.028272251308900525 0.021739130434782608