0 0.8038194444444444 0.24158653846153846 0.06539351851851852 0.016826923076923076
1 0.4270833333333333 0.4074519230769231 0.09259259259259259 0.19230769230769232
1 0.4270833333333333 0.6490384615384616 0.09259259259259259 0.19230769230769232
1 0.4270833333333333 0.890625 0.09259259259259259 0.19230769230769232
3 0.5098379629629629 0.41586538461538464 0.045717592592592594 0.02283653846153846
3 0.5098379629629629 0.6574519230769231 0.045717592592592594 0.02283653846153846
3 0.5098379629629629 0.8990384615384616 0.045717592592592594 0.02283653846153846
3 0.27835648148148145 0.2800480769230769 0.16087962962962962 0.036057692307692304
3 0.6684027777777778 0.3269230769230769 0.3628472222222222 0.03125
3 0.6684027777777778 0.5685096153846154 0.3628472222222222 0.03125
3 0.6684027777777778 0.8100961538461539 0.3628472222222222 0.03125
3 0.3784722222222222 0.010216346153846154 0.02662037037037037 0.020432692307692308
3 0.41695601851851855 0.010216346153846154 0.029513888888888888 0.020432692307692308
3 0.4678819444444444 0.010216346153846154 0.052662037037037035 0.020432692307692308
3 0.5138888888888888 0.010216346153846154 0.020833333333333332 0.020432692307692308
3 0.5474537037037037 0.010216346153846154 0.02662037037037037 0.020432692307692308
3 0.5821759259259259 0.010216346153846154 0.023148148148148147 0.020432692307692308
3 0.20833333333333334 0.5072115384615384 0.020833333333333332 0.021634615384615384
3 0.2175925925925926 0.6009615384615384 0.03935185185185185 0.021634615384615384
3 0.24479166666666666 0.6298076923076923 0.0943287037037037 0.021634615384615384
3 0.21585648148148148 0.7235576923076923 0.03587962962962963 0.021634615384615384
3 0.21643518518518517 0.8173076923076923 0.03761574074074074 0.021634615384615384
3 0.22453703703703703 0.9110576923076923 0.05381944444444445 0.021634615384615384
3 0.23206018518518517 0.9399038461538461 0.06886574074074074 0.021634615384615384
3 0.22743055555555555 0.96875 0.05960648148148148 0.021634615384615384
3 0.23148148148148148 0.9927884615384616 0.06828703703703703 0.01201923076923077
3 0.22685185185185186 0.5072115384615384 0.010416666666666666 0.021634615384615384
3 0.24768518518518517 0.6009615384615384 0.015625 0.021634615384615384
3 0.30150462962962965 0.6298076923076923 0.01273148148148148 0.021634615384615384
3 0.24479166666666666 0.7235576923076923 0.015625 0.021634615384615384
3 0.24363425925925927 0.8173076923076923 0.010416666666666666 0.021634615384615384
3 0.2621527777777778 0.9110576923076923 0.015046296296296295 0.021634615384615384
3 0.27546296296296297 0.9399038461538461 0.01099537037037037 0.021634615384615384
3 0.265625 0.96875 0.010416666666666666 0.021634615384615384
3 0.2725694444444444 0.9927884615384616 0.009259259259259259 0.01201923076923077
3 0.2349537037037037 0.01201923076923077 0.06655092592592593 0.02403846153846154
3 0.2337962962962963 0.23076923076923078 0.07233796296296297 0.02403846153846154
3 0.296875 0.23076923076923078 0.03125 0.02403846153846154