0 0.5977777777777777 0.02771362586605081 0.025555555555555557 0.04503464203233257
0 0.7527777777777778 0.312933025404157 0.06277777777777778 0.016166281755196306
1 0.7361111111111112 0.028868360277136258 0.18888888888888888 0.04503464203233257
1 0.39111111111111113 0.4722863741339492 0.08888888888888889 0.18475750577367206
1 0.39111111111111113 0.7043879907621247 0.08888888888888889 0.18475750577367206
1 0.3913888888888889 0.9214780600461894 0.08944444444444444 0.15473441108545036
1 0.21222222222222223 0.028868360277136258 0.07444444444444444 0.03926096997690531
2 0.4444444444444444 0.02771362586605081 0.3322222222222222 0.04503464203233257
2 0.4483333333333333 0.02771362586605081 0.0077777777777777776 0.016166281755196306
3 0.5105555555555555 0.028868360277136258 0.14944444444444444 0.03002309468822171
3 0.6227777777777778 0.45958429561200925 0.34833333333333333 0.016166281755196306
3 0.49 0.5381062355658198 0.08277777777777778 0.021939953810623556
3 0.47055555555555556 0.7124711316397229 0.04388888888888889 0.021939953810623556
3 0.6227777777777778 0.8822170900692841 0.34833333333333333 0.016166281755196306
3 0.49 0.9607390300230947 0.08277777777777778 0.021939953810623556
3 0.5161111111111111 0.02771362586605081 0.12277777777777778 0.023094688221709007
3 0.5161111111111111 0.02771362586605081 0.12277777777777778 0.023094688221709007
3 0.24833333333333332 0.3672055427251732 0.15444444444444444 0.06928406466512702
3 0.6227777777777778 0.43648960739030024 0.34833333333333333 0.03002309468822171
3 0.6227777777777778 0.6270207852193995 0.34833333333333333 0.03002309468822171
3 0.6227777777777778 0.859122401847575 0.34833333333333333 0.03002309468822171
3 0.34444444444444444 0.08775981524249422 0.025 0.023094688221709007
3 0.3811111111111111 0.08775981524249422 0.027777777777777776 0.023094688221709007
3 0.43 0.08775981524249422 0.05 0.023094688221709007
3 0.47444444444444445 0.08775981524249422 0.019444444444444445 0.023094688221709007
3 0.5066666666666667 0.08775981524249422 0.025 0.023094688221709007
3 0.54 0.08775981524249422 0.021666666666666667 0.023094688221709007
3 0.20722222222222222 0.6916859122401847 0.07222222222222222 0.020785219399538105
3 0.18 0.7817551963048499 0.018333333333333333 0.020785219399538105
3 0.185 0.8094688221709007 0.028333333333333332 0.020785219399538105
3 0.18388888888888888 0.8371824480369515 0.026111111111111113 0.020785219399538105
3 0.185 0.8648960739030023 0.028333333333333332 0.020785219399538105
3 0.17888888888888888 0.8926096997690531 0.015555555555555555 0.020785219399538105
3 0.18055555555555555 0.9203233256351039 0.01888888888888889 0.020785219399538105
3 0.25222222222222224 0.6916859122401847 0.012222222222222223 0.020785219399538105
3 0.2011111111111111 0.7817551963048499 0.016666666666666666 0.020785219399538105
3 0.21333333333333335 0.8094688221709007 0.022222222222222223 0.020785219399538105
3 0.2088888888888889 0.8371824480369515 0.017222222222222222 0.020785219399538105
3 0.2111111111111111 0.8648960739030023 0.017222222222222222 0.020785219399538105
3 0.19833333333333333 0.8926096997690531 0.017222222222222222 0.020785219399538105
3 0.2 0.9203233256351039 0.015 0.020785219399538105
3 0.2111111111111111 0.07043879907621248 0.06388888888888888 0.023094688221709007
3 0.20666666666666667 0.09237875288683603 0.06388888888888888 0.023094688221709007
3 0.20555555555555555 0.302540415704388 0.06944444444444445 0.023094688221709007
3 0.26611111111111113 0.302540415704388 0.03 0.023094688221709007