0 0.584375 0.02922077922077922 0.023958333333333335 0.04220779220779221
0 0.7296875 0.19913419913419914 0.058854166666666666 0.015151515151515152
0 0.6291666666666667 0.3430735930735931 0.033854166666666664 0.02813852813852814
1 0.7140625 0.030303030303030304 0.17708333333333334 0.04220779220779221
1 0.390625 0.3484848484848485 0.08333333333333333 0.17316017316017315
1 0.390625 0.566017316017316 0.08333333333333333 0.17316017316017315
1 0.390625 0.7835497835497836 0.08333333333333333 0.17316017316017315
1 0.22291666666666668 0.030303030303030304 0.06979166666666667 0.0367965367965368
2 0.440625 0.02922077922077922 0.31145833333333334 0.04220779220779221
2 0.44895833333333335 0.02922077922077922 0.007291666666666667 0.015151515151515152
3 0.5052083333333334 0.030303030303030304 0.13541666666666666 0.02813852813852814
3 0.6010416666666667 0.3430735930735931 0.01875 0.01948051948051948
3 0.5104166666666666 0.02922077922077922 0.11041666666666666 0.021645021645021644
3 0.5104166666666666 0.02922077922077922 0.11041666666666666 0.021645021645021644
3 0.25677083333333334 0.27164502164502163 0.14479166666666668 0.06493506493506493
3 0.6078125 0.275974025974026 0.3265625 0.02813852813852814
3 0.6078125 0.4935064935064935 0.3265625 0.02813852813852814
3 0.6078125 0.711038961038961 0.3265625 0.02813852813852814
3 0.6078125 0.9675324675324676 0.3265625 0.02813852813852814
3 0.346875 0.0854978354978355 0.0234375 0.021645021645021644
3 0.38125 0.0854978354978355 0.026041666666666668 0.021645021645021644
3 0.4270833333333333 0.0854978354978355 0.046875 0.021645021645021644
3 0.46875 0.0854978354978355 0.018229166666666668 0.021645021645021644
3 0.49895833333333334 0.0854978354978355 0.0234375 0.021645021645021644
3 0.5302083333333333 0.0854978354978355 0.0203125 0.021645021645021644
3 0.21822916666666667 0.4090909090909091 0.06770833333333333 0.01948051948051948
3 0.1953125 0.4935064935064935 0.021875 0.01948051948051948
3 0.20104166666666667 0.5194805194805194 0.03333333333333333 0.01948051948051948
3 0.21875 0.5454545454545454 0.06927083333333334 0.01948051948051948
3 0.19322916666666667 0.5714285714285714 0.017708333333333333 0.01948051948051948
3 0.19375 0.6558441558441559 0.01875 0.01948051948051948
3 0.20052083333333334 0.7402597402597403 0.03229166666666667 0.01948051948051948
3 0.20104166666666667 0.8246753246753247 0.033854166666666664 0.01948051948051948
3 0.19479166666666667 0.9090909090909091 0.020833333333333332 0.01948051948051948
3 0.19479166666666667 0.935064935064935 0.020833333333333332 0.01948051948051948
3 0.21197916666666666 0.961038961038961 0.05520833333333333 0.01948051948051948
3 0.2625 0.4090909090909091 0.015625 0.01948051948051948
3 0.2203125 0.4935064935064935 0.022395833333333334 0.01948051948051948
3 0.22916666666666666 0.5194805194805194 0.018229166666666668 0.01948051948051948
3 0.265625 0.5454545454545454 0.01875 0.01948051948051948
3 0.2125 0.5714285714285714 0.015625 0.01948051948051948
3 0.2125 0.6558441558441559 0.013541666666666667 0.01948051948051948
3 0.2265625 0.7402597402597403 0.0140625 0.01948051948051948
3 0.23125 0.8246753246753247 0.021354166666666667 0.01948051948051948
3 0.2203125 0.9090909090909091 0.024479166666666666 0.01948051948051948
3 0.21875 0.935064935064935 0.022395833333333334 0.01948051948051948
3 0.2484375 0.961038961038961 0.011979166666666667 0.01948051948051948
3 0.221875 0.06926406926406926 0.059895833333333336 0.021645021645021644
3 0.21770833333333334 0.08982683982683982 0.059895833333333336 0.021645021645021644
3 0.22291666666666668 0.1893939393939394 0.07708333333333334 0.021645021645021644
3 0.253125 0.2002164502164502 0.13802083333333334 0.04329004329004329