0 0.576775956284153 0.02040816326530612 0.025683060109289616 0.04081632653061224
0 0.23333333333333334 0.3299319727891156 0.01092896174863388 0.022675736961451247
0 0.7289617486338797 0.1870748299319728 0.06174863387978142 0.015873015873015872
0 0.8087431693989071 0.272108843537415 0.017486338797814208 0.036281179138321996
1 0.7128415300546448 0.020975056689342405 0.18633879781420765 0.04195011337868481
1 0.333879781420765 0.2732426303854875 0.030054644808743168 0.06235827664399093
1 0.4568306010928962 0.2732426303854875 0.030054644808743168 0.06235827664399093
1 0.5797814207650274 0.2732426303854875 0.030054644808743168 0.06235827664399093
1 0.7027322404371584 0.2732426303854875 0.030054644808743168 0.06235827664399093
1 0.373224043715847 0.445578231292517 0.08743169398907104 0.18140589569160998
1 0.373224043715847 0.673469387755102 0.08743169398907104 0.18140589569160998
1 0.373224043715847 0.9013605442176871 0.08743169398907104 0.18140589569160998
1 0.19726775956284154 0.01927437641723356 0.073224043715847 0.03854875283446712
2 0.42595628415300546 0.02040816326530612 0.3273224043715847 0.04081632653061224
2 0.46775956284153003 0.018140589569160998 0.007650273224043716 0.015873015873015872
3 0.5098360655737705 0.01927437641723356 0.1087431693989071 0.02947845804988662
3 0.6010928961748634 0.3922902494331066 0.34262295081967215 0.015873015873015872
3 0.6010928961748634 0.6201814058956916 0.34262295081967215 0.015873015873015872
3 0.6010928961748634 0.8480725623582767 0.34262295081967215 0.015873015873015872
3 0.4491803278688525 0.9410430839002267 0.03879781420765027 0.015873015873015872
3 0.5153005464480874 0.018140589569160998 0.0825136612021858 0.022675736961451247
3 0.5153005464480874 0.018140589569160998 0.0825136612021858 0.022675736961451247
3 0.23278688524590163 0.25510204081632654 0.15191256830601094 0.034013605442176874
3 0.6010928961748634 0.36961451247165533 0.34262295081967215 0.02947845804988662
3 0.6010928961748634 0.5975056689342404 0.34262295081967215 0.02947845804988662
3 0.6010928961748634 0.8253968253968254 0.34262295081967215 0.02947845804988662
3 0.38961748633879784 0.25963718820861675 0.07103825136612021 0.021541950113378686
3 0.512568306010929 0.25963718820861675 0.07103825136612021 0.021541950113378686
3 0.6355191256830601 0.25963718820861675 0.07103825136612021 0.021541950113378686
3 0.7584699453551913 0.25963718820861675 0.07103825136612021 0.021541950113378686
3 0.3273224043715847 0.07709750566893424 0.02459016393442623 0.022675736961451247
3 0.3633879781420765 0.07709750566893424 0.0273224043715847 0.022675736961451247
3 0.41147540983606556 0.07709750566893424 0.04918032786885246 0.022675736961451247
3 0.4551912568306011 0.07709750566893424 0.01912568306010929 0.022675736961451247
3 0.48688524590163934 0.07709750566893424 0.02459016393442623 0.022675736961451247
3 0.519672131147541 0.07709750566893424 0.021311475409836064 0.022675736961451247
3 0.16775956284153004 0.4410430839002268 0.022404371584699455 0.02040816326530612
3 0.17049180327868851 0.46825396825396826 0.027868852459016394 0.02040816326530612
3 0.16393442622950818 0.4954648526077097 0.014754098360655738 0.02040816326530612
3 0.1737704918032787 0.5226757369614512 0.033879781420765025 0.02040816326530612
3 0.16830601092896175 0.5498866213151927 0.022950819672131147 0.02040816326530612
3 0.17049180327868851 0.6383219954648526 0.027868852459016394 0.02040816326530612
3 0.1737704918032787 0.6655328798185941 0.033879781420765025 0.02040816326530612
3 0.16885245901639345 0.6927437641723356 0.024043715846994537 0.02040816326530612
3 0.17540983606557378 0.719954648526077 0.03715846994535519 0.02040816326530612
3 0.18743169398907103 0.7471655328798186 0.06120218579234973 0.02040816326530612
3 0.1644808743169399 0.7743764172335601 0.015846994535519125 0.02040816326530612
3 0.17431693989071037 0.8015873015873016 0.034972677595628415 0.02040816326530612
3 0.16393442622950818 0.828798185941043 0.014754098360655738 0.02040816326530612
3 0.16830601092896175 0.8560090702947846 0.022950819672131147 0.02040816326530612
3 0.16666666666666666 0.9444444444444444 0.019672131147540985 0.02040816326530612
3 0.18797814207650274 0.4410430839002268 0.012021857923497269 0.02040816326530612
3 0.1923497267759563 0.46825396825396826 0.010382513661202186 0.02040816326530612
3 0.17868852459016393 0.4954648526077097 0.00819672131147541 0.02040816326530612
3 0.19726775956284154 0.5226757369614512 0.007650273224043716 0.02040816326530612
3 0.18524590163934426 0.5498866213151927 0.006010928961748634 0.02040816326530612
3 0.1918032786885246 0.6383219954648526 0.00819672131147541 0.02040816326530612
3 0.19672131147540983 0.6655328798185941 0.007103825136612022 0.02040816326530612
3 0.18743169398907103 0.6927437641723356 0.00819672131147541 0.02040816326530612
3 0.2005464480874317 0.719954648526077 0.007650273224043716 0.02040816326530612
3 0.22513661202185792 0.7471655328798186 0.00819672131147541 0.02040816326530612
3 0.17868852459016393 0.7743764172335601 0.006010928961748634 0.02040816326530612
3 0.19726775956284154 0.8015873015873016 0.00546448087431694 0.02040816326530612
3 0.17759562841530055 0.828798185941043 0.006010928961748634 0.02040816326530612
3 0.18524590163934426 0.8560090702947846 0.00546448087431694 0.02040816326530612
3 0.1830601092896175 0.9444444444444444 0.00819672131147541 0.02040816326530612
3 0.19617486338797815 0.060090702947845805 0.06284153005464481 0.022675736961451247
3 0.1918032786885246 0.08163265306122448 0.06284153005464481 0.022675736961451247
3 0.19726775956284154 0.18594104308390022 0.08087431693989071 0.022675736961451247
3 0.22896174863387977 0.19727891156462585 0.1448087431693989 0.045351473922902494
3 0.23278688524590163 0.20861678004535147 0.08961748633879782 0.022675736961451247