0 0.24350282485875707 0.3028169014084507 0.011299435028248588 0.023474178403755867
0 0.7559322033898305 0.15492957746478872 0.06384180790960452 0.01643192488262911
0 0.8384180790960452 0.24295774647887325 0.01807909604519774 0.03755868544600939
1 0.3474576271186441 0.24413145539906103 0.031073446327683617 0.06455399061032864
1 0.4745762711864407 0.24413145539906103 0.031073446327683617 0.06455399061032864
1 0.6016949152542372 0.24413145539906103 0.031073446327683617 0.06455399061032864
1 0.7288135593220338 0.24413145539906103 0.031073446327683617 0.06455399061032864
1 0.38813559322033897 0.4225352112676056 0.0903954802259887 0.18779342723004694
1 0.38813559322033897 0.6584507042253521 0.0903954802259887 0.18779342723004694
1 0.38813559322033897 0.8943661971830986 0.0903954802259887 0.18779342723004694
3 0.6237288135593221 0.3673708920187793 0.35423728813559324 0.01643192488262911
3 0.6237288135593221 0.6032863849765259 0.35423728813559324 0.01643192488262911
3 0.6237288135593221 0.8392018779342723 0.35423728813559324 0.01643192488262911
3 0.4666666666666667 0.9354460093896714 0.04011299435028248 0.01643192488262911
3 0.24293785310734464 0.22535211267605634 0.15706214689265538 0.035211267605633804
3 0.6237288135593221 0.3438967136150235 0.35423728813559324 0.03051643192488263
3 0.6237288135593221 0.57981220657277 0.35423728813559324 0.03051643192488263
3 0.6237288135593221 0.8157276995305164 0.35423728813559324 0.03051643192488263
3 0.40508474576271186 0.2300469483568075 0.07344632768361582 0.022300469483568074
3 0.5322033898305085 0.2300469483568075 0.07344632768361582 0.022300469483568074
3 0.6593220338983051 0.2300469483568075 0.07344632768361582 0.022300469483568074
3 0.7864406779661017 0.2300469483568075 0.07344632768361582 0.022300469483568074
3 0.34067796610169493 0.04107981220657277 0.025423728813559324 0.023474178403755867
3 0.37796610169491524 0.04107981220657277 0.02824858757062147 0.023474178403755867
3 0.42768361581920905 0.04107981220657277 0.05084745762711865 0.023474178403755867
3 0.4728813559322034 0.04107981220657277 0.01977401129943503 0.023474178403755867
3 0.5056497175141242 0.04107981220657277 0.025423728813559324 0.023474178403755867
3 0.53954802259887 0.04107981220657277 0.022033898305084745 0.023474178403755867
3 0.17570621468926553 0.41784037558685444 0.023163841807909605 0.02112676056338028
3 0.17853107344632768 0.4460093896713615 0.0288135593220339 0.02112676056338028
3 0.17175141242937852 0.47417840375586856 0.015254237288135594 0.02112676056338028
3 0.18192090395480226 0.5023474178403756 0.03502824858757062 0.02112676056338028
3 0.17627118644067796 0.5305164319248826 0.023728813559322035 0.02112676056338028
3 0.17853107344632768 0.6220657276995305 0.0288135593220339 0.02112676056338028
3 0.18192090395480226 0.6502347417840375 0.03502824858757062 0.02112676056338028
3 0.1768361581920904 0.6784037558685446 0.024858757062146894 0.02112676056338028
3 0.18361581920903955 0.7065727699530516 0.0384180790960452 0.02112676056338028
3 0.196045197740113 0.7347417840375586 0.06327683615819209 0.02112676056338028
3 0.17231638418079095 0.7629107981220657 0.01638418079096045 0.02112676056338028
3 0.1824858757062147 0.7910798122065728 0.03615819209039548 0.02112676056338028
3 0.17175141242937852 0.8192488262910798 0.015254237288135594 0.02112676056338028
3 0.17627118644067796 0.8474178403755869 0.023728813559322035 0.02112676056338028
3 0.17457627118644067 0.9389671361502347 0.020338983050847456 0.02112676056338028
3 0.19661016949152543 0.41784037558685444 0.012429378531073447 0.02112676056338028
3 0.20112994350282487 0.4460093896713615 0.010734463276836158 0.02112676056338028
3 0.18700564971751413 0.47417840375586856 0.00847457627118644 0.02112676056338028
3 0.2062146892655367 0.5023474178403756 0.007909604519774011 0.02112676056338028
3 0.19378531073446328 0.5305164319248826 0.0062146892655367235 0.02112676056338028
3 0.20056497175141244 0.6220657276995305 0.00847457627118644 0.02112676056338028
3 0.20564971751412428 0.6502347417840375 0.007344632768361582 0.02112676056338028
3 0.196045197740113 0.6784037558685446 0.00847457627118644 0.02112676056338028
3 0.2096045197740113 0.7065727699530516 0.007909604519774011 0.02112676056338028
3 0.23502824858757063 0.7347417840375586 0.00847457627118644 0.02112676056338028
3 0.18700564971751413 0.7629107981220657 0.0062146892655367235 0.02112676056338028
3 0.2062146892655367 0.7910798122065728 0.005649717514124294 0.02112676056338028
3 0.18587570621468927 0.8192488262910798 0.0062146892655367235 0.02112676056338028
3 0.19378531073446328 0.8474178403755869 0.005649717514124294 0.02112676056338028
3 0.19152542372881357 0.9389671361502347 0.00847457627118644 0.02112676056338028
3 0.20508474576271185 0.023474178403755867 0.06497175141242938 0.023474178403755867
3 0.20056497175141244 0.045774647887323945 0.06497175141242938 0.023474178403755867
3 0.2062146892655367 0.15375586854460094 0.08361581920903954 0.023474178403755867
3 0.23898305084745763 0.16549295774647887 0.1497175141242938 0.046948356807511735
3 0.24293785310734464 0.1772300469483568 0.09265536723163842 0.023474178403755867