0 0.584375 0.02922077922077922 0.023958333333333335 0.04220779220779221
0 0.7296875 0.1634199134199134 0.058854166666666666 0.015151515151515152
1 0.7140625 0.030303030303030304 0.17708333333333334 0.04220779220779221
1 0.41041666666666665 0.3582251082251082 0.14791666666666667 0.30735930735930733
1 0.5666666666666667 0.3582251082251082 0.14791666666666667 0.30735930735930733
1 0.7229166666666667 0.3582251082251082 0.14791666666666667 0.30735930735930733
1 0.22291666666666668 0.030303030303030304 0.06979166666666667 0.0367965367965368
2 0.440625 0.02922077922077922 0.31145833333333334 0.04220779220779221
2 0.5114583333333333 0.02922077922077922 0.007291666666666667 0.015151515151515152
3 0.5364583333333334 0.030303030303030304 0.07291666666666667 0.02813852813852814
3 0.3765625 0.5844155844155844 0.059895833333333336 0.020562770562770564
3 0.5328125 0.5844155844155844 0.059895833333333336 0.020562770562770564
3 0.6890625 0.6277056277056277 0.059895833333333336 0.020562770562770564
3 0.5416666666666666 0.02922077922077922 0.04791666666666667 0.021645021645021644
3 0.5416666666666666 0.02922077922077922 0.04791666666666667 0.021645021645021644
3 0.25677083333333334 0.2196969696969697 0.14479166666666668 0.032467532467532464
3 0.41041666666666665 0.6179653679653679 0.12708333333333333 0.01948051948051948
3 0.5666666666666667 0.6277056277056277 0.12708333333333333 0.03896103896103896
3 0.7229166666666667 0.670995670995671 0.12708333333333333 0.03896103896103896
3 0.346875 0.0854978354978355 0.0234375 0.021645021645021644
3 0.38125 0.0854978354978355 0.026041666666666668 0.021645021645021644
3 0.4270833333333333 0.0854978354978355 0.046875 0.021645021645021644
3 0.46875 0.0854978354978355 0.018229166666666668 0.021645021645021644
3 0.49895833333333334 0.0854978354978355 0.0234375 0.021645021645021644
3 0.5302083333333333 0.0854978354978355 0.0203125 0.021645021645021644
3 0.21822916666666667 0.5075757575757576 0.06770833333333333 0.01948051948051948
3 0.190625 0.591991341991342 0.0125 0.01948051948051948
3 0.20677083333333332 0.6179653679653679 0.0453125 0.01948051948051948
3 0.19270833333333334 0.6439393939393939 0.0171875 0.01948051948051948
3 0.19791666666666666 0.6699134199134199 0.027083333333333334 0.01948051948051948
3 0.19739583333333333 0.6958874458874459 0.026041666666666668 0.01948051948051948
3 0.20520833333333333 0.7218614718614719 0.041666666666666664 0.01948051948051948
3 0.1953125 0.8062770562770563 0.022395833333333334 0.01948051948051948
3 0.1921875 0.8322510822510822 0.016145833333333335 0.01948051948051948
3 0.2015625 0.8582251082251082 0.034895833333333334 0.01948051948051948
3 0.19895833333333332 0.8841991341991342 0.0296875 0.01948051948051948
3 0.19270833333333334 0.9101731601731602 0.0171875 0.01948051948051948
3 0.196875 0.9361471861471862 0.025520833333333333 0.01948051948051948
3 0.19583333333333333 0.9621212121212122 0.022916666666666665 0.01948051948051948
3 0.2 0.9880952380952381 0.03177083333333333 0.01948051948051948
3 0.2598958333333333 0.5075757575757576 0.0109375 0.01948051948051948
3 0.21041666666666667 0.591991341991342 0.021875 0.01948051948051948
3 0.23854166666666668 0.6179653679653679 0.011458333333333333 0.01948051948051948
3 0.20833333333333334 0.6439393939393939 0.0078125 0.01948051948051948
3 0.21822916666666667 0.6699134199134199 0.007291666666666667 0.01948051948051948
3 0.215625 0.6958874458874459 0.005729166666666666 0.01948051948051948
3 0.23177083333333334 0.7218614718614719 0.005729166666666666 0.01948051948051948
3 0.21770833333333334 0.8062770562770563 0.016145833333333335 0.01948051948051948
3 0.209375 0.8322510822510822 0.013020833333333334 0.01948051948051948
3 0.22916666666666666 0.8582251082251082 0.0140625 0.01948051948051948
3 0.2234375 0.8841991341991342 0.0140625 0.01948051948051948
3 0.2109375 0.9101731601731602 0.0125 0.01948051948051948
3 0.21927083333333333 0.9361471861471862 0.0140625 0.01948051948051948
3 0.215625 0.9621212121212122 0.011458333333333333 0.01948051948051948
3 0.22447916666666667 0.9880952380952381 0.011458333333333333 0.01948051948051948
3 0.221875 0.06926406926406926 0.059895833333333336 0.021645021645021644
3 0.21770833333333334 0.08982683982683982 0.059895833333333336 0.021645021645021644
3 0.23177083333333334 0.15367965367965367 0.09479166666666666 0.021645021645021644
3 0.3015625 0.15367965367965367 0.026041666666666668 0.021645021645021644
3 0.1953125 0.17532467532467533 0.022395833333333334 0.021645021645021644