0 0.8020713463751439 0.08133971291866028 0.06501726121979287 0.01674641148325359
1 0.44936708860759494 0.2966507177033493 0.16340621403912542 0.3397129186602871
1 0.6219792865362486 0.2966507177033493 0.16340621403912542 0.3397129186602871
1 0.7945914844649021 0.2966507177033493 0.16340621403912542 0.3397129186602871
3 0.41196777905638665 0.5466507177033493 0.0661680092059839 0.022727272727272728
3 0.5845799769850403 0.5466507177033493 0.0661680092059839 0.022727272727272728
3 0.757192174913694 0.5944976076555024 0.0661680092059839 0.022727272727272728
3 0.27963176064441886 0.14354066985645933 0.15995397008055237 0.03588516746411483
3 0.44936708860759494 0.583732057416268 0.14039125431530494 0.0215311004784689
3 0.6219792865362486 0.5944976076555024 0.14039125431530494 0.0430622009569378
3 0.7945914844649021 0.6423444976076556 0.14039125431530494 0.0430622009569378
3 0.37917146144994246 0.004186602870813397 0.026467203682393557 0.008373205741626795
3 0.41743383199079404 0.004186602870813397 0.029344073647871116 0.008373205741626795
3 0.4680667433831991 0.004186602870813397 0.0523590333716916 0.008373205741626795
3 0.5138089758342923 0.004186602870813397 0.020713463751438434 0.008373205741626795
3 0.547180667433832 0.004186602870813397 0.026467203682393557 0.008373205741626795
3 0.5817031070195627 0.004186602870813397 0.023014959723820484 0.008373205741626795
3 0.23705408515535098 0.46172248803827753 0.07479861910241657 0.0215311004784689
3 0.20655926352128884 0.5550239234449761 0.01380897583429229 0.0215311004784689
3 0.2243958573072497 0.583732057416268 0.05005753739930955 0.0215311004784689
3 0.2088607594936709 0.6124401913875598 0.0189873417721519 0.0215311004784689
3 0.21461449942462602 0.6411483253588517 0.02991944764096663 0.0215311004784689
3 0.2140391254315305 0.6698564593301436 0.028768699654775604 0.0215311004784689
3 0.22266973532796316 0.6985645933014354 0.04602991944764097 0.0215311004784689
3 0.21173762945914845 0.7918660287081339 0.02474108170310702 0.0215311004784689
3 0.20828538550057538 0.8205741626794258 0.017836593785960874 0.0215311004784689
3 0.2186421173762946 0.8492822966507177 0.03855005753739931 0.0215311004784689
3 0.21576524741081704 0.8779904306220095 0.03279631760644419 0.0215311004784689
3 0.2088607594936709 0.9066985645933014 0.0189873417721519 0.0215311004784689
3 0.213463751438435 0.9354066985645934 0.02819332566168009 0.0215311004784689
3 0.21231300345224396 0.9641148325358851 0.02531645569620253 0.0215311004784689
3 0.21691599539700807 0.9904306220095693 0.03567318757192175 0.01674641148325359
3 0.28308400460299193 0.46172248803827753 0.012082853855005753 0.0215311004784689
3 0.2284234752589183 0.5550239234449761 0.024165707710011506 0.0215311004784689
3 0.25949367088607594 0.583732057416268 0.012658227848101266 0.0215311004784689
3 0.22612197928653624 0.6124401913875598 0.00863060989643268 0.0215311004784689
3 0.23705408515535098 0.6411483253588517 0.00805523590333717 0.0215311004784689
3 0.23417721518987342 0.6698564593301436 0.006329113924050633 0.0215311004784689
3 0.2520138089758343 0.6985645933014354 0.006329113924050633 0.0215311004784689
3 0.23647871116225547 0.7918660287081339 0.017836593785960874 0.0215311004784689
3 0.22727272727272727 0.8205741626794258 0.014384349827387802 0.0215311004784689
3 0.24913693901035674 0.8492822966507177 0.015535097813578827 0.0215311004784689
3 0.2428078250863061 0.8779904306220095 0.015535097813578827 0.0215311004784689
3 0.2289988492520138 0.9066985645933014 0.01380897583429229 0.0215311004784689
3 0.238204833141542 0.9354066985645934 0.015535097813578827 0.0215311004784689
3 0.23417721518987342 0.9641148325358851 0.012658227848101266 0.0215311004784689
3 0.24424626006904487 0.9904306220095693 0.013233601841196778 0.01674641148325359
3 0.23647871116225547 0.006578947368421052 0.0667433831990794 0.013157894736842105
3 0.2520138089758343 0.07057416267942583 0.1047180667433832 0.023923444976076555
3 0.3291139240506329 0.07057416267942583 0.028768699654775604 0.023923444976076555
3 0.21173762945914845 0.09449760765550239 0.02474108170310702 0.023923444976076555