0 0.5710810810810811 0.021860986547085202 0.025405405405405406 0.043721973094170405
0 0.1745945945945946 0.29260089686098656 0.010810810810810811 0.02242152466367713
0 0.7216216216216216 0.16031390134529147 0.06108108108108108 0.01569506726457399
0 0.4486486486486487 0.24103139013452915 0.01945945945945946 0.04035874439461883
1 0.7054054054054054 0.02242152466367713 0.1837837837837838 0.043721973094170405
1 0.3902702702702703 0.36210762331838564 0.1535135135135135 0.3183856502242152
1 0.5524324324324325 0.36210762331838564 0.1535135135135135 0.3183856502242152
1 0.7145945945945946 0.36210762331838564 0.1535135135135135 0.3183856502242152
1 0.19567567567567568 0.02242152466367713 0.07243243243243243 0.03811659192825112
2 0.4218918918918919 0.021860986547085202 0.3237837837837838 0.043721973094170405
2 0.47945945945945945 0.021300448430493273 0.0075675675675675675 0.01569506726457399
3 0.512972972972973 0.02242152466367713 0.09135135135135135 0.02914798206278027
3 0.3551351351351351 0.5964125560538116 0.062162162162162166 0.021300448430493273
3 0.5524324324324325 0.6356502242152466 0.1318918918918919 0.014573991031390135
3 0.6675675675675675 0.6132286995515696 0.038378378378378375 0.01569506726457399
3 0.5183783783783784 0.021300448430493273 0.0654054054054054 0.02242152466367713
3 0.5183783783783784 0.021300448430493273 0.0654054054054054 0.02242152466367713
3 0.2308108108108108 0.218609865470852 0.15027027027027026 0.033632286995515695
3 0.3902702702702703 0.6412556053811659 0.1318918918918919 0.04035874439461883
3 0.5524324324324325 0.6065022421524664 0.1318918918918919 0.04035874439461883
3 0.7145945945945946 0.6547085201793722 0.1318918918918919 0.04035874439461883
3 0.32432432432432434 0.0795964125560538 0.024324324324324326 0.02242152466367713
3 0.36 0.0795964125560538 0.02702702702702703 0.02242152466367713
3 0.40756756756756757 0.0795964125560538 0.04864864864864865 0.02242152466367713
3 0.4508108108108108 0.0795964125560538 0.01891891891891892 0.02242152466367713
3 0.4821621621621622 0.0795964125560538 0.024324324324324326 0.02242152466367713
3 0.5145945945945946 0.0795964125560538 0.02108108108108108 0.02242152466367713
3 0.1908108108108108 0.5751121076233184 0.07027027027027027 0.020179372197309416
3 0.16324324324324324 0.6625560538116592 0.015675675675675675 0.020179372197309416
3 0.1643243243243243 0.6894618834080718 0.017297297297297298 0.020179372197309416
3 0.17081081081081081 0.7163677130044843 0.030810810810810812 0.020179372197309416
3 0.16594594594594594 0.7432735426008968 0.02054054054054054 0.020179372197309416
3 0.17027027027027028 0.7701793721973094 0.02972972972972973 0.020179372197309416
3 0.17189189189189188 0.797085201793722 0.032432432432432434 0.020179372197309416
3 0.17027027027027028 0.8845291479820628 0.02918918918918919 0.020179372197309416
3 0.1654054054054054 0.9719730941704036 0.01945945945945946 0.020179372197309416
3 0.23189189189189188 0.5751121076233184 0.007027027027027027 0.020179372197309416
3 0.17945945945945946 0.6625560538116592 0.011351351351351352 0.020179372197309416
3 0.17945945945945946 0.6894618834080718 0.008108108108108109 0.020179372197309416
3 0.19243243243243244 0.7163677130044843 0.007027027027027027 0.020179372197309416
3 0.18324324324324323 0.7432735426008968 0.008108108108108109 0.020179372197309416
3 0.19135135135135134 0.7701793721973094 0.005945945945945946 0.020179372197309416
3 0.19405405405405404 0.797085201793722 0.005945945945945946 0.020179372197309416
3 0.19405405405405404 0.8845291479820628 0.011891891891891892 0.020179372197309416
3 0.18324324324324323 0.9719730941704036 0.011351351351351352 0.020179372197309416
3 0.1945945945945946 0.06278026905829596 0.062162162162162166 0.02242152466367713
3 0.19027027027027027 0.08408071748878924 0.062162162162162166 0.02242152466367713
3 0.20486486486486485 0.15022421524663676 0.09837837837837837 0.02242152466367713
3 0.2772972972972973 0.15022421524663676 0.02702702702702703 0.02242152466367713
3 0.17513513513513512 0.1726457399103139 0.03891891891891892 0.02242152466367713