0 0.5827225130890052 0.029347826086956522 0.024083769633507852 0.042391304347826085
0 0.19895287958115182 0.29239130434782606 0.010471204188481676 0.021739130434782608
0 0.7287958115183246 0.1641304347826087 0.059162303664921465 0.015217391304347827
0 0.4643979057591623 0.24239130434782608 0.018848167539267015 0.0391304347826087
1 0.7130890052356021 0.030434782608695653 0.17801047120418848 0.042391304347826085
1 0.40785340314136126 0.35978260869565215 0.1486910994764398 0.30869565217391304
1 0.5649214659685864 0.35978260869565215 0.1486910994764398 0.30869565217391304
1 0.7219895287958115 0.35978260869565215 0.1486910994764398 0.30869565217391304
1 0.2193717277486911 0.030434782608695653 0.07015706806282722 0.03695652173913044
2 0.4382198952879581 0.029347826086956522 0.31308900523560207 0.042391304347826085
2 0.4942408376963351 0.029347826086956522 0.007329842931937173 0.015217391304347827
3 0.5267015706806283 0.030434782608695653 0.08848167539267016 0.02826086956521739
3 0.3738219895287958 0.5869565217391305 0.060209424083769635 0.020652173913043477
3 0.5649214659685864 0.625 0.12774869109947645 0.014130434782608696
3 0.6764397905759162 0.6032608695652174 0.03717277486910995 0.015217391304347827
3 0.5319371727748691 0.029347826086956522 0.06335078534031413 0.021739130434782608
3 0.5319371727748691 0.029347826086956522 0.06335078534031413 0.021739130434782608
3 0.2534031413612565 0.22065217391304348 0.14554973821989528 0.03260869565217391
3 0.40785340314136126 0.6304347826086957 0.12774869109947645 0.0391304347826087
3 0.5649214659685864 0.5967391304347827 0.12774869109947645 0.0391304347826087
3 0.7219895287958115 0.6434782608695652 0.12774869109947645 0.0391304347826087
3 0.34397905759162306 0.08586956521739131 0.02356020942408377 0.021739130434782608
3 0.3785340314136126 0.08586956521739131 0.02617801047120419 0.021739130434782608
3 0.4246073298429319 0.08586956521739131 0.04712041884816754 0.021739130434782608
3 0.4664921465968586 0.08586956521739131 0.01832460732984293 0.021739130434782608
3 0.4968586387434555 0.08586956521739131 0.02356020942408377 0.021739130434782608
3 0.5282722513089005 0.08586956521739131 0.020418848167539267 0.021739130434782608
3 0.21465968586387435 0.566304347826087 0.06806282722513089 0.01956521739130435
3 0.18795811518324607 0.6510869565217391 0.015183246073298429 0.01956521739130435
3 0.18900523560209423 0.6771739130434783 0.016753926701570682 0.01956521739130435
3 0.19528795811518324 0.7032608695652174 0.029842931937172777 0.01956521739130435
3 0.1905759162303665 0.7293478260869565 0.019895287958115182 0.01956521739130435
3 0.19476439790575917 0.7554347826086957 0.028795811518324606 0.01956521739130435
3 0.19633507853403143 0.7815217391304348 0.031413612565445025 0.01956521739130435
3 0.19476439790575917 0.866304347826087 0.028272251308900525 0.01956521739130435
3 0.19005235602094242 0.9510869565217391 0.018848167539267015 0.01956521739130435
3 0.2544502617801047 0.566304347826087 0.006806282722513089 0.01956521739130435
3 0.2036649214659686 0.6510869565217391 0.01099476439790576 0.01956521739130435
3 0.2036649214659686 0.6771739130434783 0.007853403141361256 0.01956521739130435
3 0.2162303664921466 0.7032608695652174 0.006806282722513089 0.01956521739130435
3 0.20732984293193718 0.7293478260869565 0.007853403141361256 0.01956521739130435
3 0.21518324607329842 0.7554347826086957 0.005759162303664921 0.01956521739130435
3 0.21780104712041884 0.7815217391304348 0.005759162303664921 0.01956521739130435
3 0.21780104712041884 0.866304347826087 0.011518324607329843 0.01956521739130435
3 0.20732984293193718 0.9510869565217391 0.01099476439790576 0.01956521739130435
3 0.21832460732984293 0.06956521739130435 0.060209424083769635 0.021739130434782608
3 0.21413612565445025 0.09021739130434783 0.060209424083769635 0.021739130434782608
3 0.22827225130890053 0.15434782608695652 0.09528795811518324 0.021739130434782608
3 0.29842931937172773 0.15434782608695652 0.02617801047120419 0.021739130434782608
3 0.19947643979057592 0.17608695652173914 0.03769633507853403 0.021739130434782608