0 0.5788359788359788 0.026373626373626374 0.02433862433862434 0.04285714285714286
0 0.20846560846560847 0.3252747252747253 0.010582010582010581 0.02197802197802198
0 0.25925925925925924 0.3252747252747253 0.010582010582010581 0.02197802197802198
0 0.2571428571428571 0.8 0.012698412698412698 0.026373626373626374
0 0.7264550264550265 0.15384615384615385 0.059788359788359786 0.015384615384615385
0 0.617989417989418 0.3626373626373626 0.01904761904761905 0.03956043956043956
1 0.7105820105820105 0.027472527472527472 0.17989417989417988 0.04285714285714286
1 0.3529100529100529 0.24945054945054945 0.0455026455026455 0.0945054945054945
1 0.4126984126984127 0.24945054945054945 0.0455026455026455 0.0945054945054945
1 0.47195767195767196 0.24945054945054945 0.0455026455026455 0.0945054945054945
1 0.5317460317460317 0.24945054945054945 0.0455026455026455 0.0945054945054945
1 0.591005291005291 0.24945054945054945 0.0455026455026455 0.0945054945054945
1 0.6507936507936508 0.24945054945054945 0.0455026455026455 0.0945054945054945
1 0.71005291005291 0.24945054945054945 0.0455026455026455 0.0945054945054945
1 0.7698412698412699 0.24945054945054945 0.0455026455026455 0.0945054945054945
1 0.4021164021164021 0.48131868131868133 0.15026455026455027 0.3120879120879121
1 0.5608465608465608 0.48131868131868133 0.15026455026455027 0.3120879120879121
1 0.7195767195767195 0.48131868131868133 0.15026455026455027 0.3120879120879121
1 0.21164021164021163 0.027472527472527472 0.07089947089947089 0.03736263736263736
2 0.4328042328042328 0.026373626373626374 0.3164021164021164 0.04285714285714286
2 0.5037037037037037 0.026373626373626374 0.007407407407407408 0.015384615384615385
2 0.18835978835978837 0.7978021978021979 0.0328042328042328 0.027472527472527472
2 0.2306878306878307 0.7978021978021979 0.0328042328042328 0.027472527472527472
3 0.5296296296296297 0.027472527472527472 0.07513227513227513 0.02857142857142857
3 0.36772486772486773 0.7549450549450549 0.06084656084656084 0.020879120879120878
3 0.5444444444444444 0.7307692307692307 0.0962962962962963 0.020879120879120878
3 0.5608465608465608 0.7835164835164835 0.1291005291005291 0.014285714285714285
3 0.6735449735449736 0.7087912087912088 0.03756613756613757 0.015384615384615385
3 0.5349206349206349 0.026373626373626374 0.04973544973544974 0.02197802197802198
3 0.18835978835978837 0.8 0.031746031746031744 0.03406593406593406
3 0.2306878306878307 0.8 0.031746031746031744 0.03406593406593406
3 0.5349206349206349 0.026373626373626374 0.04973544973544974 0.02197802197802198
3 0.18835978835978837 0.8 0.031746031746031744 0.03406593406593406
3 0.2306878306878307 0.8 0.031746031746031744 0.03406593406593406
3 0.24603174603174602 0.23626373626373626 0.14708994708994708 0.06593406593406594
3 0.4021164021164021 0.798901098901099 0.1291005291005291 0.03956043956043956
3 0.5608465608465608 0.7648351648351648 0.1291005291005291 0.01978021978021978
3 0.7195767195767195 0.7494505494505495 0.1291005291005291 0.03956043956043956
3 0.33756613756613757 0.08351648351648351 0.023809523809523808 0.02197802197802198
3 0.3724867724867725 0.08351648351648351 0.026455026455026454 0.02197802197802198
3 0.41904761904761906 0.08351648351648351 0.047619047619047616 0.02197802197802198
3 0.4613756613756614 0.08351648351648351 0.018518518518518517 0.02197802197802198
3 0.49206349206349204 0.08351648351648351 0.023809523809523808 0.02197802197802198
3 0.5238095238095238 0.08351648351648351 0.020634920634920634 0.02197802197802198
3 0.20687830687830688 0.6021978021978022 0.06878306878306878 0.01978021978021978
3 0.20052910052910053 0.6879120879120879 0.056084656084656084 0.01978021978021978
3 0.19894179894179895 0.7142857142857143 0.05343915343915344 0.01978021978021978
3 0.2 0.7406593406593407 0.05555555555555555 0.01978021978021978
3 0.19682539682539682 0.7670329670329671 0.049206349206349205 0.01978021978021978
3 0.1962962962962963 0.8923076923076924 0.04814814814814815 0.01978021978021978
3 0.1873015873015873 0.9186813186813186 0.03015873015873016 0.01978021978021978
3 0.18783068783068782 0.945054945054945 0.031216931216931216 0.01978021978021978
3 0.19047619047619047 0.9714285714285714 0.03597883597883598 0.01978021978021978
3 0.24867724867724866 0.6021978021978022 0.010052910052910053 0.01978021978021978
3 0.23703703703703705 0.6879120879120879 0.01164021164021164 0.01978021978021978
3 0.2343915343915344 0.7142857142857143 0.01164021164021164 0.01978021978021978
3 0.2365079365079365 0.7406593406593407 0.01164021164021164 0.01978021978021978
3 0.23174603174603176 0.7670329670329671 0.013756613756613757 0.01978021978021978
3 0.2306878306878307 0.8923076923076924 0.013756613756613757 0.01978021978021978
3 0.21164021164021163 0.9186813186813186 0.01216931216931217 0.01978021978021978
3 0.21216931216931217 0.945054945054945 0.01164021164021164 0.01978021978021978
3 0.21746031746031746 0.9714285714285714 0.01164021164021164 0.01978021978021978
3 0.2105820105820106 0.06703296703296703 0.06084656084656084 0.02197802197802198
3 0.20634920634920634 0.08791208791208792 0.06084656084656084 0.02197802197802198
3 0.22063492063492063 0.15274725274725276 0.0962962962962963 0.02197802197802198
3 0.29153439153439153 0.15274725274725276 0.026455026455026454 0.02197802197802198
3 0.18412698412698414 0.17472527472527472 0.023809523809523808 0.02197802197802198