0 0.5942934782608695 0.019187358916478554 0.025543478260869567 0.03837471783295711
0 0.21358695652173912 0.3227990970654628 0.010869565217391304 0.022573363431151242
0 0.2657608695652174 0.3227990970654628 0.010869565217391304 0.022573363431151242
0 0.26358695652173914 0.8103837471783296 0.013043478260869565 0.02708803611738149
0 0.7456521739130435 0.14672686230248308 0.06141304347826087 0.01580135440180587
0 0.6342391304347826 0.3611738148984199 0.01956521739130435 0.040632054176072234
1 0.7296195652173914 0.019751693002257337 0.18532608695652175 0.039503386004514675
1 0.36195652173913045 0.24492099322799096 0.04673913043478261 0.09706546275395034
1 0.42336956521739133 0.24492099322799096 0.04673913043478261 0.09706546275395034
1 0.4842391304347826 0.24492099322799096 0.04673913043478261 0.09706546275395034
1 0.5456521739130434 0.24492099322799096 0.04673913043478261 0.09706546275395034
1 0.6065217391304348 0.24492099322799096 0.04673913043478261 0.09706546275395034
1 0.6679347826086957 0.24492099322799096 0.04673913043478261 0.09706546275395034
1 0.7288043478260869 0.24492099322799096 0.04673913043478261 0.09706546275395034
1 0.7902173913043479 0.24492099322799096 0.04673913043478261 0.09706546275395034
1 0.4125 0.48306997742663654 0.15434782608695652 0.32054176072234764
1 0.5755434782608696 0.48306997742663654 0.15434782608695652 0.32054176072234764
1 0.7385869565217391 0.48306997742663654 0.15434782608695652 0.32054176072234764
1 0.2171195652173913 0.018623024830699775 0.07336956521739131 0.03724604966139955
2 0.44429347826086957 0.019187358916478554 0.32554347826086955 0.03837471783295711
2 0.5168478260869566 0.01580135440180587 0.007608695652173913 0.01580135440180587
2 0.19293478260869565 0.8081264108352144 0.03369565217391304 0.028216704288939052
2 0.23641304347826086 0.8081264108352144 0.03369565217391304 0.028216704288939052
3 0.5434782608695652 0.016930022573363433 0.07717391304347826 0.029345372460496615
3 0.37717391304347825 0.7641083521444695 0.0625 0.02144469525959368
3 0.558695652173913 0.7392776523702032 0.09891304347826087 0.02144469525959368
3 0.5755434782608696 0.7934537246049661 0.13260869565217392 0.014672686230248307
3 0.691304347826087 0.7167042889390519 0.03858695652173913 0.01580135440180587
3 0.5489130434782609 0.01580135440180587 0.051086956521739134 0.022573363431151242
3 0.19293478260869565 0.8103837471783296 0.03260869565217391 0.034988713318284424
3 0.23641304347826086 0.8103837471783296 0.03260869565217391 0.034988713318284424
3 0.5489130434782609 0.01580135440180587 0.051086956521739134 0.022573363431151242
3 0.19293478260869565 0.8103837471783296 0.03260869565217391 0.034988713318284424
3 0.23641304347826086 0.8103837471783296 0.03260869565217391 0.034988713318284424
3 0.25217391304347825 0.23137697516930023 0.15108695652173912 0.06772009029345373
3 0.4125 0.809255079006772 0.13260869565217392 0.040632054176072234
3 0.5755434782608696 0.7742663656884876 0.13260869565217392 0.020316027088036117
3 0.7385869565217391 0.7584650112866818 0.13260869565217392 0.040632054176072234
3 0.34619565217391307 0.0744920993227991 0.024456521739130436 0.022573363431151242
3 0.38206521739130433 0.0744920993227991 0.02717391304347826 0.022573363431151242
3 0.4298913043478261 0.0744920993227991 0.04891304347826087 0.022573363431151242
3 0.4733695652173913 0.0744920993227991 0.019021739130434784 0.022573363431151242
3 0.5048913043478261 0.0744920993227991 0.024456521739130436 0.022573363431151242
3 0.5375 0.0744920993227991 0.021195652173913043 0.022573363431151242
3 0.21195652173913043 0.6072234762979684 0.07065217391304347 0.020316027088036117
3 0.20543478260869566 0.6952595936794582 0.057608695652173914 0.020316027088036117
3 0.20380434782608695 0.7223476297968398 0.05489130434782609 0.020316027088036117
3 0.2048913043478261 0.7494356659142212 0.057065217391304345 0.020316027088036117
3 0.2016304347826087 0.7765237020316027 0.050543478260869565 0.020316027088036117
3 0.20108695652173914 0.9051918735891648 0.049456521739130434 0.020316027088036117
3 0.19184782608695652 0.9322799097065463 0.03097826086956522 0.020316027088036117
3 0.1923913043478261 0.9593679458239278 0.03206521739130435 0.020316027088036117
3 0.19510869565217392 0.9864559819413092 0.03695652173913044 0.020316027088036117
3 0.2548913043478261 0.6072234762979684 0.010326086956521738 0.020316027088036117
3 0.24293478260869567 0.6952595936794582 0.011956521739130435 0.020316027088036117
3 0.24021739130434783 0.7223476297968398 0.011956521739130435 0.020316027088036117
3 0.24239130434782608 0.7494356659142212 0.011956521739130435 0.020316027088036117
3 0.2375 0.7765237020316027 0.014130434782608696 0.020316027088036117
3 0.23641304347826086 0.9051918735891648 0.014130434782608696 0.020316027088036117
3 0.21684782608695652 0.9322799097065463 0.0125 0.020316027088036117
3 0.21739130434782608 0.9593679458239278 0.011956521739130435 0.020316027088036117
3 0.22282608695652173 0.9864559819413092 0.011956521739130435 0.020316027088036117
3 0.2157608695652174 0.05756207674943566 0.0625 0.022573363431151242
3 0.21141304347826087 0.07900677200902935 0.0625 0.022573363431151242
3 0.22608695652173913 0.1455981941309255 0.09891304347826087 0.022573363431151242
3 0.29891304347826086 0.1455981941309255 0.02717391304347826 0.022573363431151242
3 0.18858695652173912 0.16817155756207675 0.024456521739130436 0.022573363431151242