0 0.5676630434782609 0.02200902934537246 0.025543478260869567 0.04401805869074492
0 0.6951086956521739 0.5248306997742663 0.13260869565217392 0.05417607223476298
0 0.7032608695652174 0.6015801354401806 0.14945652173913043 0.05417607223476298
1 0.7027173913043478 0.022573363431151242 0.18478260869565216 0.04401805869074492
1 0.175 0.24943566591422123 0.02391304347826087 0.04966139954853273
1 0.3 0.5304740406320542 0.20543478260869566 0.5282167042889391
1 0.175 0.31715575620767494 0.02391304347826087 0.04966139954853273
1 0.175 0.38487584650112866 0.02391304347826087 0.04966139954853273
1 0.19021739130434784 0.022573363431151242 0.07282608695652174 0.03837471783295711
2 0.4176630434782609 0.02200902934537246 0.32554347826086955 0.04401805869074492
3 0.4559782608695652 0.5033860045146726 0.07880434782608696 0.020316027088036117
3 0.48641304347826086 0.5857787810383747 0.13967391304347826 0.020316027088036117
3 0.5092391304347826 0.8115124153498872 0.18532608695652175 0.020316027088036117
3 0.6782608695652174 0.40857787810383744 0.09945652173913043 0.01580135440180587
3 0.6782608695652174 0.43115124153498874 0.09945652173913043 0.01580135440180587
3 0.6847826086956522 0.9853273137697517 0.07989130434782608 0.020316027088036117
3 0.175 0.26749435665914223 0.02717391304347826 0.024830699774266364
3 0.175 0.33521444695259595 0.02717391304347826 0.024830699774266364
3 0.175 0.40293453724604966 0.02717391304347826 0.024830699774266364
3 0.175 0.26749435665914223 0.02717391304347826 0.024830699774266364
3 0.175 0.33521444695259595 0.02717391304347826 0.024830699774266364
3 0.175 0.40293453724604966 0.02717391304347826 0.024830699774266364
3 0.5054347826086957 0.3227990970654628 0.17717391304347826 0.08465011286681716
3 0.7114130434782608 0.28442437923250563 0.1331521739130435 0.022573363431151242
3 0.7114130434782608 0.30699774266365687 0.1331521739130435 0.019187358916478554
3 0.7103260869565218 0.6862302483069977 0.13532608695652174 0.060948081264108354
3 0.7103260869565218 0.7471783295711061 0.13532608695652174 0.020316027088036117
3 0.7103260869565218 0.7889390519187359 0.13532608695652174 0.020316027088036117
3 0.6782608695652174 0.3871331828442438 0.09945652173913043 0.01805869074492099
3 0.7032608695652174 0.47742663656884876 0.14945652173913043 0.022573363431151242
3 0.7032608695652174 0.9085778781038375 0.14945652173913043 0.024830699774266364
3 0.6847826086956522 0.963882618510158 0.07989130434782608 0.022573363431151242
3 0.31956521739130433 0.08013544018058691 0.024456521739130436 0.022573363431151242
3 0.35543478260869565 0.08013544018058691 0.02717391304347826 0.022573363431151242
3 0.4032608695652174 0.08013544018058691 0.04891304347826087 0.022573363431151242
3 0.4467391304347826 0.08013544018058691 0.019021739130434784 0.022573363431151242
3 0.4782608695652174 0.08013544018058691 0.024456521739130436 0.022573363431151242
3 0.5108695652173914 0.08013544018058691 0.021195652173913043 0.022573363431151242
3 0.1891304347826087 0.06320541760722348 0.0625 0.022573363431151242
3 0.18478260869565216 0.08465011286681716 0.0625 0.022573363431151242
3 0.2684782608695652 0.17945823927765236 0.09891304347826087 0.01580135440180587
3 0.34130434782608693 0.17945823927765236 0.02717391304347826 0.01580135440180587
3 0.37771739130434784 0.17945823927765236 0.026630434782608695 0.01580135440180587
3 0.4141304347826087 0.17945823927765236 0.02608695652173913 0.01580135440180587
3 0.4548913043478261 0.17945823927765236 0.03641304347826087 0.01580135440180587