0 0.584375 0.02918918918918919 0.023958333333333335 0.04216216216216216
0 0.22708333333333333 0.2691891891891892 0.010416666666666666 0.021621621621621623
0 0.26979166666666665 0.2691891891891892 0.010416666666666666 0.021621621621621623
0 0.7296875 0.1545945945945946 0.058854166666666666 0.015135135135135135
0 0.7947916666666667 0.34162162162162163 0.01875 0.03891891891891892
1 0.7140625 0.03027027027027027 0.17708333333333334 0.04216216216216216
1 0.475 0.30594594594594593 0.05625 0.14270270270270272
1 0.47291666666666665 0.2843243243243243 0.07604166666666666 0.15783783783783784
1 0.5666666666666667 0.2843243243243243 0.07604166666666666 0.15783783783783784
1 0.6604166666666667 0.2843243243243243 0.07604166666666666 0.15783783783783784
1 0.7541666666666667 0.2843243243243243 0.07604166666666666 0.15783783783783784
1 0.41041666666666665 0.6637837837837838 0.14791666666666667 0.307027027027027
1 0.5666666666666667 0.6637837837837838 0.14791666666666667 0.307027027027027
1 0.7229166666666667 0.6637837837837838 0.14791666666666667 0.307027027027027
1 0.22291666666666668 0.03027027027027027 0.06979166666666667 0.036756756756756756
2 0.440625 0.02918918918918919 0.31145833333333334 0.04216216216216216
2 0.5083333333333333 0.02918918918918919 0.007291666666666667 0.015135135135135135
3 0.5348958333333333 0.03027027027027027 0.07604166666666666 0.02810810810810811
3 0.3958333333333333 0.2594594594594595 0.09375 0.05837837837837838
3 0.3958333333333333 0.33837837837837836 0.09375 0.06486486486486487
3 0.42604166666666665 0.43027027027027026 0.17916666666666667 0.04756756756756757
3 0.47291666666666665 0.43675675675675674 0.07291666666666667 0.03027027027027027
3 0.5666666666666667 0.43675675675675674 0.07291666666666667 0.03027027027027027
3 0.6604166666666667 0.43675675675675674 0.07291666666666667 0.03027027027027027
3 0.7541666666666667 0.43675675675675674 0.07291666666666667 0.03027027027027027
3 0.5401041666666667 0.02918918918918919 0.051041666666666666 0.021621621621621623
3 0.5401041666666667 0.02918918918918919 0.051041666666666666 0.021621621621621623
3 0.25677083333333334 0.19783783783783784 0.14479166666666668 0.032432432432432434
3 0.41041666666666665 0.9427027027027027 0.12708333333333333 0.03891891891891892
3 0.5666666666666667 0.8994594594594595 0.12708333333333333 0.03891891891891892
3 0.7229166666666667 0.918918918918919 0.12708333333333333 0.03891891891891892
3 0.346875 0.08540540540540541 0.0234375 0.021621621621621623
3 0.38125 0.08540540540540541 0.026041666666666668 0.021621621621621623
3 0.4270833333333333 0.08540540540540541 0.046875 0.021621621621621623
3 0.46875 0.08540540540540541 0.018229166666666668 0.021621621621621623
3 0.49895833333333334 0.08540540540540541 0.0234375 0.021621621621621623
3 0.5302083333333333 0.08540540540540541 0.0203125 0.021621621621621623
3 0.21822916666666667 0.37513513513513513 0.06770833333333333 0.01945945945945946
3 0.196875 0.4594594594594595 0.025 0.01945945945945946
3 0.196875 0.4854054054054054 0.025520833333333333 0.01945945945945946
3 0.19270833333333334 0.5113513513513513 0.0171875 0.01945945945945946
3 0.1953125 0.5372972972972972 0.021875 0.01945945945945946
3 0.19583333333333333 0.5632432432432433 0.022916666666666665 0.01945945945945946
3 0.19947916666666668 0.5891891891891892 0.030208333333333334 0.01945945945945946
3 0.19895833333333332 0.6151351351351352 0.0296875 0.01945945945945946
3 0.19479166666666667 0.6410810810810811 0.021354166666666667 0.01945945945945946
3 0.19479166666666667 0.667027027027027 0.021354166666666667 0.01945945945945946
3 0.190625 0.7805405405405406 0.0125 0.01945945945945946
3 0.20520833333333333 0.8064864864864865 0.041666666666666664 0.01945945945945946
3 0.19791666666666666 0.8324324324324325 0.027083333333333334 0.01945945945945946
3 0.19947916666666668 0.9167567567567567 0.030208333333333334 0.01945945945945946
3 0.19375 0.9427027027027027 0.01875 0.01945945945945946
3 0.26145833333333335 0.37513513513513513 0.013541666666666667 0.01945945945945946
3 0.21927083333333333 0.4594594594594595 0.015104166666666667 0.01945945945945946
3 0.2203125 0.4854054054054054 0.015625 0.01945945945945946
3 0.2125 0.5113513513513513 0.016145833333333335 0.01945945945945946
3 0.21614583333333334 0.5372972972972972 0.015104166666666667 0.01945945945945946
3 0.21770833333333334 0.5632432432432433 0.016145833333333335 0.01945945945945946
3 0.22447916666666667 0.5891891891891892 0.013541666666666667 0.01945945945945946
3 0.22291666666666668 0.6151351351351352 0.013020833333333334 0.01945945945945946
3 0.215625 0.6410810810810811 0.0140625 0.01945945945945946
3 0.215625 0.667027027027027 0.0140625 0.01945945945945946
3 0.21041666666666667 0.7805405405405406 0.021875 0.01945945945945946
3 0.23697916666666666 0.8064864864864865 0.015625 0.01945945945945946
3 0.22239583333333332 0.8324324324324325 0.015625 0.01945945945945946
3 0.22708333333333333 0.9167567567567567 0.0203125 0.01945945945945946
3 0.21354166666666666 0.9427027027027027 0.015625 0.01945945945945946
3 0.221875 0.06918918918918919 0.059895833333333336 0.021621621621621623
3 0.21770833333333334 0.08972972972972973 0.059895833333333336 0.021621621621621623
3 0.23177083333333334 0.1535135135135135 0.09479166666666666 0.021621621621621623
3 0.3015625 0.1535135135135135 0.026041666666666668 0.021621621621621623