0 0.5944148936170213 0.018763796909492272 0.025 0.037527593818984545
0 0.7425531914893617 0.152317880794702 0.0601063829787234 0.01545253863134658
0 0.7930851063829787 0.23178807947019867 0.019148936170212766 0.039735099337748346
1 0.7268617021276595 0.019315673289183224 0.18138297872340425 0.03863134657836645
1 0.41648936170212764 0.3509933774834437 0.15106382978723404 0.31346578366445915
1 0.576063829787234 0.3509933774834437 0.15106382978723404 0.31346578366445915
1 0.7356382978723405 0.3509933774834437 0.15106382978723404 0.31346578366445915
1 0.22526595744680852 0.018211920529801324 0.07180851063829788 0.03642384105960265
2 0.4476063829787234 0.018763796909492272 0.31861702127659575 0.037527593818984545
2 0.5196808510638298 0.01545253863134658 0.007446808510638298 0.01545253863134658
3 0.5452127659574468 0.016556291390728478 0.07446808510638298 0.02869757174392936
3 0.3819148936170213 0.6258278145695364 0.061170212765957445 0.02097130242825607
3 0.5313829787234042 0.5816777041942605 0.040957446808510635 0.02097130242825607
3 0.6909574468085107 0.5816777041942605 0.040957446808510635 0.02097130242825607
3 0.550531914893617 0.01545253863134658 0.04893617021276596 0.02207505518763797
3 0.550531914893617 0.01545253863134658 0.04893617021276596 0.02207505518763797
3 0.25957446808510637 0.2097130242825607 0.1478723404255319 0.033112582781456956
3 0.41648936170212764 0.6699779249448123 0.12978723404255318 0.039735099337748346
3 0.576063829787234 0.6258278145695364 0.12978723404255318 0.039735099337748346
3 0.7356382978723405 0.6258278145695364 0.12978723404255318 0.039735099337748346
3 0.3515957446808511 0.0728476821192053 0.023936170212765957 0.02207505518763797
3 0.38670212765957446 0.0728476821192053 0.026595744680851064 0.02207505518763797
3 0.43351063829787234 0.0728476821192053 0.047872340425531915 0.02207505518763797
3 0.47606382978723405 0.0728476821192053 0.018617021276595744 0.02207505518763797
3 0.5069148936170212 0.0728476821192053 0.023936170212765957 0.02207505518763797
3 0.5388297872340425 0.0728476821192053 0.02074468085106383 0.02207505518763797
3 0.22021276595744682 0.5033112582781457 0.06914893617021277 0.019867549668874173
3 0.19946808510638298 0.5894039735099338 0.027659574468085105 0.019867549668874173
3 0.1920212765957447 0.6158940397350994 0.01276595744680851 0.019867549668874173
3 0.20425531914893616 0.6423841059602649 0.03776595744680851 0.019867549668874173
3 0.19414893617021275 0.6688741721854304 0.017553191489361703 0.019867549668874173
3 0.19893617021276597 0.695364238410596 0.026595744680851064 0.019867549668874173
3 0.19042553191489361 0.7218543046357616 0.010106382978723405 0.019867549668874173
3 0.20691489361702128 0.7483443708609272 0.0425531914893617 0.019867549668874173
3 0.20212765957446807 0.8344370860927153 0.03351063829787234 0.019867549668874173
3 0.19680851063829788 0.8609271523178808 0.022872340425531913 0.019867549668874173
3 0.1930851063829787 0.8874172185430463 0.015425531914893617 0.019867549668874173
3 0.19574468085106383 0.9139072847682119 0.02074468085106383 0.019867549668874173
3 0.1952127659574468 0.9403973509933775 0.019680851063829788 0.019867549668874173
3 0.1973404255319149 0.9668874172185431 0.023404255319148935 0.019867549668874173
3 0.19680851063829788 0.9911699779249448 0.023404255319148935 0.01545253863134658
3 0.2643617021276596 0.5033112582781457 0.014361702127659574 0.019867549668874173
3 0.22606382978723405 0.5894039735099338 0.019680851063829788 0.019867549668874173
3 0.20638297872340425 0.6158940397350994 0.011170212765957447 0.019867549668874173
3 0.23031914893617023 0.6423841059602649 0.007446808510638298 0.019867549668874173
3 0.21010638297872342 0.6688741721854304 0.007446808510638298 0.019867549668874173
3 0.21861702127659574 0.695364238410596 0.007446808510638298 0.019867549668874173
3 0.20106382978723406 0.7218543046357616 0.005319148936170213 0.019867549668874173
3 0.23404255319148937 0.7483443708609272 0.005851063829787234 0.019867549668874173
3 0.22925531914893618 0.8344370860927153 0.013829787234042552 0.019867549668874173
3 0.21968085106382979 0.8609271523178808 0.01648936170212766 0.019867549668874173
3 0.21117021276595746 0.8874172185430463 0.014361702127659574 0.019867549668874173
3 0.21648936170212765 0.9139072847682119 0.013829787234042552 0.019867549668874173
3 0.21436170212765956 0.9403973509933775 0.01223404255319149 0.019867549668874173
3 0.21808510638297873 0.9668874172185431 0.013297872340425532 0.019867549668874173
3 0.21888297872340426 0.9911699779249448 0.014361702127659574 0.01545253863134658
3 0.22393617021276596 0.056291390728476824 0.061170212765957445 0.02207505518763797
3 0.21968085106382979 0.0772626931567329 0.061170212765957445 0.02207505518763797
3 0.23404255319148937 0.1423841059602649 0.09680851063829787 0.02207505518763797
3 0.30531914893617024 0.1423841059602649 0.026595744680851064 0.02207505518763797
3 0.19680851063829788 0.16445916114790288 0.022872340425531913 0.02207505518763797