0 0.584375 0.02918918918918919 0.023958333333333335 0.04216216216216216
0 0.2677083333333333 0.68 0.0125 0.025945945945945945
0 0.7296875 0.1545945945945946 0.058854166666666666 0.015135135135135135
0 0.8067708333333333 0.24864864864864866 0.016666666666666666 0.034594594594594595
0 0.7791666666666667 0.36 0.01875 0.03891891891891892
1 0.7140625 0.03027027027027027 0.17708333333333334 0.04216216216216216
1 0.3619791666666667 0.24864864864864866 0.04479166666666667 0.09297297297297297
1 0.42083333333333334 0.24864864864864866 0.04479166666666667 0.09297297297297297
1 0.4791666666666667 0.24864864864864866 0.04479166666666667 0.09297297297297297
1 0.5380208333333333 0.24864864864864866 0.04479166666666667 0.09297297297297297
1 0.5963541666666666 0.24864864864864866 0.04479166666666667 0.09297297297297297
1 0.6552083333333333 0.24864864864864866 0.04479166666666667 0.09297297297297297
1 0.7135416666666666 0.24864864864864866 0.04479166666666667 0.09297297297297297
1 0.7723958333333333 0.24864864864864866 0.04479166666666667 0.09297297297297297
1 0.41041666666666665 0.47675675675675677 0.14791666666666667 0.307027027027027
1 0.5666666666666667 0.47675675675675677 0.14791666666666667 0.307027027027027
1 0.7229166666666667 0.47675675675675677 0.14791666666666667 0.307027027027027
1 0.22291666666666668 0.03027027027027027 0.06979166666666667 0.036756756756756756
2 0.440625 0.02918918918918919 0.31145833333333334 0.04216216216216216
2 0.49635416666666665 0.02918918918918919 0.007291666666666667 0.015135135135135135
2 0.2 0.6778378378378378 0.03229166666666667 0.02702702702702703
2 0.24166666666666667 0.6778378378378378 0.03229166666666667 0.02702702702702703
3 0.5286458333333334 0.03027027027027027 0.08802083333333334 0.02810810810810811
3 0.3765625 0.7837837837837838 0.059895833333333336 0.02054054054054054
3 0.5328125 0.7027027027027027 0.059895833333333336 0.02054054054054054
3 0.6890625 0.7027027027027027 0.059895833333333336 0.02054054054054054
3 0.5338541666666666 0.02918918918918919 0.06302083333333333 0.021621621621621623
3 0.2 0.68 0.03125 0.03351351351351351
3 0.24166666666666667 0.68 0.03125 0.03351351351351351
3 0.5338541666666666 0.02918918918918919 0.06302083333333333 0.021621621621621623
3 0.2 0.68 0.03125 0.03351351351351351
3 0.24166666666666667 0.68 0.03125 0.03351351351351351
3 0.25677083333333334 0.19783783783783784 0.14479166666666668 0.032432432432432434
3 0.41041666666666665 0.827027027027027 0.12708333333333333 0.03891891891891892
3 0.5666666666666667 0.745945945945946 0.12708333333333333 0.03891891891891892
3 0.7229166666666667 0.745945945945946 0.12708333333333333 0.03891891891891892
3 0.346875 0.08540540540540541 0.0234375 0.021621621621621623
3 0.38125 0.08540540540540541 0.026041666666666668 0.021621621621621623
3 0.4270833333333333 0.08540540540540541 0.046875 0.021621621621621623
3 0.46875 0.08540540540540541 0.018229166666666668 0.021621621621621623
3 0.49895833333333334 0.08540540540540541 0.0234375 0.021621621621621623
3 0.5302083333333333 0.08540540540540541 0.0203125 0.021621621621621623
3 0.21822916666666667 0.4854054054054054 0.06770833333333333 0.01945945945945946
3 0.20833333333333334 0.5697297297297297 0.04791666666666667 0.01945945945945946
3 0.19895833333333332 0.5956756756756757 0.0296875 0.01945945945945946
3 0.19895833333333332 0.6216216216216216 0.0296875 0.01945945945945946
3 0.2015625 0.6475675675675676 0.034895833333333334 0.01945945945945946
3 0.1984375 0.7708108108108108 0.028125 0.01945945945945946
3 0.20260416666666667 0.7967567567567567 0.03697916666666667 0.01945945945945946
3 0.19270833333333334 0.8227027027027027 0.0171875 0.01945945945945946
3 0.20729166666666668 0.8486486486486486 0.04635416666666667 0.01945945945945946
3 0.2 0.8745945945945945 0.03125 0.01945945945945946
3 0.209375 0.9005405405405406 0.050520833333333334 0.01945945945945946
3 0.19375 0.9848648648648649 0.01875 0.01945945945945946
3 0.26145833333333335 0.4854054054054054 0.0140625 0.01945945945945946
3 0.24322916666666666 0.5697297297297297 0.0171875 0.01945945945945946
3 0.225 0.5956756756756757 0.015625 0.01945945945945946
3 0.22395833333333334 0.6216216216216216 0.0140625 0.01945945945945946
3 0.22864583333333333 0.6475675675675676 0.013541666666666667 0.01945945945945946
3 0.225 0.7708108108108108 0.019270833333333334 0.01945945945945946
3 0.22916666666666666 0.7967567567567567 0.010416666666666666 0.01945945945945946
3 0.21041666666666667 0.8227027027027027 0.011458333333333333 0.01945945945945946
3 0.23697916666666666 0.8486486486486486 0.007291666666666667 0.01945945945945946
3 0.221875 0.8745945945945945 0.007291666666666667 0.01945945945945946
3 0.24166666666666667 0.9005405405405406 0.007291666666666667 0.01945945945945946
3 0.215625 0.9848648648648649 0.019791666666666666 0.01945945945945946
3 0.221875 0.06918918918918919 0.059895833333333336 0.021621621621621623
3 0.21770833333333334 0.08972972972972973 0.059895833333333336 0.021621621621621623
3 0.23177083333333334 0.1535135135135135 0.09479166666666666 0.021621621621621623
3 0.3015625 0.1535135135135135 0.026041666666666668 0.021621621621621623