0 0.742807825086306 0.07775119617224881 0.06501726121979287 0.01674641148325359
0 0.6248561565017261 0.1638755980861244 0.020713463751438434 0.0430622009569378
1 0.39010356731875717 0.2930622009569378 0.16340621403912542 0.3397129186602871
1 0.5627157652474108 0.2930622009569378 0.16340621403912542 0.3397129186602871
1 0.7353279631760644 0.2930622009569378 0.16340621403912542 0.3397129186602871
3 0.6869965477560415 0.5430622009569378 0.04430379746835443 0.022727272727272728
3 0.22036823935558114 0.11602870813397129 0.15995397008055237 0.03588516746411483
3 0.39010356731875717 0.5538277511961722 0.14039125431530494 0.0430622009569378
3 0.5627157652474108 0.5861244019138756 0.14039125431530494 0.0645933014354067
3 0.7353279631760644 0.5909090909090909 0.14039125431530494 0.0430622009569378
3 0.31990794016110474 0.0023923444976076554 0.026467203682393557 0.004784688995215311
3 0.35817031070195626 0.0023923444976076554 0.029344073647871116 0.004784688995215311
3 0.4088032220943613 0.0023923444976076554 0.0523590333716916 0.004784688995215311
3 0.45454545454545453 0.0023923444976076554 0.020713463751438434 0.004784688995215311
3 0.48791714614499426 0.0023923444976076554 0.026467203682393557 0.004784688995215311
3 0.522439585730725 0.0023923444976076554 0.023014959723820484 0.004784688995215311
3 0.17779056386651323 0.4342105263157895 0.07479861910241657 0.0215311004784689
3 0.15420023014959724 0.527511961722488 0.02819332566168009 0.0215311004784689
3 0.1524741081703107 0.55622009569378 0.02474108170310702 0.0215311004784689
3 0.18239355581127734 0.5849282296650717 0.08457997698504027 0.0215311004784689
3 0.15304948216340622 0.6136363636363636 0.025891829689298044 0.0215311004784689
3 0.18699654775604144 0.6423444976076556 0.09378596087456847 0.0215311004784689
3 0.15017261219792866 0.6710526315789473 0.019562715765247412 0.0215311004784689
3 0.15074798619102417 0.7643540669856459 0.020713463751438434 0.0215311004784689
3 0.15995397008055237 0.8576555023923444 0.039125431530494824 0.0215311004784689
3 0.18699654775604144 0.8863636363636364 0.09378596087456847 0.0215311004784689
3 0.15822784810126583 0.9796650717703349 0.03567318757192175 0.0215311004784689
3 0.22554660529344073 0.4342105263157895 0.014959723820483314 0.0215311004784689
3 0.18239355581127734 0.527511961722488 0.021288837744533946 0.0215311004784689
3 0.1760644418872267 0.55622009569378 0.01668584579976985 0.0215311004784689
3 0.23647871116225547 0.5849282296650717 0.017836593785960874 0.0215311004784689
3 0.17491369390103567 0.6136363636363636 0.012082853855005753 0.0215311004784689
3 0.24395857307249713 0.6423444976076556 0.013233601841196778 0.0215311004784689
3 0.16800920598388952 0.6710526315789473 0.010356731875719217 0.0215311004784689
3 0.17261219792865362 0.7643540669856459 0.01726121979286536 0.0215311004784689
3 0.189873417721519 0.8576555023923444 0.014959723820483314 0.0215311004784689
3 0.24568469505178367 0.8863636363636364 0.01726121979286536 0.0215311004784689
3 0.1892980437284235 0.9796650717703349 0.019562715765247412 0.0215311004784689
3 0.17721518987341772 0.004784688995215311 0.0667433831990794 0.009569377990430622
3 0.19275028768699654 0.06698564593301436 0.1047180667433832 0.023923444976076555
3 0.26985040276179517 0.06698564593301436 0.028768699654775604 0.023923444976076555