0 0.5862162162162162 0.014573991031390135 0.025405405405405406 0.02914798206278027
0 0.7367567567567568 0.14573991031390135 0.06108108108108108 0.01569506726457399
0 0.625945945945946 0.226457399103139 0.01945945945945946 0.04035874439461883
1 0.7208108108108108 0.015134529147982063 0.18432432432432433 0.030269058295964126
1 0.40540540540540543 0.3475336322869955 0.1535135135135135 0.3183856502242152
1 0.5675675675675675 0.3475336322869955 0.1535135135135135 0.3183856502242152
1 0.7297297297297297 0.3475336322869955 0.1535135135135135 0.3183856502242152
1 0.2110810810810811 0.014013452914798207 0.07297297297297298 0.028026905829596414
2 0.437027027027027 0.014573991031390135 0.3237837837837838 0.02914798206278027
2 0.5062162162162163 0.007847533632286996 0.008108108108108109 0.01569506726457399
3 0.5343243243243243 0.011771300448430493 0.08054054054054054 0.023542600896860985
3 0.6843243243243243 0.5818385650224215 0.04162162162162162 0.021300448430493273
3 0.5397297297297298 0.00952914798206278 0.05459459459459459 0.01905829596412556
3 0.5397297297297298 0.00952914798206278 0.05459459459459459 0.01905829596412556
3 0.24594594594594596 0.18161434977578475 0.15027027027027026 0.033632286995515695
3 0.40540540540540543 0.5919282511210763 0.1318918918918919 0.04035874439461883
3 0.5675675675675675 0.6221973094170403 0.1318918918918919 0.06053811659192825
3 0.7297297297297297 0.6266816143497758 0.1318918918918919 0.04035874439461883
3 0.33945945945945943 0.06502242152466367 0.024324324324324326 0.02242152466367713
3 0.37513513513513513 0.06502242152466367 0.02702702702702703 0.02242152466367713
3 0.4227027027027027 0.06502242152466367 0.04864864864864865 0.02242152466367713
3 0.46594594594594596 0.06502242152466367 0.01891891891891892 0.02242152466367713
3 0.4972972972972973 0.06502242152466367 0.024324324324324326 0.02242152466367713
3 0.5297297297297298 0.06502242152466367 0.02108108108108108 0.02242152466367713
3 0.20594594594594595 0.4798206278026906 0.07027027027027027 0.020179372197309416
3 0.1837837837837838 0.5672645739910314 0.026486486486486487 0.020179372197309416
3 0.18216216216216216 0.594170403587444 0.023243243243243242 0.020179372197309416
3 0.21027027027027026 0.6210762331838565 0.07945945945945945 0.020179372197309416
3 0.1827027027027027 0.647982062780269 0.024324324324324326 0.020179372197309416
3 0.2145945945945946 0.6748878923766816 0.08810810810810811 0.020179372197309416
3 0.18 0.7017937219730942 0.018378378378378378 0.020179372197309416
3 0.18054054054054053 0.7892376681614349 0.01945945945945946 0.020179372197309416
3 0.1891891891891892 0.8766816143497758 0.036756756756756756 0.020179372197309416
3 0.2145945945945946 0.9035874439461884 0.08810810810810811 0.020179372197309416
3 0.18783783783783783 0.9899103139013453 0.03405405405405405 0.017937219730941704
3 0.2508108108108108 0.4798206278026906 0.014054054054054054 0.020179372197309416
3 0.21027027027027026 0.5672645739910314 0.02 0.020179372197309416
3 0.20432432432432432 0.594170403587444 0.015675675675675675 0.020179372197309416
3 0.2610810810810811 0.6210762331838565 0.016756756756756756 0.020179372197309416
3 0.20324324324324325 0.647982062780269 0.011351351351351352 0.020179372197309416
3 0.2681081081081081 0.6748878923766816 0.012432432432432432 0.020179372197309416
3 0.19675675675675675 0.7017937219730942 0.00972972972972973 0.020179372197309416
3 0.20108108108108108 0.7892376681614349 0.016216216216216217 0.020179372197309416
3 0.2172972972972973 0.8766816143497758 0.014054054054054054 0.020179372197309416
3 0.26972972972972975 0.9035874439461884 0.016216216216216217 0.020179372197309416
3 0.21702702702702703 0.9899103139013453 0.01891891891891892 0.017937219730941704
3 0.20972972972972972 0.04820627802690583 0.062162162162162166 0.02242152466367713
3 0.20540540540540542 0.06950672645739911 0.062162162162162166 0.02242152466367713
3 0.22 0.13565022421524664 0.09837837837837837 0.02242152466367713
3 0.29243243243243244 0.13565022421524664 0.02702702702702703 0.02242152466367713