0 0.16779661016949152 0.2676056338028169 0.011299435028248588 0.023474178403755867
0 0.22203389830508474 0.2676056338028169 0.011299435028248588 0.023474178403755867
0 0.2175141242937853 0.7464788732394366 0.013559322033898305 0.028169014084507043
0 0.7186440677966102 0.12910798122065728 0.06384180790960452 0.01643192488262911
1 0.37231638418079094 0.3403755868544601 0.16045197740112993 0.3333333333333333
1 0.5418079096045197 0.3403755868544601 0.16045197740112993 0.3333333333333333
1 0.7112994350282486 0.3403755868544601 0.16045197740112993 0.3333333333333333
2 0.1440677966101695 0.744131455399061 0.03502824858757062 0.029342723004694836
2 0.18926553672316385 0.744131455399061 0.03502824858757062 0.029342723004694836
3 0.37231638418079094 0.6267605633802817 0.13785310734463277 0.015258215962441314
3 0.5242937853107345 0.5856807511737089 0.10282485875706214 0.022300469483568074
3 0.6745762711864407 0.5856807511737089 0.06497175141242938 0.022300469483568074
3 0.1440677966101695 0.7464788732394366 0.03389830508474576 0.036384976525821594
3 0.18926553672316385 0.7464788732394366 0.03389830508474576 0.036384976525821594
3 0.1440677966101695 0.7464788732394366 0.03389830508474576 0.036384976525821594
3 0.18926553672316385 0.7464788732394366 0.03389830508474576 0.036384976525821594
3 0.20564971751412428 0.19014084507042253 0.15706214689265538 0.035211267605633804
3 0.37231638418079094 0.596244131455399 0.13785310734463277 0.04225352112676056
3 0.5418079096045197 0.6326291079812206 0.13785310734463277 0.04225352112676056
3 0.7112994350282486 0.6326291079812206 0.13785310734463277 0.04225352112676056
3 0.30338983050847457 0.04460093896713615 0.025423728813559324 0.023474178403755867
3 0.34067796610169493 0.04460093896713615 0.02824858757062147 0.023474178403755867
3 0.3903954802259887 0.04460093896713615 0.05084745762711865 0.023474178403755867
3 0.43559322033898307 0.04460093896713615 0.01977401129943503 0.023474178403755867
3 0.46836158192090394 0.04460093896713615 0.025423728813559324 0.023474178403755867
3 0.5022598870056497 0.04460093896713615 0.022033898305084745 0.023474178403755867
3 0.1638418079096045 0.5633802816901409 0.07344632768361582 0.02112676056338028
3 0.15310734463276837 0.6549295774647887 0.0519774011299435 0.02112676056338028
3 0.1423728813559322 0.6830985915492958 0.030508474576271188 0.02112676056338028
3 0.14576271186440679 0.7112676056338029 0.03785310734463277 0.02112676056338028
3 0.13728813559322034 0.8450704225352113 0.020338983050847456 0.02112676056338028
3 0.14632768361581922 0.9366197183098591 0.0384180790960452 0.02112676056338028
3 0.17288135593220338 0.9647887323943662 0.09209039548022599 0.02112676056338028
3 0.20847457627118643 0.5633802816901409 0.010169491525423728 0.02112676056338028
3 0.188135593220339 0.6549295774647887 0.012429378531073447 0.02112676056338028
3 0.1672316384180791 0.6830985915492958 0.012994350282485875 0.02112676056338028
3 0.17231638418079095 0.7112676056338029 0.00847457627118644 0.02112676056338028
3 0.1576271186440678 0.8450704225352113 0.015254237288135594 0.02112676056338028
3 0.17401129943502824 0.9366197183098591 0.011864406779661017 0.02112676056338028
3 0.22824858757062147 0.9647887323943662 0.012429378531073447 0.02112676056338028
3 0.16779661016949152 0.02699530516431925 0.06497175141242938 0.023474178403755867
3 0.16327683615819208 0.04929577464788732 0.06497175141242938 0.023474178403755867
3 0.17853107344632768 0.11854460093896714 0.10282485875706214 0.023474178403755867
3 0.2542372881355932 0.11854460093896714 0.02824858757062147 0.023474178403755867
3 0.14745762711864407 0.142018779342723 0.04067796610169491 0.023474178403755867