0 0.5975115740740741 0.015024038461538462 0.027199074074074073 0.030048076923076924
0 0.19212962962962962 0.296875 0.011574074074074073 0.02403846153846154
0 0.24537037037037038 0.9675480769230769 0.013888888888888888 0.028846153846153848
0 0.7586805555555556 0.14543269230769232 0.06539351851851852 0.016826923076923076
0 0.8443287037037037 0.25 0.018518518518518517 0.038461538461538464
1 0.7416087962962963 0.015625 0.19733796296296297 0.03125
1 0.35011574074074076 0.25 0.04976851851851852 0.10336538461538461
1 0.41550925925925924 0.25 0.04976851851851852 0.10336538461538461
1 0.48032407407407407 0.25 0.04976851851851852 0.10336538461538461
1 0.5457175925925926 0.25 0.04976851851851852 0.10336538461538461
1 0.6105324074074074 0.25 0.04976851851851852 0.10336538461538461
1 0.6759259259259259 0.25 0.04976851851851852 0.10336538461538461
1 0.7407407407407407 0.25 0.04976851851851852 0.10336538461538461
1 0.8061342592592593 0.25 0.04976851851851852 0.10336538461538461
1 0.4039351851851852 0.5036057692307693 0.16435185185185186 0.34134615384615385
1 0.5775462962962963 0.5036057692307693 0.16435185185185186 0.34134615384615385
1 0.7511574074074074 0.5036057692307693 0.16435185185185186 0.34134615384615385
1 0.1958912037037037 0.014423076923076924 0.078125 0.028846153846153848
2 0.43778935185185186 0.015024038461538462 0.34664351851851855 0.030048076923076924
2 0.5153356481481481 0.0078125 0.008680555555555556 0.015625
2 0.1701388888888889 0.9651442307692307 0.03587962962962963 0.030048076923076924
2 0.21643518518518517 0.9651442307692307 0.03587962962962963 0.030048076923076924
3 0.5436921296296297 0.01201923076923077 0.08275462962962964 0.02403846153846154
3 0.3663194444444444 0.7548076923076923 0.06655092592592593 0.02283653846153846
3 0.5399305555555556 0.7548076923076923 0.06655092592592593 0.02283653846153846
3 0.7135416666666666 0.7548076923076923 0.06655092592592593 0.02283653846153846
3 0.5494791666666666 0.009615384615384616 0.05497685185185185 0.019230769230769232
3 0.1701388888888889 0.9675480769230769 0.034722222222222224 0.037259615384615384
3 0.21643518518518517 0.9675480769230769 0.034722222222222224 0.037259615384615384
3 0.5494791666666666 0.009615384615384616 0.05497685185185185 0.019230769230769232
3 0.1701388888888889 0.9675480769230769 0.034722222222222224 0.037259615384615384
3 0.21643518518518517 0.9675480769230769 0.034722222222222224 0.037259615384615384
3 0.2332175925925926 0.21754807692307693 0.16087962962962962 0.036057692307692304
3 0.4039351851851852 0.8028846153846154 0.1412037037037037 0.04326923076923077
3 0.5775462962962963 0.8028846153846154 0.1412037037037037 0.04326923076923077
3 0.7511574074074074 0.8028846153846154 0.1412037037037037 0.04326923076923077
3 0.3333333333333333 0.06850961538461539 0.026041666666666668 0.02403846153846154
3 0.3715277777777778 0.06850961538461539 0.028935185185185185 0.02403846153846154
3 0.4224537037037037 0.06850961538461539 0.052083333333333336 0.02403846153846154
3 0.46875 0.06850961538461539 0.02025462962962963 0.02403846153846154
3 0.5023148148148148 0.06850961538461539 0.026041666666666668 0.02403846153846154
3 0.5370370370370371 0.06850961538461539 0.022569444444444444 0.02403846153846154
3 0.19039351851851852 0.5997596153846154 0.07523148148148148 0.021634615384615384
3 0.1684027777777778 0.6935096153846154 0.03125 0.021634615384615384
3 0.1730324074074074 0.7223557692307693 0.041087962962962965 0.021634615384615384
3 0.16435185185185186 0.7512019230769231 0.023148148148148147 0.021634615384615384
3 0.18344907407407407 0.8449519230769231 0.061342592592592594 0.021634615384615384
3 0.18171296296296297 0.8737980769230769 0.05844907407407408 0.021634615384615384
3 0.18287037037037038 0.9026442307692307 0.06076388888888889 0.021634615384615384
3 0.17939814814814814 0.9314903846153846 0.05381944444444445 0.021634615384615384
3 0.23726851851851852 0.5997596153846154 0.01273148148148148 0.021634615384615384
3 0.19907407407407407 0.6935096153846154 0.023726851851851853 0.021634615384615384
3 0.20543981481481483 0.7223557692307693 0.017361111111111112 0.021634615384615384
3 0.18460648148148148 0.7512019230769231 0.01099537037037037 0.021634615384615384
3 0.22511574074074073 0.8449519230769231 0.015625 0.021634615384615384
3 0.22569444444444445 0.8737980769230769 0.02199074074074074 0.021634615384615384
3 0.22453703703703703 0.9026442307692307 0.01678240740740741 0.021634615384615384
3 0.21875 0.9314903846153846 0.017939814814814815 0.021634615384615384
3 0.19444444444444445 0.05048076923076923 0.06655092592592593 0.02403846153846154
3 0.18981481481481483 0.0733173076923077 0.06655092592592593 0.02403846153846154
3 0.20543981481481483 0.14423076923076922 0.10532407407407407 0.02403846153846154
3 0.2829861111111111 0.14423076923076922 0.028935185185185185 0.02403846153846154
3 0.16550925925925927 0.16826923076923078 0.026041666666666668 0.02403846153846154