0 0.5975274725274725 0.011986301369863013 0.025824175824175823 0.023972602739726026
0 0.21263736263736263 0.2773972602739726 0.01098901098901099 0.0228310502283105
0 0.2631868131868132 0.9143835616438356 0.013186813186813187 0.0273972602739726
0 0.7505494505494505 0.13356164383561644 0.06208791208791209 0.01598173515981735
0 0.8318681318681319 0.2328767123287671 0.017582417582417582 0.0365296803652968
1 0.7343406593406593 0.012557077625570776 0.18736263736263736 0.02511415525114155
1 0.3626373626373626 0.2328767123287671 0.04725274725274725 0.09817351598173515
1 0.4247252747252747 0.2328767123287671 0.04725274725274725 0.09817351598173515
1 0.48626373626373626 0.2328767123287671 0.04725274725274725 0.09817351598173515
1 0.5483516483516484 0.2328767123287671 0.04725274725274725 0.09817351598173515
1 0.6098901098901099 0.2328767123287671 0.04725274725274725 0.09817351598173515
1 0.671978021978022 0.2328767123287671 0.04725274725274725 0.09817351598173515
1 0.7335164835164835 0.2328767123287671 0.04725274725274725 0.09817351598173515
1 0.7956043956043956 0.2328767123287671 0.04725274725274725 0.09817351598173515
1 0.4137362637362637 0.4737442922374429 0.15604395604395604 0.3242009132420091
1 0.5785714285714286 0.4737442922374429 0.15604395604395604 0.3242009132420091
1 0.7434065934065934 0.4737442922374429 0.15604395604395604 0.3242009132420091
1 0.21620879120879122 0.01141552511415525 0.07417582417582418 0.0228310502283105
2 0.4458791208791209 0.011986301369863013 0.3291208791208791 0.023972602739726026
2 0.5195054945054945 0.005136986301369863 0.008241758241758242 0.010273972602739725
2 0.19175824175824177 0.9121004566210046 0.03406593406593406 0.028538812785388126
2 0.2357142857142857 0.9121004566210046 0.03406593406593406 0.028538812785388126
3 0.5464285714285714 0.0091324200913242 0.07857142857142857 0.0182648401826484
3 0.378021978021978 0.7123287671232876 0.06318681318681318 0.021689497716894976
3 0.5428571428571428 0.7123287671232876 0.06318681318681318 0.021689497716894976
3 0.7076923076923077 0.7123287671232876 0.06318681318681318 0.021689497716894976
3 0.551923076923077 0.00684931506849315 0.0521978021978022 0.0136986301369863
3 0.19175824175824177 0.9143835616438356 0.03296703296703297 0.03538812785388128
3 0.2357142857142857 0.9143835616438356 0.03296703296703297 0.03538812785388128
3 0.551923076923077 0.00684931506849315 0.0521978021978022 0.0136986301369863
3 0.19175824175824177 0.9143835616438356 0.03296703296703297 0.03538812785388128
3 0.2357142857142857 0.9143835616438356 0.03296703296703297 0.03538812785388128
3 0.25164835164835164 0.20205479452054795 0.15274725274725276 0.03424657534246575
3 0.4137362637362637 0.7579908675799086 0.13406593406593406 0.0410958904109589
3 0.5785714285714286 0.7579908675799086 0.13406593406593406 0.0410958904109589
3 0.7434065934065934 0.7579908675799086 0.13406593406593406 0.0410958904109589
3 0.3467032967032967 0.06050228310502283 0.024725274725274724 0.0228310502283105
3 0.382967032967033 0.06050228310502283 0.027472527472527472 0.0228310502283105
3 0.43131868131868134 0.06050228310502283 0.04945054945054945 0.0228310502283105
3 0.47527472527472525 0.06050228310502283 0.019230769230769232 0.0228310502283105
3 0.5071428571428571 0.06050228310502283 0.024725274725274724 0.0228310502283105
3 0.5401098901098901 0.06050228310502283 0.02142857142857143 0.0228310502283105
3 0.210989010989011 0.565068493150685 0.07142857142857142 0.02054794520547945
3 0.1901098901098901 0.6541095890410958 0.02967032967032967 0.02054794520547945
3 0.1945054945054945 0.6815068493150684 0.03901098901098901 0.02054794520547945
3 0.18626373626373627 0.708904109589041 0.02197802197802198 0.02054794520547945
3 0.2043956043956044 0.797945205479452 0.05824175824175824 0.02054794520547945
3 0.20274725274725275 0.8253424657534246 0.05549450549450549 0.02054794520547945
3 0.20384615384615384 0.8527397260273972 0.057692307692307696 0.02054794520547945
3 0.20054945054945056 0.8801369863013698 0.0510989010989011 0.02054794520547945
3 0.2554945054945055 0.565068493150685 0.012087912087912088 0.02054794520547945
3 0.21923076923076923 0.6541095890410958 0.022527472527472527 0.02054794520547945
3 0.22527472527472528 0.6815068493150684 0.016483516483516484 0.02054794520547945
3 0.20549450549450549 0.708904109589041 0.010439560439560439 0.02054794520547945
3 0.24395604395604395 0.797945205479452 0.014835164835164835 0.02054794520547945
3 0.2445054945054945 0.8253424657534246 0.020879120879120878 0.02054794520547945
3 0.2434065934065934 0.8527397260273972 0.015934065934065933 0.02054794520547945
3 0.2379120879120879 0.8801369863013698 0.01703296703296703 0.02054794520547945
3 0.21483516483516482 0.04337899543378995 0.06318681318681318 0.0228310502283105
3 0.21043956043956044 0.06506849315068493 0.06318681318681318 0.0228310502283105
3 0.22527472527472528 0.1324200913242009 0.1 0.0228310502283105
3 0.2989010989010989 0.1324200913242009 0.027472527472527472 0.0228310502283105
3 0.18736263736263736 0.1552511415525114 0.024725274725274724 0.0228310502283105