0 0.5759668508287292 0.010894495412844037 0.025966850828729283 0.021788990825688075
0 0.7298342541436464 0.14105504587155962 0.062430939226519336 0.016055045871559634
1 0.71353591160221 0.011467889908256881 0.18839779005524862 0.022935779816513763
1 0.3911602209944751 0.3474770642201835 0.1569060773480663 0.3256880733944954
1 0.5569060773480663 0.3474770642201835 0.1569060773480663 0.3256880733944954
1 0.7226519337016575 0.3474770642201835 0.1569060773480663 0.3256880733944954
1 0.1925414364640884 0.010321100917431193 0.07458563535911603 0.020642201834862386
2 0.4234806629834254 0.010894495412844037 0.330939226519337 0.021788990825688075
2 0.4334254143646409 0.0040137614678899085 0.008287292817679558 0.008027522935779817
3 0.4925414364640884 0.008027522935779817 0.1430939226519337 0.016055045871559634
3 0.3552486187845304 0.5871559633027523 0.06353591160220995 0.021788990825688075
3 0.5209944751381216 0.5871559633027523 0.06353591160220995 0.021788990825688075
3 0.6867403314917127 0.5871559633027523 0.06353591160220995 0.021788990825688075
3 0.49806629834254146 0.005733944954128441 0.11657458563535912 0.011467889908256881
3 0.49806629834254146 0.005733944954128441 0.11657458563535912 0.011467889908256881
3 0.2281767955801105 0.2006880733944954 0.15359116022099448 0.034403669724770644
3 0.3911602209944751 0.6330275229357798 0.13480662983425415 0.04128440366972477
3 0.5569060773480663 0.6330275229357798 0.13480662983425415 0.04128440366972477
3 0.7226519337016575 0.6330275229357798 0.13480662983425415 0.04128440366972477
3 0.3237569060773481 0.058486238532110095 0.024861878453038673 0.022935779816513763
3 0.3602209944751381 0.058486238532110095 0.027624309392265192 0.022935779816513763
3 0.4088397790055249 0.058486238532110095 0.049723756906077346 0.022935779816513763
3 0.4530386740331492 0.058486238532110095 0.019337016574585635 0.022935779816513763
3 0.4850828729281768 0.058486238532110095 0.024861878453038673 0.022935779816513763
3 0.518232044198895 0.058486238532110095 0.02154696132596685 0.022935779816513763
3 0.18729281767955802 0.5057339449541285 0.0718232044198895 0.020642201834862386
3 0.1856353591160221 0.5951834862385321 0.06906077348066299 0.020642201834862386
3 0.16740331491712707 0.6227064220183486 0.03259668508287293 0.020642201834862386
3 0.16629834254143647 0.6502293577981652 0.03038674033149171 0.020642201834862386
3 0.1696132596685083 0.6777522935779816 0.036464088397790057 0.020642201834862386
3 0.1580110497237569 0.7672018348623854 0.013259668508287293 0.020642201834862386
3 0.16353591160220995 0.7947247706422018 0.024861878453038673 0.020642201834862386
3 0.16243093922651933 0.8222477064220184 0.022099447513812154 0.020642201834862386
3 0.1591160220994475 0.8497706422018348 0.015469613259668509 0.020642201834862386
3 0.1856353591160221 0.8772935779816514 0.06906077348066299 0.020642201834862386
3 0.1718232044198895 0.9048165137614679 0.04143646408839779 0.020642201834862386
3 0.1591160220994475 0.9323394495412844 0.015469613259668509 0.020642201834862386
3 0.16795580110497238 0.9598623853211009 0.03370165745856354 0.020642201834862386
3 0.16243093922651933 0.9873853211009175 0.022651933701657457 0.020642201834862386
3 0.23204419889502761 0.5057339449541285 0.012154696132596685 0.020642201834862386
3 0.23370165745856353 0.5951834862385321 0.020994475138121547 0.020642201834862386
3 0.19447513812154696 0.6227064220183486 0.016022099447513812 0.020642201834862386
3 0.19281767955801105 0.6502293577981652 0.01712707182320442 0.020642201834862386
3 0.19447513812154696 0.6777522935779816 0.0077348066298342545 0.020642201834862386
3 0.17624309392265194 0.7672018348623854 0.016574585635359115 0.020642201834862386
3 0.1867403314917127 0.7947247706422018 0.014917127071823204 0.020642201834862386
3 0.18287292817679557 0.8222477064220184 0.013812154696132596 0.020642201834862386
3 0.17734806629834254 0.8497706422018348 0.014364640883977901 0.020642201834862386
3 0.2292817679558011 0.8772935779816514 0.01270718232044199 0.020642201834862386
3 0.20165745856353592 0.9048165137614679 0.011602209944751382 0.020642201834862386
3 0.17513812154696132 0.9323394495412844 0.010497237569060774 0.020642201834862386
3 0.19447513812154696 0.9598623853211009 0.01270718232044199 0.020642201834862386
3 0.18232044198895028 0.9873853211009175 0.010497237569060774 0.020642201834862386
3 0.19116022099447513 0.04128440366972477 0.06353591160220995 0.022935779816513763
3 0.1867403314917127 0.06307339449541284 0.06353591160220995 0.022935779816513763
3 0.20165745856353592 0.13073394495412843 0.1005524861878453 0.022935779816513763
3 0.27569060773480664 0.13073394495412843 0.027624309392265192 0.022935779816513763
3 0.19613259668508287 0.1536697247706422 0.09005524861878453 0.022935779816513763