0 0.5722527472527472 0.017123287671232876 0.025824175824175823 0.03424657534246575
0 0.7252747252747253 0.15296803652968036 0.06208791208791209 0.01598173515981735
1 0.7090659340659341 0.01769406392694064 0.18736263736263736 0.03538812785388128
1 0.3675824175824176 0.3105022831050228 0.08791208791208792 0.182648401826484
1 0.3675824175824176 0.5399543378995434 0.08791208791208792 0.182648401826484
1 0.3675824175824176 0.769406392694064 0.08791208791208792 0.182648401826484
1 0.19093406593406592 0.016552511415525113 0.07417582417582418 0.033105022831050226
2 0.4206043956043956 0.017123287671232876 0.3291208791208791 0.03424657534246575
2 0.4197802197802198 0.01141552511415525 0.007692307692307693 0.01598173515981735
3 0.4835164835164835 0.014269406392694063 0.15274725274725276 0.028538812785388126
3 0.4565934065934066 0.3481735159817352 0.06428571428571428 0.021689497716894976
3 0.4565934065934066 0.547945205479452 0.06428571428571428 0.021689497716894976
3 0.4565934065934066 0.8070776255707762 0.06428571428571428 0.021689497716894976
3 0.489010989010989 0.01141552511415525 0.12582417582417582 0.0228310502283105
3 0.489010989010989 0.01141552511415525 0.12582417582417582 0.0228310502283105
3 0.22637362637362637 0.18949771689497716 0.15274725274725276 0.03424657534246575
3 0.5967032967032967 0.24885844748858446 0.3445054945054945 0.0593607305936073
3 0.5967032967032967 0.4634703196347032 0.3445054945054945 0.02968036529680365
3 0.5967032967032967 0.7077625570776256 0.3445054945054945 0.0593607305936073
3 0.5967032967032967 0.9372146118721462 0.3445054945054945 0.0593607305936073
3 0.32142857142857145 0.07077625570776255 0.024725274725274724 0.0228310502283105
3 0.3576923076923077 0.07077625570776255 0.027472527472527472 0.0228310502283105
3 0.40604395604395604 0.07077625570776255 0.04945054945054945 0.0228310502283105
3 0.45 0.07077625570776255 0.019230769230769232 0.0228310502283105
3 0.4818681318681319 0.07077625570776255 0.024725274725274724 0.0228310502283105
3 0.5148351648351648 0.07077625570776255 0.02142857142857143 0.0228310502283105
3 0.18571428571428572 0.4931506849315068 0.07142857142857142 0.02054794520547945
3 0.16373626373626374 0.5821917808219178 0.027472527472527472 0.02054794520547945
3 0.17252747252747253 0.6095890410958904 0.045054945054945054 0.02054794520547945
3 0.1989010989010989 0.636986301369863 0.09835164835164835 0.02054794520547945
3 0.2010989010989011 0.6643835616438356 0.1021978021978022 0.02054794520547945
3 0.15934065934065933 0.6917808219178082 0.01868131868131868 0.02054794520547945
3 0.15989010989010988 0.7808219178082192 0.01978021978021978 0.02054794520547945
3 0.1686813186813187 0.8698630136986302 0.03736263736263736 0.02054794520547945
3 0.1945054945054945 0.8972602739726028 0.08956043956043956 0.02054794520547945
3 0.16703296703296702 0.9863013698630136 0.03406593406593406 0.02054794520547945
3 0.22967032967032966 0.4931506849315068 0.011538461538461539 0.02054794520547945
3 0.19065934065934065 0.5821917808219178 0.02032967032967033 0.02054794520547945
3 0.20494505494505494 0.6095890410958904 0.014285714285714285 0.02054794520547945
3 0.256043956043956 0.636986301369863 0.00989010989010989 0.02054794520547945
3 0.25934065934065936 0.6643835616438356 0.007692307692307693 0.02054794520547945
3 0.17527472527472526 0.6917808219178082 0.007692307692307693 0.02054794520547945
3 0.18021978021978022 0.7808219178082192 0.015934065934065933 0.02054794520547945
3 0.19615384615384615 0.8698630136986302 0.012637362637362638 0.02054794520547945
3 0.24945054945054945 0.8972602739726028 0.014835164835164835 0.02054794520547945
3 0.1956043956043956 0.9863013698630136 0.016483516483516484 0.02054794520547945
3 0.18956043956043955 0.05365296803652968 0.06318681318681318 0.0228310502283105
3 0.18516483516483517 0.07534246575342465 0.06318681318681318 0.0228310502283105
3 0.2 0.14269406392694065 0.1 0.0228310502283105