0 0.7804469273743017 0.22389791183294663 0.06312849162011173 0.016241299303944315
1 0.43798882681564244 0.43271461716937354 0.15865921787709497 0.3294663573085847
1 0.605586592178771 0.43271461716937354 0.15865921787709497 0.3294663573085847
1 0.7731843575418994 0.43271461716937354 0.15865921787709497 0.3294663573085847
3 0.2541899441340782 0.6751740139211136 0.07932960893854749 0.022041763341067284
3 0.4223463687150838 0.7215777262180975 0.08044692737430167 0.022041763341067284
3 0.7452513966480447 0.6751740139211136 0.08044692737430167 0.022041763341067284
3 0.27318435754189946 0.26102088167053367 0.1553072625698324 0.03480278422273782
3 0.43798882681564244 0.7215777262180975 0.13631284916201117 0.04176334106728538
3 0.605586592178771 0.7679814385150812 0.13631284916201117 0.04176334106728538
3 0.7731843575418994 0.7215777262180975 0.13631284916201117 0.04176334106728538
3 0.36983240223463687 0.03596287703016241 0.025139664804469275 0.02320185614849188
3 0.40670391061452515 0.03596287703016241 0.027932960893854747 0.02320185614849188
3 0.4558659217877095 0.03596287703016241 0.05027932960893855 0.02320185614849188
3 0.5005586592178771 0.03596287703016241 0.019553072625698324 0.02320185614849188
3 0.5329608938547487 0.03596287703016241 0.025139664804469275 0.02320185614849188
3 0.5664804469273743 0.03596287703016241 0.021787709497206705 0.02320185614849188
3 0.23184357541899442 0.5696055684454756 0.07262569832402235 0.02088167053364269
3 0.20502793296089386 0.660092807424594 0.019553072625698324 0.02088167053364269
3 0.20949720670391062 0.6879350348027842 0.027932960893854747 0.02088167053364269
3 0.21396648044692737 0.7157772621809745 0.037430167597765365 0.02088167053364269
3 0.20502793296089386 0.7436194895591647 0.019553072625698324 0.02088167053364269
3 0.20502793296089386 0.771461716937355 0.019553072625698324 0.02088167053364269
3 0.20614525139664805 0.7993039443155452 0.021787709497206705 0.02088167053364269
3 0.2217877094972067 0.8897911832946636 0.05307262569832402 0.02088167053364269
3 0.24692737430167597 0.9176334106728539 0.10279329608938548 0.02088167053364269
3 0.2240223463687151 0.9454756380510441 0.057541899441340784 0.02088167053364269
3 0.2424581005586592 0.9733178654292344 0.09441340782122905 0.02088167053364269
3 0.2446927374301676 0.9947795823665894 0.09944134078212291 0.008120649651972157
3 0.28156424581005585 0.5696055684454756 0.021787709497206705 0.02088167053364269
3 0.23072625698324023 0.660092807424594 0.02569832402234637 0.02088167053364269
3 0.23966480446927374 0.6879350348027842 0.027374301675977653 0.02088167053364269
3 0.24860335195530725 0.7157772621809745 0.02569832402234637 0.02088167053364269
3 0.22905027932960895 0.7436194895591647 0.021787709497206705 0.02088167053364269
3 0.22905027932960895 0.771461716937355 0.022905027932960894 0.02088167053364269
3 0.2324022346368715 0.7993039443155452 0.024022346368715083 0.02088167053364269
3 0.2620111731843575 0.8897911832946636 0.021787709497206705 0.02088167053364269
3 0.31508379888268156 0.9176334106728539 0.027932960893854747 0.02088167053364269
3 0.2670391061452514 0.9454756380510441 0.021229050279329607 0.02088167053364269
3 0.3027932960893855 0.9733178654292344 0.019553072625698324 0.02088167053364269
3 0.30921787709497206 0.9947795823665894 0.022905027932960894 0.008120649651972157
3 0.23575418994413408 0.018561484918793503 0.06424581005586592 0.02320185614849188
3 0.23128491620111732 0.04060324825986079 0.06424581005586592 0.02320185614849188
3 0.22681564245810057 0.21345707656612528 0.06312849162011173 0.02320185614849188