0 0.746927374301676 0.2273781902552204 0.06312849162011173 0.016241299303944315
1 0.4044692737430168 0.4361948955916473 0.15865921787709497 0.3294663573085847
1 0.5720670391061452 0.4361948955916473 0.15865921787709497 0.3294663573085847
1 0.7396648044692737 0.4361948955916473 0.15865921787709497 0.3294663573085847
3 0.2206703910614525 0.6786542923433875 0.07932960893854749 0.022041763341067284
3 0.3888268156424581 0.7250580046403712 0.08044692737430167 0.022041763341067284
3 0.711731843575419 0.6786542923433875 0.08044692737430167 0.022041763341067284
3 0.23966480446927374 0.26450116009280744 0.1553072625698324 0.03480278422273782
3 0.4044692737430168 0.7250580046403712 0.13631284916201117 0.04176334106728538
3 0.5720670391061452 0.771461716937355 0.13631284916201117 0.04176334106728538
3 0.7396648044692737 0.7250580046403712 0.13631284916201117 0.04176334106728538
3 0.33631284916201115 0.03944315545243619 0.025139664804469275 0.02320185614849188
3 0.37318435754189944 0.03944315545243619 0.027932960893854747 0.02320185614849188
3 0.4223463687150838 0.03944315545243619 0.05027932960893855 0.02320185614849188
3 0.4670391061452514 0.03944315545243619 0.019553072625698324 0.02320185614849188
3 0.4994413407821229 0.03944315545243619 0.025139664804469275 0.02320185614849188
3 0.5329608938547487 0.03944315545243619 0.021787709497206705 0.02320185614849188
3 0.19832402234636873 0.5730858468677494 0.07262569832402235 0.02088167053364269
3 0.17150837988826817 0.6635730858468677 0.019553072625698324 0.02088167053364269
3 0.17597765363128492 0.691415313225058 0.027932960893854747 0.02088167053364269
3 0.18044692737430168 0.7192575406032483 0.037430167597765365 0.02088167053364269
3 0.17150837988826817 0.7470997679814385 0.019553072625698324 0.02088167053364269
3 0.17150837988826817 0.7749419953596288 0.019553072625698324 0.02088167053364269
3 0.17262569832402236 0.802784222737819 0.021787709497206705 0.02088167053364269
3 0.188268156424581 0.8932714617169374 0.05307262569832402 0.02088167053364269
3 0.21340782122905028 0.9211136890951276 0.10279329608938548 0.02088167053364269
3 0.19050279329608938 0.9489559164733179 0.057541899441340784 0.02088167053364269
3 0.20893854748603352 0.9767981438515081 0.09441340782122905 0.02088167053364269
3 0.2111731843575419 0.9965197215777262 0.09944134078212291 0.004640371229698376
3 0.24804469273743016 0.5730858468677494 0.021787709497206705 0.02088167053364269
3 0.1972067039106145 0.6635730858468677 0.02569832402234637 0.02088167053364269
3 0.20614525139664805 0.691415313225058 0.027374301675977653 0.02088167053364269
3 0.21508379888268156 0.7192575406032483 0.02569832402234637 0.02088167053364269
3 0.19553072625698323 0.7470997679814385 0.021787709497206705 0.02088167053364269
3 0.19553072625698323 0.7749419953596288 0.022905027932960894 0.02088167053364269
3 0.19888268156424582 0.802784222737819 0.024022346368715083 0.02088167053364269
3 0.22849162011173185 0.8932714617169374 0.021787709497206705 0.02088167053364269
3 0.28156424581005585 0.9211136890951276 0.027932960893854747 0.02088167053364269
3 0.2335195530726257 0.9489559164733179 0.021229050279329607 0.02088167053364269
3 0.26927374301675977 0.9767981438515081 0.019553072625698324 0.02088167053364269
3 0.27569832402234634 0.9965197215777262 0.022905027932960894 0.004640371229698376
3 0.2022346368715084 0.022041763341067284 0.06424581005586592 0.02320185614849188
3 0.19776536312849163 0.04408352668213457 0.06424581005586592 0.02320185614849188
3 0.19329608938547485 0.21693735498839908 0.06312849162011173 0.02320185614849188