0 0.7734463276836158 0.12323943661971831 0.06384180790960452 0.01643192488262911
1 0.4056497175141243 0.2852112676056338 0.0903954802259887 0.18779342723004694
1 0.4056497175141243 0.5211267605633803 0.0903954802259887 0.18779342723004694
1 0.4056497175141243 0.7570422535211268 0.0903954802259887 0.18779342723004694
3 0.4864406779661017 0.2934272300469484 0.04463276836158192 0.022300469483568074
3 0.4864406779661017 0.5293427230046949 0.04463276836158192 0.022300469483568074
3 0.4864406779661017 0.8075117370892019 0.04463276836158192 0.022300469483568074
3 0.4971751412429379 0.994131455399061 0.06666666666666667 0.009389671361502348
3 0.26045197740112996 0.20774647887323944 0.15706214689265538 0.035211267605633804
3 0.6412429378531074 0.20657276995305165 0.35423728813559324 0.03051643192488263
3 0.6412429378531074 0.4424882629107981 0.35423728813559324 0.03051643192488263
3 0.6412429378531074 0.7206572769953051 0.35423728813559324 0.03051643192488263
3 0.6412429378531074 0.9143192488262911 0.35423728813559324 0.03051643192488263
3 0.3581920903954802 0.03873239436619718 0.025423728813559324 0.023474178403755867
3 0.3954802259887006 0.03873239436619718 0.02824858757062147 0.023474178403755867
3 0.44519774011299434 0.03873239436619718 0.05084745762711865 0.023474178403755867
3 0.4903954802259887 0.03873239436619718 0.01977401129943503 0.023474178403755867
3 0.5231638418079096 0.03873239436619718 0.025423728813559324 0.023474178403755867
3 0.5570621468926553 0.03873239436619718 0.022033898305084745 0.023474178403755867
3 0.21864406779661016 0.5199530516431925 0.07344632768361582 0.02112676056338028
3 0.19265536723163842 0.6115023474178404 0.021468926553672316 0.02112676056338028
3 0.19717514124293786 0.6396713615023474 0.030508474576271188 0.02112676056338028
3 0.19265536723163842 0.6678403755868545 0.022033898305084745 0.02112676056338028
3 0.1903954802259887 0.6960093896713615 0.01694915254237288 0.02112676056338028
3 0.19096045197740114 0.7241784037558685 0.01807909604519774 0.02112676056338028
3 0.19943502824858758 0.7523474178403756 0.03559322033898305 0.02112676056338028
3 0.19322033898305085 0.7805164319248826 0.022598870056497175 0.02112676056338028
3 0.192090395480226 0.8086854460093896 0.020903954802259886 0.02112676056338028
3 0.20564971751412428 0.8368544600938967 0.04745762711864407 0.02112676056338028
3 0.19491525423728814 0.960093896713615 0.02655367231638418 0.02112676056338028
3 0.21073446327683615 0.9882629107981221 0.05819209039548023 0.02112676056338028
3 0.26666666666666666 0.5199530516431925 0.01694915254237288 0.02112676056338028
3 0.21468926553672316 0.6115023474178404 0.01638418079096045 0.02112676056338028
3 0.22429378531073446 0.6396713615023474 0.01694915254237288 0.02112676056338028
3 0.21581920903954802 0.6678403755868545 0.01694915254237288 0.02112676056338028
3 0.21016949152542372 0.6960093896713615 0.01694915254237288 0.02112676056338028
3 0.21129943502824858 0.7241784037558685 0.01694915254237288 0.02112676056338028
3 0.22937853107344633 0.7523474178403756 0.01751412429378531 0.02112676056338028
3 0.21525423728813559 0.7805164319248826 0.01638418079096045 0.02112676056338028
3 0.21468926553672316 0.8086854460093896 0.01751412429378531 0.02112676056338028
3 0.24124293785310735 0.8368544600938967 0.01694915254237288 0.02112676056338028
3 0.22259887005649717 0.960093896713615 0.021468926553672316 0.02112676056338028
3 0.2542372881355932 0.9882629107981221 0.021468926553672316 0.02112676056338028
3 0.22259887005649717 0.02112676056338028 0.06497175141242938 0.023474178403755867
3 0.21807909604519773 0.04342723004694836 0.06497175141242938 0.023474178403755867
3 0.23333333333333334 0.11267605633802817 0.10282485875706214 0.023474178403755867
3 0.2559322033898305 0.12441314553990611 0.1480225988700565 0.046948356807511735
3 0.2774011299435028 0.13615023474178403 0.04180790960451977 0.023474178403755867
3 0.2559322033898305 0.14788732394366197 0.1480225988700565 0.046948356807511735