0 0.7543956043956044 0.12214611872146118 0.06208791208791209 0.01598173515981735
1 0.3967032967032967 0.2796803652968037 0.08791208791208792 0.182648401826484
1 0.3967032967032967 0.5091324200913242 0.08791208791208792 0.182648401826484
1 0.3967032967032967 0.7385844748858448 0.08791208791208792 0.182648401826484
3 0.47527472527472525 0.2876712328767123 0.043406593406593405 0.021689497716894976
3 0.47527472527472525 0.5171232876712328 0.043406593406593405 0.021689497716894976
3 0.47527472527472525 0.7876712328767124 0.043406593406593405 0.021689497716894976
3 0.4857142857142857 0.976027397260274 0.06428571428571428 0.021689497716894976
3 0.2554945054945055 0.204337899543379 0.15274725274725276 0.03424657534246575
3 0.6258241758241758 0.20319634703196346 0.3445054945054945 0.02968036529680365
3 0.6258241758241758 0.432648401826484 0.3445054945054945 0.02968036529680365
3 0.6258241758241758 0.7031963470319634 0.3445054945054945 0.02968036529680365
3 0.6258241758241758 0.8915525114155252 0.3445054945054945 0.02968036529680365
3 0.3505494505494505 0.03995433789954338 0.024725274725274724 0.0228310502283105
3 0.3868131868131868 0.03995433789954338 0.027472527472527472 0.0228310502283105
3 0.4351648351648352 0.03995433789954338 0.04945054945054945 0.0228310502283105
3 0.47912087912087914 0.03995433789954338 0.019230769230769232 0.0228310502283105
3 0.510989010989011 0.03995433789954338 0.024725274725274724 0.0228310502283105
3 0.5439560439560439 0.03995433789954338 0.02142857142857143 0.0228310502283105
3 0.21483516483516482 0.5079908675799086 0.07142857142857142 0.02054794520547945
3 0.18956043956043955 0.5970319634703196 0.020879120879120878 0.02054794520547945
3 0.19395604395604396 0.6244292237442922 0.02967032967032967 0.02054794520547945
3 0.18956043956043955 0.6518264840182648 0.02142857142857143 0.02054794520547945
3 0.18736263736263736 0.6792237442922374 0.016483516483516484 0.02054794520547945
3 0.1879120879120879 0.70662100456621 0.017582417582417582 0.02054794520547945
3 0.19615384615384615 0.7340182648401826 0.03461538461538462 0.02054794520547945
3 0.1901098901098901 0.7614155251141552 0.02197802197802198 0.02054794520547945
3 0.189010989010989 0.7888127853881278 0.02032967032967033 0.02054794520547945
3 0.2021978021978022 0.8162100456621004 0.046153846153846156 0.02054794520547945
3 0.19175824175824177 0.9360730593607306 0.025824175824175823 0.02054794520547945
3 0.20714285714285716 0.9634703196347032 0.056593406593406594 0.02054794520547945
3 0.189010989010989 0.9897260273972602 0.020879120879120878 0.0182648401826484
3 0.26153846153846155 0.5079908675799086 0.016483516483516484 0.02054794520547945
3 0.210989010989011 0.5970319634703196 0.015934065934065933 0.02054794520547945
3 0.22032967032967032 0.6244292237442922 0.016483516483516484 0.02054794520547945
3 0.21208791208791208 0.6518264840182648 0.016483516483516484 0.02054794520547945
3 0.20659340659340658 0.6792237442922374 0.016483516483516484 0.02054794520547945
3 0.2076923076923077 0.70662100456621 0.016483516483516484 0.02054794520547945
3 0.22527472527472528 0.7340182648401826 0.01703296703296703 0.02054794520547945
3 0.21153846153846154 0.7614155251141552 0.015934065934065933 0.02054794520547945
3 0.210989010989011 0.7888127853881278 0.01703296703296703 0.02054794520547945
3 0.2368131868131868 0.8162100456621004 0.016483516483516484 0.02054794520547945
3 0.21868131868131868 0.9360730593607306 0.020879120879120878 0.02054794520547945
3 0.24945054945054945 0.9634703196347032 0.020879120879120878 0.02054794520547945
3 0.20961538461538462 0.9897260273972602 0.014835164835164835 0.0182648401826484
3 0.21868131868131868 0.0228310502283105 0.06318681318681318 0.0228310502283105
3 0.21428571428571427 0.04452054794520548 0.06318681318681318 0.0228310502283105
3 0.2291208791208791 0.11187214611872145 0.1 0.0228310502283105
3 0.2510989010989011 0.1232876712328767 0.14395604395604394 0.045662100456621
3 0.27197802197802196 0.13470319634703196 0.04065934065934066 0.0228310502283105
3 0.2510989010989011 0.1461187214611872 0.14395604395604394 0.045662100456621