0 0.6008333333333333 0.021362586605080832 0.026111111111111113 0.042725173210161664
0 0.215 0.29907621247113164 0.011111111111111112 0.023094688221709007
0 0.26055555555555554 0.29907621247113164 0.011111111111111112 0.023094688221709007
0 0.2627777777777778 0.710161662817552 0.013333333333333334 0.02771362586605081
0 0.7555555555555555 0.1628175519630485 0.06277777777777778 0.016166281755196306
1 0.7391666666666666 0.021939953810623556 0.18944444444444444 0.04387990762124711
1 0.415 0.37066974595842955 0.15777777777777777 0.3279445727482679
1 0.5816666666666667 0.37066974595842955 0.15777777777777777 0.3279445727482679
1 0.7483333333333333 0.37066974595842955 0.15777777777777777 0.3279445727482679
1 0.215 0.020785219399538105 0.07444444444444444 0.03926096997690531
2 0.4475 0.021362586605080832 0.3327777777777778 0.042725173210161664
2 0.5194444444444445 0.019630484988452657 0.0077777777777777776 0.016166281755196306
2 0.19055555555555556 0.707852193995381 0.034444444444444444 0.028868360277136258
2 0.235 0.707852193995381 0.034444444444444444 0.028868360277136258
3 0.5477777777777778 0.020785219399538105 0.0811111111111111 0.03002309468822171
3 0.5533333333333333 0.019630484988452657 0.05444444444444444 0.023094688221709007
3 0.19055555555555556 0.710161662817552 0.03333333333333333 0.03579676674364896
3 0.235 0.710161662817552 0.03333333333333333 0.03579676674364896
3 0.5533333333333333 0.019630484988452657 0.05444444444444444 0.023094688221709007
3 0.19055555555555556 0.710161662817552 0.03333333333333333 0.03579676674364896
3 0.235 0.710161662817552 0.03333333333333333 0.03579676674364896
3 0.2511111111111111 0.2228637413394919 0.15444444444444444 0.03464203233256351
3 0.415 0.6224018475750578 0.13555555555555557 0.04157043879907621
3 0.5816666666666667 0.6224018475750578 0.13555555555555557 0.04157043879907621
3 0.7483333333333333 0.6685912240184757 0.13555555555555557 0.04157043879907621
3 0.3472222222222222 0.07967667436489607 0.025 0.023094688221709007
3 0.3838888888888889 0.07967667436489607 0.027777777777777776 0.023094688221709007
3 0.43277777777777776 0.07967667436489607 0.05 0.023094688221709007
3 0.4772222222222222 0.07967667436489607 0.019444444444444445 0.023094688221709007
3 0.5094444444444445 0.07967667436489607 0.025 0.023094688221709007
3 0.5427777777777778 0.07967667436489607 0.021666666666666667 0.023094688221709007
3 0.21 0.4122401847575058 0.07222222222222222 0.020785219399538105
3 0.19611111111111112 0.5023094688221709 0.044444444444444446 0.020785219399538105
3 0.18055555555555555 0.5300230946882217 0.013333333333333334 0.020785219399538105
3 0.18833333333333332 0.5577367205542725 0.028888888888888888 0.020785219399538105
3 0.1922222222222222 0.6478060046189377 0.03722222222222222 0.020785219399538105
3 0.2038888888888889 0.6755196304849884 0.06 0.020785219399538105
3 0.19 0.8071593533487298 0.03222222222222222 0.020785219399538105
3 0.18388888888888888 0.8348729792147807 0.02 0.020785219399538105
3 0.18777777777777777 0.9249422632794457 0.028333333333333332 0.020785219399538105
3 0.19333333333333333 0.9526558891454965 0.03888888888888889 0.020785219399538105
3 0.19777777777777777 0.9803695150115473 0.04833333333333333 0.020785219399538105
3 0.255 0.4122401847575058 0.012777777777777779 0.020785219399538105
3 0.2288888888888889 0.5023094688221709 0.014444444444444444 0.020785219399538105
3 0.19555555555555557 0.5300230946882217 0.011666666666666667 0.020785219399538105
3 0.2088888888888889 0.5577367205542725 0.006111111111111111 0.020785219399538105
3 0.22166666666666668 0.6478060046189377 0.014444444444444444 0.020785219399538105
3 0.2427777777777778 0.6755196304849884 0.012222222222222223 0.020785219399538105
3 0.21611111111111111 0.8071593533487298 0.015 0.020785219399538105
3 0.2 0.8348729792147807 0.007222222222222222 0.020785219399538105
3 0.21166666666666667 0.9249422632794457 0.012777777777777779 0.020785219399538105
3 0.22166666666666668 0.9526558891454965 0.012222222222222223 0.020785219399538105
3 0.23055555555555557 0.9803695150115473 0.010555555555555556 0.020785219399538105
3 0.21388888888888888 0.06235565819861432 0.06388888888888888 0.023094688221709007
3 0.20944444444444443 0.08429561200923788 0.06388888888888888 0.023094688221709007
3 0.22444444444444445 0.15242494226327943 0.10111111111111111 0.023094688221709007
3 0.29888888888888887 0.15242494226327943 0.027777777777777776 0.023094688221709007
3 0.18722222222222223 0.17551963048498845 0.02722222222222222 0.023094688221709007