0 0.5834239130434783 0.010158013544018058 0.025543478260869567 0.020316027088036117
0 0.7108695652173913 0.4785553047404063 0.13260869565217392 0.05417607223476298
0 0.7190217391304348 0.5553047404063205 0.14945652173913043 0.05417607223476298
1 0.71875 0.01072234762979684 0.18532608695652175 0.02144469525959368
1 0.1907608695652174 0.22573363431151242 0.02391304347826087 0.04966139954853273
1 0.3157608695652174 0.5067720090293454 0.20543478260869566 0.5282167042889391
1 0.4451086956521739 0.5688487584650113 0.020652173913043477 0.04288939051918736
1 0.47445652173913044 0.5677200902934537 0.021739130434782608 0.045146726862302484
1 0.20625 0.009593679458239277 0.07336956521739131 0.019187358916478554
2 0.43342391304347827 0.010158013544018058 0.32554347826086955 0.020316027088036117
3 0.4717391304347826 0.44469525959367945 0.07880434782608696 0.020316027088036117
3 0.525 0.5203160270880361 0.18532608695652175 0.023702031602708805
3 0.5021739130434782 0.6501128668171557 0.13967391304347826 0.020316027088036117
3 0.525 0.9706546275395034 0.18532608695652175 0.020316027088036117
3 0.6902173913043478 0.38487584650112866 0.09184782608695652 0.01580135440180587
3 0.6956521739130435 0.8972911963882618 0.07010869565217391 0.020316027088036117
3 0.7125 0.9627539503386005 0.10380434782608695 0.020316027088036117
3 0.1907608695652174 0.24379232505643342 0.02717391304347826 0.024830699774266364
3 0.1907608695652174 0.24379232505643342 0.02717391304347826 0.024830699774266364
3 0.5211956521739131 0.29909706546275394 0.17717391304347826 0.08465011286681716
3 0.7271739130434782 0.26072234762979685 0.1331521739130435 0.022573363431151242
3 0.7271739130434782 0.2832957110609481 0.1331521739130435 0.019187358916478554
3 0.7260869565217392 0.6399548532731377 0.13532608695652174 0.060948081264108354
3 0.7260869565217392 0.7009029345372461 0.13532608695652174 0.020316027088036117
3 0.6902173913043478 0.36343115124153497 0.09184782608695652 0.01805869074492099
3 0.7190217391304348 0.43115124153498874 0.14945652173913043 0.022573363431151242
3 0.7190217391304348 0.8205417607223476 0.14945652173913043 0.024830699774266364
3 0.6956521739130435 0.8758465011286681 0.07010869565217391 0.022573363431151242
3 0.7125 0.9413092550790068 0.10380434782608695 0.022573363431151242
3 0.3353260869565217 0.056433408577878104 0.024456521739130436 0.022573363431151242
3 0.37119565217391304 0.056433408577878104 0.02717391304347826 0.022573363431151242
3 0.4190217391304348 0.056433408577878104 0.04891304347826087 0.022573363431151242
3 0.4625 0.056433408577878104 0.019021739130434784 0.022573363431151242
3 0.4940217391304348 0.056433408577878104 0.024456521739130436 0.022573363431151242
3 0.5266304347826087 0.056433408577878104 0.021195652173913043 0.022573363431151242
3 0.2048913043478261 0.039503386004514675 0.0625 0.022573363431151242
3 0.20054347826086957 0.060948081264108354 0.0625 0.022573363431151242
3 0.2842391304347826 0.15575620767494355 0.09891304347826087 0.01580135440180587
3 0.35706521739130437 0.15575620767494355 0.02717391304347826 0.01580135440180587
3 0.3934782608695652 0.15575620767494355 0.026630434782608695 0.01580135440180587
3 0.4277173913043478 0.15575620767494355 0.022282608695652174 0.01580135440180587
3 0.4668478260869565 0.15575620767494355 0.03641304347826087 0.01580135440180587