0 0.584375 0.02918918918918919 0.023958333333333335 0.04216216216216216
0 0.20833333333333334 0.29081081081081084 0.010416666666666666 0.021621621621621623
0 0.7296875 0.16324324324324324 0.058854166666666666 0.015135135135135135
1 0.7140625 0.03027027027027027 0.17708333333333334 0.04216216216216216
1 0.41041666666666665 0.35783783783783785 0.14791666666666667 0.307027027027027
1 0.5666666666666667 0.35783783783783785 0.14791666666666667 0.307027027027027
1 0.7229166666666667 0.35783783783783785 0.14791666666666667 0.307027027027027
1 0.41041666666666665 0.8183783783783783 0.14791666666666667 0.307027027027027
1 0.5666666666666667 0.8183783783783783 0.14791666666666667 0.307027027027027
1 0.7229166666666667 0.8183783783783783 0.14791666666666667 0.307027027027027
1 0.22291666666666668 0.03027027027027027 0.06979166666666667 0.036756756756756756
2 0.440625 0.02918918918918919 0.31145833333333334 0.04216216216216216
2 0.45 0.02918918918918919 0.007291666666666667 0.015135135135135135
3 0.5057291666666667 0.03027027027027027 0.134375 0.02810810810810811
3 0.5109375 0.02918918918918919 0.109375 0.021621621621621623
3 0.5109375 0.02918918918918919 0.109375 0.021621621621621623
3 0.25677083333333334 0.21945945945945947 0.14479166666666668 0.032432432432432434
3 0.41041666666666665 0.5935135135135136 0.12708333333333333 0.03891891891891892
3 0.5666666666666667 0.5935135135135136 0.12708333333333333 0.03891891891891892
3 0.7229166666666667 0.5935135135135136 0.12708333333333333 0.03891891891891892
3 0.346875 0.08540540540540541 0.0234375 0.021621621621621623
3 0.38125 0.08540540540540541 0.026041666666666668 0.021621621621621623
3 0.4270833333333333 0.08540540540540541 0.046875 0.021621621621621623
3 0.46875 0.08540540540540541 0.018229166666666668 0.021621621621621623
3 0.49895833333333334 0.08540540540540541 0.0234375 0.021621621621621623
3 0.5302083333333333 0.08540540540540541 0.0203125 0.021621621621621623
3 0.21822916666666667 0.39675675675675676 0.06770833333333333 0.01945945945945946
3 0.21666666666666667 0.4810810810810811 0.06510416666666667 0.01945945945945946
3 0.2015625 0.5070270270270271 0.034375 0.01945945945945946
3 0.1984375 0.532972972972973 0.028645833333333332 0.01945945945945946
3 0.19947916666666668 0.5589189189189189 0.030729166666666665 0.01945945945945946
3 0.19375 0.6432432432432432 0.01875 0.01945945945945946
3 0.20104166666666667 0.7275675675675676 0.033854166666666664 0.01945945945945946
3 0.19479166666666667 0.8118918918918919 0.020833333333333332 0.01945945945945946
3 0.19479166666666667 0.8378378378378378 0.020833333333333332 0.01945945945945946
3 0.20833333333333334 0.9221621621621622 0.0484375 0.01945945945945946
3 0.21510416666666668 0.9481081081081081 0.06197916666666667 0.01945945945945946
3 0.2109375 0.9740540540540541 0.05364583333333333 0.01945945945945946
3 0.2604166666666667 0.39675675675675676 0.011458333333333333 0.01945945945945946
3 0.259375 0.4810810810810811 0.015104166666666667 0.01945945945945946
3 0.22708333333333333 0.5070270270270271 0.011979166666666667 0.01945945945945946
3 0.22135416666666666 0.532972972972973 0.011458333333333333 0.01945945945945946
3 0.22239583333333332 0.5589189189189189 0.009895833333333333 0.01945945945945946
3 0.21145833333333333 0.6432432432432432 0.011458333333333333 0.01945945945945946
3 0.22760416666666666 0.7275675675675676 0.0140625 0.01945945945945946
3 0.21510416666666668 0.8118918918918919 0.013541666666666667 0.01945945945945946
3 0.21458333333333332 0.8378378378378378 0.0140625 0.01945945945945946
3 0.24322916666666666 0.9221621621621622 0.015625 0.01945945945945946
3 0.25625 0.9481081081081081 0.0140625 0.01945945945945946
3 0.24635416666666668 0.9740540540540541 0.011979166666666667 0.01945945945945946
3 0.221875 0.06918918918918919 0.059895833333333336 0.021621621621621623
3 0.21770833333333334 0.08972972972972973 0.059895833333333336 0.021621621621621623
3 0.23177083333333334 0.1535135135135135 0.09479166666666666 0.021621621621621623
3 0.3015625 0.1535135135135135 0.026041666666666668 0.021621621621621623
3 0.2265625 0.17513513513513512 0.08489583333333334 0.021621621621621623