0 0.584375 0.02918918918918919 0.023958333333333335 0.04216216216216216
0 0.7296875 0.16324324324324324 0.058854166666666666 0.015135135135135135
1 0.7140625 0.03027027027027027 0.17708333333333334 0.04216216216216216
1 0.41041666666666665 0.35783783783783785 0.14791666666666667 0.307027027027027
1 0.5666666666666667 0.35783783783783785 0.14791666666666667 0.307027027027027
1 0.7229166666666667 0.35783783783783785 0.14791666666666667 0.307027027027027
1 0.22291666666666668 0.03027027027027027 0.06979166666666667 0.036756756756756756
2 0.440625 0.02918918918918919 0.31145833333333334 0.04216216216216216
2 0.45 0.02918918918918919 0.007291666666666667 0.015135135135135135
3 0.5057291666666667 0.03027027027027027 0.134375 0.02810810810810811
3 0.3765625 0.5837837837837838 0.059895833333333336 0.02054054054054054
3 0.5328125 0.5837837837837838 0.059895833333333336 0.02054054054054054
3 0.6890625 0.5837837837837838 0.059895833333333336 0.02054054054054054
3 0.5109375 0.02918918918918919 0.109375 0.021621621621621623
3 0.5109375 0.02918918918918919 0.109375 0.021621621621621623
3 0.25677083333333334 0.23567567567567568 0.14479166666666668 0.06486486486486487
3 0.41041666666666665 0.6270270270270271 0.12708333333333333 0.03891891891891892
3 0.5666666666666667 0.6270270270270271 0.12708333333333333 0.03891891891891892
3 0.7229166666666667 0.6270270270270271 0.12708333333333333 0.03891891891891892
3 0.346875 0.08540540540540541 0.0234375 0.021621621621621623
3 0.38125 0.08540540540540541 0.026041666666666668 0.021621621621621623
3 0.4270833333333333 0.08540540540540541 0.046875 0.021621621621621623
3 0.46875 0.08540540540540541 0.018229166666666668 0.021621621621621623
3 0.49895833333333334 0.08540540540540541 0.0234375 0.021621621621621623
3 0.5302083333333333 0.08540540540540541 0.0203125 0.021621621621621623
3 0.21822916666666667 0.5394594594594595 0.06770833333333333 0.01945945945945946
3 0.21666666666666667 0.6237837837837837 0.06510416666666667 0.01945945945945946
3 0.19947916666666668 0.6497297297297298 0.030729166666666665 0.01945945945945946
3 0.1984375 0.6756756756756757 0.028645833333333332 0.01945945945945946
3 0.2015625 0.7016216216216217 0.034375 0.01945945945945946
3 0.190625 0.7859459459459459 0.0125 0.01945945945945946
3 0.19583333333333333 0.8118918918918919 0.0234375 0.01945945945945946
3 0.19479166666666667 0.8378378378378378 0.020833333333333332 0.01945945945945946
3 0.19166666666666668 0.8637837837837837 0.014583333333333334 0.01945945945945946
3 0.21666666666666667 0.8897297297297297 0.06510416666666667 0.01945945945945946
3 0.20364583333333333 0.9156756756756756 0.0390625 0.01945945945945946
3 0.19166666666666668 0.9416216216216217 0.014583333333333334 0.01945945945945946
3 0.2 0.9675675675675676 0.03177083333333333 0.01945945945945946
3 0.2598958333333333 0.5394594594594595 0.0109375 0.01945945945945946
3 0.259375 0.6237837837837837 0.015104166666666667 0.01945945945945946
3 0.225 0.6497297297297298 0.015104166666666667 0.01945945945945946
3 0.2234375 0.6756756756756757 0.016145833333333335 0.01945945945945946
3 0.225 0.7016216216216217 0.007291666666666667 0.01945945945945946
3 0.2078125 0.7859459459459459 0.016145833333333335 0.01945945945945946
3 0.21770833333333334 0.8118918918918919 0.0140625 0.01945945945945946
3 0.21458333333333332 0.8378378378378378 0.013541666666666667 0.01945945945945946
3 0.20885416666666667 0.8637837837837837 0.013541666666666667 0.01945945945945946
3 0.2578125 0.8897297297297297 0.011979166666666667 0.01945945945945946
3 0.23177083333333334 0.9156756756756756 0.0109375 0.01945945945945946
3 0.20677083333333332 0.9416216216216217 0.009895833333333333 0.01945945945945946
3 0.225 0.9675675675675676 0.011979166666666667 0.01945945945945946
3 0.221875 0.06918918918918919 0.059895833333333336 0.021621621621621623
3 0.21770833333333334 0.08972972972972973 0.059895833333333336 0.021621621621621623
3 0.23177083333333334 0.1535135135135135 0.09479166666666666 0.021621621621621623
3 0.3015625 0.1535135135135135 0.026041666666666668 0.021621621621621623
3 0.2265625 0.17513513513513512 0.08489583333333334 0.021621621621621623