0 0.5857894736842105 0.02516411378555799 0.024210526315789474 0.04266958424507659
0 0.7094736842105264 0.513129102844639 0.12842105263157894 0.0525164113785558
0 0.7173684210526315 0.587527352297593 0.14473684210526316 0.0525164113785558
1 0.716842105263158 0.0262582056892779 0.17894736842105263 0.04266958424507659
1 0.20578947368421052 0.2461706783369803 0.023157894736842106 0.04814004376367615
1 0.3268421052631579 0.5185995623632386 0.19894736842105262 0.5120350109409191
1 0.20578947368421052 0.31181619256017507 0.023157894736842106 0.04814004376367615
1 0.20578947368421052 0.3774617067833698 0.023157894736842106 0.04814004376367615
1 0.22052631578947368 0.0262582056892779 0.07052631578947369 0.037199124726477024
2 0.4405263157894737 0.02516411378555799 0.31473684210526315 0.04266958424507659
3 0.47789473684210526 0.4923413566739606 0.07631578947368421 0.019693654266958426
3 0.5073684210526316 0.5722100656455142 0.13526315789473684 0.019693654266958426
3 0.5294736842105263 0.9928884026258206 0.18 0.012035010940919038
3 0.708421052631579 0.40043763676148797 0.12631578947368421 0.015317286652078774
3 0.708421052631579 0.4223194748358862 0.12631578947368421 0.015317286652078774
3 0.7036842105263158 0.9595185995623632 0.08578947368421053 0.019693654266958426
3 0.20578947368421052 0.2636761487964989 0.02631578947368421 0.024070021881838075
3 0.20578947368421052 0.3293216630196937 0.02631578947368421 0.024070021881838075
3 0.20578947368421052 0.3949671772428884 0.02631578947368421 0.024070021881838075
3 0.20578947368421052 0.2636761487964989 0.02631578947368421 0.024070021881838075
3 0.20578947368421052 0.3293216630196937 0.02631578947368421 0.024070021881838075
3 0.20578947368421052 0.3949671772428884 0.02631578947368421 0.024070021881838075
3 0.5257894736842105 0.3172866520787746 0.17157894736842105 0.08205689277899343
3 0.7252631578947368 0.2800875273522976 0.12894736842105264 0.02188183807439825
3 0.7252631578947368 0.30196936542669583 0.12894736842105264 0.018599562363238512
3 0.7242105263157895 0.6695842450765864 0.13105263157894737 0.05908096280087528
3 0.7242105263157895 0.7286652078774617 0.13105263157894737 0.019693654266958426
3 0.7242105263157895 0.7691466083150985 0.13105263157894737 0.019693654266958426
3 0.708421052631579 0.3796498905908096 0.12631578947368421 0.0175054704595186
3 0.7173684210526315 0.4671772428884026 0.14473684210526316 0.02188183807439825
3 0.7173684210526315 0.8851203501094091 0.14473684210526316 0.024070021881838075
3 0.7036842105263158 0.9387308533916849 0.08578947368421053 0.02188183807439825
3 0.34578947368421054 0.08205689277899343 0.02368421052631579 0.02188183807439825
3 0.38052631578947366 0.08205689277899343 0.02631578947368421 0.02188183807439825
3 0.4268421052631579 0.08205689277899343 0.04736842105263158 0.02188183807439825
3 0.4689473684210526 0.08205689277899343 0.018421052631578946 0.02188183807439825
3 0.4994736842105263 0.08205689277899343 0.02368421052631579 0.02188183807439825
3 0.5310526315789473 0.08205689277899343 0.020526315789473684 0.02188183807439825
3 0.21947368421052632 0.06564551422319474 0.060526315789473685 0.02188183807439825
3 0.21526315789473685 0.08643326039387308 0.060526315789473685 0.02188183807439825
3 0.25105263157894736 0.17833698030634573 0.005263157894736842 0.015317286652078774
3 0.2657894736842105 0.17833698030634573 0.005263157894736842 0.015317286652078774
3 0.32421052631578945 0.17833698030634573 0.09368421052631579 0.015317286652078774
3 0.3910526315789474 0.17833698030634573 0.020526315789473684 0.015317286652078774
3 0.42947368421052634 0.17833698030634573 0.03684210526315789 0.015317286652078774
3 0.46842105263157896 0.17833698030634573 0.022631578947368423 0.015317286652078774
3 0.5242105263157895 0.17833698030634573 0.06947368421052631 0.015317286652078774