0 0.5989304812834224 0.023333333333333334 0.02459893048128342 0.043333333333333335
0 0.7481283422459893 0.16111111111111112 0.06042780748663101 0.015555555555555555
1 0.7320855614973262 0.024444444444444446 0.18181818181818182 0.043333333333333335
1 0.4 0.31444444444444447 0.0855614973262032 0.17777777777777778
1 0.4 0.5388888888888889 0.0855614973262032 0.17777777777777778
1 0.4 0.7622222222222222 0.0855614973262032 0.17777777777777778
1 0.22780748663101605 0.024444444444444446 0.07165775401069518 0.03777777777777778
2 0.45133689839572194 0.023333333333333334 0.31978609625668447 0.043333333333333335
2 0.5101604278074866 0.023333333333333334 0.0074866310160427805 0.015555555555555555
3 0.5427807486631016 0.024444444444444446 0.08877005347593583 0.028888888888888888
3 0.474331550802139 0.38666666666666666 0.03796791443850268 0.015555555555555555
3 0.474331550802139 0.5711111111111111 0.03796791443850268 0.015555555555555555
3 0.474331550802139 0.7855555555555556 0.03796791443850268 0.015555555555555555
3 0.5481283422459893 0.023333333333333334 0.06310160427807486 0.022222222222222223
3 0.5481283422459893 0.023333333333333334 0.06310160427807486 0.022222222222222223
3 0.2625668449197861 0.19666666666666666 0.14866310160427806 0.03333333333333333
3 0.6229946524064172 0.29444444444444445 0.3352941176470588 0.057777777777777775
3 0.6229946524064172 0.47888888888888886 0.3352941176470588 0.057777777777777775
3 0.6229946524064172 0.6877777777777778 0.3352941176470588 0.028888888888888888
3 0.6229946524064172 0.9255555555555556 0.3352941176470588 0.057777777777777775
3 0.35508021390374334 0.0811111111111111 0.02406417112299465 0.022222222222222223
3 0.39037433155080214 0.0811111111111111 0.026737967914438502 0.022222222222222223
3 0.4374331550802139 0.0811111111111111 0.0481283422459893 0.022222222222222223
3 0.4802139037433155 0.0811111111111111 0.01871657754010695 0.022222222222222223
3 0.5112299465240642 0.0811111111111111 0.02406417112299465 0.022222222222222223
3 0.5433155080213904 0.0811111111111111 0.02085561497326203 0.022222222222222223
3 0.2229946524064171 0.3211111111111111 0.06951871657754011 0.02
3 0.20374331550802138 0.4077777777777778 0.031016042780748664 0.02
3 0.19946524064171123 0.43444444444444447 0.022994652406417113 0.02
3 0.19786096256684493 0.46111111111111114 0.019786096256684493 0.02
3 0.1983957219251337 0.48777777777777775 0.02085561497326203 0.02
3 0.19786096256684493 0.5144444444444445 0.019786096256684493 0.02
3 0.20427807486631017 0.5411111111111111 0.03208556149732621 0.02
3 0.1983957219251337 0.5677777777777778 0.020320855614973262 0.02
3 0.20588235294117646 0.5944444444444444 0.03529411764705882 0.02
3 0.19679144385026737 0.6211111111111111 0.017112299465240642 0.02
3 0.19786096256684493 0.7377777777777778 0.019251336898395723 0.02
3 0.20481283422459892 0.8244444444444444 0.033155080213903745 0.02
3 0.2053475935828877 0.9111111111111111 0.034759358288770054 0.02
3 0.19919786096256684 0.9933333333333333 0.021925133689839574 0.011111111111111112
3 0.2663101604278075 0.3211111111111111 0.011764705882352941 0.02
3 0.23048128342245988 0.4077777777777778 0.016577540106951873 0.02
3 0.22139037433155082 0.43444444444444447 0.014438502673796792 0.02
3 0.21818181818181817 0.46111111111111114 0.013903743315508022 0.02
3 0.21818181818181817 0.48777777777777775 0.011764705882352941 0.02
3 0.21711229946524063 0.5144444444444445 0.01229946524064171 0.02
3 0.22941176470588234 0.5411111111111111 0.01229946524064171 0.02
3 0.21711229946524063 0.5677777777777778 0.011764705882352941 0.02
3 0.232620320855615 0.5944444444444444 0.01229946524064171 0.02
3 0.21390374331550802 0.6211111111111111 0.011764705882352941 0.02
3 0.21550802139037434 0.7377777777777778 0.011229946524064172 0.02
3 0.2283422459893048 0.8244444444444444 0.008021390374331552 0.02
3 0.23368983957219253 0.9111111111111111 0.016042780748663103 0.02
3 0.22085561497326203 0.9933333333333333 0.017112299465240642 0.011111111111111112
3 0.2267379679144385 0.06444444444444444 0.06149732620320856 0.022222222222222223
3 0.22245989304812835 0.08555555555555555 0.06149732620320856 0.022222222222222223
3 0.23689839572192514 0.1511111111111111 0.09732620320855614 0.022222222222222223
3 0.306951871657754 0.1511111111111111 0.023529411764705882 0.022222222222222223