0 0.801487414187643 0.10688836104513064 0.06464530892448513 0.0166270783847981
1 0.4290617848970252 0.27078384798099764 0.09153318077803203 0.19002375296912113
1 0.4290617848970252 0.5095011876484561 0.09153318077803203 0.19002375296912113
1 0.4290617848970252 0.7482185273159145 0.09153318077803203 0.19002375296912113
3 0.5297482837528604 0.32185273159144895 0.08237986270022883 0.022565320665083134
3 0.5217391304347826 0.517814726840855 0.06693363844393593 0.022565320665083134
3 0.5217391304347826 0.7779097387173397 0.06693363844393593 0.022565320665083134
3 0.5300343249427918 0.9910926365795725 0.08295194508009153 0.015439429928741092
3 0.2820366132723112 0.14489311163895488 0.15903890160183065 0.035629453681710214
3 0.6676201372997712 0.2339667458432304 0.358695652173913 0.030878859857482184
3 0.6676201372997712 0.42992874109263657 0.358695652173913 0.030878859857482184
3 0.6676201372997712 0.668646080760095 0.358695652173913 0.030878859857482184
3 0.6676201372997712 0.9073634204275535 0.358695652173913 0.030878859857482184
3 0.38100686498855835 0.021377672209026127 0.02574370709382151 0.023752969121140142
3 0.41876430205949655 0.021377672209026127 0.028604118993135013 0.023752969121140142
3 0.4691075514874142 0.021377672209026127 0.05148741418764302 0.023752969121140142
3 0.5148741418764302 0.021377672209026127 0.02002288329519451 0.023752969121140142
3 0.5480549199084668 0.021377672209026127 0.02574370709382151 0.023752969121140142
3 0.5823798627002288 0.021377672209026127 0.02231121281464531 0.023752969121140142
3 0.2397025171624714 0.3693586698337292 0.07437070938215103 0.021377672209026127
3 0.2128146453089245 0.46199524940617576 0.020594965675057208 0.021377672209026127
3 0.2219679633867277 0.5546318289786223 0.038901601830663615 0.021377672209026127
3 0.2488558352402746 0.5831353919239906 0.09324942791762014 0.021377672209026127
3 0.2202517162471396 0.6757719714964371 0.03546910755148741 0.021377672209026127
3 0.2208237986270023 0.7684085510688836 0.03718535469107551 0.021377672209026127
3 0.2139588100686499 0.8610451306413301 0.02288329519450801 0.021377672209026127
3 0.2139588100686499 0.8895486935866983 0.02288329519450801 0.021377672209026127
3 0.2288329519450801 0.982185273159145 0.05320366132723112 0.021377672209026127
3 0.28718535469107553 0.3693586698337292 0.014874141876430207 0.021377672209026127
3 0.2339816933638444 0.46199524940617576 0.016590389016018305 0.021377672209026127
3 0.2494279176201373 0.5546318289786223 0.010297482837528604 0.021377672209026127
3 0.3060640732265446 0.5831353919239906 0.014874141876430207 0.021377672209026127
3 0.25 0.6757719714964371 0.017162471395881007 0.021377672209026127
3 0.2505720823798627 0.7684085510688836 0.016590389016018305 0.021377672209026127
3 0.2397025171624714 0.8610451306413301 0.021739130434782608 0.021377672209026127
3 0.238558352402746 0.8895486935866983 0.02116704805491991 0.021377672209026127
3 0.2683066361556064 0.982185273159145 0.02002288329519451 0.021377672209026127
3 0.2437070938215103 0.00831353919239905 0.06636155606407322 0.0166270783847981
3 0.2391304347826087 0.026128266033254157 0.06578947368421052 0.023752969121140142
3 0.2545766590389016 0.09619952494061758 0.10411899313501144 0.023752969121140142
3 0.3295194508009153 0.09619952494061758 0.02517162471395881 0.023752969121140142