0 0.584920634920635 0.018131868131868133 0.02486772486772487 0.03626373626373627
0 0.22275132275132276 0.2802197802197802 0.010582010582010581 0.02197802197802198
0 0.25132275132275134 0.2802197802197802 0.010582010582010581 0.02197802197802198
0 0.7322751322751323 0.15054945054945054 0.059788359788359786 0.015384615384615385
0 0.783068783068783 0.8923076923076924 0.01904761904761905 0.03956043956043956
1 0.7166666666666667 0.01868131868131868 0.18042328042328043 0.03736263736263736
1 0.3878306878306878 0.3021978021978022 0.08465608465608465 0.17582417582417584
1 0.3878306878306878 0.5230769230769231 0.08465608465608465 0.17582417582417584
1 0.3878306878306878 0.743956043956044 0.08465608465608465 0.17582417582417584
1 0.21772486772486774 0.017582417582417582 0.07142857142857142 0.035164835164835165
2 0.4388888888888889 0.018131868131868133 0.31693121693121695 0.03626373626373627
2 0.4396825396825397 0.014285714285714285 0.007407407407407408 0.015384615384615385
3 0.5005291005291005 0.015384615384615385 0.14497354497354498 0.02857142857142857
3 0.6084656084656085 0.25054945054945055 0.33174603174603173 0.015384615384615385
3 0.6084656084656085 0.4714285714285714 0.33174603174603173 0.015384615384615385
3 0.5058201058201058 0.014285714285714285 0.11957671957671957 0.02197802197802198
3 0.5058201058201058 0.014285714285714285 0.11957671957671957 0.02197802197802198
3 0.2518518518518518 0.2076923076923077 0.14708994708994708 0.03296703296703297
3 0.6084656084656085 0.22857142857142856 0.33174603174603173 0.02857142857142857
3 0.6084656084656085 0.44945054945054946 0.33174603174603173 0.02857142857142857
3 0.6084656084656085 0.6703296703296703 0.33174603174603173 0.02857142857142857
3 0.6084656084656085 0.8912087912087913 0.33174603174603173 0.02857142857142857
3 0.3433862433862434 0.07142857142857142 0.023809523809523808 0.02197802197802198
3 0.3783068783068783 0.07142857142857142 0.026455026455026454 0.02197802197802198
3 0.4248677248677249 0.07142857142857142 0.047619047619047616 0.02197802197802198
3 0.4671957671957672 0.07142857142857142 0.018518518518518517 0.02197802197802198
3 0.4978835978835979 0.07142857142857142 0.023809523809523808 0.02197802197802198
3 0.5296296296296297 0.07142857142857142 0.020634920634920634 0.02197802197802198
3 0.2126984126984127 0.3879120879120879 0.06878306878306878 0.01978021978021978
3 0.18783068783068782 0.4736263736263736 0.019576719576719578 0.01978021978021978
3 0.1931216931216931 0.5 0.03015873015873016 0.01978021978021978
3 0.19365079365079366 0.5263736263736264 0.030687830687830688 0.01978021978021978
3 0.18835978835978837 0.5527472527472528 0.020634920634920634 0.01978021978021978
3 0.18253968253968253 0.5791208791208792 0.008994708994708995 0.01978021978021978
3 0.18888888888888888 0.6054945054945055 0.021693121693121695 0.01978021978021978
3 0.18783068783068782 0.6318681318681318 0.019576719576719578 0.01978021978021978
3 0.191005291005291 0.6582417582417582 0.025925925925925925 0.01978021978021978
3 0.19417989417989417 0.6846153846153846 0.031746031746031744 0.01978021978021978
3 0.18941798941798943 0.8 0.02275132275132275 0.01978021978021978
3 0.19206349206349208 0.8263736263736263 0.027513227513227514 0.01978021978021978
3 0.2052910052910053 0.9120879120879121 0.054497354497354496 0.01978021978021978
3 0.19417989417989417 0.9384615384615385 0.031746031746031744 0.01978021978021978
3 0.18518518518518517 0.9648351648351648 0.014285714285714285 0.01978021978021978
3 0.19576719576719576 0.9901098901098901 0.03597883597883598 0.017582417582417582
3 0.2566137566137566 0.3879120879120879 0.014285714285714285 0.01978021978021978
3 0.20899470899470898 0.4736263736263736 0.0164021164021164 0.01978021978021978
3 0.21904761904761905 0.5 0.015873015873015872 0.01978021978021978
3 0.2201058201058201 0.5263736263736264 0.015873015873015872 0.01978021978021978
3 0.20899470899470898 0.5527472527472528 0.014285714285714285 0.01978021978021978
3 0.19576719576719576 0.5791208791208792 0.01216931216931217 0.01978021978021978
3 0.20952380952380953 0.6054945054945055 0.012698412698412698 0.01978021978021978
3 0.20793650793650795 0.6318681318681318 0.014285714285714285 0.01978021978021978
3 0.21216931216931217 0.6582417582417582 0.011111111111111112 0.01978021978021978
3 0.21904761904761905 0.6846153846153846 0.01216931216931217 0.01978021978021978
3 0.21322751322751324 0.8 0.01904761904761905 0.01978021978021978
3 0.21798941798941798 0.8263736263736263 0.018518518518518517 0.01978021978021978
3 0.24338624338624337 0.9120879120879121 0.015873015873015872 0.01978021978021978
3 0.22116402116402117 0.9384615384615385 0.0164021164021164 0.01978021978021978
3 0.20317460317460317 0.9648351648351648 0.015873015873015872 0.01978021978021978
3 0.22513227513227513 0.9901098901098901 0.0164021164021164 0.017582417582417582
3 0.2164021164021164 0.054945054945054944 0.06084656084656084 0.02197802197802198
3 0.21216931216931217 0.07582417582417582 0.06084656084656084 0.02197802197802198
3 0.22645502645502646 0.14065934065934066 0.0962962962962963 0.02197802197802198
3 0.2957671957671958 0.14065934065934066 0.02328042328042328 0.02197802197802198
3 0.2253968253968254 0.16263736263736264 0.09417989417989418 0.02197802197802198