0 0.5890449438202248 0.02044392523364486 0.026404494382022473 0.04088785046728972
0 0.7455056179775281 0.2675233644859813 0.06348314606741573 0.016355140186915886
1 0.7289325842696629 0.02102803738317757 0.19157303370786516 0.04205607476635514
1 0.401123595505618 0.477803738317757 0.15955056179775282 0.3317757009345794
1 0.5696629213483146 0.477803738317757 0.15955056179775282 0.3317757009345794
1 0.7382022471910112 0.477803738317757 0.15955056179775282 0.3317757009345794
1 0.19915730337078652 0.01985981308411215 0.07584269662921349 0.0397196261682243
2 0.4339887640449438 0.02044392523364486 0.3365168539325843 0.04088785046728972
2 0.4707865168539326 0.017523364485981307 0.007865168539325843 0.016355140186915886
3 0.5174157303370787 0.018691588785046728 0.11797752808988764 0.030373831775700934
3 0.36179775280898874 0.7219626168224299 0.058426966292134834 0.02219626168224299
3 0.5303370786516854 0.741822429906542 0.058426966292134834 0.02219626168224299
3 0.6910112359550562 0.7219626168224299 0.04325842696629213 0.02219626168224299
3 0.5230337078651686 0.017523364485981307 0.09101123595505618 0.02336448598130841
3 0.5230337078651686 0.017523364485981307 0.09101123595505618 0.02336448598130841
3 0.2353932584269663 0.32242990654205606 0.15617977528089888 0.07009345794392523
3 0.401123595505618 0.7686915887850467 0.13707865168539327 0.04205607476635514
3 0.5696629213483146 0.7885514018691588 0.13707865168539327 0.04205607476635514
3 0.7382022471910112 0.7686915887850467 0.13707865168539327 0.04205607476635514
3 0.3325842696629214 0.07827102803738317 0.025280898876404494 0.02336448598130841
3 0.36966292134831463 0.07827102803738317 0.028089887640449437 0.02336448598130841
3 0.4191011235955056 0.07827102803738317 0.05056179775280899 0.02336448598130841
3 0.4640449438202247 0.07827102803738317 0.019662921348314606 0.02336448598130841
3 0.4966292134831461 0.07827102803738317 0.025280898876404494 0.02336448598130841
3 0.5303370786516854 0.07827102803738317 0.021910112359550562 0.02336448598130841
3 0.19382022471910113 0.6507009345794392 0.07303370786516854 0.02102803738317757
3 0.17134831460674158 0.741822429906542 0.028089887640449437 0.02102803738317757
3 0.17584269662921348 0.7698598130841121 0.037640449438202245 0.02102803738317757
3 0.16685393258426967 0.7978971962616822 0.019662921348314606 0.02102803738317757
3 0.16685393258426967 0.8259345794392523 0.019662921348314606 0.02102803738317757
3 0.18370786516853932 0.9170560747663551 0.05337078651685393 0.02102803738317757
3 0.20786516853932585 0.9450934579439252 0.10168539325842697 0.02102803738317757
3 0.1898876404494382 0.9731308411214953 0.0651685393258427 0.02102803738317757
3 0.20674157303370785 0.9947429906542056 0.1 0.008177570093457943
3 0.24157303370786518 0.6507009345794392 0.016853932584269662 0.02102803738317757
3 0.2 0.741822429906542 0.02359550561797753 0.02102803738317757
3 0.20393258426966293 0.7698598130841121 0.012921348314606741 0.02102803738317757
3 0.18370786516853932 0.7978971962616822 0.007865168539325843 0.02102803738317757
3 0.18370786516853932 0.8259345794392523 0.007865168539325843 0.02102803738317757
3 0.22415730337078651 0.9170560747663551 0.021910112359550562 0.02102803738317757
3 0.2696629213483146 0.9450934579439252 0.016292134831460674 0.02102803738317757
3 0.23146067415730337 0.9731308411214953 0.012921348314606741 0.02102803738317757
3 0.26432584269662923 0.9947429906542056 0.008426966292134831 0.008177570093457943
3 0.19775280898876405 0.06074766355140187 0.06460674157303371 0.02336448598130841
3 0.19325842696629214 0.08294392523364486 0.06460674157303371 0.02336448598130841
3 0.18876404494382024 0.2570093457943925 0.06348314606741573 0.02336448598130841