0 0.5948087431693989 0.012471655328798186 0.025683060109289616 0.024943310657596373
0 0.7469945355191256 0.14285714285714285 0.06174863387978142 0.015873015873015872
1 0.7308743169398907 0.013038548752834467 0.18633879781420765 0.026077097505668934
1 0.3912568306010929 0.29931972789115646 0.08743169398907104 0.18140589569160998
1 0.3912568306010929 0.5272108843537415 0.08743169398907104 0.18140589569160998
1 0.3912568306010929 0.7551020408163265 0.08743169398907104 0.18140589569160998
1 0.2155737704918033 0.011904761904761904 0.07377049180327869 0.023809523809523808
2 0.44398907103825136 0.012471655328798186 0.3273224043715847 0.024943310657596373
2 0.5040983606557377 0.005668934240362812 0.00819672131147541 0.011337868480725623
3 0.5374316939890711 0.00963718820861678 0.0912568306010929 0.01927437641723356
3 0.4672131147540984 0.30272108843537415 0.03879781420765027 0.015873015873015872
3 0.4672131147540984 0.5306122448979592 0.03879781420765027 0.015873015873015872
3 0.4672131147540984 0.7585034013605442 0.03879781420765027 0.015873015873015872
3 0.5428961748633879 0.007369614512471655 0.06502732240437159 0.01473922902494331
3 0.5428961748633879 0.007369614512471655 0.06502732240437159 0.01473922902494331
3 0.25081967213114753 0.2018140589569161 0.15191256830601094 0.034013605442176874
3 0.6191256830601093 0.2233560090702948 0.34262295081967215 0.02947845804988662
3 0.6191256830601093 0.4512471655328798 0.34262295081967215 0.02947845804988662
3 0.6191256830601093 0.6791383219954649 0.34262295081967215 0.02947845804988662
3 0.6191256830601093 0.9070294784580499 0.34262295081967215 0.02947845804988662
3 0.3453551912568306 0.061224489795918366 0.02459016393442623 0.022675736961451247
3 0.3814207650273224 0.061224489795918366 0.0273224043715847 0.022675736961451247
3 0.42950819672131146 0.061224489795918366 0.04918032786885246 0.022675736961451247
3 0.473224043715847 0.061224489795918366 0.01912568306010929 0.022675736961451247
3 0.5049180327868853 0.061224489795918366 0.02459016393442623 0.022675736961451247
3 0.5377049180327869 0.061224489795918366 0.021311475409836064 0.022675736961451247
3 0.2103825136612022 0.3287981859410431 0.07103825136612021 0.02040816326530612
3 0.18469945355191256 0.41723356009070295 0.020218579234972677 0.02040816326530612
3 0.18633879781420765 0.4444444444444444 0.023497267759562842 0.02040816326530612
3 0.1907103825136612 0.47165532879818595 0.03169398907103825 0.02040816326530612
3 0.18524590163934426 0.4988662131519274 0.020765027322404372 0.02040816326530612
3 0.18524590163934426 0.5260770975056689 0.021311475409836064 0.02040816326530612
3 0.1814207650273224 0.5532879818594104 0.01366120218579235 0.02040816326530612
3 0.18797814207650274 0.5804988662131519 0.026775956284153007 0.02040816326530612
3 0.18360655737704917 0.6077097505668935 0.017486338797814208 0.02040816326530612
3 0.1912568306010929 0.6349206349206349 0.03278688524590164 0.02040816326530612
3 0.18469945355191256 0.753968253968254 0.019672131147540985 0.02040816326530612
3 0.1918032786885246 0.8424036281179138 0.033879781420765025 0.02040816326530612
3 0.1923497267759563 0.9308390022675737 0.03551912568306011 0.02040816326530612
3 0.253551912568306 0.3287981859410431 0.009836065573770493 0.02040816326530612
3 0.20437158469945355 0.41723356009070295 0.012021857923497269 0.02040816326530612
3 0.20655737704918034 0.4444444444444444 0.010382513661202186 0.02040816326530612
3 0.21584699453551912 0.47165532879818595 0.012568306010928962 0.02040816326530612
3 0.20327868852459016 0.4988662131519274 0.009836065573770493 0.02040816326530612
3 0.20327868852459016 0.5260770975056689 0.00819672131147541 0.02040816326530612
3 0.19453551912568307 0.5532879818594104 0.007103825136612022 0.02040816326530612
3 0.20765027322404372 0.5804988662131519 0.007103825136612022 0.02040816326530612
3 0.1989071038251366 0.6077097505668935 0.007650273224043716 0.02040816326530612
3 0.21475409836065573 0.6349206349206349 0.00819672131147541 0.02040816326530612
3 0.20327868852459016 0.753968253968254 0.012021857923497269 0.02040816326530612
3 0.21584699453551912 0.8424036281179138 0.00819672131147541 0.02040816326530612
3 0.2191256830601093 0.9308390022675737 0.012021857923497269 0.02040816326530612
3 0.21420765027322405 0.04421768707482993 0.06284153005464481 0.022675736961451247
3 0.2098360655737705 0.06575963718820861 0.06284153005464481 0.022675736961451247
3 0.22459016393442624 0.1326530612244898 0.0994535519125683 0.022675736961451247
3 0.29617486338797816 0.1326530612244898 0.024043715846994537 0.022675736961451247
3 0.19344262295081968 0.15532879818594103 0.03770491803278689 0.022675736961451247