0 0.6993006993006993 0.11743341404358354 0.06585081585081586 0.01694915254237288
1 0.31993006993006995 0.2845036319612591 0.09324009324009325 0.1937046004842615
1 0.31993006993006995 0.5278450363196125 0.09324009324009325 0.1937046004842615
1 0.31993006993006995 0.7711864406779662 0.09324009324009325 0.1937046004842615
3 0.40093240093240096 0.288135593220339 0.041375291375291376 0.01694915254237288
3 0.40093240093240096 0.5314769975786925 0.041375291375291376 0.01694915254237288
3 0.40093240093240096 0.774818401937046 0.041375291375291376 0.01694915254237288
3 0.17016317016317017 0.18038740920096852 0.16200466200466201 0.03631961259079903
3 0.5629370629370629 0.2033898305084746 0.36538461538461536 0.031476997578692496
3 0.5629370629370629 0.4467312348668281 0.36538461538461536 0.031476997578692496
3 0.5629370629370629 0.6900726392251816 0.36538461538461536 0.031476997578692496
3 0.5629370629370629 0.9334140435835351 0.36538461538461536 0.031476997578692496
3 0.270979020979021 0.03026634382566586 0.026223776223776224 0.024213075060532687
3 0.3094405594405594 0.03026634382566586 0.029137529137529136 0.024213075060532687
3 0.36072261072261075 0.03026634382566586 0.05244755244755245 0.024213075060532687
3 0.40734265734265734 0.03026634382566586 0.020396270396270396 0.024213075060532687
3 0.44114219114219116 0.03026634382566586 0.026223776223776224 0.024213075060532687
3 0.4761072261072261 0.03026634382566586 0.022727272727272728 0.024213075060532687
3 0.12703962703962704 0.3159806295399516 0.07575757575757576 0.021791767554479417
3 0.09965034965034965 0.41041162227602906 0.02156177156177156 0.021791767554479417
3 0.10139860139860139 0.43946731234866826 0.02505827505827506 0.021791767554479417
3 0.10606060606060606 0.4685230024213075 0.0337995337995338 0.021791767554479417
3 0.10023310023310024 0.4975786924939467 0.022144522144522144 0.021791767554479417
3 0.10023310023310024 0.5266343825665859 0.022727272727272728 0.021791767554479417
3 0.09615384615384616 0.5556900726392252 0.014568764568764568 0.021791767554479417
3 0.10314685314685315 0.5847457627118644 0.028554778554778556 0.021791767554479417
3 0.09848484848484848 0.6138014527845036 0.018648018648018648 0.021791767554479417
3 0.10664335664335664 0.6428571428571429 0.03496503496503497 0.021791767554479417
3 0.09965034965034965 0.7699757869249395 0.02097902097902098 0.021791767554479417
3 0.10722610722610723 0.864406779661017 0.03613053613053613 0.021791767554479417
3 0.10780885780885781 0.9588377723970944 0.03787878787878788 0.021791767554479417
3 0.17307692307692307 0.3159806295399516 0.01048951048951049 0.021791767554479417
3 0.12062937062937062 0.41041162227602906 0.01282051282051282 0.021791767554479417
3 0.12296037296037296 0.43946731234866826 0.011072261072261072 0.021791767554479417
3 0.13286713286713286 0.4685230024213075 0.013403263403263404 0.021791767554479417
3 0.11946386946386946 0.4975786924939467 0.01048951048951049 0.021791767554479417
3 0.11946386946386946 0.5266343825665859 0.008741258741258742 0.021791767554479417
3 0.11013986013986014 0.5556900726392252 0.007575757575757576 0.021791767554479417
3 0.12412587412587413 0.5847457627118644 0.007575757575757576 0.021791767554479417
3 0.1148018648018648 0.6138014527845036 0.008158508158508158 0.021791767554479417
3 0.1317016317016317 0.6428571428571429 0.008741258741258742 0.021791767554479417
3 0.11946386946386946 0.7699757869249395 0.01282051282051282 0.021791767554479417
3 0.13286713286713286 0.864406779661017 0.008741258741258742 0.021791767554479417
3 0.13636363636363635 0.9588377723970944 0.01282051282051282 0.021791767554479417
3 0.13111888111888112 0.012106537530266344 0.06701631701631702 0.024213075060532687
3 0.12645687645687645 0.035108958837772396 0.06701631701631702 0.024213075060532687
3 0.14219114219114218 0.10653753026634383 0.10606060606060606 0.024213075060532687
3 0.21853146853146854 0.10653753026634383 0.02564102564102564 0.024213075060532687
3 0.10897435897435898 0.13075060532687652 0.04020979020979021 0.024213075060532687