0 0.5693820224719102 0.01985981308411215 0.026404494382022473 0.0397196261682243
0 0.7258426966292135 0.16121495327102803 0.06348314606741573 0.016355140186915886
1 0.7092696629213483 0.02044392523364486 0.19157303370786516 0.04088785046728972
1 0.3601123595505618 0.32242990654205606 0.0898876404494382 0.18691588785046728
1 0.3601123595505618 0.5572429906542056 0.0898876404494382 0.18691588785046728
1 0.3601123595505618 0.7920560747663551 0.0898876404494382 0.18691588785046728
1 0.17949438202247192 0.019275700934579438 0.07584269662921349 0.038551401869158876
2 0.4143258426966292 0.01985981308411215 0.3365168539325843 0.0397196261682243
2 0.4151685393258427 0.016355140186915886 0.007865168539325843 0.016355140186915886
3 0.4797752808988764 0.017523364485981307 0.15393258426966291 0.030373831775700934
3 0.43820224719101125 0.8469626168224299 0.039887640449438204 0.016355140186915886
3 0.4853932584269663 0.016355140186915886 0.12696629213483146 0.02336448598130841
3 0.4853932584269663 0.016355140186915886 0.12696629213483146 0.02336448598130841
3 0.2157303370786517 0.2219626168224299 0.15617977528089888 0.035046728971962614
3 0.5943820224719101 0.25934579439252337 0.35224719101123597 0.06074766355140187
3 0.5943820224719101 0.47897196261682246 0.35224719101123597 0.030373831775700934
3 0.5943820224719101 0.7289719626168224 0.35224719101123597 0.06074766355140187
3 0.5943820224719101 0.9637850467289719 0.35224719101123597 0.06074766355140187
3 0.3129213483146067 0.07710280373831775 0.025280898876404494 0.02336448598130841
3 0.35 0.07710280373831775 0.028089887640449437 0.02336448598130841
3 0.399438202247191 0.07710280373831775 0.05056179775280899 0.02336448598130841
3 0.4443820224719101 0.07710280373831775 0.019662921348314606 0.02336448598130841
3 0.47696629213483144 0.07710280373831775 0.025280898876404494 0.02336448598130841
3 0.5106741573033707 0.07710280373831775 0.021910112359550562 0.02336448598130841
3 0.17415730337078653 0.352803738317757 0.07303370786516854 0.02102803738317757
3 0.14775280898876406 0.4439252336448598 0.020786516853932586 0.02102803738317757
3 0.15337078651685393 0.4719626168224299 0.03202247191011236 0.02102803738317757
3 0.14831460674157304 0.5 0.021910112359550562 0.02102803738317757
3 0.15393258426966291 0.5280373831775701 0.03258426966292135 0.02102803738317757
3 0.1544943820224719 0.5560747663551402 0.033707865168539325 0.02102803738317757
3 0.151123595505618 0.5841121495327103 0.02752808988764045 0.02102803738317757
3 0.14213483146067415 0.6121495327102804 0.009550561797752809 0.02102803738317757
3 0.14887640449438203 0.6401869158878505 0.023033707865168538 0.02102803738317757
3 0.1455056179775281 0.6682242990654206 0.016292134831460674 0.02102803738317757
3 0.15730337078651685 0.7908878504672897 0.03932584269662921 0.02102803738317757
3 0.1662921348314607 0.8189252336448598 0.05786516853932584 0.02102803738317757
3 0.149438202247191 0.9100467289719626 0.024157303370786518 0.02102803738317757
3 0.15224719101123596 0.9380841121495327 0.029213483146067417 0.02102803738317757
3 0.22191011235955055 0.352803738317757 0.016853932584269662 0.02102803738317757
3 0.17247191011235954 0.4439252336448598 0.021910112359550562 0.02102803738317757
3 0.18089887640449437 0.4719626168224299 0.016853932584269662 0.02102803738317757
3 0.17134831460674158 0.5 0.01741573033707865 0.02102803738317757
3 0.18202247191011237 0.5280373831775701 0.01741573033707865 0.02102803738317757
3 0.18314606741573033 0.5560747663551402 0.01741573033707865 0.02102803738317757
3 0.17640449438202246 0.5841121495327103 0.016853932584269662 0.02102803738317757
3 0.15842696629213482 0.6121495327102804 0.016853932584269662 0.02102803738317757
3 0.17247191011235954 0.6401869158878505 0.016853932584269662 0.02102803738317757
3 0.1646067415730337 0.6682242990654206 0.016292134831460674 0.02102803738317757
3 0.19157303370786516 0.7908878504672897 0.02359550561797753 0.02102803738317757
3 0.20617977528089887 0.8189252336448598 0.016292134831460674 0.02102803738317757
3 0.17584269662921348 0.9100467289719626 0.023033707865168538 0.02102803738317757
3 0.18202247191011237 0.9380841121495327 0.02359550561797753 0.02102803738317757
3 0.17808988764044945 0.05957943925233645 0.06460674157303371 0.02336448598130841
3 0.17359550561797754 0.08177570093457943 0.06460674157303371 0.02336448598130841
3 0.18876404494382024 0.15070093457943926 0.10224719101123596 0.02336448598130841
3 0.26235955056179777 0.15070093457943926 0.024719101123595506 0.02336448598130841
3 0.18764044943820224 0.17406542056074767 0.1 0.02336448598130841