0 0.7269662921348314 0.49065420560747663 0.1398876404494382 0.056074766355140186
0 0.7342696629213483 0.5700934579439252 0.1544943820224719 0.056074766355140186
1 0.18820224719101122 0.205607476635514 0.024719101123595506 0.0514018691588785
1 0.31741573033707865 0.49649532710280375 0.21235955056179776 0.5467289719626168
1 0.18820224719101122 0.2757009345794392 0.024719101123595506 0.0514018691588785
1 0.18820224719101122 0.34579439252336447 0.024719101123595506 0.0514018691588785
1 0.451123595505618 0.5969626168224299 0.021348314606741574 0.04439252336448598
1 0.48146067415730337 0.5957943925233645 0.02247191011235955 0.04672897196261682
3 0.4786516853932584 0.46845794392523366 0.08146067415730338 0.02102803738317757
3 0.5337078651685393 0.5467289719626168 0.19157303370786516 0.02453271028037383
3 0.5101123595505618 0.6810747663551402 0.14438202247191012 0.02102803738317757
3 0.7078651685393258 0.3703271028037383 0.10168539325842697 0.016355140186915886
3 0.7078651685393258 0.39369158878504673 0.10168539325842697 0.016355140186915886
3 0.7230337078651685 0.9672897196261683 0.09775280898876404 0.02102803738317757
3 0.18820224719101122 0.22429906542056074 0.028089887640449437 0.02570093457943925
3 0.18820224719101122 0.29439252336448596 0.028089887640449437 0.02570093457943925
3 0.18820224719101122 0.3644859813084112 0.028089887640449437 0.02570093457943925
3 0.18820224719101122 0.22429906542056074 0.028089887640449437 0.02570093457943925
3 0.18820224719101122 0.29439252336448596 0.028089887640449437 0.02570093457943925
3 0.18820224719101122 0.3644859813084112 0.028089887640449437 0.02570093457943925
3 0.5297752808988764 0.28154205607476634 0.18314606741573033 0.08761682242990654
3 0.7426966292134831 0.24182242990654207 0.13764044943820225 0.02336448598130841
3 0.7426966292134831 0.2651869158878505 0.13764044943820225 0.01985981308411215
3 0.7415730337078652 0.6577102803738317 0.1398876404494382 0.0630841121495327
3 0.7415730337078652 0.7207943925233645 0.1398876404494382 0.02102803738317757
3 0.7415730337078652 0.764018691588785 0.1398876404494382 0.02102803738317757
3 0.7078651685393258 0.34813084112149534 0.10168539325842697 0.018691588785046728
3 0.7342696629213483 0.441588785046729 0.1544943820224719 0.02336448598130841
3 0.7342696629213483 0.8878504672897196 0.1544943820224719 0.02570093457943925
3 0.7230337078651685 0.9450934579439252 0.09775280898876404 0.02336448598130841
3 0.33764044943820226 0.030373831775700934 0.025280898876404494 0.02336448598130841
3 0.3747191011235955 0.030373831775700934 0.028089887640449437 0.02336448598130841
3 0.4241573033707865 0.030373831775700934 0.05056179775280899 0.02336448598130841
3 0.4691011235955056 0.030373831775700934 0.019662921348314606 0.02336448598130841
3 0.501685393258427 0.030373831775700934 0.025280898876404494 0.02336448598130841
3 0.5353932584269663 0.030373831775700934 0.021910112359550562 0.02336448598130841
3 0.20280898876404493 0.012850467289719626 0.06460674157303371 0.02336448598130841
3 0.19831460674157303 0.035046728971962614 0.06460674157303371 0.02336448598130841
3 0.23651685393258426 0.13317757009345793 0.0056179775280898875 0.016355140186915886
3 0.25224719101123594 0.13317757009345793 0.0056179775280898875 0.016355140186915886
3 0.3146067415730337 0.13317757009345793 0.1 0.016355140186915886
3 0.39157303370786517 0.13317757009345793 0.03258426966292135 0.016355140186915886
3 0.43764044943820224 0.13317757009345793 0.03932584269662921 0.016355140186915886
3 0.4820224719101124 0.13317757009345793 0.029213483146067417 0.016355140186915886
3 0.5438202247191011 0.13317757009345793 0.07415730337078652 0.016355140186915886