0 0.5545197740112995 0.02112676056338028 0.02655367231638418 0.04225352112676056
0 0.1576271186440678 0.38497652582159625 0.011299435028248588 0.023474178403755867
0 0.711864406779661 0.2699530516431925 0.06384180790960452 0.01643192488262911
0 0.7655367231638418 0.9237089201877934 0.020338983050847456 0.04225352112676056
1 0.6951977401129944 0.02171361502347418 0.19265536723163842 0.04342723004694836
1 0.3655367231638418 0.4812206572769953 0.16045197740112993 0.3333333333333333
1 0.5350282485875706 0.4812206572769953 0.16045197740112993 0.3333333333333333
1 0.7045197740112994 0.4812206572769953 0.16045197740112993 0.3333333333333333
1 0.16214689265536722 0.01995305164319249 0.07570621468926554 0.03990610328638498
2 0.39858757062146893 0.02112676056338028 0.3384180790960452 0.04225352112676056
2 0.4344632768361582 0.018779342723004695 0.007909604519774011 0.01643192488262911
3 0.48192090395480225 0.01995305164319249 0.11977401129943503 0.03051643192488263
3 0.31807909604519774 0.7265258215962441 0.04350282485875706 0.022300469483568074
3 0.5067796610169492 0.7734741784037559 0.08135593220338982 0.022300469483568074
3 0.676271186440678 0.7265258215962441 0.08135593220338982 0.022300469483568074
3 0.48757062146892655 0.018779342723004695 0.09265536723163842 0.023474178403755867
3 0.48757062146892655 0.018779342723004695 0.09265536723163842 0.023474178403755867
3 0.19887005649717515 0.3075117370892019 0.15706214689265538 0.035211267605633804
3 0.3655367231638418 0.7734741784037559 0.13785310734463277 0.04225352112676056
3 0.5350282485875706 0.8204225352112676 0.13785310734463277 0.04225352112676056
3 0.7045197740112994 0.7734741784037559 0.13785310734463277 0.04225352112676056
3 0.2966101694915254 0.07981220657276995 0.025423728813559324 0.023474178403755867
3 0.3338983050847458 0.07981220657276995 0.02824858757062147 0.023474178403755867
3 0.38361581920903953 0.07981220657276995 0.05084745762711865 0.023474178403755867
3 0.4288135593220339 0.07981220657276995 0.01977401129943503 0.023474178403755867
3 0.4615819209039548 0.07981220657276995 0.025423728813559324 0.023474178403755867
3 0.49548022598870056 0.07981220657276995 0.022033898305084745 0.023474178403755867
3 0.15706214689265538 0.6807511737089202 0.07344632768361582 0.02112676056338028
3 0.13615819209039548 0.7723004694835681 0.031638418079096044 0.02112676056338028
3 0.12937853107344632 0.8004694835680751 0.01864406779661017 0.02112676056338028
3 0.12937853107344632 0.8286384976525821 0.01864406779661017 0.02112676056338028
3 0.13728813559322034 0.92018779342723 0.03446327683615819 0.02112676056338028
3 0.12994350282485875 0.9483568075117371 0.0192090395480226 0.02112676056338028
3 0.12768361581920903 0.9765258215962441 0.015254237288135594 0.02112676056338028
3 0.13615819209039548 0.9964788732394366 0.0327683615819209 0.004694835680751174
3 0.20451977401129945 0.6807511737089202 0.01638418079096045 0.02112676056338028
3 0.16666666666666666 0.7723004694835681 0.023728813559322035 0.02112676056338028
3 0.15254237288135594 0.8004694835680751 0.021468926553672316 0.02112676056338028
3 0.1480225988700565 0.8286384976525821 0.012429378531073447 0.02112676056338028
3 0.16497175141242937 0.92018779342723 0.015254237288135594 0.02112676056338028
3 0.1497175141242938 0.9483568075117371 0.014689265536723164 0.02112676056338028
3 0.14689265536723164 0.9765258215962441 0.015819209039548022 0.02112676056338028
3 0.16327683615819208 0.9964788732394366 0.015819209039548022 0.004694835680751174
3 0.16101694915254236 0.062206572769953054 0.06497175141242938 0.023474178403755867
3 0.15649717514124295 0.08450704225352113 0.06497175141242938 0.023474178403755867
3 0.1519774011299435 0.25938967136150237 0.06384180790960452 0.023474178403755867
3 0.2271186440677966 0.25938967136150237 0.06497175141242938 0.023474178403755867