0 0.5933510638297872 0.019867549668874173 0.025 0.039735099337748346
0 0.726063829787234 0.5011037527593819 0.14627659574468085 0.052980132450331126
1 0.7257978723404256 0.02041942604856512 0.18138297872340425 0.04083885209713024
1 0.20904255319148937 0.24061810154525387 0.023404255319148935 0.04856512141280353
1 0.3313829787234043 0.5154525386313465 0.20106382978723406 0.5165562913907285
1 0.20904255319148937 0.3068432671081678 0.023404255319148935 0.04856512141280353
1 0.20904255319148937 0.3730684326710817 0.023404255319148935 0.04856512141280353
1 0.22393617021276596 0.018763796909492272 0.07127659574468086 0.037527593818984545
2 0.4465425531914894 0.019867549668874173 0.31861702127659575 0.039735099337748346
3 0.4845744680851064 0.4271523178807947 0.07765957446808511 0.019867549668874173
3 0.5138297872340426 0.5077262693156733 0.13670212765957446 0.019867549668874173
3 0.5361702127659574 0.8432671081677704 0.18138297872340425 0.019867549668874173
3 0.701063829787234 0.39624724061810157 0.09627659574468085 0.01545253863134658
3 0.726063829787234 0.4392935982339956 0.14627659574468085 0.026490066225165563
3 0.7058510638297872 0.8763796909492274 0.07340425531914893 0.019867549668874173
3 0.7196808510638298 0.9403973509933775 0.10159574468085106 0.019867549668874173
3 0.20904255319148937 0.2582781456953642 0.026595744680851064 0.024282560706401765
3 0.20904255319148937 0.32450331125827814 0.026595744680851064 0.024282560706401765
3 0.20904255319148937 0.39072847682119205 0.026595744680851064 0.024282560706401765
3 0.20904255319148937 0.2582781456953642 0.026595744680851064 0.024282560706401765
3 0.20904255319148937 0.32450331125827814 0.026595744680851064 0.024282560706401765
3 0.20904255319148937 0.39072847682119205 0.026595744680851064 0.024282560706401765
3 0.5324468085106383 0.29911699779249445 0.17340425531914894 0.05518763796909492
3 0.7340425531914894 0.27483443708609273 0.13031914893617022 0.02207505518763797
3 0.7340425531914894 0.2969094922737307 0.13031914893617022 0.018763796909492272
3 0.7329787234042553 0.5838852097130243 0.1324468085106383 0.059602649006622516
3 0.7329787234042553 0.6434878587196468 0.1324468085106383 0.019867549668874173
3 0.7329787234042553 0.6843267108167771 0.1324468085106383 0.019867549668874173
3 0.701063829787234 0.37527593818984545 0.09627659574468085 0.017660044150110375
3 0.726063829787234 0.8013245033112583 0.14627659574468085 0.024282560706401765
3 0.7058510638297872 0.8554083885209713 0.07340425531914893 0.02207505518763797
3 0.7196808510638298 0.9194260485651214 0.10159574468085106 0.02207505518763797
3 0.350531914893617 0.07505518763796909 0.023936170212765957 0.02207505518763797
3 0.38563829787234044 0.07505518763796909 0.026595744680851064 0.02207505518763797
3 0.4324468085106383 0.07505518763796909 0.047872340425531915 0.02207505518763797
3 0.475 0.07505518763796909 0.018617021276595744 0.02207505518763797
3 0.5058510638297873 0.07505518763796909 0.023936170212765957 0.02207505518763797
3 0.5377659574468086 0.07505518763796909 0.02074468085106383 0.02207505518763797
3 0.22287234042553192 0.05849889624724062 0.061170212765957445 0.02207505518763797
3 0.21861702127659574 0.07947019867549669 0.061170212765957445 0.02207505518763797
3 0.300531914893617 0.17218543046357615 0.09680851063829787 0.01545253863134658
3 0.3702127659574468 0.17218543046357615 0.023936170212765957 0.01545253863134658
3 0.43882978723404253 0.17218543046357615 0.09468085106382979 0.01545253863134658
3 0.5053191489361702 0.17218543046357615 0.019680851063829788 0.01545253863134658
3 0.5441489361702128 0.17218543046357615 0.03723404255319149 0.01545253863134658
3 0.5829787234042553 0.17218543046357615 0.022872340425531913 0.01545253863134658