0 0.584375 0.02918918918918919 0.023958333333333335 0.04216216216216216
0 0.228125 0.29081081081081084 0.010416666666666666 0.021621621621621623
0 0.25625 0.29081081081081084 0.010416666666666666 0.021621621621621623
0 0.2989583333333333 0.29081081081081084 0.010416666666666666 0.021621621621621623
0 0.21510416666666668 0.32972972972972975 0.010416666666666666 0.021621621621621623
0 0.2677083333333333 0.6302702702702703 0.0125 0.025945945945945945
0 0.2677083333333333 0.8313513513513513 0.0125 0.025945945945945945
0 0.7296875 0.16324324324324324 0.058854166666666666 0.015135135135135135
1 0.7140625 0.03027027027027027 0.17708333333333334 0.04216216216216216
1 0.390625 0.3124324324324324 0.08333333333333333 0.17297297297297298
1 0.390625 0.5297297297297298 0.08333333333333333 0.17297297297297298
1 0.390625 0.7470270270270271 0.08333333333333333 0.17297297297297298
1 0.22291666666666668 0.03027027027027027 0.06979166666666667 0.036756756756756756
2 0.440625 0.02918918918918919 0.31145833333333334 0.04216216216216216
2 0.44166666666666665 0.02918918918918919 0.007291666666666667 0.015135135135135135
2 0.2 0.6281081081081081 0.03229166666666667 0.02702702702702703
2 0.24166666666666667 0.6281081081081081 0.03229166666666667 0.02702702702702703
2 0.2 0.8291891891891892 0.03229166666666667 0.02702702702702703
2 0.24166666666666667 0.8291891891891892 0.03229166666666667 0.02702702702702703
3 0.5015625 0.03027027027027027 0.14270833333333333 0.02810810810810811
3 0.6078125 0.2616216216216216 0.3265625 0.015135135135135135
3 0.4630208333333333 0.7502702702702703 0.03697916666666667 0.015135135135135135
3 0.5067708333333333 0.02918918918918919 0.11770833333333333 0.021621621621621623
3 0.2 0.6302702702702703 0.03125 0.03351351351351351
3 0.24166666666666667 0.6302702702702703 0.03125 0.03351351351351351
3 0.2 0.8313513513513513 0.03125 0.03351351351351351
3 0.24166666666666667 0.8313513513513513 0.03125 0.03351351351351351
3 0.5067708333333333 0.02918918918918919 0.11770833333333333 0.021621621621621623
3 0.2 0.6302702702702703 0.03125 0.03351351351351351
3 0.24166666666666667 0.6302702702702703 0.03125 0.03351351351351351
3 0.2 0.8313513513513513 0.03125 0.03351351351351351
3 0.24166666666666667 0.8313513513513513 0.03125 0.03351351351351351
3 0.25677083333333334 0.21945945945945947 0.14479166666666668 0.032432432432432434
3 0.6078125 0.24 0.3265625 0.02810810810810811
3 0.6078125 0.4962162162162162 0.3265625 0.02810810810810811
3 0.6078125 0.6745945945945946 0.3265625 0.02810810810810811
3 0.6078125 0.8918918918918919 0.3265625 0.02810810810810811
3 0.346875 0.08540540540540541 0.0234375 0.021621621621621623
3 0.38125 0.08540540540540541 0.026041666666666668 0.021621621621621623
3 0.4270833333333333 0.08540540540540541 0.046875 0.021621621621621623
3 0.46875 0.08540540540540541 0.018229166666666668 0.021621621621621623
3 0.49895833333333334 0.08540540540540541 0.0234375 0.021621621621621623
3 0.5302083333333333 0.08540540540540541 0.0203125 0.021621621621621623
3 0.21822916666666667 0.43567567567567567 0.06770833333333333 0.01945945945945946
3 0.2078125 0.52 0.04739583333333333 0.01945945945945946
3 0.19114583333333332 0.5459459459459459 0.0140625 0.01945945945945946
3 0.19114583333333332 0.5718918918918919 0.0140625 0.01945945945945946
3 0.203125 0.5978378378378378 0.0375 0.01945945945945946
3 0.21510416666666668 0.721081081081081 0.06145833333333333 0.01945945945945946
3 0.2125 0.7470270270270271 0.05625 0.01945945945945946
3 0.2125 0.772972972972973 0.05625 0.01945945945945946
3 0.21041666666666667 0.798918918918919 0.05260416666666667 0.01945945945945946
3 0.21875 0.9232432432432433 0.06875 0.01945945945945946
3 0.21302083333333333 0.9491891891891892 0.0578125 0.01945945945945946
3 0.25833333333333336 0.43567567567567567 0.007291666666666667 0.01945945945945946
3 0.240625 0.52 0.011458333333333333 0.01945945945945946
3 0.20677083333333332 0.5459459459459459 0.011458333333333333 0.01945945945945946
3 0.20572916666666666 0.5718918918918919 0.009375 0.01945945945945946
3 0.2296875 0.5978378378378378 0.009895833333333333 0.01945945945945946
3 0.25416666666666665 0.721081081081081 0.011979166666666667 0.01945945945945946
3 0.24947916666666667 0.7470270270270271 0.011979166666666667 0.01945945945945946
3 0.24791666666666667 0.772972972972973 0.009375 0.01945945945945946
3 0.24375 0.798918918918919 0.0078125 0.01945945945945946
3 0.26197916666666665 0.9232432432432433 0.011979166666666667 0.01945945945945946
3 0.25052083333333336 0.9491891891891892 0.011979166666666667 0.01945945945945946
3 0.221875 0.06918918918918919 0.059895833333333336 0.021621621621621623
3 0.21770833333333334 0.08972972972972973 0.059895833333333336 0.021621621621621623
3 0.23177083333333334 0.1535135135135135 0.09479166666666666 0.021621621621621623
3 0.3 0.1535135135135135 0.022916666666666665 0.021621621621621623
3 0.23072916666666668 0.17513513513513512 0.09270833333333334 0.021621621621621623