0 0.5933510638297872 0.018211920529801324 0.025 0.03642384105960265
0 0.22074468085106383 0.31456953642384106 0.010638297872340425 0.02207505518763797
0 0.7414893617021276 0.15121412803532008 0.0601063829787234 0.01545253863134658
1 0.7257978723404256 0.018763796909492272 0.18138297872340425 0.037527593818984545
1 0.3952127659574468 0.30353200883002207 0.0851063829787234 0.17660044150110377
1 0.3952127659574468 0.5253863134657837 0.0851063829787234 0.17660044150110377
1 0.3952127659574468 0.7472406181015453 0.0851063829787234 0.17660044150110377
1 0.22420212765957448 0.017660044150110375 0.07180851063829788 0.03532008830022075
2 0.4465425531914894 0.018211920529801324 0.31861702127659575 0.03642384105960265
2 0.4473404255319149 0.01434878587196468 0.007446808510638298 0.01545253863134658
3 0.5085106382978724 0.01545253863134658 0.14574468085106382 0.02869757174392936
3 0.6170212765957447 0.25165562913907286 0.33351063829787236 0.01545253863134658
3 0.6170212765957447 0.956953642384106 0.33351063829787236 0.01545253863134658
3 0.5138297872340426 0.01434878587196468 0.1202127659574468 0.02207505518763797
3 0.5138297872340426 0.01434878587196468 0.1202127659574468 0.02207505518763797
3 0.25851063829787235 0.2251655629139073 0.1478723404255319 0.06622516556291391
3 0.6170212765957447 0.22958057395143489 0.33351063829787236 0.02869757174392936
3 0.6170212765957447 0.45143487858719644 0.33351063829787236 0.02869757174392936
3 0.6170212765957447 0.673289183222958 0.33351063829787236 0.02869757174392936
3 0.6170212765957447 0.934878587196468 0.33351063829787236 0.02869757174392936
3 0.350531914893617 0.0717439293598234 0.023936170212765957 0.02207505518763797
3 0.38563829787234044 0.0717439293598234 0.026595744680851064 0.02207505518763797
3 0.4324468085106383 0.0717439293598234 0.047872340425531915 0.02207505518763797
3 0.475 0.0717439293598234 0.018617021276595744 0.02207505518763797
3 0.5058510638297873 0.0717439293598234 0.023936170212765957 0.02207505518763797
3 0.5377659574468086 0.0717439293598234 0.02074468085106383 0.02207505518763797
3 0.21914893617021278 0.4227373068432671 0.06914893617021277 0.019867549668874173
3 0.19414893617021275 0.5088300220750552 0.019680851063829788 0.019867549668874173
3 0.1946808510638298 0.5353200883002207 0.02074468085106383 0.019867549668874173
3 0.19946808510638298 0.5618101545253863 0.03031914893617021 0.019867549668874173
3 0.2 0.5883002207505519 0.030851063829787233 0.019867549668874173
3 0.1946808510638298 0.6147902869757175 0.02074468085106383 0.019867549668874173
3 0.20053191489361702 0.6412803532008831 0.031914893617021274 0.019867549668874173
3 0.18882978723404256 0.6677704194260485 0.009042553191489361 0.019867549668874173
3 0.1920212765957447 0.6942604856512141 0.015425531914893617 0.019867549668874173
3 0.19414893617021275 0.7207505518763797 0.019680851063829788 0.019867549668874173
3 0.20319148936170212 0.8366445916114791 0.03723404255319149 0.019867549668874173
3 0.21170212765957447 0.8631346578366446 0.054787234042553194 0.019867549668874173
3 0.21170212765957447 0.9492273730684326 0.054787234042553194 0.019867549668874173
3 0.1946808510638298 0.9757174392935982 0.02021276595744681 0.019867549668874173
3 0.2622340425531915 0.4227373068432671 0.011702127659574468 0.019867549668874173
3 0.21436170212765956 0.5088300220750552 0.013829787234042552 0.019867549668874173
3 0.21436170212765956 0.5353200883002207 0.01223404255319149 0.019867549668874173
3 0.22340425531914893 0.5618101545253863 0.011702127659574468 0.019867549668874173
3 0.22446808510638297 0.5883002207505519 0.011702127659574468 0.019867549668874173
3 0.21436170212765956 0.6147902869757175 0.011702127659574468 0.019867549668874173
3 0.225531914893617 0.6412803532008831 0.011702127659574468 0.019867549668874173
3 0.20212765957446807 0.6677704194260485 0.011702127659574468 0.019867549668874173
3 0.2074468085106383 0.6942604856512141 0.010106382978723405 0.019867549668874173
3 0.21223404255319148 0.7207505518763797 0.010106382978723405 0.019867549668874173
3 0.23191489361702128 0.8366445916114791 0.015425531914893617 0.019867549668874173
3 0.24893617021276596 0.8631346578366446 0.014361702127659574 0.019867549668874173
3 0.2478723404255319 0.9492273730684326 0.011702127659574468 0.019867549668874173
3 0.2148936170212766 0.9757174392935982 0.013829787234042552 0.019867549668874173
3 0.22287234042553192 0.05518763796909492 0.061170212765957445 0.02207505518763797
3 0.21861702127659574 0.076158940397351 0.061170212765957445 0.02207505518763797
3 0.23297872340425532 0.141280353200883 0.09680851063829787 0.02207505518763797
3 0.3026595744680851 0.141280353200883 0.023404255319148935 0.02207505518763797
3 0.23191489361702128 0.16335540838852097 0.09468085106382979 0.02207505518763797