0 0.584375 0.02918918918918919 0.023958333333333335 0.04216216216216216
0 0.228125 0.39135135135135135 0.010416666666666666 0.021621621621621623
0 0.26979166666666665 0.39135135135135135 0.010416666666666666 0.021621621621621623
0 0.31354166666666666 0.39135135135135135 0.010416666666666666 0.021621621621621623
0 0.2677083333333333 0.6659459459459459 0.0125 0.025945945945945945
0 0.2677083333333333 0.841081081081081 0.0125 0.025945945945945945
0 0.7296875 0.1989189189189189 0.058854166666666666 0.015135135135135135
1 0.7140625 0.03027027027027027 0.17708333333333334 0.04216216216216216
1 0.390625 0.3481081081081081 0.08333333333333333 0.17297297297297298
1 0.390625 0.5654054054054054 0.08333333333333333 0.17297297297297298
1 0.390625 0.7827027027027027 0.08333333333333333 0.17297297297297298
1 0.22291666666666668 0.03027027027027027 0.06979166666666667 0.036756756756756756
2 0.440625 0.02918918918918919 0.31145833333333334 0.04216216216216216
2 0.44166666666666665 0.02918918918918919 0.007291666666666667 0.015135135135135135
2 0.2 0.6637837837837838 0.03229166666666667 0.02702702702702703
2 0.24166666666666667 0.6637837837837838 0.03229166666666667 0.02702702702702703
2 0.2 0.8389189189189189 0.03229166666666667 0.02702702702702703
2 0.24166666666666667 0.8389189189189189 0.03229166666666667 0.02702702702702703
3 0.5015625 0.03027027027027027 0.14270833333333333 0.02810810810810811
3 0.5067708333333333 0.02918918918918919 0.11770833333333333 0.021621621621621623
3 0.2 0.6659459459459459 0.03125 0.03351351351351351
3 0.24166666666666667 0.6659459459459459 0.03125 0.03351351351351351
3 0.2 0.841081081081081 0.03125 0.03351351351351351
3 0.24166666666666667 0.841081081081081 0.03125 0.03351351351351351
3 0.5067708333333333 0.02918918918918919 0.11770833333333333 0.021621621621621623
3 0.2 0.6659459459459459 0.03125 0.03351351351351351
3 0.24166666666666667 0.6659459459459459 0.03125 0.03351351351351351
3 0.2 0.841081081081081 0.03125 0.03351351351351351
3 0.24166666666666667 0.841081081081081 0.03125 0.03351351351351351
3 0.25677083333333334 0.2875675675675676 0.14479166666666668 0.0972972972972973
3 0.6078125 0.2756756756756757 0.3265625 0.02810810810810811
3 0.6078125 0.492972972972973 0.3265625 0.02810810810810811
3 0.6078125 0.7102702702702702 0.3265625 0.02810810810810811
3 0.6078125 0.9275675675675675 0.3265625 0.02810810810810811
3 0.346875 0.08540540540540541 0.0234375 0.021621621621621623
3 0.38125 0.08540540540540541 0.026041666666666668 0.021621621621621623
3 0.4270833333333333 0.08540540540540541 0.046875 0.021621621621621623
3 0.46875 0.08540540540540541 0.018229166666666668 0.021621621621621623
3 0.49895833333333334 0.08540540540540541 0.0234375 0.021621621621621623
3 0.5302083333333333 0.08540540540540541 0.0203125 0.021621621621621623
3 0.21822916666666667 0.4972972972972973 0.06770833333333333 0.01945945945945946
3 0.2078125 0.5816216216216217 0.046875 0.01945945945945946
3 0.196875 0.6075675675675676 0.025 0.01945945945945946
3 0.2015625 0.6335135135135135 0.034895833333333334 0.01945945945945946
3 0.21510416666666668 0.7567567567567568 0.06145833333333333 0.01945945945945946
3 0.2125 0.7827027027027027 0.05625 0.01945945945945946
3 0.21041666666666667 0.8086486486486486 0.05260416666666667 0.01945945945945946
3 0.21875 0.932972972972973 0.06875 0.01945945945945946
3 0.21302083333333333 0.9589189189189189 0.0578125 0.01945945945945946
3 0.2578125 0.4972972972972973 0.0067708333333333336 0.01945945945945946
3 0.24010416666666667 0.5816216216216217 0.011979166666666667 0.01945945945945946
3 0.21770833333333334 0.6075675675675676 0.0109375 0.01945945945945946
3 0.228125 0.6335135135135135 0.011979166666666667 0.01945945945945946
3 0.25416666666666665 0.7567567567567568 0.011458333333333333 0.01945945945945946
3 0.24791666666666667 0.7827027027027027 0.009375 0.01945945945945946
3 0.24427083333333333 0.8086486486486486 0.009895833333333333 0.01945945945945946
3 0.26197916666666665 0.932972972972973 0.011979166666666667 0.01945945945945946
3 0.24947916666666667 0.9589189189189189 0.009895833333333333 0.01945945945945946
3 0.221875 0.06918918918918919 0.059895833333333336 0.021621621621621623
3 0.21770833333333334 0.08972972972972973 0.059895833333333336 0.021621621621621623
3 0.23177083333333334 0.1891891891891892 0.09479166666666666 0.021621621621621623
3 0.3 0.1891891891891892 0.022916666666666665 0.021621621621621623
3 0.23072916666666668 0.21081081081081082 0.09270833333333334 0.021621621621621623