0 0.6067934782608696 0.011851015801354402 0.025543478260869567 0.023702031602708805
0 0.7309782608695652 0.7595936794582393 0.17282608695652174 0.05417607223476298
0 0.7543478260869565 0.8024830699774267 0.12445652173913044 0.013544018058690745
0 0.7309782608695652 0.891647855530474 0.17282608695652174 0.05417607223476298
1 0.7421195652173913 0.012415349887133182 0.18532608695652175 0.024830699774266364
1 0.2141304347826087 0.23024830699774265 0.02391304347826087 0.04966139954853273
1 0.421195652173913 0.5112866817155757 0.3630434782608696 0.5282167042889391
1 0.2141304347826087 0.2979683972911964 0.02391304347826087 0.04966139954853273
1 0.2141304347826087 0.3656884875846501 0.02391304347826087 0.04966139954853273
1 0.2141304347826087 0.43340857787810383 0.02391304347826087 0.04966139954853273
1 0.2141304347826087 0.5011286681715575 0.02391304347826087 0.04966139954853273
1 0.2141304347826087 0.5688487584650113 0.02391304347826087 0.04966139954853273
1 0.6603260869565217 0.891647855530474 0.017391304347826087 0.03611738148984198
1 0.2296195652173913 0.011286681715575621 0.07336956521739131 0.022573363431151242
2 0.4567934782608696 0.011851015801354402 0.32554347826086955 0.023702031602708805
3 0.683695652173913 0.4469525959367946 0.07880434782608696 0.020316027088036117
3 0.7309782608695652 0.7110609480812641 0.17282608695652174 0.023702031602708805
3 0.7309782608695652 0.8431151241534989 0.17282608695652174 0.023702031602708805
3 0.6926630434782609 0.9909706546275395 0.09619565217391304 0.01580135440180587
3 0.2141304347826087 0.24830699774266365 0.02717391304347826 0.024830699774266364
3 0.2141304347826087 0.3160270880361174 0.02717391304347826 0.024830699774266364
3 0.2141304347826087 0.3837471783295711 0.02717391304347826 0.024830699774266364
3 0.2141304347826087 0.45146726862302483 0.02717391304347826 0.024830699774266364
3 0.2141304347826087 0.5191873589164786 0.02717391304347826 0.024830699774266364
3 0.2141304347826087 0.5869074492099323 0.02717391304347826 0.024830699774266364
3 0.2141304347826087 0.24830699774266365 0.02717391304347826 0.024830699774266364
3 0.2141304347826087 0.3160270880361174 0.02717391304347826 0.024830699774266364
3 0.2141304347826087 0.3837471783295711 0.02717391304347826 0.024830699774266364
3 0.2141304347826087 0.45146726862302483 0.02717391304347826 0.024830699774266364
3 0.2141304347826087 0.5191873589164786 0.02717391304347826 0.024830699774266364
3 0.2141304347826087 0.5869074492099323 0.02717391304347826 0.024830699774266364
3 0.7206521739130435 0.2878103837471783 0.15271739130434783 0.056433408577878104
3 0.7391304347826086 0.5169300225733634 0.1565217391304348 0.022573363431151242
3 0.7391304347826086 0.5406320541760722 0.1565217391304348 0.020316027088036117
3 0.7380434782608696 0.6094808126410836 0.15815217391304348 0.022573363431151242
3 0.7380434782608696 0.6331828442437923 0.15815217391304348 0.020316027088036117
3 0.6923913043478261 0.9729119638826185 0.09565217391304348 0.019187358916478554
3 0.358695652173913 0.05981941309255079 0.024456521739130436 0.022573363431151242
3 0.39456521739130435 0.05981941309255079 0.02717391304347826 0.022573363431151242
3 0.4423913043478261 0.05981941309255079 0.04891304347826087 0.022573363431151242
3 0.48586956521739133 0.05981941309255079 0.019021739130434784 0.022573363431151242
3 0.5173913043478261 0.05981941309255079 0.024456521739130436 0.022573363431151242
3 0.55 0.05981941309255079 0.021195652173913043 0.022573363431151242
3 0.22826086956521738 0.04288939051918736 0.0625 0.022573363431151242
3 0.22391304347826088 0.06433408577878104 0.0625 0.022573363431151242
3 0.28858695652173916 0.15914221218961624 0.06141304347826087 0.01580135440180587
3 0.375 0.15914221218961624 0.09184782608695652 0.01580135440180587
3 0.4418478260869565 0.15914221218961624 0.020652173913043477 0.01580135440180587
3 0.47119565217391307 0.15914221218961624 0.01847826086956522 0.01580135440180587