0 0.5877717391304348 0.010158013544018058 0.025543478260869567 0.020316027088036117
0 0.7119565217391305 0.7562076749435666 0.17282608695652174 0.05417607223476298
0 0.7353260869565217 0.7990970654627539 0.12445652173913044 0.013544018058690745
0 0.7119565217391305 0.8882618510158014 0.17282608695652174 0.05417607223476298
1 0.7230978260869565 0.01072234762979684 0.18532608695652175 0.02144469525959368
1 0.19510869565217392 0.22686230248307 0.02391304347826087 0.04966139954853273
1 0.40217391304347827 0.5079006772009029 0.3630434782608696 0.5282167042889391
1 0.19510869565217392 0.2945823927765237 0.02391304347826087 0.04966139954853273
1 0.19510869565217392 0.3623024830699774 0.02391304347826087 0.04966139954853273
1 0.19510869565217392 0.43002257336343114 0.02391304347826087 0.04966139954853273
1 0.19510869565217392 0.49774266365688485 0.02391304347826087 0.04966139954853273
1 0.19510869565217392 0.5654627539503386 0.02391304347826087 0.04966139954853273
1 0.6413043478260869 0.8882618510158014 0.017391304347826087 0.03611738148984198
1 0.2105978260869565 0.009593679458239277 0.07336956521739131 0.019187358916478554
2 0.43777173913043477 0.010158013544018058 0.32554347826086955 0.020316027088036117
3 0.6646739130434782 0.4435665914221219 0.07880434782608696 0.020316027088036117
3 0.7119565217391305 0.7076749435665914 0.17282608695652174 0.023702031602708805
3 0.7119565217391305 0.8397291196388262 0.17282608695652174 0.023702031602708805
3 0.6736413043478261 0.9892776523702032 0.09619565217391304 0.019187358916478554
3 0.19510869565217392 0.24492099322799096 0.02717391304347826 0.024830699774266364
3 0.19510869565217392 0.3126410835214447 0.02717391304347826 0.024830699774266364
3 0.19510869565217392 0.3803611738148984 0.02717391304347826 0.024830699774266364
3 0.19510869565217392 0.44808126410835214 0.02717391304347826 0.024830699774266364
3 0.19510869565217392 0.5158013544018059 0.02717391304347826 0.024830699774266364
3 0.19510869565217392 0.5835214446952596 0.02717391304347826 0.024830699774266364
3 0.19510869565217392 0.24492099322799096 0.02717391304347826 0.024830699774266364
3 0.19510869565217392 0.3126410835214447 0.02717391304347826 0.024830699774266364
3 0.19510869565217392 0.3803611738148984 0.02717391304347826 0.024830699774266364
3 0.19510869565217392 0.44808126410835214 0.02717391304347826 0.024830699774266364
3 0.19510869565217392 0.5158013544018059 0.02717391304347826 0.024830699774266364
3 0.19510869565217392 0.5835214446952596 0.02717391304347826 0.024830699774266364
3 0.7016304347826087 0.28442437923250563 0.15271739130434783 0.056433408577878104
3 0.720108695652174 0.5135440180586908 0.1565217391304348 0.022573363431151242
3 0.720108695652174 0.5372460496613995 0.1565217391304348 0.020316027088036117
3 0.7190217391304348 0.6060948081264108 0.15815217391304348 0.022573363431151242
3 0.7190217391304348 0.6297968397291196 0.15815217391304348 0.020316027088036117
3 0.6733695652173913 0.9695259593679458 0.09565217391304348 0.019187358916478554
3 0.33967391304347827 0.056433408577878104 0.024456521739130436 0.022573363431151242
3 0.3755434782608696 0.056433408577878104 0.02717391304347826 0.022573363431151242
3 0.42336956521739133 0.056433408577878104 0.04891304347826087 0.022573363431151242
3 0.4668478260869565 0.056433408577878104 0.019021739130434784 0.022573363431151242
3 0.4983695652173913 0.056433408577878104 0.024456521739130436 0.022573363431151242
3 0.5309782608695652 0.056433408577878104 0.021195652173913043 0.022573363431151242
3 0.20923913043478262 0.039503386004514675 0.0625 0.022573363431151242
3 0.2048913043478261 0.060948081264108354 0.0625 0.022573363431151242
3 0.26956521739130435 0.15575620767494355 0.06141304347826087 0.01580135440180587
3 0.35597826086956524 0.15575620767494355 0.09184782608695652 0.01580135440180587
3 0.42282608695652174 0.15575620767494355 0.020652173913043477 0.01580135440180587
3 0.45217391304347826 0.15575620767494355 0.01847826086956522 0.01580135440180587