0 0.5607344632768362 0.005868544600938967 0.02655367231638418 0.011737089201877934
0 0.7180790960451977 0.17253521126760563 0.06384180790960452 0.01643192488262911
1 0.7014124293785311 0.006455399061032864 0.19265536723163842 0.012910798122065728
1 0.3502824858757062 0.3345070422535211 0.0903954802259887 0.18779342723004694
1 0.3502824858757062 0.5704225352112676 0.0903954802259887 0.18779342723004694
1 0.3502824858757062 0.8063380281690141 0.0903954802259887 0.18779342723004694
1 0.16864406779661018 0.00528169014084507 0.07627118644067797 0.01056338028169014
2 0.40480225988700563 0.005868544600938967 0.3384180790960452 0.011737089201877934
3 0.20508474576271185 0.21009389671361503 0.15706214689265538 0.035211267605633804
3 0.5858757062146893 0.2711267605633803 0.35423728813559324 0.06103286384976526
3 0.5858757062146893 0.5070422535211268 0.35423728813559324 0.06103286384976526
3 0.5858757062146893 0.7276995305164319 0.35423728813559324 0.03051643192488263
3 0.5858757062146893 0.9947183098591549 0.35480225988700564 0.008215962441314555
3 0.30282485875706217 0.04929577464788732 0.025423728813559324 0.023474178403755867
3 0.34011299435028247 0.04929577464788732 0.02824858757062147 0.023474178403755867
3 0.3898305084745763 0.04929577464788732 0.05084745762711865 0.023474178403755867
3 0.4350282485875706 0.04929577464788732 0.01977401129943503 0.023474178403755867
3 0.46779661016949153 0.04929577464788732 0.025423728813559324 0.023474178403755867
3 0.5016949152542373 0.04929577464788732 0.022033898305084745 0.023474178403755867
3 0.16327683615819208 0.5223004694835681 0.07344632768361582 0.02112676056338028
3 0.1768361581920904 0.613849765258216 0.10056497175141244 0.02112676056338028
3 0.16779661016949152 0.642018779342723 0.08305084745762711 0.02112676056338028
3 0.14632768361581922 0.67018779342723 0.03954802259887006 0.02112676056338028
3 0.14576271186440679 0.6983568075117371 0.03898305084745763 0.02112676056338028
3 0.15932203389830507 0.7265258215962441 0.0655367231638418 0.02112676056338028
3 0.13615819209039548 0.7546948356807511 0.0192090395480226 0.02112676056338028
3 0.1367231638418079 0.846244131455399 0.020338983050847456 0.02112676056338028
3 0.14576271186440679 0.937793427230047 0.0384180790960452 0.02112676056338028
3 0.17231638418079095 0.965962441314554 0.09209039548022599 0.02112676056338028
3 0.2096045197740113 0.5223004694835681 0.014124293785310734 0.02112676056338028
3 0.24124293785310735 0.613849765258216 0.021468926553672316 0.02112676056338028
3 0.22598870056497175 0.642018779342723 0.02711864406779661 0.02112676056338028
3 0.1807909604519774 0.67018779342723 0.023728813559322035 0.02112676056338028
3 0.17966101694915254 0.6983568075117371 0.021468926553672316 0.02112676056338028
3 0.20056497175141244 0.7265258215962441 0.010734463276836158 0.02112676056338028
3 0.15593220338983052 0.7546948356807511 0.015254237288135594 0.02112676056338028
3 0.1598870056497175 0.846244131455399 0.020903954802259886 0.02112676056338028
3 0.17740112994350282 0.937793427230047 0.01977401129943503 0.02112676056338028
3 0.23333333333333334 0.965962441314554 0.023728813559322035 0.02112676056338028
3 0.1672316384180791 0.03169014084507042 0.06497175141242938 0.023474178403755867
3 0.16271186440677965 0.0539906103286385 0.06497175141242938 0.023474178403755867
3 0.17796610169491525 0.1619718309859155 0.10282485875706214 0.023474178403755867