0 0.7220338983050848 0.13145539906103287 0.06384180790960452 0.01643192488262911
1 0.35423728813559324 0.2934272300469484 0.0903954802259887 0.18779342723004694
1 0.35423728813559324 0.5293427230046949 0.0903954802259887 0.18779342723004694
1 0.35423728813559324 0.7652582159624414 0.0903954802259887 0.18779342723004694
3 0.20903954802259886 0.18661971830985916 0.15706214689265538 0.07042253521126761
3 0.5898305084745763 0.2300469483568075 0.35423728813559324 0.06103286384976526
3 0.5898305084745763 0.465962441314554 0.35423728813559324 0.06103286384976526
3 0.5898305084745763 0.6866197183098591 0.35423728813559324 0.03051643192488263
3 0.5898305084745763 0.9647887323943662 0.35423728813559324 0.03051643192488263
3 0.30677966101694915 0.01056338028169014 0.02598870056497175 0.02112676056338028
3 0.3443502824858757 0.01056338028169014 0.0288135593220339 0.02112676056338028
3 0.3940677966101695 0.01056338028169014 0.05141242937853107 0.02112676056338028
3 0.43898305084745765 0.01056338028169014 0.020338983050847456 0.02112676056338028
3 0.4717514124293785 0.01056338028169014 0.02598870056497175 0.02112676056338028
3 0.5056497175141242 0.01056338028169014 0.022598870056497175 0.02112676056338028
3 0.1672316384180791 0.33568075117370894 0.07344632768361582 0.02112676056338028
3 0.14067796610169492 0.4272300469483568 0.020903954802259886 0.02112676056338028
3 0.14632768361581922 0.45539906103286387 0.03220338983050847 0.02112676056338028
3 0.14124293785310735 0.4835680751173709 0.022033898305084745 0.02112676056338028
3 0.14689265536723164 0.5117370892018779 0.0327683615819209 0.02112676056338028
3 0.14745762711864407 0.539906103286385 0.03389830508474576 0.02112676056338028
3 0.1440677966101695 0.568075117370892 0.02768361581920904 0.02112676056338028
3 0.13502824858757062 0.596244131455399 0.0096045197740113 0.02112676056338028
3 0.14124293785310735 0.6244131455399061 0.022033898305084745 0.02112676056338028
3 0.14180790960451978 0.6525821596244131 0.023163841807909605 0.02112676056338028
3 0.15028248587570622 0.7758215962441315 0.03954802259887006 0.02112676056338028
3 0.15932203389830507 0.8039906103286385 0.05819209039548023 0.02112676056338028
3 0.1423728813559322 0.8955399061032864 0.024293785310734464 0.02112676056338028
3 0.14519774011299436 0.9237089201877934 0.02937853107344633 0.02112676056338028
3 0.21525423728813559 0.33568075117370894 0.01694915254237288 0.02112676056338028
3 0.1655367231638418 0.4272300469483568 0.022033898305084745 0.02112676056338028
3 0.17401129943502824 0.45539906103286387 0.01751412429378531 0.02112676056338028
3 0.16440677966101694 0.4835680751173709 0.01751412429378531 0.02112676056338028
3 0.1751412429378531 0.5117370892018779 0.01694915254237288 0.02112676056338028
3 0.17627118644067796 0.539906103286385 0.01751412429378531 0.02112676056338028
3 0.16892655367231638 0.568075117370892 0.01638418079096045 0.02112676056338028
3 0.15084745762711865 0.596244131455399 0.01638418079096045 0.02112676056338028
3 0.16440677966101694 0.6244131455399061 0.01694915254237288 0.02112676056338028
3 0.1655367231638418 0.6525821596244131 0.01751412429378531 0.02112676056338028
3 0.18418079096045198 0.7758215962441315 0.023163841807909605 0.02112676056338028
3 0.2 0.8039906103286385 0.01751412429378531 0.02112676056338028
3 0.16779661016949152 0.8955399061032864 0.020338983050847456 0.02112676056338028
3 0.1751412429378531 0.9237089201877934 0.023728813559322035 0.02112676056338028
3 0.16666666666666666 0.012910798122065728 0.06497175141242938 0.023474178403755867
3 0.18192090395480226 0.12089201877934272 0.10282485875706214 0.023474178403755867
3 0.2559322033898305 0.12089201877934272 0.024858757062146894 0.023474178403755867