0 0.584375 0.02918918918918919 0.023958333333333335 0.04216216216216216
0 0.25729166666666664 0.29081081081081084 0.010416666666666666 0.021621621621621623
0 0.30833333333333335 0.29081081081081084 0.010416666666666666 0.021621621621621623
0 0.2677083333333333 0.7016216216216217 0.0125 0.025945945945945945
0 0.2677083333333333 0.8767567567567568 0.0125 0.025945945945945945
0 0.7296875 0.1545945945945946 0.058854166666666666 0.015135135135135135
0 0.8057291666666667 0.23567567567567568 0.016666666666666666 0.034594594594594595
1 0.7140625 0.03027027027027027 0.17708333333333334 0.04216216216216216
1 0.353125 0.23675675675675675 0.028645833333333332 0.05945945945945946
1 0.4703125 0.23675675675675675 0.028645833333333332 0.05945945945945946
1 0.5875 0.23675675675675675 0.028645833333333332 0.05945945945945946
1 0.7046875 0.23675675675675675 0.028645833333333332 0.05945945945945946
1 0.390625 0.4010810810810811 0.08333333333333333 0.17297297297297298
1 0.390625 0.6183783783783784 0.08333333333333333 0.17297297297297298
1 0.390625 0.8356756756756757 0.08333333333333333 0.17297297297297298
1 0.22291666666666668 0.03027027027027027 0.06979166666666667 0.036756756756756756
2 0.440625 0.02918918918918919 0.31145833333333334 0.04216216216216216
2 0.48072916666666665 0.02918918918918919 0.007291666666666667 0.015135135135135135
2 0.2 0.6994594594594594 0.03229166666666667 0.02702702702702703
2 0.24166666666666667 0.6994594594594594 0.03229166666666667 0.02702702702702703
2 0.2 0.8745945945945945 0.03229166666666667 0.02702702702702703
2 0.24166666666666667 0.8745945945945945 0.03229166666666667 0.02702702702702703
3 0.5208333333333334 0.03027027027027027 0.10364583333333334 0.02810810810810811
3 0.6078125 0.35027027027027025 0.3265625 0.015135135135135135
3 0.6078125 0.5956756756756757 0.3265625 0.015135135135135135
3 0.6078125 0.7848648648648648 0.3265625 0.015135135135135135
3 0.5260416666666666 0.02918918918918919 0.07864583333333333 0.021621621621621623
3 0.2 0.7016216216216217 0.03125 0.03351351351351351
3 0.24166666666666667 0.7016216216216217 0.03125 0.03351351351351351
3 0.2 0.8767567567567568 0.03125 0.03351351351351351
3 0.24166666666666667 0.8767567567567568 0.03125 0.03351351351351351
3 0.5260416666666666 0.02918918918918919 0.07864583333333333 0.021621621621621623
3 0.2 0.7016216216216217 0.03125 0.03351351351351351
3 0.24166666666666667 0.7016216216216217 0.03125 0.03351351351351351
3 0.2 0.8767567567567568 0.03125 0.03351351351351351
3 0.24166666666666667 0.8767567567567568 0.03125 0.03351351351351351
3 0.25677083333333334 0.21945945945945947 0.14479166666666668 0.032432432432432434
3 0.6078125 0.3286486486486486 0.3265625 0.02810810810810811
3 0.6078125 0.56 0.3265625 0.05621621621621622
3 0.6078125 0.7632432432432432 0.3265625 0.02810810810810811
3 0.6078125 0.9805405405405405 0.3265625 0.02810810810810811
3 0.40625 0.22378378378378377 0.06770833333333333 0.02054054054054054
3 0.5234375 0.22378378378378377 0.06770833333333333 0.02054054054054054
3 0.640625 0.22378378378378377 0.06770833333333333 0.02054054054054054
3 0.7578125 0.22378378378378377 0.06770833333333333 0.02054054054054054
3 0.346875 0.08540540540540541 0.0234375 0.021621621621621623
3 0.38125 0.08540540540540541 0.026041666666666668 0.021621621621621623
3 0.4270833333333333 0.08540540540540541 0.046875 0.021621621621621623
3 0.46875 0.08540540540540541 0.018229166666666668 0.021621621621621623
3 0.49895833333333334 0.08540540540540541 0.0234375 0.021621621621621623
3 0.5302083333333333 0.08540540540540541 0.0203125 0.021621621621621623
3 0.20260416666666667 0.39675675675675676 0.036458333333333336 0.01945945945945946
3 0.2109375 0.4227027027027027 0.05364583333333333 0.01945945945945946
3 0.1953125 0.5070270270270271 0.022395833333333334 0.01945945945945946
3 0.19791666666666666 0.532972972972973 0.027083333333333334 0.01945945945945946
3 0.2078125 0.6172972972972973 0.04739583333333333 0.01945945945945946
3 0.19114583333333332 0.6432432432432432 0.0140625 0.01945945945945946
3 0.2015625 0.6691891891891892 0.034895833333333334 0.01945945945945946
3 0.21510416666666668 0.7924324324324324 0.06145833333333333 0.01945945945945946
3 0.2125 0.8183783783783783 0.05625 0.01945945945945946
3 0.21041666666666667 0.8443243243243244 0.05260416666666667 0.01945945945945946
3 0.21875 0.9686486486486486 0.06875 0.01945945945945946
3 0.22864583333333333 0.39675675675675676 0.010416666666666666 0.01945945945945946
3 0.24322916666666666 0.4227027027027027 0.005729166666666666 0.01945945945945946
3 0.21510416666666668 0.5070270270270271 0.011458333333333333 0.01945945945945946
3 0.2203125 0.532972972972973 0.011979166666666667 0.01945945945945946
3 0.240625 0.6172972972972973 0.011458333333333333 0.01945945945945946
3 0.20572916666666666 0.6432432432432432 0.009375 0.01945945945945946
3 0.22708333333333333 0.6691891891891892 0.009895833333333333 0.01945945945945946
3 0.25416666666666665 0.7924324324324324 0.011979166666666667 0.01945945945945946
3 0.24947916666666667 0.8183783783783783 0.011458333333333333 0.01945945945945946
3 0.2453125 0.8443243243243244 0.011458333333333333 0.01945945945945946
3 0.26197916666666665 0.9686486486486486 0.011458333333333333 0.01945945945945946
3 0.221875 0.06918918918918919 0.059895833333333336 0.021621621621621623
3 0.21770833333333334 0.08972972972972973 0.059895833333333336 0.021621621621621623
3 0.23177083333333334 0.1535135135135135 0.09479166666666666 0.021621621621621623
3 0.3 0.1535135135135135 0.022916666666666665 0.021621621621621623
3 0.23072916666666668 0.17513513513513512 0.09270833333333334 0.021621621621621623