0 0.24835164835164836 0.2534246575342466 0.01098901098901099 0.0228310502283105
0 0.29285714285714287 0.2534246575342466 0.01098901098901099 0.0228310502283105
0 0.25934065934065936 0.6598173515981736 0.013186813186813187 0.0273972602739726
0 0.25934065934065936 0.8721461187214612 0.013186813186813187 0.0273972602739726
0 0.7467032967032967 0.1095890410958904 0.06208791208791209 0.01598173515981735
0 0.8269230769230769 0.1952054794520548 0.017582417582417582 0.0365296803652968
1 0.34945054945054943 0.1963470319634703 0.03021978021978022 0.06278538812785388
1 0.47307692307692306 0.1963470319634703 0.03021978021978022 0.06278538812785388
1 0.5967032967032967 0.1963470319634703 0.03021978021978022 0.06278538812785388
1 0.7203296703296703 0.1963470319634703 0.03021978021978022 0.06278538812785388
1 0.389010989010989 0.3698630136986301 0.08791208791208792 0.182648401826484
1 0.389010989010989 0.5993150684931506 0.08791208791208792 0.182648401826484
1 0.389010989010989 0.8287671232876712 0.08791208791208792 0.182648401826484
2 0.1879120879120879 0.6575342465753424 0.03406593406593406 0.028538812785388126
2 0.23186813186813188 0.6575342465753424 0.03406593406593406 0.028538812785388126
2 0.1879120879120879 0.8698630136986302 0.03406593406593406 0.028538812785388126
2 0.23186813186813188 0.8698630136986302 0.03406593406593406 0.028538812785388126
3 0.6181318681318682 0.3162100456621005 0.3445054945054945 0.01598173515981735
3 0.6181318681318682 0.545662100456621 0.3445054945054945 0.01598173515981735
3 0.6181318681318682 0.7751141552511416 0.3445054945054945 0.01598173515981735
3 0.1879120879120879 0.6598173515981736 0.03296703296703297 0.03538812785388128
3 0.23186813186813188 0.6598173515981736 0.03296703296703297 0.03538812785388128
3 0.1879120879120879 0.8721461187214612 0.03296703296703297 0.03538812785388128
3 0.23186813186813188 0.8721461187214612 0.03296703296703297 0.03538812785388128
3 0.1879120879120879 0.6598173515981736 0.03296703296703297 0.03538812785388128
3 0.23186813186813188 0.6598173515981736 0.03296703296703297 0.03538812785388128
3 0.1879120879120879 0.8721461187214612 0.03296703296703297 0.03538812785388128
3 0.23186813186813188 0.8721461187214612 0.03296703296703297 0.03538812785388128
3 0.2478021978021978 0.1780821917808219 0.15274725274725276 0.03424657534246575
3 0.6181318681318682 0.29337899543379 0.3445054945054945 0.02968036529680365
3 0.6181318681318682 0.5228310502283106 0.3445054945054945 0.02968036529680365
3 0.6181318681318682 0.752283105022831 0.3445054945054945 0.02968036529680365
3 0.4054945054945055 0.182648401826484 0.07142857142857142 0.021689497716894976
3 0.5291208791208791 0.182648401826484 0.07142857142857142 0.021689497716894976
3 0.6527472527472528 0.182648401826484 0.07142857142857142 0.021689497716894976
3 0.7763736263736264 0.182648401826484 0.07142857142857142 0.021689497716894976
3 0.34285714285714286 0.0365296803652968 0.024725274725274724 0.0228310502283105
3 0.3791208791208791 0.0365296803652968 0.027472527472527472 0.0228310502283105
3 0.42747252747252745 0.0365296803652968 0.04945054945054945 0.0228310502283105
3 0.4714285714285714 0.0365296803652968 0.019230769230769232 0.0228310502283105
3 0.5032967032967033 0.0365296803652968 0.024725274725274724 0.0228310502283105
3 0.5362637362637362 0.0365296803652968 0.02142857142857143 0.0228310502283105
3 0.19065934065934065 0.365296803652968 0.038461538461538464 0.02054794520547945
3 0.18296703296703296 0.454337899543379 0.023626373626373626 0.02054794520547945
3 0.18571428571428572 0.4817351598173516 0.02857142857142857 0.02054794520547945
3 0.19615384615384615 0.5707762557077626 0.05 0.02054794520547945
3 0.17857142857142858 0.5981735159817352 0.014835164835164835 0.02054794520547945
3 0.18956043956043955 0.6255707762557078 0.036813186813186814 0.02054794520547945
3 0.20384615384615384 0.7557077625570776 0.06483516483516484 0.02054794520547945
3 0.2 0.7831050228310502 0.05714285714285714 0.02054794520547945
3 0.2010989010989011 0.8105022831050228 0.05934065934065934 0.02054794520547945
3 0.1989010989010989 0.8378995433789954 0.05549450549450549 0.02054794520547945
3 0.2076923076923077 0.9691780821917808 0.07252747252747253 0.02054794520547945
3 0.21868131868131868 0.365296803652968 0.012087912087912088 0.02054794520547945
3 0.2021978021978022 0.454337899543379 0.00934065934065934 0.02054794520547945
3 0.20824175824175825 0.4817351598173516 0.00989010989010989 0.02054794520547945
3 0.22967032967032966 0.5707762557077626 0.010439560439560439 0.02054794520547945
3 0.19395604395604396 0.5981735159817352 0.00989010989010989 0.02054794520547945
3 0.2153846153846154 0.6255707762557078 0.008241758241758242 0.02054794520547945
3 0.24285714285714285 0.7557077625570776 0.007692307692307693 0.02054794520547945
3 0.2357142857142857 0.7831050228310502 0.008241758241758242 0.02054794520547945
3 0.23736263736263735 0.8105022831050228 0.007692307692307693 0.02054794520547945
3 0.23351648351648352 0.8378995433789954 0.007692307692307693 0.02054794520547945
3 0.2532967032967033 0.9691780821917808 0.012637362637362638 0.02054794520547945
3 0.210989010989011 0.019406392694063926 0.06318681318681318 0.0228310502283105
3 0.20659340659340658 0.0410958904109589 0.06318681318681318 0.0228310502283105
3 0.22142857142857142 0.10844748858447488 0.1 0.0228310502283105
3 0.2934065934065934 0.10844748858447488 0.024175824175824177 0.0228310502283105
3 0.22032967032967032 0.1312785388127854 0.0978021978021978 0.0228310502283105