0 0.5991891891891892 0.017937219730941704 0.025405405405405406 0.03587443946188341
0 0.2594594594594595 0.28475336322869954 0.010810810810810811 0.02242152466367713
0 0.312972972972973 0.28475336322869954 0.010810810810810811 0.02242152466367713
0 0.2702702702702703 0.6838565022421524 0.012972972972972972 0.026905829596412557
0 0.2702702702702703 0.8654708520179372 0.012972972972972972 0.026905829596412557
0 0.7497297297297297 0.14349775784753363 0.06108108108108108 0.01569506726457399
0 0.8286486486486486 0.22757847533632286 0.017297297297297298 0.03587443946188341
0 0.8016216216216216 0.5874439461883408 0.01945945945945946 0.04035874439461883
1 0.7337837837837838 0.018497757847533634 0.18432432432432433 0.03699551569506727
1 0.3589189189189189 0.22869955156950672 0.02972972972972973 0.061659192825112105
1 0.4805405405405405 0.22869955156950672 0.02972972972972973 0.061659192825112105
1 0.6021621621621621 0.22869955156950672 0.02972972972972973 0.061659192825112105
1 0.7237837837837838 0.22869955156950672 0.02972972972972973 0.061659192825112105
1 0.3978378378378378 0.3991031390134529 0.08648648648648649 0.17937219730941703
1 0.3978378378378378 0.6614349775784754 0.08648648648648649 0.17937219730941703
1 0.3978378378378378 0.8867713004484304 0.08648648648648649 0.17937219730941703
1 0.22405405405405404 0.017376681614349777 0.07297297297297298 0.034753363228699555
2 0.45 0.017937219730941704 0.3237837837837838 0.03587443946188341
2 0.49135135135135133 0.013452914798206279 0.0075675675675675675 0.01569506726457399
2 0.2 0.6816143497757847 0.03351351351351351 0.028026905829596414
2 0.24324324324324326 0.6816143497757847 0.03351351351351351 0.028026905829596414
2 0.2 0.8632286995515696 0.03351351351351351 0.028026905829596414
2 0.24324324324324326 0.8632286995515696 0.03351351351351351 0.028026905829596414
3 0.532972972972973 0.014573991031390135 0.10756756756756757 0.02914798206278027
3 0.6232432432432432 0.41591928251121074 0.3389189189189189 0.01569506726457399
3 0.47297297297297297 0.507847533632287 0.038378378378378375 0.01569506726457399
3 0.6232432432432432 0.6087443946188341 0.3389189189189189 0.01569506726457399
3 0.47297297297297297 0.7006726457399103 0.038378378378378375 0.01569506726457399
3 0.6232432432432432 0.8340807174887892 0.3389189189189189 0.01569506726457399
3 0.47297297297297297 0.9260089686098655 0.038378378378378375 0.01569506726457399
3 0.5383783783783784 0.013452914798206279 0.08162162162162162 0.02242152466367713
3 0.2 0.6838565022421524 0.032432432432432434 0.034753363228699555
3 0.24324324324324326 0.6838565022421524 0.032432432432432434 0.034753363228699555
3 0.2 0.8654708520179372 0.032432432432432434 0.034753363228699555
3 0.24324324324324326 0.8654708520179372 0.032432432432432434 0.034753363228699555
3 0.5383783783783784 0.013452914798206279 0.08162162162162162 0.02242152466367713
3 0.2 0.6838565022421524 0.032432432432432434 0.034753363228699555
3 0.24324324324324326 0.6838565022421524 0.032432432432432434 0.034753363228699555
3 0.2 0.8654708520179372 0.032432432432432434 0.034753363228699555
3 0.24324324324324326 0.8654708520179372 0.032432432432432434 0.034753363228699555
3 0.25891891891891894 0.21076233183856502 0.15027027027027026 0.033632286995515695
3 0.6232432432432432 0.3789237668161435 0.3389189189189189 0.05829596412556054
3 0.6232432432432432 0.5863228699551569 0.3389189189189189 0.02914798206278027
3 0.6232432432432432 0.8116591928251121 0.3389189189189189 0.02914798206278027
3 0.41405405405405404 0.21524663677130046 0.07027027027027027 0.021300448430493273
3 0.5356756756756756 0.21524663677130046 0.07027027027027027 0.021300448430493273
3 0.6572972972972972 0.21524663677130046 0.07027027027027027 0.021300448430493273
3 0.778918918918919 0.21524663677130046 0.07027027027027027 0.021300448430493273
3 0.35243243243243244 0.07174887892376682 0.024324324324324326 0.02242152466367713
3 0.3881081081081081 0.07174887892376682 0.02702702702702703 0.02242152466367713
3 0.43567567567567567 0.07174887892376682 0.04864864864864865 0.02242152466367713
3 0.4789189189189189 0.07174887892376682 0.01891891891891892 0.02242152466367713
3 0.5102702702702703 0.07174887892376682 0.024324324324324326 0.02242152466367713
3 0.5427027027027027 0.07174887892376682 0.02108108108108108 0.02242152466367713
3 0.20270270270270271 0.39461883408071746 0.03783783783783784 0.020179372197309416
3 0.19513513513513514 0.4820627802690583 0.023243243243243242 0.020179372197309416
3 0.19783783783783784 0.5089686098654709 0.02810810810810811 0.020179372197309416
3 0.21081081081081082 0.5964125560538116 0.05405405405405406 0.020179372197309416
3 0.19945945945945945 0.6233183856502242 0.03189189189189189 0.020179372197309416
3 0.20324324324324325 0.6502242152466368 0.03891891891891892 0.020179372197309416
3 0.21567567567567567 0.7780269058295964 0.06378378378378378 0.020179372197309416
3 0.21297297297297296 0.804932735426009 0.05837837837837838 0.020179372197309416
3 0.21081081081081082 0.8318385650224215 0.05459459459459459 0.020179372197309416
3 0.21945945945945947 0.9607623318385651 0.07135135135135136 0.020179372197309416
3 0.21351351351351353 0.9876681614349776 0.06 0.020179372197309416
3 0.23027027027027028 0.39461883408071746 0.011891891891891892 0.020179372197309416
3 0.21567567567567567 0.4820627802690583 0.011891891891891892 0.020179372197309416
3 0.21891891891891893 0.5089686098654709 0.008108108108108109 0.020179372197309416
3 0.24594594594594596 0.5964125560538116 0.01027027027027027 0.020179372197309416
3 0.22324324324324324 0.6233183856502242 0.00972972972972973 0.020179372197309416
3 0.22972972972972974 0.6502242152466368 0.008108108108108109 0.020179372197309416
3 0.25513513513513514 0.7780269058295964 0.00972972972972973 0.020179372197309416
3 0.25027027027027027 0.804932735426009 0.01027027027027027 0.020179372197309416
3 0.24594594594594596 0.8318385650224215 0.01027027027027027 0.020179372197309416
3 0.26432432432432434 0.9607623318385651 0.011891891891891892 0.020179372197309416
3 0.25027027027027027 0.9876681614349776 0.0075675675675675675 0.020179372197309416
3 0.2227027027027027 0.05493273542600897 0.062162162162162166 0.02242152466367713
3 0.21837837837837837 0.07623318385650224 0.062162162162162166 0.02242152466367713
3 0.23297297297297298 0.14237668161434977 0.09837837837837837 0.02242152466367713
3 0.3037837837837838 0.14237668161434977 0.023783783783783784 0.02242152466367713
3 0.23189189189189188 0.1647982062780269 0.09621621621621622 0.02242152466367713