0 0.5862903225806452 0.011160714285714286 0.025268817204301075 0.022321428571428572
0 0.24838709677419354 0.2700892857142857 0.010752688172043012 0.022321428571428572
0 0.3016129032258065 0.2700892857142857 0.010752688172043012 0.022321428571428572
0 0.2591397849462366 0.6674107142857143 0.012903225806451613 0.026785714285714284
0 0.2591397849462366 0.8482142857142857 0.012903225806451613 0.026785714285714284
0 0.736021505376344 0.12946428571428573 0.06075268817204301 0.015625
0 0.8145161290322581 0.21316964285714285 0.017204301075268817 0.03571428571428571
0 0.7876344086021505 0.5714285714285714 0.01935483870967742 0.04017857142857143
1 0.7201612903225807 0.01171875 0.18333333333333332 0.0234375
1 0.3473118279569892 0.21428571428571427 0.02956989247311828 0.06138392857142857
1 0.4682795698924731 0.21428571428571427 0.02956989247311828 0.06138392857142857
1 0.589247311827957 0.21428571428571427 0.02956989247311828 0.06138392857142857
1 0.7102150537634409 0.21428571428571427 0.02956989247311828 0.06138392857142857
1 0.3860215053763441 0.38392857142857145 0.08602150537634409 0.17857142857142858
1 0.3860215053763441 0.6450892857142857 0.08602150537634409 0.17857142857142858
1 0.3860215053763441 0.8694196428571429 0.08602150537634409 0.17857142857142858
1 0.21317204301075268 0.010602678571428572 0.07258064516129033 0.021205357142857144
2 0.43790322580645163 0.011160714285714286 0.32204301075268815 0.022321428571428572
2 0.4793010752688172 0.004464285714285714 0.008064516129032258 0.008928571428571428
2 0.18924731182795698 0.6651785714285714 0.03333333333333333 0.027901785714285716
2 0.23225806451612904 0.6651785714285714 0.03333333333333333 0.027901785714285716
2 0.18924731182795698 0.8459821428571429 0.03333333333333333 0.027901785714285716
2 0.23225806451612904 0.8459821428571429 0.03333333333333333 0.027901785714285716
3 0.5204301075268817 0.008370535714285714 0.10752688172043011 0.016741071428571428
3 0.6102150537634409 0.40066964285714285 0.3370967741935484 0.015625
3 0.460752688172043 0.4921875 0.038172043010752686 0.015625
3 0.6102150537634409 0.5926339285714286 0.3370967741935484 0.015625
3 0.460752688172043 0.6841517857142857 0.038172043010752686 0.015625
3 0.6102150537634409 0.8169642857142857 0.3370967741935484 0.015625
3 0.460752688172043 0.9084821428571429 0.038172043010752686 0.015625
3 0.5258064516129032 0.006138392857142857 0.08172043010752689 0.012276785714285714
3 0.18924731182795698 0.6674107142857143 0.03225806451612903 0.03459821428571429
3 0.23225806451612904 0.6674107142857143 0.03225806451612903 0.03459821428571429
3 0.18924731182795698 0.8482142857142857 0.03225806451612903 0.03459821428571429
3 0.23225806451612904 0.8482142857142857 0.03225806451612903 0.03459821428571429
3 0.5258064516129032 0.006138392857142857 0.08172043010752689 0.012276785714285714
3 0.18924731182795698 0.6674107142857143 0.03225806451612903 0.03459821428571429
3 0.23225806451612904 0.6674107142857143 0.03225806451612903 0.03459821428571429
3 0.18924731182795698 0.8482142857142857 0.03225806451612903 0.03459821428571429
3 0.23225806451612904 0.8482142857142857 0.03225806451612903 0.03459821428571429
3 0.2478494623655914 0.19642857142857142 0.14946236559139786 0.033482142857142856
3 0.6102150537634409 0.3638392857142857 0.3370967741935484 0.05803571428571429
3 0.6102150537634409 0.5703125 0.3370967741935484 0.029017857142857144
3 0.6102150537634409 0.7946428571428571 0.3370967741935484 0.029017857142857144
3 0.4021505376344086 0.20089285714285715 0.06989247311827956 0.021205357142857144
3 0.5231182795698924 0.20089285714285715 0.06989247311827956 0.021205357142857144
3 0.6440860215053763 0.20089285714285715 0.06989247311827956 0.021205357142857144
3 0.7650537634408602 0.20089285714285715 0.06989247311827956 0.021205357142857144
3 0.34086021505376346 0.05803571428571429 0.024193548387096774 0.022321428571428572
3 0.3763440860215054 0.05803571428571429 0.026881720430107527 0.022321428571428572
3 0.4236559139784946 0.05803571428571429 0.04838709677419355 0.022321428571428572
3 0.4666666666666667 0.05803571428571429 0.01881720430107527 0.022321428571428572
3 0.4978494623655914 0.05803571428571429 0.024193548387096774 0.022321428571428572
3 0.5301075268817205 0.05803571428571429 0.020967741935483872 0.022321428571428572
3 0.19193548387096773 0.3794642857142857 0.03763440860215054 0.020089285714285716
3 0.18440860215053764 0.46651785714285715 0.023118279569892472 0.020089285714285716
3 0.1870967741935484 0.49330357142857145 0.02795698924731183 0.020089285714285716
3 0.2 0.5803571428571429 0.053763440860215055 0.020089285714285716
3 0.18870967741935485 0.6071428571428571 0.031720430107526884 0.020089285714285716
3 0.1924731182795699 0.6339285714285714 0.03870967741935484 0.020089285714285716
3 0.20483870967741935 0.7611607142857143 0.06344086021505377 0.020089285714285716
3 0.2021505376344086 0.7879464285714286 0.05806451612903226 0.020089285714285716
3 0.2 0.8147321428571429 0.0543010752688172 0.020089285714285716
3 0.2086021505376344 0.9430803571428571 0.07096774193548387 0.020089285714285716
3 0.20268817204301076 0.9698660714285714 0.05967741935483871 0.020089285714285716
3 0.21935483870967742 0.3794642857142857 0.011827956989247311 0.020089285714285716
3 0.20483870967741935 0.46651785714285715 0.011827956989247311 0.020089285714285716
3 0.20806451612903226 0.49330357142857145 0.008064516129032258 0.020089285714285716
3 0.2349462365591398 0.5803571428571429 0.01021505376344086 0.020089285714285716
3 0.21236559139784947 0.6071428571428571 0.00967741935483871 0.020089285714285716
3 0.21881720430107526 0.6339285714285714 0.008064516129032258 0.020089285714285716
3 0.24408602150537634 0.7611607142857143 0.00967741935483871 0.020089285714285716
3 0.239247311827957 0.7879464285714286 0.01021505376344086 0.020089285714285716
3 0.2349462365591398 0.8147321428571429 0.01021505376344086 0.020089285714285716
3 0.2532258064516129 0.9430803571428571 0.011827956989247311 0.020089285714285716
3 0.239247311827957 0.9698660714285714 0.007526881720430108 0.020089285714285716
3 0.2118279569892473 0.041294642857142856 0.06182795698924731 0.022321428571428572
3 0.2075268817204301 0.0625 0.06182795698924731 0.022321428571428572
3 0.22204301075268817 0.12834821428571427 0.0978494623655914 0.022321428571428572
3 0.2924731182795699 0.12834821428571427 0.023655913978494623 0.022321428571428572
3 0.22096774193548388 0.15066964285714285 0.0956989247311828 0.022321428571428572