0 0.5854838709677419 0.027901785714285716 0.024731182795698924 0.04352678571428571
0 0.7354838709677419 0.16629464285714285 0.06075268817204301 0.015625
0 0.6338709677419355 0.40513392857142855 0.03924731182795699 0.029017857142857144
1 0.7193548387096774 0.029017857142857144 0.1827956989247312 0.04352678571428571
1 0.38548387096774195 0.3203125 0.08602150537634409 0.17857142857142858
1 0.38548387096774195 0.546875 0.08602150537634409 0.17857142857142858
1 0.38548387096774195 0.7712053571428571 0.08602150537634409 0.17857142857142858
1 0.21236559139784947 0.029017857142857144 0.07204301075268817 0.03794642857142857
2 0.43709677419354837 0.027901785714285716 0.32150537634408605 0.04352678571428571
2 0.4586021505376344 0.027901785714285716 0.007526881720430108 0.015625
3 0.5102150537634409 0.029017857142857144 0.12688172043010754 0.029017857142857144
3 0.6026881720430107 0.40513392857142855 0.01935483870967742 0.020089285714285716
3 0.5155913978494624 0.027901785714285716 0.1010752688172043 0.022321428571428572
3 0.5155913978494624 0.027901785714285716 0.1010752688172043 0.022321428571428572
3 0.24731182795698925 0.22433035714285715 0.14946236559139786 0.033482142857142856
3 0.6096774193548387 0.3002232142857143 0.3370967741935484 0.05803571428571429
3 0.6096774193548387 0.4720982142857143 0.3370967741935484 0.029017857142857144
3 0.6096774193548387 0.6964285714285714 0.3370967741935484 0.029017857142857144
3 0.6096774193548387 0.9207589285714286 0.3370967741935484 0.029017857142857144
3 0.3403225806451613 0.0859375 0.024193548387096774 0.022321428571428572
3 0.3758064516129032 0.0859375 0.026881720430107527 0.022321428571428572
3 0.42311827956989245 0.0859375 0.04838709677419355 0.022321428571428572
3 0.4661290322580645 0.0859375 0.01881720430107527 0.022321428571428572
3 0.49731182795698925 0.0859375 0.024193548387096774 0.022321428571428572
3 0.5295698924731183 0.0859375 0.020967741935483872 0.022321428571428572
3 0.2075268817204301 0.5212053571428571 0.06989247311827956 0.020089285714285716
3 0.21129032258064517 0.6082589285714286 0.07795698924731183 0.020089285714285716
3 0.18978494623655914 0.6350446428571429 0.034408602150537634 0.020089285714285716
3 0.2172043010752688 0.6618303571428571 0.08924731182795699 0.020089285714285716
3 0.21236559139784947 0.6886160714285714 0.08010752688172043 0.020089285714285716
3 0.20913978494623656 0.7154017857142857 0.07365591397849462 0.020089285714285716
3 0.2172043010752688 0.7421875 0.08924731182795699 0.020089285714285716
3 0.21559139784946235 0.7689732142857143 0.08655913978494624 0.020089285714285716
3 0.20053763440860214 0.7957589285714286 0.05591397849462366 0.020089285714285716
3 0.19946236559139785 0.8225446428571429 0.0543010752688172 0.020089285714285716
3 0.18225806451612903 0.9397321428571429 0.01935483870967742 0.020089285714285716
3 0.25 0.5212053571428571 0.00967741935483871 0.020089285714285716
3 0.2623655913978495 0.6082589285714286 0.01881720430107527 0.020089285714285716
3 0.21989247311827956 0.6350446428571429 0.02043010752688172 0.020089285714285716
3 0.27419354838709675 0.6618303571428571 0.01989247311827957 0.020089285714285716
3 0.26021505376344084 0.6886160714285714 0.00967741935483871 0.020089285714285716
3 0.2537634408602151 0.7154017857142857 0.01021505376344086 0.020089285714285716
3 0.2698924731182796 0.7421875 0.01021505376344086 0.020089285714285716
3 0.2661290322580645 0.7689732142857143 0.008064516129032258 0.020089285714285716
3 0.23548387096774193 0.7957589285714286 0.008064516129032258 0.020089285714285716
3 0.23387096774193547 0.8225446428571429 0.007526881720430108 0.020089285714285716
3 0.2032258064516129 0.9397321428571429 0.017741935483870968 0.020089285714285716
3 0.21129032258064517 0.06919642857142858 0.06182795698924731 0.022321428571428572
3 0.20698924731182797 0.09040178571428571 0.06182795698924731 0.022321428571428572
3 0.21236559139784947 0.15625 0.07956989247311828 0.022321428571428572
3 0.2435483870967742 0.16741071428571427 0.1424731182795699 0.044642857142857144