0 0.7180790960451977 0.09507042253521127 0.06384180790960452 0.01643192488262911
0 0.6112994350282486 0.34624413145539906 0.04124293785310734 0.03051643192488263
1 0.3502824858757062 0.25704225352112675 0.0903954802259887 0.18779342723004694
1 0.3502824858757062 0.4953051643192488 0.0903954802259887 0.18779342723004694
1 0.3502824858757062 0.7312206572769953 0.0903954802259887 0.18779342723004694
3 0.5785310734463277 0.34624413145539906 0.020338983050847456 0.02112676056338028
3 0.20508474576271185 0.15610328638497653 0.15706214689265538 0.035211267605633804
3 0.5858757062146893 0.23591549295774647 0.35423728813559324 0.06103286384976526
3 0.5858757062146893 0.4166666666666667 0.35423728813559324 0.03051643192488263
3 0.5858757062146893 0.6525821596244131 0.35423728813559324 0.03051643192488263
3 0.5858757062146893 0.8884976525821596 0.35423728813559324 0.03051643192488263
3 0.30282485875706217 0.011737089201877934 0.02598870056497175 0.023474178403755867
3 0.3403954802259887 0.011737089201877934 0.0288135593220339 0.023474178403755867
3 0.39011299435028246 0.011737089201877934 0.05141242937853107 0.023474178403755867
3 0.4350282485875706 0.011737089201877934 0.020338983050847456 0.023474178403755867
3 0.46779661016949153 0.011737089201877934 0.02598870056497175 0.023474178403755867
3 0.5016949152542373 0.011737089201877934 0.022598870056497175 0.023474178403755867
3 0.16327683615819208 0.46830985915492956 0.07344632768361582 0.02112676056338028
3 0.1672316384180791 0.5598591549295775 0.08192090395480225 0.02112676056338028
3 0.14463276836158193 0.5880281690140845 0.03615819209039548 0.02112676056338028
3 0.17344632768361581 0.6161971830985915 0.09378531073446328 0.02112676056338028
3 0.16836158192090395 0.6443661971830986 0.08418079096045197 0.02112676056338028
3 0.16497175141242937 0.6725352112676056 0.07740112994350283 0.02112676056338028
3 0.17344632768361581 0.7007042253521126 0.09378531073446328 0.02112676056338028
3 0.17175141242937852 0.7288732394366197 0.09096045197740113 0.02112676056338028
3 0.15593220338983052 0.7570422535211268 0.05875706214689266 0.02112676056338028
3 0.15480225988700566 0.7852112676056338 0.05706214689265537 0.02112676056338028
3 0.1367231638418079 0.9084507042253521 0.020338983050847456 0.02112676056338028
3 0.207909604519774 0.46830985915492956 0.010169491525423728 0.02112676056338028
3 0.22090395480225988 0.5598591549295775 0.01977401129943503 0.02112676056338028
3 0.17627118644067796 0.5880281690140845 0.021468926553672316 0.02112676056338028
3 0.23333333333333334 0.6161971830985915 0.020903954802259886 0.02112676056338028
3 0.21864406779661016 0.6443661971830986 0.010169491525423728 0.02112676056338028
3 0.211864406779661 0.6725352112676056 0.010734463276836158 0.02112676056338028
3 0.2288135593220339 0.7007042253521126 0.010734463276836158 0.02112676056338028
3 0.2248587570621469 0.7288732394366197 0.00847457627118644 0.02112676056338028
3 0.19265536723163842 0.7570422535211268 0.00847457627118644 0.02112676056338028
3 0.19096045197740114 0.7852112676056338 0.007909604519774011 0.02112676056338028
3 0.15875706214689267 0.9084507042253521 0.01864406779661017 0.02112676056338028
3 0.1672316384180791 0.0029342723004694834 0.0655367231638418 0.005868544600938967
3 0.16271186440677965 0.015258215962441314 0.06497175141242938 0.023474178403755867
3 0.16836158192090395 0.08450704225352113 0.08361581920903954 0.023474178403755867
3 0.20112994350282487 0.09624413145539906 0.1497175141242938 0.046948356807511735