0 0.58125 0.015237020316027089 0.025543478260869567 0.030474040632054177
0 0.7326086956521739 0.14785553047404063 0.06141304347826087 0.01580135440180587
0 0.6298913043478261 0.3893905191873589 0.03967391304347826 0.029345372460496615
1 0.7165760869565218 0.01580135440180587 0.18532608695652175 0.03160270880361174
1 0.37880434782608696 0.3036117381489842 0.08695652173913043 0.18058690744920994
1 0.37880434782608696 0.5327313769751693 0.08695652173913043 0.18058690744920994
1 0.37880434782608696 0.7595936794582393 0.08695652173913043 0.18058690744920994
1 0.20407608695652174 0.014672686230248307 0.07336956521739131 0.029345372460496615
2 0.43125 0.015237020316027089 0.32554347826086955 0.030474040632054177
2 0.45271739130434785 0.007900677200902935 0.007608695652173913 0.01580135440180587
3 0.5051630434782609 0.012415349887133182 0.12880434782608696 0.024830699774266364
3 0.5983695652173913 0.3893905191873589 0.01956521739130435 0.020316027088036117
3 0.5105978260869565 0.010158013544018058 0.10271739130434783 0.020316027088036117
3 0.5105978260869565 0.010158013544018058 0.10271739130434783 0.020316027088036117
3 0.2391304347826087 0.20654627539503387 0.15108695652173912 0.033860045146726865
3 0.6054347826086957 0.2832957110609481 0.3407608695652174 0.05869074492099323
3 0.6054347826086957 0.45711060948081267 0.3407608695652174 0.029345372460496615
3 0.6054347826086957 0.6839729119638827 0.3407608695652174 0.029345372460496615
3 0.6054347826086957 0.9108352144469526 0.3407608695652174 0.029345372460496615
3 0.33315217391304347 0.06659142212189616 0.024456521739130436 0.022573363431151242
3 0.3690217391304348 0.06659142212189616 0.02717391304347826 0.022573363431151242
3 0.41684782608695653 0.06659142212189616 0.04891304347826087 0.022573363431151242
3 0.4603260869565217 0.06659142212189616 0.019021739130434784 0.022573363431151242
3 0.49184782608695654 0.06659142212189616 0.024456521739130436 0.022573363431151242
3 0.5244565217391305 0.06659142212189616 0.021195652173913043 0.022573363431151242
3 0.19891304347826086 0.5067720090293454 0.07065217391304347 0.020316027088036117
3 0.20271739130434782 0.5948081264108352 0.07880434782608696 0.020316027088036117
3 0.18097826086956523 0.6218961625282167 0.034782608695652174 0.020316027088036117
3 0.20869565217391303 0.6489841986455982 0.09021739130434783 0.020316027088036117
3 0.20380434782608695 0.6760722347629797 0.08097826086956522 0.020316027088036117
3 0.20054347826086957 0.7031602708803611 0.07445652173913044 0.020316027088036117
3 0.20869565217391303 0.7302483069977427 0.09021739130434783 0.020316027088036117
3 0.20706521739130435 0.7573363431151241 0.0875 0.020316027088036117
3 0.19184782608695652 0.7844243792325056 0.05652173913043478 0.020316027088036117
3 0.1907608695652174 0.8115124153498872 0.05489130434782609 0.020316027088036117
3 0.1733695652173913 0.9300225733634312 0.01956521739130435 0.020316027088036117
3 0.2418478260869565 0.5067720090293454 0.009782608695652175 0.020316027088036117
3 0.2543478260869565 0.5948081264108352 0.019021739130434784 0.020316027088036117
3 0.21141304347826087 0.6218961625282167 0.020652173913043477 0.020316027088036117
3 0.266304347826087 0.6489841986455982 0.02010869565217391 0.020316027088036117
3 0.25217391304347825 0.6760722347629797 0.009782608695652175 0.020316027088036117
3 0.24565217391304348 0.7031602708803611 0.010326086956521738 0.020316027088036117
3 0.2619565217391304 0.7302483069977427 0.010326086956521738 0.020316027088036117
3 0.25815217391304346 0.7573363431151241 0.008152173913043478 0.020316027088036117
3 0.22717391304347825 0.7844243792325056 0.008152173913043478 0.020316027088036117
3 0.22554347826086957 0.8115124153498872 0.007608695652173913 0.020316027088036117
3 0.19456521739130433 0.9300225733634312 0.017934782608695653 0.020316027088036117
3 0.20271739130434782 0.04966139954853273 0.0625 0.022573363431151242
3 0.1983695652173913 0.07110609480812641 0.0625 0.022573363431151242
3 0.20380434782608695 0.13769751693002258 0.08043478260869565 0.022573363431151242
3 0.23532608695652174 0.1489841986455982 0.14402173913043478 0.045146726862302484