0 0.617231638418079 0.017018779342723004 0.02655367231638418 0.03403755868544601
0 0.7242937853107345 0.8192488262910798 0.13559322033898305 0.02112676056338028
0 0.7463276836158192 0.886150234741784 0.17966101694915254 0.056338028169014086
1 0.757909604519774 0.017605633802816902 0.19265536723163842 0.035211267605633804
1 0.20903954802259886 0.24882629107981222 0.024858757062146894 0.051643192488262914
1 0.4242937853107345 0.5410798122065728 0.37740112994350283 0.5492957746478874
1 0.20903954802259886 0.3192488262910798 0.024858757062146894 0.051643192488262914
1 0.20903954802259886 0.38967136150234744 0.024858757062146894 0.051643192488262914
1 0.20903954802259886 0.460093896713615 0.024858757062146894 0.051643192488262914
1 0.20903954802259886 0.5305164319248826 0.024858757062146894 0.051643192488262914
1 0.22514124293785312 0.01643192488262911 0.07627118644067797 0.03286384976525822
2 0.4612994350282486 0.017018779342723004 0.3384180790960452 0.03403755868544601
3 0.7135593220338983 0.4448356807511737 0.11468926553672316 0.02112676056338028
3 0.7463276836158192 0.6232394366197183 0.17966101694915254 0.02464788732394366
3 0.7169491525423729 0.7136150234741784 0.12090395480225989 0.02112676056338028
3 0.20903954802259886 0.2676056338028169 0.02824858757062147 0.025821596244131457
3 0.20903954802259886 0.3380281690140845 0.02824858757062147 0.025821596244131457
3 0.20903954802259886 0.4084507042253521 0.02824858757062147 0.025821596244131457
3 0.20903954802259886 0.4788732394366197 0.02824858757062147 0.025821596244131457
3 0.20903954802259886 0.5492957746478874 0.02824858757062147 0.025821596244131457
3 0.20903954802259886 0.2676056338028169 0.02824858757062147 0.025821596244131457
3 0.20903954802259886 0.3380281690140845 0.02824858757062147 0.025821596244131457
3 0.20903954802259886 0.4084507042253521 0.02824858757062147 0.025821596244131457
3 0.20903954802259886 0.4788732394366197 0.02824858757062147 0.025821596244131457
3 0.20903954802259886 0.5492957746478874 0.02824858757062147 0.025821596244131457
3 0.735593220338983 0.3086854460093897 0.15875706214689267 0.05868544600938967
3 0.7548022598870057 0.5176056338028169 0.16271186440677965 0.023474178403755867
3 0.7548022598870057 0.5422535211267606 0.16271186440677965 0.02112676056338028
3 0.7536723163841808 0.9636150234741784 0.16497175141242937 0.04225352112676056
3 0.7169491525423729 0.6924882629107981 0.12090395480225989 0.01995305164319249
3 0.6898305084745763 0.7734741784037559 0.06666666666666667 0.023474178403755867
3 0.3593220338983051 0.0715962441314554 0.025423728813559324 0.023474178403755867
3 0.39661016949152544 0.0715962441314554 0.02824858757062147 0.023474178403755867
3 0.4463276836158192 0.0715962441314554 0.05084745762711865 0.023474178403755867
3 0.4915254237288136 0.0715962441314554 0.01977401129943503 0.023474178403755867
3 0.5242937853107345 0.0715962441314554 0.025423728813559324 0.023474178403755867
3 0.5581920903954802 0.0715962441314554 0.022033898305084745 0.023474178403755867
3 0.22372881355932203 0.0539906103286385 0.06497175141242938 0.023474178403755867
3 0.2192090395480226 0.07629107981220658 0.06497175141242938 0.023474178403755867
3 0.2966101694915254 0.17488262910798122 0.08361581920903954 0.01643192488262911
3 0.38813559322033897 0.17488262910798122 0.07909604519774012 0.01643192488262911
3 0.48418079096045197 0.17488262910798122 0.09265536723163842 0.01643192488262911
3 0.5519774011299435 0.17488262910798122 0.023728813559322035 0.01643192488262911
3 0.588135593220339 0.17488262910798122 0.0288135593220339 0.01643192488262911
3 0.6248587570621469 0.17488262910798122 0.023163841807909605 0.01643192488262911