0 0.6086956521739131 0.030878859857482184 0.02631578947368421 0.04631828978622328
0 0.717391304347826 0.8491686460807601 0.13729977116704806 0.021377672209026127
0 0.7397025171624714 0.9168646080760094 0.18192219679633867 0.057007125890736345
1 0.7511441647597255 0.032066508313539195 0.1945080091533181 0.04631828978622328
1 0.1956521739130435 0.27197149643705465 0.02517162471395881 0.052256532066508314
1 0.41361556064073224 0.5676959619952494 0.38215102974828374 0.5558194774346793
1 0.1956521739130435 0.34323040380047504 0.02517162471395881 0.052256532066508314
1 0.1956521739130435 0.4144893111638955 0.02517162471395881 0.052256532066508314
1 0.1956521739130435 0.4857482185273159 0.02517162471395881 0.052256532066508314
1 0.1956521739130435 0.5570071258907363 0.02517162471395881 0.052256532066508314
1 0.2116704805491991 0.032066508313539195 0.07665903890160183 0.040380047505938245
2 0.45080091533180777 0.030878859857482184 0.34210526315789475 0.04631828978622328
3 0.7065217391304348 0.47030878859857483 0.11613272311212815 0.021377672209026127
3 0.7397025171624714 0.6508313539192399 0.18192219679633867 0.02494061757719715
3 0.709954233409611 0.7422802850356295 0.12242562929061784 0.021377672209026127
3 0.1956521739130435 0.29097387173396677 0.028604118993135013 0.026128266033254157
3 0.1956521739130435 0.36223277909738716 0.028604118993135013 0.026128266033254157
3 0.1956521739130435 0.4334916864608076 0.028604118993135013 0.026128266033254157
3 0.1956521739130435 0.504750593824228 0.028604118993135013 0.026128266033254157
3 0.1956521739130435 0.5760095011876485 0.028604118993135013 0.026128266033254157
3 0.1956521739130435 0.29097387173396677 0.028604118993135013 0.026128266033254157
3 0.1956521739130435 0.36223277909738716 0.028604118993135013 0.026128266033254157
3 0.1956521739130435 0.4334916864608076 0.028604118993135013 0.026128266033254157
3 0.1956521739130435 0.504750593824228 0.028604118993135013 0.026128266033254157
3 0.1956521739130435 0.5760095011876485 0.028604118993135013 0.026128266033254157
3 0.7288329519450801 0.332541567695962 0.16075514874141877 0.05938242280285035
3 0.7482837528604119 0.5439429928741093 0.16475972540045766 0.023752969121140142
3 0.7482837528604119 0.5688836104513064 0.16475972540045766 0.021377672209026127
3 0.7474256292906178 0.9863420427553444 0.16762013729977115 0.02494061757719715
3 0.709954233409611 0.7209026128266033 0.12242562929061784 0.020190023752969122
3 0.6824942791762014 0.8028503562945368 0.06750572082379863 0.023752969121140142
3 0.34782608695652173 0.09263657957244656 0.02574370709382151 0.023752969121140142
3 0.38558352402745993 0.09263657957244656 0.028604118993135013 0.023752969121140142
3 0.43592677345537756 0.09263657957244656 0.05148741418764302 0.023752969121140142
3 0.4816933638443936 0.09263657957244656 0.02002288329519451 0.023752969121140142
3 0.5148741418764302 0.09263657957244656 0.02574370709382151 0.023752969121140142
3 0.5491990846681922 0.09263657957244656 0.02231121281464531 0.023752969121140142
3 0.21052631578947367 0.07482185273159145 0.06578947368421052 0.023752969121140142
3 0.20594965675057209 0.09738717339667459 0.06578947368421052 0.023752969121140142
3 0.284324942791762 0.19714964370546317 0.08466819221967964 0.0166270783847981
3 0.37700228832951943 0.19714964370546317 0.08009153318077804 0.0166270783847981
3 0.4742562929061785 0.19714964370546317 0.09382151029748284 0.0166270783847981
3 0.5429061784897025 0.19714964370546317 0.02402745995423341 0.0166270783847981
3 0.5795194508009154 0.19714964370546317 0.02917620137299771 0.0166270783847981
3 0.6167048054919908 0.19714964370546317 0.02345537757437071 0.0166270783847981