0 0.7563657407407407 0.09975961538461539 0.06539351851851852 0.016826923076923076
1 0.37962962962962965 0.265625 0.09259259259259259 0.19230769230769232
1 0.37962962962962965 0.5072115384615384 0.09259259259259259 0.19230769230769232
1 0.37962962962962965 0.7487980769230769 0.09259259259259259 0.19230769230769232
3 0.2309027777777778 0.1622596153846154 0.16087962962962962 0.036057692307692304
3 0.6209490740740741 0.18509615384615385 0.3628472222222222 0.03125
3 0.6209490740740741 0.4699519230769231 0.3628472222222222 0.03125
3 0.6209490740740741 0.6682692307692307 0.3628472222222222 0.03125
3 0.6209490740740741 0.9098557692307693 0.3628472222222222 0.03125
3 0.33101851851851855 0.013221153846153846 0.026041666666666668 0.02403846153846154
3 0.36921296296296297 0.013221153846153846 0.028935185185185185 0.02403846153846154
3 0.4201388888888889 0.013221153846153846 0.052083333333333336 0.02403846153846154
3 0.4664351851851852 0.013221153846153846 0.02025462962962963 0.02403846153846154
3 0.5 0.013221153846153846 0.026041666666666668 0.02403846153846154
3 0.5347222222222222 0.013221153846153846 0.022569444444444444 0.02403846153846154
3 0.1880787037037037 0.48197115384615385 0.07523148148148148 0.021634615384615384
3 0.19849537037037038 0.5757211538461539 0.09606481481481481 0.021634615384615384
3 0.19675925925925927 0.6045673076923077 0.0931712962962963 0.021634615384615384
3 0.19849537037037038 0.6334134615384616 0.09606481481481481 0.021634615384615384
3 0.18113425925925927 0.6622596153846154 0.061342592592592594 0.021634615384615384
3 0.19270833333333334 0.6911057692307693 0.08506944444444445 0.021634615384615384
3 0.19791666666666666 0.7199519230769231 0.09490740740740741 0.021634615384615384
3 0.16898148148148148 0.7487980769230769 0.037037037037037035 0.021634615384615384
3 0.19212962962962962 0.7776442307692307 0.08333333333333333 0.021634615384615384
3 0.17939814814814814 0.8064903846153846 0.05787037037037037 0.021634615384615384
3 0.16087962962962962 0.9326923076923077 0.020833333333333332 0.021634615384615384
3 0.23668981481481483 0.48197115384615385 0.01678240740740741 0.021634615384615384
3 0.2638888888888889 0.5757211538461539 0.028935185185185185 0.021634615384615384
3 0.2586805555555556 0.6045673076923077 0.023726851851851853 0.021634615384615384
3 0.2586805555555556 0.6334134615384616 0.017361111111111112 0.021634615384615384
3 0.22280092592592593 0.6622596153846154 0.015625 0.021634615384615384
3 0.24479166666666666 0.6911057692307693 0.013310185185185185 0.021634615384615384
3 0.25462962962962965 0.7199519230769231 0.013310185185185185 0.021634615384615384
3 0.19675925925925927 0.7487980769230769 0.01273148148148148 0.021634615384615384
3 0.24305555555555555 0.7776442307692307 0.013310185185185185 0.021634615384615384
3 0.2181712962962963 0.8064903846153846 0.01273148148148148 0.021634615384615384
3 0.1857638888888889 0.9326923076923077 0.023148148148148147 0.021634615384615384
3 0.19212962962962962 0.004206730769230769 0.06712962962962964 0.008413461538461538
3 0.1875 0.018028846153846152 0.06655092592592593 0.02403846153846154
3 0.19328703703703703 0.0889423076923077 0.08564814814814815 0.02403846153846154
3 0.22685185185185186 0.10096153846153846 0.15335648148148148 0.04807692307692308