0 0.5833333333333334 0.01868131868131868 0.02486772486772487 0.03736263736263736
0 0.7306878306878307 0.15164835164835164 0.059788359788359786 0.015384615384615385
0 0.6243386243386243 0.5186813186813187 0.025925925925925925 0.02857142857142857
1 0.7150793650793651 0.019230769230769232 0.18042328042328043 0.038461538461538464
1 0.3862433862433862 0.3032967032967033 0.08465608465608465 0.17582417582417584
1 0.3862433862433862 0.5241758241758242 0.08465608465608465 0.17582417582417584
1 0.3862433862433862 0.7450549450549451 0.08465608465608465 0.17582417582417584
1 0.21613756613756613 0.018131868131868133 0.07142857142857142 0.03626373626373627
2 0.4373015873015873 0.01868131868131868 0.31693121693121695 0.03736263736263736
2 0.44497354497354497 0.015384615384615385 0.007407407407407408 0.015384615384615385
3 0.5021164021164021 0.016483516483516484 0.1380952380952381 0.02857142857142857
3 0.6 0.5186813186813187 0.01904761904761905 0.01978021978021978
3 0.4597883597883598 0.7483516483516484 0.03756613756613757 0.015384615384615385
3 0.6068783068783069 0.9142857142857143 0.33174603174603173 0.015384615384615385
3 0.5074074074074074 0.015384615384615385 0.1126984126984127 0.02197802197802198
3 0.5074074074074074 0.015384615384615385 0.1126984126984127 0.02197802197802198
3 0.25026455026455025 0.2087912087912088 0.14708994708994708 0.03296703296703297
3 0.6068783068783069 0.2692307692307692 0.33174603174603173 0.02857142857142857
3 0.6068783068783069 0.45054945054945056 0.33174603174603173 0.02857142857142857
3 0.6068783068783069 0.6714285714285714 0.33174603174603173 0.02857142857142857
3 0.6068783068783069 0.8923076923076924 0.33174603174603173 0.02857142857142857
3 0.3417989417989418 0.07252747252747253 0.023809523809523808 0.02197802197802198
3 0.37671957671957673 0.07252747252747253 0.026455026455026454 0.02197802197802198
3 0.42328042328042326 0.07252747252747253 0.047619047619047616 0.02197802197802198
3 0.4656084656084656 0.07252747252747253 0.018518518518518517 0.02197802197802198
3 0.4962962962962963 0.07252747252747253 0.023809523809523808 0.02197802197802198
3 0.5280423280423281 0.07252747252747253 0.020634920634920634 0.02197802197802198
3 0.2111111111111111 0.33186813186813185 0.06878306878306878 0.01978021978021978
3 0.2021164021164021 0.4175824175824176 0.050793650793650794 0.01978021978021978
3 0.18994708994708995 0.44395604395604393 0.026455026455026454 0.01978021978021978
3 0.18465608465608466 0.4703296703296703 0.015873015873015872 0.01978021978021978
3 0.20846560846560847 0.4967032967032967 0.06349206349206349 0.01978021978021978
3 0.21746031746031746 0.5230769230769231 0.08148148148148149 0.01978021978021978
3 0.20952380952380953 0.5494505494505495 0.06613756613756613 0.01978021978021978
3 0.20634920634920634 0.5758241758241758 0.05925925925925926 0.01978021978021978
3 0.20264550264550266 0.6021978021978022 0.05185185185185185 0.01978021978021978
3 0.2126984126984127 0.6285714285714286 0.07248677248677249 0.01978021978021978
3 0.18624338624338624 0.743956043956044 0.01904761904761905 0.01978021978021978
3 0.1931216931216931 0.8296703296703297 0.0328042328042328 0.01978021978021978
3 0.19365079365079366 0.9153846153846154 0.03439153439153439 0.01978021978021978
3 0.25396825396825395 0.33186813186813185 0.01164021164021164 0.01978021978021978
3 0.2402116402116402 0.4175824175824176 0.020105820105820106 0.01978021978021978
3 0.21322751322751324 0.44395604395604393 0.015343915343915344 0.01978021978021978
3 0.20052910052910053 0.4703296703296703 0.010052910052910053 0.01978021978021978
3 0.2492063492063492 0.4967032967032967 0.01216931216931217 0.01978021978021978
3 0.2650793650793651 0.5230769230769231 0.007936507936507936 0.01978021978021978
3 0.2492063492063492 0.5494505494505495 0.007407407407407408 0.01978021978021978
3 0.24285714285714285 0.5758241758241758 0.007407407407407408 0.01978021978021978
3 0.23492063492063492 0.6021978021978022 0.007407407407407408 0.01978021978021978
3 0.2560846560846561 0.6285714285714286 0.007936507936507936 0.01978021978021978
3 0.2052910052910053 0.743956043956044 0.014285714285714285 0.01978021978021978
3 0.21746031746031746 0.8296703296703297 0.010052910052910053 0.01978021978021978
3 0.22328042328042327 0.9153846153846154 0.019576719576719578 0.01978021978021978
3 0.21481481481481482 0.056043956043956046 0.06084656084656084 0.02197802197802198
3 0.2105820105820106 0.07692307692307693 0.06084656084656084 0.02197802197802198
3 0.21587301587301588 0.14175824175824175 0.07830687830687831 0.02197802197802198
3 0.24656084656084656 0.15274725274725276 0.1402116402116402 0.04395604395604396
3 0.2507936507936508 0.16373626373626374 0.08783068783068783 0.02197802197802198