0 0.7226519337016575 0.125 0.062430939226519336 0.016055045871559634
0 0.6215469613259669 0.9690366972477065 0.04696132596685083 0.02981651376146789
1 0.3629834254143646 0.28325688073394495 0.08839779005524862 0.1834862385321101
1 0.3629834254143646 0.5137614678899083 0.08839779005524862 0.1834862385321101
1 0.3629834254143646 0.7442660550458715 0.08839779005524862 0.1834862385321101
3 0.44972375690607735 0.29128440366972475 0.05856353591160221 0.021788990825688075
3 0.46022099447513815 0.5630733944954128 0.07955801104972375 0.021788990825688075
3 0.4397790055248619 0.9782110091743119 0.039226519337016576 0.016055045871559634
3 0.5861878453038674 0.9690366972477065 0.019889502762430938 0.020642201834862386
3 0.22099447513812154 0.18463302752293578 0.15359116022099448 0.034403669724770644
3 0.5933701657458563 0.20642201834862386 0.34640883977900555 0.02981651376146789
3 0.5933701657458563 0.4782110091743119 0.34640883977900555 0.02981651376146789
3 0.5933701657458563 0.6674311926605505 0.34640883977900555 0.02981651376146789
3 0.5933701657458563 0.8979357798165137 0.34640883977900555 0.02981651376146789
3 0.3165745856353591 0.04243119266055046 0.024861878453038673 0.022935779816513763
3 0.35303867403314915 0.04243119266055046 0.027624309392265192 0.022935779816513763
3 0.4016574585635359 0.04243119266055046 0.049723756906077346 0.022935779816513763
3 0.4458563535911602 0.04243119266055046 0.019337016574585635 0.022935779816513763
3 0.47790055248618785 0.04243119266055046 0.024861878453038673 0.022935779816513763
3 0.511049723756906 0.04243119266055046 0.02154696132596685 0.022935779816513763
3 0.18011049723756906 0.4896788990825688 0.0718232044198895 0.020642201834862386
3 0.15303867403314916 0.5791284403669725 0.018232044198895028 0.020642201834862386
3 0.16132596685082873 0.606651376146789 0.03425414364640884 0.020642201834862386
3 0.15138121546961325 0.6341743119266054 0.014917127071823204 0.020642201834862386
3 0.1591160220994475 0.7236238532110092 0.03038674033149171 0.020642201834862386
3 0.15303867403314916 0.7511467889908257 0.018232044198895028 0.020642201834862386
3 0.16408839779005524 0.7786697247706422 0.04033149171270718 0.020642201834862386
3 0.15193370165745856 0.8061926605504587 0.015469613259668509 0.020642201834862386
3 0.16077348066298341 0.8337155963302753 0.03314917127071823 0.020642201834862386
3 0.1569060773480663 0.8612385321100917 0.025966850828729283 0.020642201834862386
3 0.1569060773480663 0.8887614678899083 0.025966850828729283 0.020642201834862386
3 0.15966850828729282 0.9162844036697247 0.03149171270718232 0.020642201834862386
3 0.15856353591160222 0.9438073394495413 0.028729281767955802 0.020642201834862386
3 0.22486187845303868 0.4896788990825688 0.012154696132596685 0.020642201834862386
3 0.17292817679558012 0.5791284403669725 0.016022099447513812 0.020642201834862386
3 0.1856353591160221 0.606651376146789 0.0077348066298342545 0.020642201834862386
3 0.16519337016574587 0.6341743119266054 0.0060773480662983425 0.020642201834862386
3 0.18839779005524862 0.7236238532110092 0.020994475138121547 0.020642201834862386
3 0.17624309392265194 0.7511467889908257 0.020994475138121547 0.020642201834862386
3 0.19558011049723756 0.7786697247706422 0.015469613259668509 0.020642201834862386
3 0.17016574585635358 0.8061926605504587 0.016022099447513812 0.020642201834862386
3 0.1867403314917127 0.8337155963302753 0.012154696132596685 0.020642201834862386
3 0.17955801104972377 0.8612385321100917 0.012154696132596685 0.020642201834862386
3 0.17955801104972377 0.8887614678899083 0.01270718232044199 0.020642201834862386
3 0.18453038674033148 0.9162844036697247 0.01270718232044199 0.020642201834862386
3 0.18066298342541437 0.9438073394495413 0.009944751381215469 0.020642201834862386
3 0.1839779005524862 0.02522935779816514 0.06353591160220995 0.022935779816513763
3 0.17955801104972377 0.047018348623853214 0.06353591160220995 0.022935779816513763
3 0.1850828729281768 0.11467889908256881 0.08176795580110498 0.022935779816513763
3 0.21712707182320443 0.12614678899082568 0.1464088397790055 0.045871559633027525
3 0.22154696132596685 0.13761467889908258 0.09171270718232044 0.022935779816513763
3 0.2861878453038674 0.13761467889908258 0.01712707182320442 0.022935779816513763