0 0.584375 0.02922077922077922 0.023958333333333335 0.04220779220779221
0 0.21458333333333332 0.4134199134199134 0.010416666666666666 0.021645021645021644
0 0.7296875 0.19913419913419914 0.058854166666666666 0.015151515151515152
1 0.7140625 0.030303030303030304 0.17708333333333334 0.04220779220779221
1 0.390625 0.3484848484848485 0.08333333333333333 0.17316017316017315
1 0.390625 0.566017316017316 0.08333333333333333 0.17316017316017315
1 0.390625 0.7835497835497836 0.08333333333333333 0.17316017316017315
1 0.22291666666666668 0.030303030303030304 0.06979166666666667 0.0367965367965368
2 0.440625 0.02922077922077922 0.31145833333333334 0.04220779220779221
2 0.5119791666666667 0.02922077922077922 0.007291666666666667 0.015151515151515152
3 0.5364583333333334 0.030303030303030304 0.07239583333333334 0.02813852813852814
3 0.5416666666666666 0.02922077922077922 0.04739583333333333 0.021645021645021644
3 0.5416666666666666 0.02922077922077922 0.04739583333333333 0.021645021645021644
3 0.25677083333333334 0.30952380952380953 0.14479166666666668 0.09740259740259741
3 0.6078125 0.275974025974026 0.3265625 0.02813852813852814
3 0.6078125 0.4935064935064935 0.3265625 0.02813852813852814
3 0.6078125 0.711038961038961 0.3265625 0.02813852813852814
3 0.6078125 0.9285714285714286 0.3265625 0.02813852813852814
3 0.346875 0.0854978354978355 0.0234375 0.021645021645021644
3 0.38125 0.0854978354978355 0.026041666666666668 0.021645021645021644
3 0.4270833333333333 0.0854978354978355 0.046875 0.021645021645021644
3 0.46875 0.0854978354978355 0.018229166666666668 0.021645021645021644
3 0.49895833333333334 0.0854978354978355 0.0234375 0.021645021645021644
3 0.5302083333333333 0.0854978354978355 0.0203125 0.021645021645021644
3 0.21822916666666667 0.5194805194805194 0.06770833333333333 0.01948051948051948
3 0.19739583333333333 0.6038961038961039 0.0265625 0.01948051948051948
3 0.19583333333333333 0.6298701298701299 0.022916666666666665 0.01948051948051948
3 0.20208333333333334 0.6558441558441559 0.035416666666666666 0.01948051948051948
3 0.19583333333333333 0.6818181818181818 0.022916666666666665 0.01948051948051948
3 0.20052083333333334 0.7077922077922078 0.03229166666666667 0.01948051948051948
3 0.19270833333333334 0.7337662337662337 0.0171875 0.01948051948051948
3 0.20052083333333334 0.7597402597402597 0.03229166666666667 0.01948051948051948
3 0.19947916666666668 0.7857142857142857 0.030208333333333334 0.01948051948051948
3 0.1984375 0.8116883116883117 0.028125 0.01948051948051948
3 0.19375 0.9253246753246753 0.01875 0.01948051948051948
3 0.2604166666666667 0.5194805194805194 0.011458333333333333 0.01948051948051948
3 0.22395833333333334 0.6038961038961039 0.019791666666666666 0.01948051948051948
3 0.21822916666666667 0.6298701298701299 0.0171875 0.01948051948051948
3 0.23020833333333332 0.6558441558441559 0.015625 0.01948051948051948
3 0.21770833333333334 0.6818181818181818 0.016145833333333335 0.01948051948051948
3 0.22708333333333333 0.7077922077922078 0.016145833333333335 0.01948051948051948
3 0.21145833333333333 0.7337662337662337 0.0140625 0.01948051948051948
3 0.22604166666666667 0.7597402597402597 0.0140625 0.01948051948051948
3 0.2234375 0.7857142857142857 0.013020833333333334 0.01948051948051948
3 0.221875 0.8116883116883117 0.0140625 0.01948051948051948
3 0.2125 0.9253246753246753 0.013541666666666667 0.01948051948051948
3 0.221875 0.06926406926406926 0.059895833333333336 0.021645021645021644
3 0.21770833333333334 0.08982683982683982 0.059895833333333336 0.021645021645021644
3 0.22291666666666668 0.1893939393939394 0.07708333333333334 0.021645021645021644
3 0.253125 0.2002164502164502 0.13802083333333334 0.04329004329004329
3 0.25677083333333334 0.21103896103896103 0.08541666666666667 0.021645021645021644
3 0.1953125 0.2326839826839827 0.021875 0.021645021645021644