0 0.5858638743455498 0.02608695652173913 0.024083769633507852 0.042391304347826085
0 0.21413612565445025 0.41195652173913044 0.010471204188481676 0.021739130434782608
0 0.7319371727748691 0.1967391304347826 0.059162303664921465 0.015217391304347827
1 0.7162303664921466 0.02717391304347826 0.17801047120418848 0.042391304347826085
1 0.3910994764397906 0.3467391304347826 0.08376963350785341 0.17391304347826086
1 0.3910994764397906 0.5652173913043478 0.08376963350785341 0.17391304347826086
1 0.3910994764397906 0.783695652173913 0.08376963350785341 0.17391304347826086
1 0.22251308900523561 0.02717391304347826 0.07015706806282722 0.03695652173913044
2 0.44136125654450264 0.02608695652173913 0.31308900523560207 0.042391304347826085
2 0.5130890052356021 0.02608695652173913 0.007329842931937173 0.015217391304347827
3 0.537696335078534 0.02717391304347826 0.07277486910994764 0.02826086956521739
3 0.5429319371727749 0.02608695652173913 0.04764397905759162 0.021739130434782608
3 0.5429319371727749 0.02608695652173913 0.04764397905759162 0.021739130434782608
3 0.25654450261780104 0.3076086956521739 0.14554973821989528 0.09782608695652174
3 0.6094240837696335 0.27391304347826084 0.32827225130890053 0.02826086956521739
3 0.6094240837696335 0.4923913043478261 0.32827225130890053 0.02826086956521739
3 0.6094240837696335 0.7108695652173913 0.32827225130890053 0.02826086956521739
3 0.6094240837696335 0.9293478260869565 0.32827225130890053 0.02826086956521739
3 0.3471204188481675 0.08260869565217391 0.02356020942408377 0.021739130434782608
3 0.38167539267015704 0.08260869565217391 0.02617801047120419 0.021739130434782608
3 0.42774869109947644 0.08260869565217391 0.04712041884816754 0.021739130434782608
3 0.46963350785340313 0.08260869565217391 0.01832460732984293 0.021739130434782608
3 0.5 0.08260869565217391 0.02356020942408377 0.021739130434782608
3 0.5314136125654451 0.08260869565217391 0.020418848167539267 0.021739130434782608
3 0.21780104712041884 0.5184782608695652 0.06806282722513089 0.01956521739130435
3 0.1968586387434555 0.6032608695652174 0.026701570680628273 0.01956521739130435
3 0.19528795811518324 0.6293478260869565 0.023036649214659685 0.01956521739130435
3 0.20157068062827224 0.6554347826086957 0.0356020942408377 0.01956521739130435
3 0.19528795811518324 0.6815217391304348 0.023036649214659685 0.01956521739130435
3 0.2 0.7076086956521739 0.032460732984293195 0.01956521739130435
3 0.19214659685863875 0.7336956521739131 0.017277486910994764 0.01956521739130435
3 0.2 0.7597826086956522 0.032460732984293195 0.01956521739130435
3 0.19895287958115182 0.7858695652173913 0.030366492146596858 0.01956521739130435
3 0.19790575916230366 0.8119565217391305 0.028272251308900525 0.01956521739130435
3 0.1931937172774869 0.9260869565217391 0.018848167539267015 0.01956521739130435
3 0.2602094240837696 0.5184782608695652 0.011518324607329843 0.01956521739130435
3 0.22356020942408378 0.6032608695652174 0.019895287958115182 0.01956521739130435
3 0.21780104712041884 0.6293478260869565 0.017277486910994764 0.01956521739130435
3 0.22984293193717278 0.6554347826086957 0.015706806282722512 0.01956521739130435
3 0.21727748691099477 0.6815217391304348 0.016230366492146597 0.01956521739130435
3 0.22670157068062827 0.7076086956521739 0.016230366492146597 0.01956521739130435
3 0.21099476439790577 0.7336956521739131 0.014136125654450262 0.01956521739130435
3 0.2256544502617801 0.7597826086956522 0.014136125654450262 0.01956521739130435
3 0.22303664921465968 0.7858695652173913 0.013089005235602094 0.01956521739130435
3 0.22146596858638742 0.8119565217391305 0.014136125654450262 0.01956521739130435
3 0.21204188481675393 0.9260869565217391 0.013612565445026177 0.01956521739130435
3 0.22146596858638742 0.06630434782608696 0.060209424083769635 0.021739130434782608
3 0.21727748691099477 0.08695652173913043 0.060209424083769635 0.021739130434782608
3 0.22251308900523561 0.18695652173913044 0.0774869109947644 0.021739130434782608
3 0.25287958115183246 0.19782608695652174 0.1387434554973822 0.043478260869565216
3 0.25654450261780104 0.20869565217391303 0.08586387434554973 0.021739130434782608
3 0.19476439790575917 0.23043478260869565 0.02198952879581152 0.021739130434782608