0 0.584375 0.02922077922077922 0.023958333333333335 0.04220779220779221
0 0.7296875 0.1634199134199134 0.058854166666666666 0.015151515151515152
0 0.7796875 0.4588744588744589 0.01875 0.03896103896103896
1 0.7140625 0.030303030303030304 0.17708333333333334 0.04220779220779221
1 0.390625 0.31277056277056275 0.08333333333333333 0.17316017316017315
1 0.390625 0.5303030303030303 0.08333333333333333 0.17316017316017315
1 0.390625 0.7478354978354979 0.08333333333333333 0.17316017316017315
1 0.22291666666666668 0.030303030303030304 0.06979166666666667 0.0367965367965368
2 0.440625 0.02922077922077922 0.31145833333333334 0.04220779220779221
2 0.45729166666666665 0.02922077922077922 0.007291666666666667 0.015151515151515152
3 0.509375 0.030303030303030304 0.12708333333333333 0.02813852813852814
3 0.5145833333333333 0.02922077922077922 0.10208333333333333 0.021645021645021644
3 0.5145833333333333 0.02922077922077922 0.10208333333333333 0.021645021645021644
3 0.25677083333333334 0.19805194805194806 0.14479166666666668 0.032467532467532464
3 0.6078125 0.24025974025974026 0.3265625 0.02813852813852814
3 0.6078125 0.4577922077922078 0.3265625 0.02813852813852814
3 0.6078125 0.7142857142857143 0.3265625 0.02813852813852814
3 0.6078125 0.8928571428571429 0.3265625 0.02813852813852814
3 0.346875 0.0854978354978355 0.0234375 0.021645021645021644
3 0.38125 0.0854978354978355 0.026041666666666668 0.021645021645021644
3 0.4270833333333333 0.0854978354978355 0.046875 0.021645021645021644
3 0.46875 0.0854978354978355 0.018229166666666668 0.021645021645021644
3 0.49895833333333334 0.0854978354978355 0.0234375 0.021645021645021644
3 0.5302083333333333 0.0854978354978355 0.0203125 0.021645021645021644
3 0.21822916666666667 0.4025974025974026 0.06770833333333333 0.01948051948051948
3 0.22083333333333333 0.487012987012987 0.07291666666666667 0.01948051948051948
3 0.19427083333333334 0.512987012987013 0.019791666666666666 0.01948051948051948
3 0.23645833333333333 0.538961038961039 0.1046875 0.01948051948051948
3 0.225 0.564935064935065 0.08177083333333333 0.01948051948051948
3 0.2359375 0.5909090909090909 0.103125 0.01948051948051948
3 0.23385416666666667 0.6168831168831169 0.09947916666666666 0.01948051948051948
3 0.19375 0.7012987012987013 0.01875 0.01948051948051948
3 0.20208333333333334 0.7857142857142857 0.035416666666666666 0.01948051948051948
3 0.2265625 0.8116883116883117 0.08489583333333334 0.01948051948051948
3 0.20052083333333334 0.8961038961038961 0.03229166666666667 0.01948051948051948
3 0.20104166666666667 0.9805194805194806 0.033854166666666664 0.01948051948051948
3 0.26145833333333335 0.4025974025974026 0.0140625 0.01948051948051948
3 0.271875 0.487012987012987 0.023958333333333335 0.01948051948051948
3 0.21510416666666668 0.512987012987013 0.016145833333333335 0.01948051948051948
3 0.2953125 0.538961038961039 0.0078125 0.01948051948051948
3 0.27239583333333334 0.564935064935065 0.007291666666666667 0.01948051948051948
3 0.29375 0.5909090909090909 0.007291666666666667 0.01948051948051948
3 0.290625 0.6168831168831169 0.007291666666666667 0.01948051948051948
3 0.215625 0.7012987012987013 0.019791666666666666 0.01948051948051948
3 0.22604166666666667 0.7857142857142857 0.007291666666666667 0.01948051948051948
3 0.27760416666666665 0.8116883116883117 0.011458333333333333 0.01948051948051948
3 0.22760416666666666 0.8961038961038961 0.015625 0.01948051948051948
3 0.23125 0.9805194805194806 0.021354166666666667 0.01948051948051948
3 0.221875 0.06926406926406926 0.059895833333333336 0.021645021645021644
3 0.21770833333333334 0.08982683982683982 0.059895833333333336 0.021645021645021644
3 0.22291666666666668 0.15367965367965367 0.07708333333333334 0.021645021645021644