0 0.7127039627039627 0.22033898305084745 0.06585081585081586 0.01694915254237288
1 0.3554778554778555 0.43825665859564167 0.1655011655011655 0.34382566585956414
1 0.5303030303030303 0.43825665859564167 0.1655011655011655 0.34382566585956414
1 0.7051282051282052 0.43825665859564167 0.1655011655011655 0.34382566585956414
3 0.3146853146853147 0.6912832929782082 0.06060606060606061 0.023002421307506054
3 0.48951048951048953 0.6912832929782082 0.06060606060606061 0.023002421307506054
3 0.675990675990676 0.6912832929782082 0.08391608391608392 0.023002421307506054
3 0.18356643356643357 0.25907990314769974 0.16200466200466201 0.03631961259079903
3 0.3554778554778555 0.7397094430992736 0.14219114219114218 0.043583535108958835
3 0.5303030303030303 0.7397094430992736 0.14219114219114218 0.043583535108958835
3 0.7051282051282052 0.7397094430992736 0.14219114219114218 0.043583535108958835
3 0.28438228438228436 0.024213075060532687 0.026223776223776224 0.024213075060532687
3 0.32284382284382285 0.024213075060532687 0.029137529137529136 0.024213075060532687
3 0.3741258741258741 0.024213075060532687 0.05244755244755245 0.024213075060532687
3 0.42074592074592077 0.024213075060532687 0.020396270396270396 0.024213075060532687
3 0.45454545454545453 0.024213075060532687 0.026223776223776224 0.024213075060532687
3 0.48951048951048953 0.024213075060532687 0.022727272727272728 0.024213075060532687
3 0.14044289044289043 0.5811138014527845 0.07575757575757576 0.021791767554479417
3 0.11247086247086246 0.6755447941888619 0.020396270396270396 0.021791767554479417
3 0.11713286713286714 0.7046004842615012 0.029137529137529136 0.021791767554479417
3 0.11363636363636363 0.7336561743341404 0.022727272727272728 0.021791767554479417
3 0.11247086247086246 0.7627118644067796 0.020396270396270396 0.021791767554479417
3 0.11247086247086246 0.7917675544794189 0.020396270396270396 0.021791767554479417
3 0.12179487179487179 0.8208232445520581 0.03904428904428905 0.021791767554479417
3 0.155011655011655 0.9152542372881356 0.10547785547785547 0.021791767554479417
3 0.15151515151515152 0.9443099273607748 0.09848484848484848 0.021791767554479417
3 0.12995337995337997 0.9733656174334141 0.05536130536130536 0.021791767554479417
3 0.15384615384615385 0.9951573849878934 0.10372960372960373 0.007263922518159807
3 0.19289044289044288 0.5811138014527845 0.023310023310023312 0.021791767554479417
3 0.14044289044289043 0.6755447941888619 0.029137529137529136 0.021791767554479417
3 0.14918414918414918 0.7046004842615012 0.02972027972027972 0.021791767554479417
3 0.14044289044289043 0.7336561743341404 0.023892773892773892 0.021791767554479417
3 0.1381118881118881 0.7627118644067796 0.023892773892773892 0.021791767554479417
3 0.13752913752913754 0.7917675544794189 0.023310023310023312 0.021791767554479417
3 0.1555944055944056 0.8208232445520581 0.022727272727272728 0.021791767554479417
3 0.22552447552447552 0.9152542372881356 0.029137529137529136 0.021791767554479417
3 0.21678321678321677 0.9443099273607748 0.024475524475524476 0.021791767554479417
3 0.17307692307692307 0.9733656174334141 0.024475524475524476 0.021791767554479417
3 0.22057109557109558 0.9951573849878934 0.022727272727272728 0.007263922518159807
3 0.1445221445221445 0.009685230024213076 0.0675990675990676 0.01937046004842615
3 0.13986013986013987 0.029055690072639227 0.06701631701631702 0.024213075060532687
3 0.1351981351981352 0.20944309927360774 0.06585081585081586 0.024213075060532687