0 0.5802083333333333 0.02918918918918919 0.023958333333333335 0.04216216216216216
1 0.7098958333333333 0.03027027027027027 0.17708333333333334 0.04216216216216216
1 0.19635416666666666 0.33297297297297296 0.035416666666666666 0.07351351351351351
1 0.203125 0.5254054054054054 0.049479166666666664 0.03783783783783784
1 0.265625 0.5254054054054054 0.049479166666666664 0.03783783783783784
1 0.21875 0.03027027027027027 0.06979166666666667 0.036756756756756756
2 0.43645833333333334 0.02918918918918919 0.31145833333333334 0.04216216216216216
3 0.328125 0.35567567567567565 0.21145833333333333 0.021621621621621623
3 0.49114583333333334 0.48 0.625 0.021621621621621623
3 0.49114583333333334 0.5772972972972973 0.625 0.021621621621621623
3 0.49114583333333334 0.6983783783783784 0.625 0.021621621621621623
3 0.49114583333333334 0.20864864864864865 0.625 0.04432432432432432
3 0.328125 0.32432432432432434 0.21145833333333333 0.02810810810810811
3 0.49114583333333334 0.4486486486486487 0.625 0.02810810810810811
3 0.49114583333333334 0.667027027027027 0.625 0.02810810810810811
3 0.49114583333333334 0.8205405405405405 0.625 0.02810810810810811
3 0.3421875 0.08540540540540541 0.0234375 0.021621621621621623
3 0.3765625 0.08540540540540541 0.026041666666666668 0.021621621621621623
3 0.42239583333333336 0.08540540540540541 0.046875 0.021621621621621623
3 0.46458333333333335 0.08540540540540541 0.018229166666666668 0.021621621621621623
3 0.4947916666666667 0.08540540540540541 0.0234375 0.021621621621621623
3 0.5255208333333333 0.08540540540540541 0.0203125 0.021621621621621623
3 0.21770833333333334 0.06918918918918919 0.059895833333333336 0.021621621621621623
3 0.21354166666666666 0.08972972972972973 0.059895833333333336 0.021621621621621623