0 0.584375 0.02918918918918919 0.023958333333333335 0.04216216216216216
0 0.22239583333333332 0.412972972972973 0.010416666666666666 0.021621621621621623
0 0.7296875 0.1989189189189189 0.058854166666666666 0.015135135135135135
0 0.7796875 0.27675675675675676 0.01875 0.03891891891891892
1 0.7140625 0.03027027027027027 0.17708333333333334 0.04216216216216216
1 0.390625 0.3481081081081081 0.08333333333333333 0.17297297297297298
1 0.390625 0.5654054054054054 0.08333333333333333 0.17297297297297298
1 0.390625 0.7827027027027027 0.08333333333333333 0.17297297297297298
1 0.22291666666666668 0.03027027027027027 0.06979166666666667 0.036756756756756756
2 0.440625 0.02918918918918919 0.31145833333333334 0.04216216216216216
2 0.5119791666666667 0.02918918918918919 0.007291666666666667 0.015135135135135135
3 0.5364583333333334 0.03027027027027027 0.07239583333333334 0.02810810810810811
3 0.5416666666666666 0.02918918918918919 0.04739583333333333 0.021621621621621623
3 0.5416666666666666 0.02918918918918919 0.04739583333333333 0.021621621621621623
3 0.25677083333333334 0.3091891891891892 0.14479166666666668 0.0972972972972973
3 0.6078125 0.2756756756756757 0.3265625 0.02810810810810811
3 0.6078125 0.5318918918918919 0.3265625 0.02810810810810811
3 0.6078125 0.7102702702702702 0.3265625 0.02810810810810811
3 0.6078125 0.9275675675675675 0.3265625 0.02810810810810811
3 0.346875 0.08540540540540541 0.0234375 0.021621621621621623
3 0.38125 0.08540540540540541 0.026041666666666668 0.021621621621621623
3 0.4270833333333333 0.08540540540540541 0.046875 0.021621621621621623
3 0.46875 0.08540540540540541 0.018229166666666668 0.021621621621621623
3 0.49895833333333334 0.08540540540540541 0.0234375 0.021621621621621623
3 0.5302083333333333 0.08540540540540541 0.0203125 0.021621621621621623
3 0.19479166666666667 0.518918918918919 0.021354166666666667 0.01945945945945946
3 0.19739583333333333 0.5448648648648649 0.0265625 0.01945945945945946
3 0.20052083333333334 0.5708108108108109 0.03229166666666667 0.01945945945945946
3 0.19114583333333332 0.5967567567567568 0.0140625 0.01945945945945946
3 0.1953125 0.6227027027027027 0.021875 0.01945945945945946
3 0.19375 0.707027027027027 0.01875 0.01945945945945946
3 0.20104166666666667 0.7913513513513514 0.033854166666666664 0.01945945945945946
3 0.19479166666666667 0.8756756756756757 0.020833333333333332 0.01945945945945946
3 0.19479166666666667 0.9016216216216216 0.020833333333333332 0.01945945945945946
3 0.21197916666666666 0.9275675675675675 0.05520833333333333 0.01945945945945946
3 0.21510416666666668 0.518918918918919 0.0140625 0.01945945945945946
3 0.21875 0.5448648648648649 0.0109375 0.01945945945945946
3 0.225 0.5708108108108109 0.011458333333333333 0.01945945945945946
3 0.20416666666666666 0.5967567567567568 0.005729166666666666 0.01945945945945946
3 0.21145833333333333 0.6227027027027027 0.005729166666666666 0.01945945945945946
3 0.209375 0.707027027027027 0.007291666666666667 0.01945945945945946
3 0.2265625 0.7913513513513514 0.011458333333333333 0.01945945945945946
3 0.21510416666666668 0.8756756756756757 0.0140625 0.01945945945945946
3 0.21458333333333332 0.9016216216216216 0.0140625 0.01945945945945946
3 0.2453125 0.9275675675675675 0.005729166666666666 0.01945945945945946
3 0.221875 0.06918918918918919 0.059895833333333336 0.021621621621621623
3 0.21770833333333334 0.08972972972972973 0.059895833333333336 0.021621621621621623
3 0.22291666666666668 0.1891891891891892 0.07708333333333334 0.021621621621621623
3 0.253125 0.2 0.13802083333333334 0.043243243243243246
3 0.25677083333333334 0.21081081081081082 0.08541666666666667 0.021621621621621623
3 0.1953125 0.23243243243243245 0.021875 0.021621621621621623