0 0.6081703107019563 0.02751196172248804 0.026467203682393557 0.04665071770334928
0 0.21058688147295743 0.45215311004784686 0.011507479861910242 0.023923444976076555
0 0.7686996547756041 0.215311004784689 0.06501726121979287 0.01674641148325359
1 0.7514384349827388 0.028708133971291867 0.1956271576524741 0.04665071770334928
1 0.3941311852704258 0.3803827751196172 0.09205983889528194 0.19138755980861244
1 0.3941311852704258 0.6208133971291866 0.09205983889528194 0.19138755980861244
1 0.3941311852704258 0.861244019138756 0.09205983889528194 0.19138755980861244
1 0.2088607594936709 0.028708133971291867 0.07710011507479862 0.04066985645933014
2 0.44936708860759494 0.02751196172248804 0.3440736478711162 0.04665071770334928
2 0.5281933256616801 0.02751196172248804 0.00805523590333717 0.01674641148325359
3 0.5552359033371692 0.028708133971291867 0.07997698504027619 0.03110047846889952
3 0.5609896432681243 0.02751196172248804 0.0523590333716916 0.023923444976076555
3 0.5609896432681243 0.02751196172248804 0.0523590333716916 0.023923444976076555
3 0.24626006904487918 0.3373205741626794 0.15995397008055237 0.1076555023923445
3 0.6340621403912543 0.30023923444976075 0.36075949367088606 0.03110047846889952
3 0.6340621403912543 0.5406698564593302 0.36075949367088606 0.03110047846889952
3 0.6340621403912543 0.7811004784688995 0.36075949367088606 0.03110047846889952
3 0.3457997698504028 0.08971291866028708 0.025891829689298044 0.023923444976076555
3 0.38377445339470656 0.08971291866028708 0.028768699654775604 0.023923444976076555
3 0.4344073647871116 0.08971291866028708 0.05178365937859609 0.023923444976076555
3 0.48043728423475257 0.08971291866028708 0.020138089758342925 0.023923444976076555
3 0.5138089758342923 0.08971291866028708 0.025891829689298044 0.023923444976076555
3 0.5483314154200231 0.08971291866028708 0.02243958573072497 0.023923444976076555
3 0.17779056386651323 0.569377990430622 0.023590333716915997 0.0215311004784689
3 0.18411967779056387 0.5980861244019139 0.03567318757192175 0.0215311004784689
3 0.1806674338319908 0.6267942583732058 0.029344073647871116 0.0215311004784689
3 0.17836593785960875 0.6555023923444976 0.024165707710011506 0.0215311004784689
3 0.18699654775604144 0.6842105263157895 0.04142692750287687 0.0215311004784689
3 0.1766398158803222 0.777511961722488 0.020713463751438434 0.0215311004784689
3 0.1846950517836594 0.8708133971291866 0.037399309551208286 0.0215311004784689
3 0.17779056386651323 0.9641148325358851 0.023014959723820484 0.0215311004784689
3 0.17807825086306098 0.9904306220095693 0.023590333716915997 0.01674641148325359
3 0.2002301495972382 0.569377990430622 0.015535097813578827 0.0215311004784689
3 0.21001150747986191 0.5980861244019139 0.01093210586881473 0.0215311004784689
3 0.20253164556962025 0.6267942583732058 0.00805523590333717 0.0215311004784689
3 0.1962025316455696 0.6555023923444976 0.006329113924050633 0.0215311004784689
3 0.213463751438435 0.6842105263157895 0.005753739930955121 0.0215311004784689
3 0.19390103567318756 0.777511961722488 0.00805523590333717 0.0215311004784689
3 0.21288837744533948 0.8708133971291866 0.012658227848101266 0.0215311004784689
3 0.19907940161104717 0.9641148325358851 0.013233601841196778 0.0215311004784689
3 0.19994246260069046 0.9904306220095693 0.015535097813578827 0.01674641148325359
3 0.20771001150747986 0.07177033492822966 0.0661680092059839 0.023923444976076555
3 0.20310701956271576 0.09449760765550239 0.0661680092059839 0.023923444976076555
3 0.2088607594936709 0.20454545454545456 0.08515535097813579 0.023923444976076555
3 0.2422324510932106 0.21650717703349281 0.1524741081703107 0.04784688995215311
3 0.24626006904487918 0.2284688995215311 0.09436133486766399 0.023923444976076555
3 0.17836593785960875 0.25239234449760767 0.024165707710011506 0.023923444976076555