0 0.5858638743455498 0.029347826086956522 0.024083769633507852 0.042391304347826085
0 0.23821989528795812 0.3141304347826087 0.010471204188481676 0.021739130434782608
0 0.7319371727748691 0.1641304347826087 0.059162303664921465 0.015217391304347827
1 0.7162303664921466 0.030434782608695653 0.17801047120418848 0.042391304347826085
1 0.3910994764397906 0.3141304347826087 0.08376963350785341 0.17391304347826086
1 0.3910994764397906 0.5717391304347826 0.08376963350785341 0.17391304347826086
1 0.3910994764397906 0.7902173913043479 0.08376963350785341 0.17391304347826086
1 0.22251308900523561 0.030434782608695653 0.07015706806282722 0.03695652173913044
2 0.44136125654450264 0.029347826086956522 0.31308900523560207 0.042391304347826085
2 0.48429319371727747 0.029347826086956522 0.007329842931937173 0.015217391304347827
3 0.5235602094240838 0.030434782608695653 0.10157068062827225 0.02826086956521739
3 0.6094240837696335 0.30217391304347824 0.32827225130890053 0.015217391304347827
3 0.49476439790575916 0.41630434782608694 0.09842931937172775 0.020652173913043477
3 0.6094240837696335 0.5206521739130435 0.32827225130890053 0.015217391304347827
3 0.49476439790575916 0.6152173913043478 0.09842931937172775 0.020652173913043477
3 0.48324607329842934 0.8260869565217391 0.07539267015706806 0.020652173913043477
3 0.5287958115183246 0.029347826086956522 0.07643979057591622 0.021739130434782608
3 0.5287958115183246 0.029347826086956522 0.07643979057591622 0.021739130434782608
3 0.25654450261780104 0.24239130434782608 0.14554973821989528 0.03260869565217391
3 0.6094240837696335 0.28043478260869564 0.32827225130890053 0.02826086956521739
3 0.6094240837696335 0.4989130434782609 0.32827225130890053 0.02826086956521739
3 0.6094240837696335 0.7315217391304348 0.32827225130890053 0.05652173913043478
3 0.6094240837696335 0.9358695652173913 0.32827225130890053 0.02826086956521739
3 0.3471204188481675 0.08586956521739131 0.02356020942408377 0.021739130434782608
3 0.38167539267015704 0.08586956521739131 0.02617801047120419 0.021739130434782608
3 0.42774869109947644 0.08586956521739131 0.04712041884816754 0.021739130434782608
3 0.46963350785340313 0.08586956521739131 0.01832460732984293 0.021739130434782608
3 0.5 0.08586956521739131 0.02356020942408377 0.021739130434782608
3 0.5314136125654451 0.08586956521739131 0.020418848167539267 0.021739130434782608
3 0.21780104712041884 0.5880434782608696 0.06806282722513089 0.01956521739130435
3 0.20523560209424083 0.6728260869565217 0.04293193717277487 0.01956521739130435
3 0.2 0.6989130434782609 0.032984293193717276 0.01956521739130435
3 0.19790575916230366 0.725 0.028272251308900525 0.01956521739130435
3 0.19581151832460733 0.7510869565217392 0.024083769633507852 0.01956521739130435
3 0.19214659685863875 0.7771739130434783 0.016753926701570682 0.01956521739130435
3 0.2036649214659686 0.8032608695652174 0.04031413612565445 0.01956521739130435
3 0.193717277486911 0.8293478260869566 0.019895287958115182 0.01956521739130435
3 0.18900523560209423 0.8554347826086957 0.010471204188481676 0.01956521739130435
3 0.19895287958115182 0.8815217391304347 0.030366492146596858 0.01956521739130435
3 0.20785340314136125 0.9923913043478261 0.049214659685863874 0.013043478260869565
3 0.2602094240837696 0.5880434782608696 0.011518324607329843 0.01956521739130435
3 0.23717277486910995 0.6728260869565217 0.016230366492146597 0.01956521739130435
3 0.22670157068062827 0.6989130434782609 0.015183246073298429 0.01956521739130435
3 0.22146596858638742 0.725 0.013612565445026177 0.01956521739130435
3 0.21780104712041884 0.7510869565217392 0.014136125654450262 0.01956521739130435
3 0.21099476439790577 0.7771739130434783 0.014659685863874346 0.01956521739130435
3 0.23298429319371727 0.8032608695652174 0.011518324607329843 0.01956521739130435
3 0.21204188481675393 0.8293478260869566 0.011518324607329843 0.01956521739130435
3 0.20209424083769634 0.8554347826086957 0.01099476439790576 0.01956521739130435
3 0.22251308900523561 0.8815217391304347 0.01099476439790576 0.01956521739130435
3 0.24554973821989529 0.9923913043478261 0.02198952879581152 0.013043478260869565
3 0.22146596858638742 0.06956521739130435 0.060209424083769635 0.021739130434782608
3 0.21727748691099477 0.09021739130434783 0.060209424083769635 0.021739130434782608
3 0.22251308900523561 0.15434782608695652 0.0774869109947644 0.021739130434782608
3 0.25287958115183246 0.16521739130434782 0.1387434554973822 0.043478260869565216
3 0.2570680628272251 0.17608695652173914 0.08691099476439791 0.021739130434782608
3 0.2554973821989529 0.18695652173913044 0.14345549738219895 0.043478260869565216