0 0.1875 0.24879807692307693 0.011574074074074073 0.02403846153846154
0 0.7332175925925926 0.0829326923076923 0.06539351851851852 0.016826923076923076
1 0.35648148148148145 0.24879807692307693 0.09259259259259259 0.19230769230769232
1 0.35648148148148145 0.5336538461538461 0.09259259259259259 0.19230769230769232
1 0.35648148148148145 0.7752403846153846 0.09259259259259259 0.19230769230769232
3 0.5978009259259259 0.23557692307692307 0.3628472222222222 0.016826923076923076
3 0.4710648148148148 0.36177884615384615 0.1087962962962963 0.02283653846153846
3 0.5978009259259259 0.47716346153846156 0.3628472222222222 0.016826923076923076
3 0.4710648148148148 0.5817307692307693 0.1087962962962963 0.02283653846153846
3 0.4583333333333333 0.8149038461538461 0.08333333333333333 0.02283653846153846
3 0.20775462962962962 0.16947115384615385 0.16087962962962962 0.036057692307692304
3 0.5978009259259259 0.21153846153846154 0.3628472222222222 0.03125
3 0.5978009259259259 0.453125 0.3628472222222222 0.03125
3 0.5978009259259259 0.7103365384615384 0.3628472222222222 0.0625
3 0.5978009259259259 0.9362980769230769 0.3628472222222222 0.03125
3 0.30787037037037035 0.004807692307692308 0.02662037037037037 0.009615384615384616
3 0.3463541666666667 0.004807692307692308 0.029513888888888888 0.009615384615384616
3 0.3972800925925926 0.004807692307692308 0.052662037037037035 0.009615384615384616
3 0.44328703703703703 0.004807692307692308 0.020833333333333332 0.009615384615384616
3 0.47685185185185186 0.004807692307692308 0.02662037037037037 0.009615384615384616
3 0.5115740740740741 0.004807692307692308 0.023148148148148147 0.009615384615384616
3 0.16493055555555555 0.5516826923076923 0.07523148148148148 0.021634615384615384
3 0.15104166666666666 0.6454326923076923 0.047453703703703706 0.021634615384615384
3 0.14525462962962962 0.6742788461538461 0.036458333333333336 0.021634615384615384
3 0.14293981481481483 0.703125 0.03125 0.021634615384615384
3 0.140625 0.7319711538461539 0.02662037037037037 0.021634615384615384
3 0.13657407407407407 0.7608173076923077 0.018518518518518517 0.021634615384615384
3 0.14930555555555555 0.7896634615384616 0.04456018518518518 0.021634615384615384
3 0.13831018518518517 0.8185096153846154 0.02199074074074074 0.021634615384615384
3 0.13310185185185186 0.8473557692307693 0.011574074074074073 0.021634615384615384
3 0.1440972222222222 0.8762019230769231 0.03356481481481482 0.021634615384615384
3 0.15393518518518517 0.9951923076923077 0.05439814814814815 0.007211538461538462
3 0.21180555555555555 0.5516826923076923 0.01273148148148148 0.021634615384615384
3 0.1863425925925926 0.6454326923076923 0.017939814814814815 0.021634615384615384
3 0.17476851851851852 0.6742788461538461 0.01678240740740741 0.021634615384615384
3 0.16898148148148148 0.703125 0.015046296296296295 0.021634615384615384
3 0.16493055555555555 0.7319711538461539 0.015625 0.021634615384615384
3 0.1574074074074074 0.7608173076923077 0.016203703703703703 0.021634615384615384
3 0.18171296296296297 0.7896634615384616 0.01273148148148148 0.021634615384615384
3 0.15856481481481483 0.8185096153846154 0.01273148148148148 0.021634615384615384
3 0.14756944444444445 0.8473557692307693 0.012152777777777778 0.021634615384615384
3 0.1701388888888889 0.8762019230769231 0.012152777777777778 0.021634615384615384
3 0.19560185185185186 0.9951923076923077 0.024305555555555556 0.007211538461538462
3 0.16435185185185186 0.007211538461538462 0.06712962962962964 0.014423076923076924
3 0.1701388888888889 0.07211538461538461 0.08564814814814815 0.02403846153846154
3 0.2037037037037037 0.08413461538461539 0.15335648148148148 0.04807692307692308
3 0.20833333333333334 0.09615384615384616 0.09606481481481481 0.02403846153846154
3 0.2065972222222222 0.10817307692307693 0.15856481481481483 0.04807692307692308