0 0.7870786516853933 0.1261682242990654 0.06348314606741573 0.016355140186915886
0 0.8410112359550562 0.2102803738317757 0.020224719101123594 0.04205607476635514
1 0.42134831460674155 0.28738317757009346 0.0898876404494382 0.18691588785046728
1 0.42134831460674155 0.522196261682243 0.0898876404494382 0.18691588785046728
1 0.42134831460674155 0.7570093457943925 0.0898876404494382 0.18691588785046728
3 0.2769662921348315 0.18691588785046728 0.15617977528089888 0.035046728971962614
3 0.6556179775280899 0.25116822429906543 0.35224719101123597 0.030373831775700934
3 0.6556179775280899 0.4439252336448598 0.35224719101123597 0.030373831775700934
3 0.6556179775280899 0.6787383177570093 0.35224719101123597 0.030373831775700934
3 0.6556179775280899 0.9135514018691588 0.35224719101123597 0.030373831775700934
3 0.3741573033707865 0.04205607476635514 0.025280898876404494 0.02336448598130841
3 0.41123595505617977 0.04205607476635514 0.028089887640449437 0.02336448598130841
3 0.4606741573033708 0.04205607476635514 0.05056179775280899 0.02336448598130841
3 0.5056179775280899 0.04205607476635514 0.019662921348314606 0.02336448598130841
3 0.5382022471910113 0.04205607476635514 0.025280898876404494 0.02336448598130841
3 0.5719101123595506 0.04205607476635514 0.021910112359550562 0.02336448598130841
3 0.2353932584269663 0.4976635514018692 0.07303370786516854 0.02102803738317757
3 0.2455056179775281 0.5887850467289719 0.09325842696629214 0.02102803738317757
3 0.24382022471910111 0.616822429906542 0.09044943820224718 0.02102803738317757
3 0.2455056179775281 0.6448598130841121 0.09325842696629214 0.02102803738317757
3 0.2449438202247191 0.6728971962616822 0.09213483146067415 0.02102803738317757
3 0.22865168539325842 0.7009345794392523 0.05955056179775281 0.02102803738317757
3 0.2398876404494382 0.7289719626168224 0.08258426966292134 0.02102803738317757
3 0.22696629213483147 0.7570093457943925 0.056179775280898875 0.02102803738317757
3 0.2393258426966292 0.7850467289719626 0.08089887640449438 0.02102803738317757
3 0.21685393258426966 0.8130841121495327 0.035955056179775284 0.02102803738317757
3 0.20898876404494382 0.9357476635514018 0.020224719101123594 0.02102803738317757
3 0.28202247191011237 0.4976635514018692 0.015168539325842697 0.02102803738317757
3 0.30786516853932583 0.5887850467289719 0.026404494382022473 0.02102803738317757
3 0.3044943820224719 0.616822429906542 0.02359550561797753 0.02102803738317757
3 0.30337078651685395 0.6448598130841121 0.016292134831460674 0.02102803738317757
3 0.30112359550561796 0.6728971962616822 0.014606741573033709 0.02102803738317757
3 0.26910112359550564 0.7009345794392523 0.015168539325842697 0.02102803738317757
3 0.29044943820224717 0.7289719626168224 0.012359550561797753 0.02102803738317757
3 0.2646067415730337 0.7570093457943925 0.012921348314606741 0.02102803738317757
3 0.28876404494382024 0.7850467289719626 0.012359550561797753 0.02102803738317757
3 0.24325842696629213 0.8130841121495327 0.011797752808988765 0.02102803738317757
3 0.23314606741573032 0.9357476635514018 0.023033707865168538 0.02102803738317757
3 0.2393258426966292 0.02453271028037383 0.06460674157303371 0.02336448598130841
3 0.2348314606741573 0.04672897196261682 0.06460674157303371 0.02336448598130841
3 0.24044943820224718 0.11565420560747663 0.08314606741573034 0.02336448598130841
3 0.27303370786516856 0.12733644859813084 0.14887640449438203 0.04672897196261682