0 0.5788359788359788 0.02967032967032967 0.02433862433862434 0.04285714285714286
0 0.7264550264550265 0.16593406593406593 0.059788359788359786 0.015384615384615385
0 0.6248677248677249 0.3120879120879121 0.03492063492063492 0.02857142857142857
1 0.7105820105820105 0.03076923076923077 0.17989417989417988 0.04285714285714286
1 0.382010582010582 0.31758241758241756 0.08465608465608465 0.17582417582417584
1 0.382010582010582 0.5384615384615384 0.08465608465608465 0.17582417582417584
1 0.382010582010582 0.7593406593406593 0.08465608465608465 0.17582417582417584
1 0.21164021164021163 0.03076923076923077 0.07089947089947089 0.03736263736263736
2 0.4328042328042328 0.02967032967032967 0.3164021164021164 0.04285714285714286
2 0.47619047619047616 0.02967032967032967 0.007407407407407408 0.015384615384615385
3 0.5158730158730159 0.03076923076923077 0.10264550264550265 0.02857142857142857
3 0.47513227513227513 0.3252747252747253 0.0761904761904762 0.020879120879120878
3 0.5957671957671957 0.3120879120879121 0.01904761904761905 0.01978021978021978
3 0.47513227513227513 0.5747252747252747 0.0761904761904762 0.020879120879120878
3 0.48677248677248675 0.7670329670329671 0.09947089947089947 0.020879120879120878
3 0.48677248677248675 0.987912087912088 0.09947089947089947 0.020879120879120878
3 0.5211640211640212 0.02967032967032967 0.07724867724867725 0.02197802197802198
3 0.5211640211640212 0.02967032967032967 0.07724867724867725 0.02197802197802198
3 0.24603174603174602 0.24505494505494504 0.14708994708994708 0.03296703296703297
3 0.6026455026455027 0.24395604395604395 0.33174603174603173 0.02857142857142857
3 0.6026455026455027 0.47912087912087914 0.33174603174603173 0.05714285714285714
3 0.6026455026455027 0.6857142857142857 0.33174603174603173 0.02857142857142857
3 0.6026455026455027 0.9065934065934066 0.33174603174603173 0.02857142857142857
3 0.33756613756613757 0.08681318681318681 0.023809523809523808 0.02197802197802198
3 0.3724867724867725 0.08681318681318681 0.026455026455026454 0.02197802197802198
3 0.41904761904761906 0.08681318681318681 0.047619047619047616 0.02197802197802198
3 0.4613756613756614 0.08681318681318681 0.018518518518518517 0.02197802197802198
3 0.49206349206349204 0.08681318681318681 0.023809523809523808 0.02197802197802198
3 0.5238095238095238 0.08681318681318681 0.020634920634920634 0.02197802197802198
3 0.20687830687830688 0.5373626373626373 0.06878306878306878 0.01978021978021978
3 0.19417989417989417 0.6230769230769231 0.04338624338624339 0.01978021978021978
3 0.18888888888888888 0.6494505494505495 0.03333333333333333 0.01978021978021978
3 0.18677248677248678 0.6758241758241759 0.02857142857142857 0.01978021978021978
3 0.18095238095238095 0.7021978021978021 0.016931216931216932 0.01978021978021978
3 0.18465608465608466 0.7285714285714285 0.02486772486772487 0.01978021978021978
3 0.1873015873015873 0.7549450549450549 0.02962962962962963 0.01978021978021978
3 0.18253968253968253 0.7813186813186813 0.020105820105820106 0.01978021978021978
3 0.18677248677248678 0.8076923076923077 0.02857142857142857 0.01978021978021978
3 0.18465608465608466 0.8340659340659341 0.02433862433862434 0.01978021978021978
3 0.19682539682539682 0.9494505494505494 0.049206349206349205 0.01978021978021978
3 0.20476190476190476 0.9758241758241758 0.06455026455026455 0.01978021978021978
3 0.17883597883597885 0.9956043956043956 0.013756613756613757 0.006593406593406593
3 0.24867724867724866 0.5373626373626373 0.009523809523809525 0.01978021978021978
3 0.22645502645502646 0.6230769230769231 0.015873015873015872 0.01978021978021978
3 0.21534391534391534 0.6494505494505495 0.014285714285714285 0.01978021978021978
3 0.20952380952380953 0.6758241758241759 0.01164021164021164 0.01978021978021978
3 0.1984126984126984 0.7021978021978021 0.01164021164021164 0.01978021978021978
3 0.20634920634920634 0.7285714285714285 0.01216931216931217 0.01978021978021978
3 0.2105820105820106 0.7549450549450549 0.01164021164021164 0.01978021978021978
3 0.20052910052910053 0.7813186813186813 0.011111111111111112 0.01978021978021978
3 0.21005291005291005 0.8076923076923077 0.01164021164021164 0.01978021978021978
3 0.20582010582010582 0.8340659340659341 0.01164021164021164 0.01978021978021978
3 0.23492063492063492 0.9494505494505494 0.021164021164021163 0.01978021978021978
3 0.24761904761904763 0.9758241758241758 0.015873015873015872 0.01978021978021978
3 0.1955026455026455 0.9956043956043956 0.014285714285714285 0.006593406593406593
3 0.2105820105820106 0.07032967032967033 0.06084656084656084 0.02197802197802198
3 0.20634920634920634 0.0912087912087912 0.06084656084656084 0.02197802197802198
3 0.21164021164021163 0.15604395604395604 0.07830687830687831 0.02197802197802198
3 0.24232804232804234 0.16703296703296702 0.1402116402116402 0.04395604395604396
3 0.24656084656084656 0.17802197802197803 0.08783068783068783 0.02197802197802198
3 0.24497354497354498 0.189010989010989 0.14497354497354498 0.04395604395604396