0 0.5660220994475138 0.013188073394495414 0.025966850828729283 0.026376146788990827
0 0.7198895027624309 0.14564220183486237 0.062430939226519336 0.016055045871559634
0 0.6088397790055249 0.5447247706422018 0.02707182320441989 0.02981651376146789
0 0.6226519337016575 0.7591743119266054 0.054696132596685085 0.02981651376146789
0 0.6212707182320442 0.9868119266055045 0.05138121546961326 0.02408256880733945
1 0.7035911602209944 0.013761467889908258 0.18839779005524862 0.027522935779816515
1 0.3602209944751381 0.3038990825688073 0.08839779005524862 0.1834862385321101
1 0.3602209944751381 0.5344036697247706 0.08839779005524862 0.1834862385321101
1 0.3602209944751381 0.7649082568807339 0.08839779005524862 0.1834862385321101
1 0.18259668508287294 0.01261467889908257 0.07458563535911603 0.02522935779816514
2 0.4135359116022099 0.013188073394495414 0.330939226519337 0.026376146788990827
3 0.4574585635359116 0.3119266055045872 0.07955801104972375 0.021788990825688075
3 0.5906077348066299 0.4805045871559633 0.34640883977900555 0.016055045871559634
3 0.43701657458563536 0.5538990825688074 0.039226519337016576 0.016055045871559634
3 0.5834254143646409 0.5447247706422018 0.019889502762430938 0.020642201834862386
3 0.43701657458563536 0.768348623853211 0.039226519337016576 0.016055045871559634
3 0.5834254143646409 0.7591743119266054 0.019889502762430938 0.020642201834862386
3 0.43701657458563536 0.9948394495412844 0.039779005524861875 0.008027522935779817
3 0.5837016574585635 0.989105504587156 0.020441988950276244 0.0194954128440367
3 0.21823204419889503 0.14105504587155962 0.15359116022099448 0.034403669724770644
3 0.5906077348066299 0.22706422018348624 0.34640883977900555 0.02981651376146789
3 0.5906077348066299 0.45756880733944955 0.34640883977900555 0.02981651376146789
3 0.5906077348066299 0.6880733944954128 0.34640883977900555 0.02981651376146789
3 0.5906077348066299 0.9185779816513762 0.34640883977900555 0.02981651376146789
3 0.3138121546961326 0.06307339449541284 0.024861878453038673 0.022935779816513763
3 0.35027624309392263 0.06307339449541284 0.027624309392265192 0.022935779816513763
3 0.3988950276243094 0.06307339449541284 0.049723756906077346 0.022935779816513763
3 0.4430939226519337 0.06307339449541284 0.019337016574585635 0.022935779816513763
3 0.47513812154696133 0.06307339449541284 0.024861878453038673 0.022935779816513763
3 0.5082872928176796 0.06307339449541284 0.02154696132596685 0.022935779816513763
3 0.17734806629834254 0.4461009174311927 0.0718232044198895 0.020642201834862386
3 0.16408839779005524 0.5355504587155964 0.045303867403314914 0.020642201834862386
3 0.18011049723756906 0.5630733944954128 0.07734806629834254 0.020642201834862386
3 0.1878453038674033 0.5905963302752294 0.09337016574585635 0.020642201834862386
3 0.18232044198895028 0.6181192660550459 0.08176795580110498 0.020642201834862386
3 0.1856353591160221 0.6456422018348624 0.08895027624309393 0.020642201834862386
3 0.1861878453038674 0.6731651376146789 0.08950276243093923 0.020642201834862386
3 0.16685082872928178 0.7006880733944955 0.05082872928176796 0.020642201834862386
3 0.1878453038674033 0.7282110091743119 0.09281767955801105 0.020642201834862386
3 0.19171270718232045 0.7557339449541285 0.1005524861878453 0.020642201834862386
3 0.15138121546961325 0.8761467889908257 0.019889502762430938 0.020642201834862386
3 0.16022099447513813 0.9655963302752294 0.03756906077348066 0.020642201834862386
3 0.1861878453038674 0.9908256880733946 0.09060773480662983 0.016055045871559634
3 0.22209944751381216 0.4461009174311927 0.012154696132596685 0.020642201834862386
3 0.19558011049723756 0.5355504587155964 0.012154696132596685 0.020642201834862386
3 0.23259668508287293 0.5630733944954128 0.022651933701657457 0.020642201834862386
3 0.24861878453038674 0.5905963302752294 0.022099447513812154 0.020642201834862386
3 0.23259668508287293 0.6181192660550459 0.01270718232044199 0.020642201834862386
3 0.23756906077348067 0.6456422018348624 0.008287292817679558 0.020642201834862386
3 0.23646408839779007 0.6731651376146789 0.0060773480662983425 0.020642201834862386
3 0.19779005524861878 0.7006880733944955 0.0055248618784530384 0.020642201834862386
3 0.23977900552486187 0.7282110091743119 0.0055248618784530384 0.020642201834862386
3 0.24751381215469614 0.7557339449541285 0.0055248618784530384 0.020642201834862386
3 0.17513812154696132 0.8761467889908257 0.022651933701657457 0.020642201834862386
3 0.19171270718232045 0.9655963302752294 0.019889502762430938 0.020642201834862386
3 0.24419889502762432 0.9908256880733946 0.020994475138121547 0.016055045871559634
3 0.18121546961325966 0.045871559633027525 0.06353591160220995 0.022935779816513763
3 0.17679558011049723 0.0676605504587156 0.06353591160220995 0.022935779816513763