0 0.584375 0.02918918918918919 0.023958333333333335 0.04216216216216216
0 0.7296875 0.16324324324324324 0.058854166666666666 0.015135135135135135
1 0.7140625 0.03027027027027027 0.17708333333333334 0.04216216216216216
1 0.390625 0.3124324324324324 0.08333333333333333 0.17297297297297298
1 0.390625 0.5297297297297298 0.08333333333333333 0.17297297297297298
1 0.390625 0.7470270270270271 0.08333333333333333 0.17297297297297298
1 0.22291666666666668 0.03027027027027027 0.06979166666666667 0.036756756756756756
2 0.440625 0.02918918918918919 0.31145833333333334 0.04216216216216216
2 0.5119791666666667 0.02918918918918919 0.007291666666666667 0.015135135135135135
3 0.5364583333333334 0.03027027027027027 0.07239583333333334 0.02810810810810811
3 0.5416666666666666 0.02918918918918919 0.04739583333333333 0.021621621621621623
3 0.5416666666666666 0.02918918918918919 0.04739583333333333 0.021621621621621623
3 0.25677083333333334 0.2410810810810811 0.14479166666666668 0.032432432432432434
3 0.6078125 0.24 0.3265625 0.02810810810810811
3 0.6078125 0.4572972972972973 0.3265625 0.02810810810810811
3 0.6078125 0.6745945945945946 0.3265625 0.02810810810810811
3 0.6078125 0.9308108108108109 0.3265625 0.02810810810810811
3 0.346875 0.08540540540540541 0.0234375 0.021621621621621623
3 0.38125 0.08540540540540541 0.026041666666666668 0.021621621621621623
3 0.4270833333333333 0.08540540540540541 0.046875 0.021621621621621623
3 0.46875 0.08540540540540541 0.018229166666666668 0.021621621621621623
3 0.49895833333333334 0.08540540540540541 0.0234375 0.021621621621621623
3 0.5302083333333333 0.08540540540540541 0.0203125 0.021621621621621623
3 0.21822916666666667 0.3621621621621622 0.06770833333333333 0.01945945945945946
3 0.20052083333333334 0.4464864864864865 0.03229166666666667 0.01945945945945946
3 0.203125 0.47243243243243244 0.0375 0.01945945945945946
3 0.19479166666666667 0.4983783783783784 0.021354166666666667 0.01945945945945946
3 0.19739583333333333 0.5243243243243243 0.0265625 0.01945945945945946
3 0.1953125 0.5502702702702703 0.021875 0.01945945945945946
3 0.19739583333333333 0.6345945945945946 0.0265625 0.01945945945945946
3 0.19583333333333333 0.6605405405405406 0.022916666666666665 0.01945945945945946
3 0.20208333333333334 0.6864864864864865 0.035416666666666666 0.01945945945945946
3 0.19583333333333333 0.7124324324324325 0.022916666666666665 0.01945945945945946
3 0.19270833333333334 0.7383783783783784 0.0171875 0.01945945945945946
3 0.20052083333333334 0.7643243243243243 0.03229166666666667 0.01945945945945946
3 0.20052083333333334 0.7902702702702703 0.03229166666666667 0.01945945945945946
3 0.1984375 0.8162162162162162 0.028125 0.01945945945945946
3 0.19947916666666668 0.8421621621621621 0.030208333333333334 0.01945945945945946
3 0.19375 0.9556756756756757 0.01875 0.01945945945945946
3 0.2604166666666667 0.3621621621621622 0.011458333333333333 0.01945945945945946
3 0.22864583333333333 0.4464864864864865 0.01875 0.01945945945945946
3 0.23020833333333332 0.47243243243243244 0.011458333333333333 0.01945945945945946
3 0.21822916666666667 0.4983783783783784 0.019791666666666666 0.01945945945945946
3 0.2203125 0.5243243243243243 0.0140625 0.01945945945945946
3 0.21458333333333332 0.5502702702702703 0.011458333333333333 0.01945945945945946
3 0.2234375 0.6345945945945946 0.01875 0.01945945945945946
3 0.21979166666666666 0.6605405405405406 0.019791666666666666 0.01945945945945946
3 0.22916666666666666 0.6864864864864865 0.0140625 0.01945945945945946
3 0.21770833333333334 0.7124324324324325 0.015625 0.01945945945945946
3 0.21145833333333333 0.7383783783783784 0.0140625 0.01945945945945946
3 0.22708333333333333 0.7643243243243243 0.016145833333333335 0.01945945945945946
3 0.22708333333333333 0.7902702702702703 0.016145833333333335 0.01945945945945946
3 0.221875 0.8162162162162162 0.013541666666666667 0.01945945945945946
3 0.2234375 0.8421621621621621 0.013020833333333334 0.01945945945945946
3 0.2125 0.9556756756756757 0.0140625 0.01945945945945946
3 0.221875 0.06918918918918919 0.059895833333333336 0.021621621621621623
3 0.21770833333333334 0.08972972972972973 0.059895833333333336 0.021621621621621623
3 0.22291666666666668 0.1535135135135135 0.07708333333333334 0.021621621621621623
3 0.253125 0.1643243243243243 0.13802083333333334 0.043243243243243246
3 0.25677083333333334 0.17513513513513512 0.08541666666666667 0.021621621621621623
3 0.1953125 0.19675675675675675 0.021875 0.021621621621621623