0 0.5867021276595744 0.02869757174392936 0.02446808510638298 0.04304635761589404
0 0.7351063829787234 0.16556291390728478 0.0601063829787234 0.01545253863134658
0 0.6340425531914894 0.31236203090507725 0.03776595744680851 0.02869757174392936
0 0.7861702127659574 0.6887417218543046 0.019148936170212766 0.039735099337748346
1 0.7191489361702128 0.029801324503311258 0.18085106382978725 0.04304635761589404
1 0.38882978723404255 0.31788079470198677 0.0851063829787234 0.17660044150110377
1 0.38882978723404255 0.5397350993377483 0.0851063829787234 0.17660044150110377
1 0.38882978723404255 0.7615894039735099 0.0851063829787234 0.17660044150110377
1 0.2175531914893617 0.029801324503311258 0.07127659574468086 0.037527593818984545
2 0.4398936170212766 0.02869757174392936 0.3180851063829787 0.04304635761589404
2 0.5127659574468085 0.02869757174392936 0.007446808510638298 0.01545253863134658
3 0.5377659574468086 0.029801324503311258 0.07393617021276595 0.02869757174392936
3 0.6037234042553191 0.31236203090507725 0.019148936170212766 0.019867549668874173
3 0.5430851063829787 0.02869757174392936 0.04840425531914894 0.02207505518763797
3 0.5430851063829787 0.02869757174392936 0.04840425531914894 0.02207505518763797
3 0.2521276595744681 0.24503311258278146 0.1478723404255319 0.033112582781456956
3 0.6106382978723405 0.24392935982339956 0.33351063829787236 0.02869757174392936
3 0.6106382978723405 0.46578366445916114 0.33351063829787236 0.02869757174392936
3 0.6106382978723405 0.6876379690949227 0.33351063829787236 0.02869757174392936
3 0.6106382978723405 0.9094922737306843 0.33351063829787236 0.02869757174392936
3 0.34414893617021275 0.08609271523178808 0.023936170212765957 0.02207505518763797
3 0.3792553191489362 0.08609271523178808 0.026595744680851064 0.02207505518763797
3 0.42606382978723406 0.08609271523178808 0.047872340425531915 0.02207505518763797
3 0.46861702127659577 0.08609271523178808 0.018617021276595744 0.02207505518763797
3 0.49946808510638296 0.08609271523178808 0.023936170212765957 0.02207505518763797
3 0.5313829787234042 0.08609271523178808 0.02074468085106383 0.02207505518763797
3 0.1946808510638298 0.3686534216335541 0.03297872340425532 0.019867549668874173
3 0.18882978723404256 0.39514348785871967 0.021808510638297873 0.019867549668874173
3 0.19148936170212766 0.4216335540838852 0.027127659574468086 0.019867549668874173
3 0.19148936170212766 0.5077262693156733 0.027127659574468086 0.019867549668874173
3 0.19627659574468084 0.5342163355408388 0.036170212765957444 0.019867549668874173
3 0.20106382978723406 0.5607064017660044 0.045744680851063826 0.019867549668874173
3 0.1898936170212766 0.58719646799117 0.023404255319148935 0.019867549668874173
3 0.21063829787234042 0.6136865342163356 0.06542553191489361 0.019867549668874173
3 0.1946808510638298 0.6401766004415012 0.03297872340425532 0.019867549668874173
3 0.1898936170212766 0.6666666666666666 0.023404255319148935 0.019867549668874173
3 0.1946808510638298 0.6931567328918322 0.03297872340425532 0.019867549668874173
3 0.1925531914893617 0.7196467991169978 0.02872340425531915 0.019867549668874173
3 0.18776595744680852 0.8355408388520972 0.019148936170212766 0.019867549668874173
3 0.1946808510638298 0.9216335540838853 0.03297872340425532 0.019867549668874173
3 0.21968085106382979 0.3686534216335541 0.011702127659574468 0.019867549668874173
3 0.21063829787234042 0.39514348785871967 0.015957446808510637 0.019867549668874173
3 0.21170212765957447 0.4216335540838852 0.007446808510638298 0.019867549668874173
3 0.21648936170212765 0.5077262693156733 0.015957446808510637 0.019867549668874173
3 0.22234042553191488 0.5342163355408388 0.011170212765957447 0.019867549668874173
3 0.23191489361702128 0.5607064017660044 0.011170212765957447 0.019867549668874173
3 0.20904255319148937 0.58719646799117 0.010106382978723405 0.019867549668874173
3 0.25053191489361704 0.6136865342163356 0.007978723404255319 0.019867549668874173
3 0.2170212765957447 0.6401766004415012 0.006914893617021276 0.019867549668874173
3 0.2074468085106383 0.6666666666666666 0.006914893617021276 0.019867549668874173
3 0.2175531914893617 0.6931567328918322 0.007446808510638298 0.019867549668874173
3 0.21329787234042552 0.7196467991169978 0.007446808510638298 0.019867549668874173
3 0.20372340425531915 0.8355408388520972 0.007446808510638298 0.019867549668874173
3 0.22021276595744682 0.9216335540838853 0.01223404255319149 0.019867549668874173
3 0.21648936170212765 0.0695364238410596 0.061170212765957445 0.02207505518763797
3 0.21223404255319148 0.09050772626931568 0.061170212765957445 0.02207505518763797
3 0.2175531914893617 0.15562913907284767 0.07872340425531915 0.02207505518763797
3 0.24840425531914895 0.16666666666666666 0.14095744680851063 0.04415011037527594
3 0.2521276595744681 0.17770419426048564 0.08723404255319149 0.02207505518763797
3 0.18936170212765957 0.1997792494481236 0.022340425531914895 0.02207505518763797