0 0.7854691075514875 0.0855106888361045 0.06464530892448513 0.0166270783847981
0 0.6767734553775744 0.24346793349168647 0.04061784897025172 0.030878859857482184
0 0.8403890160183066 0.6484560570071259 0.020594965675057208 0.04275534441805225
1 0.41304347826086957 0.2494061757719715 0.09153318077803203 0.19002375296912113
1 0.41304347826086957 0.48812351543942994 0.09153318077803203 0.19002375296912113
1 0.41304347826086957 0.7268408551068883 0.09153318077803203 0.19002375296912113
3 0.6441647597254004 0.24346793349168647 0.020594965675057208 0.021377672209026127
3 0.2660183066361556 0.171021377672209 0.15903890160183065 0.035629453681710214
3 0.6516018306636155 0.16983372921615203 0.358695652173913 0.030878859857482184
3 0.6516018306636155 0.4085510688836104 0.358695652173913 0.030878859857482184
3 0.6516018306636155 0.6472684085510689 0.358695652173913 0.030878859857482184
3 0.6516018306636155 0.8859857482185273 0.358695652173913 0.030878859857482184
3 0.36498855835240274 0.006532066508313539 0.02631578947368421 0.013064133016627079
3 0.4030320366132723 0.006532066508313539 0.02917620137299771 0.013064133016627079
3 0.45337528604118993 0.006532066508313539 0.05205949656750572 0.013064133016627079
3 0.4988558352402746 0.006532066508313539 0.020594965675057208 0.013064133016627079
3 0.5320366132723112 0.006532066508313539 0.02631578947368421 0.013064133016627079
3 0.5663615560640732 0.006532066508313539 0.02288329519450801 0.013064133016627079
3 0.204233409610984 0.30403800475059384 0.03546910755148741 0.021377672209026127
3 0.19794050343249428 0.332541567695962 0.02345537757437071 0.021377672209026127
3 0.20080091533180777 0.36104513064133015 0.02917620137299771 0.021377672209026127
3 0.20080091533180777 0.45368171021377673 0.02917620137299771 0.021377672209026127
3 0.20594965675057209 0.4821852731591449 0.038901601830663615 0.021377672209026127
3 0.21109839816933637 0.5106888361045131 0.04919908466819222 0.021377672209026127
3 0.19908466819221968 0.5391923990498813 0.02517162471395881 0.021377672209026127
3 0.221395881006865 0.5676959619952494 0.07036613272311212 0.021377672209026127
3 0.204233409610984 0.5961995249406176 0.03546910755148741 0.021377672209026127
3 0.19908466819221968 0.6247030878859857 0.02517162471395881 0.021377672209026127
3 0.204233409610984 0.6532066508313539 0.03546910755148741 0.021377672209026127
3 0.20194508009153317 0.6817102137767221 0.030892448512585814 0.021377672209026127
3 0.19679633867276888 0.8064133016627079 0.020594965675057208 0.021377672209026127
3 0.204233409610984 0.8990498812351544 0.03546910755148741 0.021377672209026127
3 0.2048054919908467 0.9899049881235155 0.03775743707093822 0.017814726840855107
3 0.2311212814645309 0.30403800475059384 0.012585812356979404 0.021377672209026127
3 0.221395881006865 0.332541567695962 0.017162471395881007 0.021377672209026127
3 0.2225400457665904 0.36104513064133015 0.008009153318077803 0.021377672209026127
3 0.22768878718535468 0.45368171021377673 0.017162471395881007 0.021377672209026127
3 0.2339816933638444 0.4821852731591449 0.012013729977116704 0.021377672209026127
3 0.244279176201373 0.5106888361045131 0.012013729977116704 0.021377672209026127
3 0.21967963386727687 0.5391923990498813 0.010869565217391304 0.021377672209026127
3 0.2643020594965675 0.5676959619952494 0.008581235697940504 0.021377672209026127
3 0.22826086956521738 0.5961995249406176 0.007437070938215103 0.021377672209026127
3 0.21796338672768878 0.6247030878859857 0.007437070938215103 0.021377672209026127
3 0.2288329519450801 0.6532066508313539 0.008009153318077803 0.021377672209026127
3 0.2242562929061785 0.6817102137767221 0.008009153318077803 0.021377672209026127
3 0.2139588100686499 0.8064133016627079 0.008009153318077803 0.021377672209026127
3 0.2316933638443936 0.8990498812351544 0.013157894736842105 0.021377672209026127
3 0.23312356979405036 0.9899049881235155 0.013157894736842105 0.017814726840855107
3 0.2231121281464531 0.008907363420427554 0.06636155606407322 0.017814726840855107
3 0.2288329519450801 0.07482185273159145 0.08466819221967964 0.023752969121140142
3 0.2620137299771167 0.08669833729216152 0.15160183066361557 0.047505938242280284
3 0.2660183066361556 0.09857482185273159 0.09382151029748284 0.023752969121140142
3 0.19851258581235698 0.12232779097387174 0.02402745995423341 0.023752969121140142