0 0.6132596685082873 0.02981651376146789 0.02541436464088398 0.04472477064220184
0 0.7674033149171271 0.1720183486238532 0.062430939226519336 0.016055045871559634
0 0.6607734806629835 0.32454128440366975 0.03591160220994475 0.02981651376146789
0 0.6629834254143646 0.555045871559633 0.04033149171270718 0.02981651376146789
1 0.7508287292817679 0.03096330275229358 0.1878453038674033 0.04472477064220184
1 0.40773480662983425 0.3302752293577982 0.08839779005524862 0.1834862385321101
1 0.40773480662983425 0.5607798165137615 0.08839779005524862 0.1834862385321101
1 0.40773480662983425 0.7912844036697247 0.08839779005524862 0.1834862385321101
1 0.22983425414364642 0.03096330275229358 0.07403314917127071 0.0389908256880734
2 0.4607734806629834 0.02981651376146789 0.33038674033149174 0.04472477064220184
2 0.48287292817679556 0.02981651376146789 0.0077348066298342545 0.016055045871559634
3 0.5359116022099447 0.03096330275229358 0.13038674033149172 0.02981651376146789
3 0.630939226519337 0.32454128440366975 0.019889502762430938 0.020642201834862386
3 0.630939226519337 0.555045871559633 0.019889502762430938 0.020642201834862386
3 0.5414364640883977 0.02981651376146789 0.10386740331491713 0.022935779816513763
3 0.5414364640883977 0.02981651376146789 0.10386740331491713 0.022935779816513763
3 0.26574585635359116 0.231651376146789 0.15359116022099448 0.034403669724770644
3 0.638121546961326 0.25344036697247707 0.34640883977900555 0.02981651376146789
3 0.638121546961326 0.48394495412844035 0.34640883977900555 0.02981651376146789
3 0.638121546961326 0.7144495412844036 0.34640883977900555 0.02981651376146789
3 0.638121546961326 0.9598623853211009 0.34640883977900555 0.05963302752293578
3 0.36132596685082874 0.08944954128440367 0.024861878453038673 0.022935779816513763
3 0.39779005524861877 0.08944954128440367 0.027624309392265192 0.022935779816513763
3 0.44640883977900553 0.08944954128440367 0.049723756906077346 0.022935779816513763
3 0.49060773480662984 0.08944954128440367 0.019337016574585635 0.022935779816513763
3 0.5226519337016574 0.08944954128440367 0.024861878453038673 0.022935779816513763
3 0.5558011049723757 0.08944954128440367 0.02154696132596685 0.022935779816513763
3 0.22486187845303868 0.536697247706422 0.0718232044198895 0.020642201834862386
3 0.2265193370165746 0.6261467889908257 0.07569060773480663 0.020642201834862386
3 0.2176795580110497 0.6536697247706422 0.057458563535911604 0.020642201834862386
3 0.22983425414364642 0.6811926605504587 0.08232044198895028 0.020642201834862386
3 0.2287292817679558 0.7087155963302753 0.07955801104972375 0.020642201834862386
3 0.23314917127071824 0.7362385321100917 0.08895027624309393 0.020642201834862386
3 0.22154696132596685 0.7637614678899083 0.06574585635359116 0.020642201834862386
3 0.23480662983425415 0.7912844036697247 0.09171270718232044 0.020642201834862386
3 0.2165745856353591 0.8188073394495413 0.05580110497237569 0.020642201834862386
3 0.20662983425414364 0.8463302752293578 0.03535911602209945 0.020642201834862386
3 0.19889502762430938 0.966743119266055 0.019889502762430938 0.020642201834862386
3 0.2718232044198895 0.536697247706422 0.016574585635359115 0.020642201834862386
3 0.27845303867403315 0.6261467889908257 0.022651933701657457 0.020642201834862386
3 0.26022099447513813 0.6536697247706422 0.020994475138121547 0.020642201834862386
3 0.281767955801105 0.6811926605504587 0.016022099447513812 0.020642201834862386
3 0.2773480662983425 0.7087155963302753 0.012154696132596685 0.020642201834862386
3 0.2883977900552486 0.7362385321100917 0.014917127071823204 0.020642201834862386
3 0.2640883977900553 0.7637614678899083 0.01270718232044199 0.020642201834862386
3 0.28950276243093925 0.7912844036697247 0.012154696132596685 0.020642201834862386
3 0.2541436464088398 0.8188073394495413 0.01270718232044199 0.020642201834862386
3 0.23314917127071824 0.8463302752293578 0.012154696132596685 0.020642201834862386
3 0.21878453038674034 0.966743119266055 0.014364640883977901 0.020642201834862386
3 0.2287292817679558 0.07224770642201835 0.06353591160220995 0.022935779816513763
3 0.22430939226519336 0.09403669724770643 0.06353591160220995 0.022935779816513763
3 0.22983425414364642 0.16169724770642202 0.08176795580110498 0.022935779816513763
3 0.261878453038674 0.1731651376146789 0.1464088397790055 0.045871559633027525