0 0.6299772468714449 0.01773049645390071 0.026734926052332197 0.03546099290780142
0 0.78839590443686 0.15839243498817968 0.06427758816837315 0.016548463356973995
1 0.7716154721274175 0.018321513002364065 0.19397042093287828 0.03664302600472813
1 0.4180887372013652 0.3215130023640662 0.09101251422070535 0.18912529550827423
1 0.4180887372013652 0.5591016548463357 0.09101251422070535 0.18912529550827423
1 0.4180887372013652 0.7966903073286052 0.09101251422070535 0.18912529550827423
1 0.23521046643913537 0.017139479905437353 0.07679180887372014 0.034278959810874705
2 0.4729806598407281 0.01773049645390071 0.34072810011376564 0.03546099290780142
2 0.5455062571103527 0.01182033096926714 0.007963594994311717 0.016548463356973995
3 0.5753697383390216 0.014775413711583925 0.08475540386803185 0.02955082742316785
3 0.5307167235494881 0.32978723404255317 0.10693970420932879 0.022458628841607566
3 0.5307167235494881 0.5673758865248227 0.10693970420932879 0.022458628841607566
3 0.6552901023890785 0.7718676122931442 0.35665529010238906 0.016548463356973995
3 0.518202502844141 0.8522458628841607 0.08191126279863481 0.022458628841607566
3 0.580773606370876 0.01182033096926714 0.05688282138794084 0.02364066193853428
3 0.580773606370876 0.01182033096926714 0.05688282138794084 0.02364066193853428
3 0.27189988623435724 0.2198581560283688 0.15813424345847554 0.03546099290780142
3 0.6552901023890785 0.24231678486997635 0.35665529010238906 0.030732860520094562
3 0.6552901023890785 0.4799054373522459 0.35665529010238906 0.030732860520094562
3 0.6552901023890785 0.7328605200945626 0.35665529010238906 0.061465721040189124
3 0.6552901023890785 0.9692671394799054 0.3572241183162685 0.0591016548463357
3 0.3703071672354949 0.07328605200945626 0.025597269624573378 0.02364066193853428
3 0.40784982935153585 0.07328605200945626 0.02844141069397042 0.02364066193853428
3 0.4579067121729238 0.07328605200945626 0.051194539249146756 0.02364066193853428
3 0.5034129692832765 0.07328605200945626 0.019908987485779295 0.02364066193853428
3 0.5364050056882821 0.07328605200945626 0.025597269624573378 0.02364066193853428
3 0.5705346985210467 0.07328605200945626 0.02218430034129693 0.02364066193853428
3 0.229806598407281 0.5342789598108747 0.07394766780432309 0.02127659574468085
3 0.21899886234357224 0.6264775413711584 0.05233219567690557 0.02127659574468085
3 0.22070534698521047 0.6548463356973995 0.055745164960182024 0.02127659574468085
3 0.20648464163822525 0.7470449172576832 0.027872582480091012 0.02127659574468085
3 0.2030716723549488 0.7754137115839244 0.020477815699658702 0.02127659574468085
3 0.2030716723549488 0.8676122931442081 0.020477815699658702 0.02127659574468085
3 0.21217292377701935 0.9598108747044918 0.038680318543799774 0.02127659574468085
3 0.23890784982935154 0.9881796690307328 0.09271899886234357 0.02127659574468085
3 0.2770193401592719 0.5342789598108747 0.015358361774744027 0.02127659574468085
3 0.2593856655290102 0.6264775413711584 0.02218430034129693 0.02127659574468085
3 0.2605233219567691 0.6548463356973995 0.01820250284414107 0.02127659574468085
3 0.23435722411831628 0.7470449172576832 0.02161547212741752 0.02127659574468085
3 0.22468714448236632 0.7754137115839244 0.01763367463026166 0.02127659574468085
3 0.22639362912400454 0.8676122931442081 0.02104664391353811 0.02127659574468085
3 0.23833902161547213 0.9598108747044918 0.007963594994311717 0.02127659574468085
3 0.2992036405005688 0.9881796690307328 0.02161547212741752 0.02127659574468085
3 0.23378839590443687 0.05555555555555555 0.06541524459613197 0.02364066193853428
3 0.22923777019340158 0.07801418439716312 0.06541524459613197 0.02364066193853428
3 0.23492605233219568 0.14775413711583923 0.08418657565415244 0.02364066193853428
3 0.26791808873720135 0.1595744680851064 0.15073947667804324 0.04728132387706856
3 0.26621160409556316 0.17139479905437352 0.08191126279863481 0.02364066193853428
3 0.3321956769055745 0.17139479905437352 0.02901023890784983 0.02364066193853428