0 0.5824468085106383 0.02207505518763797 0.02446808510638298 0.04304635761589404
0 0.7308510638297873 0.15894039735099338 0.0601063829787234 0.01545253863134658
1 0.7148936170212766 0.023178807947019868 0.18085106382978725 0.04304635761589404
1 0.38457446808510637 0.31125827814569534 0.0851063829787234 0.17660044150110377
1 0.38457446808510637 0.5331125827814569 0.0851063829787234 0.17660044150110377
1 0.38457446808510637 0.7549668874172185 0.0851063829787234 0.17660044150110377
1 0.21329787234042552 0.023178807947019868 0.07127659574468086 0.037527593818984545
2 0.43563829787234043 0.02207505518763797 0.3180851063829787 0.04304635761589404
2 0.4526595744680851 0.02207505518763797 0.007446808510638298 0.01545253863134658
3 0.5058510638297873 0.023178807947019868 0.12978723404255318 0.02869757174392936
3 0.47819148936170214 0.5408388520971302 0.07659574468085106 0.02097130242825607
3 0.6063829787234043 0.9249448123620309 0.33351063829787236 0.01545253863134658
3 0.5111702127659574 0.02207505518763797 0.10425531914893617 0.02207505518763797
3 0.5111702127659574 0.02207505518763797 0.10425531914893617 0.02207505518763797
3 0.2478723404255319 0.19426048565121412 0.1478723404255319 0.033112582781456956
3 0.6063829787234043 0.23730684326710816 0.33351063829787236 0.02869757174392936
3 0.6063829787234043 0.45916114790286977 0.33351063829787236 0.02869757174392936
3 0.6063829787234043 0.6810154525386314 0.33351063829787236 0.02869757174392936
3 0.6063829787234043 0.9028697571743929 0.33351063829787236 0.02869757174392936
3 0.3398936170212766 0.07947019867549669 0.023936170212765957 0.02207505518763797
3 0.375 0.07947019867549669 0.026595744680851064 0.02207505518763797
3 0.4218085106382979 0.07947019867549669 0.047872340425531915 0.02207505518763797
3 0.4643617021276596 0.07947019867549669 0.018617021276595744 0.02207505518763797
3 0.4952127659574468 0.07947019867549669 0.023936170212765957 0.02207505518763797
3 0.527127659574468 0.07947019867549669 0.02074468085106383 0.02207505518763797
3 0.20851063829787234 0.4878587196467991 0.06914893617021277 0.019867549668874173
3 0.20319148936170212 0.5739514348785872 0.059042553191489364 0.019867549668874173
3 0.19840425531914893 0.6004415011037527 0.04893617021276596 0.019867549668874173
3 0.21117021276595746 0.6269315673289183 0.07446808510638298 0.019867549668874173
3 0.21861702127659574 0.6534216335540839 0.0898936170212766 0.019867549668874173
3 0.2154255319148936 0.6799116997792495 0.08351063829787234 0.019867549668874173
3 0.2271276595744681 0.7064017660044151 0.10691489361702128 0.019867549668874173
3 0.22659574468085106 0.7328918322295805 0.10531914893617021 0.019867549668874173
3 0.22606382978723405 0.7593818984547461 0.10425531914893617 0.019867549668874173
3 0.22446808510638297 0.7858719646799117 0.10159574468085106 0.019867549668874173
3 0.18351063829787234 0.9017660044150111 0.019148936170212766 0.019867549668874173
3 0.1920212765957447 0.9878587196467992 0.036170212765957444 0.019867549668874173
3 0.25159574468085105 0.4878587196467991 0.011702127659574468 0.019867549668874173
3 0.24680851063829787 0.5739514348785872 0.022340425531914895 0.019867549668874173
3 0.2324468085106383 0.6004415011037527 0.013829787234042552 0.019867549668874173
3 0.2622340425531915 0.6269315673289183 0.022872340425531913 0.019867549668874173
3 0.2734042553191489 0.6534216335540839 0.014361702127659574 0.019867549668874173
3 0.26595744680851063 0.6799116997792495 0.01223404255319149 0.019867549668874173
3 0.28829787234042553 0.7064017660044151 0.009574468085106383 0.019867549668874173
3 0.2872340425531915 0.7328918322295805 0.011170212765957447 0.019867549668874173
3 0.28617021276595744 0.7593818984547461 0.009574468085106383 0.019867549668874173
3 0.28138297872340423 0.7858719646799117 0.005851063829787234 0.019867549668874173
3 0.20372340425531915 0.9017660044150111 0.01648936170212766 0.019867549668874173
3 0.2175531914893617 0.9878587196467992 0.009574468085106383 0.019867549668874173
3 0.21223404255319148 0.06291390728476821 0.061170212765957445 0.02207505518763797
3 0.20797872340425533 0.08388520971302428 0.061170212765957445 0.02207505518763797
3 0.21329787234042552 0.1490066225165563 0.07872340425531915 0.02207505518763797