0 0.6108333333333333 0.01558891454965358 0.026111111111111113 0.03117782909930716
0 0.7433333333333333 0.5242494226327945 0.14 0.05542725173210162
0 0.7494444444444445 0.6027713625866051 0.1527777777777778 0.05542725173210162
0 0.7494444444444445 0.6674364896073903 0.1527777777777778 0.05542725173210162
1 0.7491666666666666 0.016166281755196306 0.18944444444444444 0.03233256351039261
1 0.20944444444444443 0.24133949191685913 0.024444444444444446 0.050808314087759814
1 0.3372222222222222 0.5288683602771362 0.21 0.5404157043879908
1 0.20944444444444443 0.31062355658198615 0.024444444444444446 0.050808314087759814
1 0.20944444444444443 0.37990762124711314 0.024444444444444446 0.050808314087759814
1 0.22527777777777777 0.015011547344110854 0.075 0.03002309468822171
2 0.4575 0.01558891454965358 0.3327777777777778 0.03117782909930716
3 0.49666666666666665 0.4722863741339492 0.08055555555555556 0.020785219399538105
3 0.5277777777777778 0.5565819861431871 0.14277777777777778 0.020785219399538105
3 0.5511111111111111 0.8660508083140878 0.18944444444444444 0.020785219399538105
3 0.7261111111111112 0.4053117782909931 0.10611111111111111 0.016166281755196306
3 0.7261111111111112 0.4284064665127021 0.10611111111111111 0.016166281755196306
3 0.20944444444444443 0.25981524249422633 0.027777777777777776 0.025404157043879907
3 0.20944444444444443 0.32909930715935337 0.027777777777777776 0.025404157043879907
3 0.20944444444444443 0.39838337182448036 0.027777777777777776 0.025404157043879907
3 0.20944444444444443 0.25981524249422633 0.027777777777777776 0.025404157043879907
3 0.20944444444444443 0.32909930715935337 0.027777777777777776 0.025404157043879907
3 0.20944444444444443 0.39838337182448036 0.027777777777777776 0.025404157043879907
3 0.5472222222222223 0.302540415704388 0.1811111111111111 0.057736720554272515
3 0.7577777777777778 0.2540415704387991 0.1361111111111111 0.023094688221709007
3 0.7577777777777778 0.28868360277136257 0.1361111111111111 0.04157043879907621
3 0.7566666666666667 0.74364896073903 0.13833333333333334 0.04157043879907621
3 0.7566666666666667 0.8163972286374134 0.13833333333333334 0.06235565819861432
3 0.7566666666666667 0.8787528868360277 0.13833333333333334 0.020785219399538105
3 0.7566666666666667 0.9214780600461894 0.13833333333333334 0.020785219399538105
3 0.7261111111111112 0.3833718244803695 0.10611111111111111 0.018475750577367205
3 0.7494444444444445 0.47575057736720555 0.1527777777777778 0.023094688221709007
3 0.3572222222222222 0.06812933025404157 0.025 0.023094688221709007
3 0.3938888888888889 0.06812933025404157 0.027777777777777776 0.023094688221709007
3 0.44277777777777777 0.06812933025404157 0.05 0.023094688221709007
3 0.4872222222222222 0.06812933025404157 0.019444444444444445 0.023094688221709007
3 0.5194444444444445 0.06812933025404157 0.025 0.023094688221709007
3 0.5527777777777778 0.06812933025404157 0.021666666666666667 0.023094688221709007
3 0.2238888888888889 0.050808314087759814 0.06388888888888888 0.023094688221709007
3 0.21944444444444444 0.07274826789838337 0.06388888888888888 0.023094688221709007
3 0.29888888888888887 0.1697459584295612 0.08944444444444444 0.016166281755196306
3 0.37277777777777776 0.1697459584295612 0.03833333333333333 0.016166281755196306
3 0.4122222222222222 0.1697459584295612 0.020555555555555556 0.016166281755196306
3 0.43944444444444447 0.1697459584295612 0.013888888888888888 0.016166281755196306
3 0.4633333333333333 0.1697459584295612 0.013333333333333334 0.016166281755196306
3 0.4922222222222222 0.1697459584295612 0.025 0.016166281755196306
3 0.5294444444444445 0.1697459584295612 0.028888888888888888 0.016166281755196306