0 0.5820855614973262 0.013333333333333334 0.025133689839572194 0.02666666666666667
1 0.7152406417112299 0.013888888888888888 0.18235294117647058 0.027777777777777776
1 0.4903743315508021 0.16333333333333333 0.8556149732620321 0.15555555555555556
1 0.2497326203208556 0.47444444444444445 0.1518716577540107 0.26666666666666666
1 0.4101604278074866 0.47444444444444445 0.1518716577540107 0.26666666666666666
1 0.5705882352941176 0.47444444444444445 0.1518716577540107 0.26666666666666666
1 0.7310160427807486 0.47444444444444445 0.1518716577540107 0.26666666666666666
1 0.4903743315508021 0.7433333333333333 0.6331550802139038 0.18333333333333332
1 0.7577540106951872 0.9311111111111111 0.053475935828877004 0.1111111111111111
1 0.2109625668449198 0.012777777777777779 0.07219251336898395 0.025555555555555557
2 0.4344919786096257 0.013333333333333334 0.32032085561497325 0.02666666666666667
3 0.4903743315508021 0.31 0.6331550802139038 0.05333333333333334
3 0.2497326203208556 0.6066666666666667 0.12620320855614972 0.022222222222222223
3 0.4101604278074866 0.6066666666666667 0.12620320855614972 0.022222222222222223
3 0.5705882352941176 0.6066666666666667 0.12620320855614972 0.022222222222222223
3 0.7310160427807486 0.6066666666666667 0.12620320855614972 0.022222222222222223
3 0.39358288770053473 0.9711111111111111 0.15828877005347594 0.04
3 0.6545454545454545 0.9733333333333334 0.07433155080213903 0.03111111111111111
3 0.33796791443850266 0.06222222222222222 0.02406417112299465 0.022222222222222223
3 0.3732620320855615 0.06222222222222222 0.026737967914438502 0.022222222222222223
3 0.4203208556149733 0.06222222222222222 0.0481283422459893 0.022222222222222223
3 0.46310160427807484 0.06222222222222222 0.01871657754010695 0.022222222222222223
3 0.49411764705882355 0.06222222222222222 0.02406417112299465 0.022222222222222223
3 0.5262032085561498 0.06222222222222222 0.02085561497326203 0.022222222222222223
3 0.20962566844919786 0.04555555555555556 0.06149732620320856 0.022222222222222223
3 0.2053475935828877 0.06666666666666667 0.06149732620320856 0.022222222222222223