0 0.6041666666666666 0.014434180138568129 0.026111111111111113 0.028868360277136258
0 0.255 0.2852193995381062 0.011111111111111112 0.023094688221709007
0 0.7588888888888888 0.1397228637413395 0.06277777777777778 0.016166281755196306
0 0.84 0.22632794457274827 0.017777777777777778 0.03695150115473441
1 0.7425 0.015011547344110854 0.18944444444444444 0.03002309468822171
1 0.3572222222222222 0.22748267898383373 0.030555555555555555 0.06351039260969978
1 0.4822222222222222 0.22748267898383373 0.030555555555555555 0.06351039260969978
1 0.6072222222222222 0.22748267898383373 0.030555555555555555 0.06351039260969978
1 0.7322222222222222 0.22748267898383373 0.030555555555555555 0.06351039260969978
1 0.3972222222222222 0.40300230946882215 0.08888888888888889 0.18475750577367206
1 0.3972222222222222 0.6351039260969977 0.08888888888888889 0.18475750577367206
1 0.3972222222222222 0.8672055427251733 0.08888888888888889 0.18475750577367206
1 0.21861111111111112 0.013856812933025405 0.075 0.02771362586605081
2 0.4508333333333333 0.014434180138568129 0.3327777777777778 0.028868360277136258
2 0.4936111111111111 0.007505773672055427 0.008333333333333333 0.015011547344110854
3 0.5361111111111111 0.011547344110854504 0.1111111111111111 0.023094688221709007
3 0.6288888888888889 0.3903002309468822 0.34833333333333333 0.016166281755196306
3 0.6288888888888889 0.5808314087759815 0.34833333333333333 0.016166281755196306
3 0.6288888888888889 0.812933025404157 0.34833333333333333 0.016166281755196306
3 0.5416666666666666 0.009237875288683603 0.08444444444444445 0.018475750577367205
3 0.5416666666666666 0.009237875288683603 0.08444444444444445 0.018475750577367205
3 0.2544444444444444 0.2090069284064665 0.15444444444444444 0.03464203233256351
3 0.6288888888888889 0.3672055427251732 0.34833333333333333 0.03002309468822171
3 0.6288888888888889 0.5577367205542725 0.34833333333333333 0.03002309468822171
3 0.6288888888888889 0.789838337182448 0.34833333333333333 0.03002309468822171
3 0.41388888888888886 0.21362586605080833 0.07222222222222222 0.021939953810623556
3 0.5388888888888889 0.21362586605080833 0.07222222222222222 0.021939953810623556
3 0.6638888888888889 0.21362586605080833 0.07222222222222222 0.021939953810623556
3 0.7888888888888889 0.21362586605080833 0.07222222222222222 0.021939953810623556
3 0.35055555555555556 0.06581986143187067 0.025 0.023094688221709007
3 0.38722222222222225 0.06581986143187067 0.027777777777777776 0.023094688221709007
3 0.4361111111111111 0.06581986143187067 0.05 0.023094688221709007
3 0.48055555555555557 0.06581986143187067 0.019444444444444445 0.023094688221709007
3 0.5127777777777778 0.06581986143187067 0.025 0.023094688221709007
3 0.5461111111111111 0.06581986143187067 0.021666666666666667 0.023094688221709007
3 0.21166666666666667 0.39838337182448036 0.06944444444444445 0.020785219399538105
3 0.21388888888888888 0.42609699769053117 0.07388888888888889 0.020785219399538105
3 0.22722222222222221 0.45381062355658197 0.10055555555555555 0.020785219399538105
3 0.2061111111111111 0.4815242494226328 0.057777777777777775 0.020785219399538105
3 0.18722222222222223 0.5715935334872979 0.02 0.020785219399538105
3 0.19444444444444445 0.6616628175519631 0.034444444444444444 0.020785219399538105
3 0.195 0.7517321016166282 0.03611111111111111 0.020785219399538105
3 0.20944444444444443 0.8418013856812933 0.065 0.020785219399538105
3 0.21 0.8695150115473441 0.0661111111111111 0.020785219399538105
3 0.20277777777777778 0.8972286374133949 0.051666666666666666 0.020785219399538105
3 0.1922222222222222 0.9249422632794457 0.03 0.020785219399538105
3 0.20555555555555555 0.9526558891454965 0.05722222222222222 0.020785219399538105
3 0.19277777777777777 0.9803695150115473 0.03166666666666667 0.020785219399538105
3 0.2561111111111111 0.39838337182448036 0.012777777777777779 0.020785219399538105
3 0.2594444444444444 0.42609699769053117 0.011666666666666667 0.020785219399538105
3 0.2872222222222222 0.45381062355658197 0.012222222222222223 0.020785219399538105
3 0.24222222222222223 0.4815242494226328 0.008333333333333333 0.020785219399538105
3 0.2038888888888889 0.5715935334872979 0.0077777777777777776 0.020785219399538105
3 0.21888888888888888 0.6616628175519631 0.0077777777777777776 0.020785219399538105
3 0.2222222222222222 0.7517321016166282 0.012222222222222223 0.020785219399538105
3 0.2511111111111111 0.8418013856812933 0.012222222222222223 0.020785219399538105
3 0.25277777777777777 0.8695150115473441 0.012222222222222223 0.020785219399538105
3 0.23777777777777778 0.8972286374133949 0.012222222222222223 0.020785219399538105
3 0.215 0.9249422632794457 0.01 0.020785219399538105
3 0.2411111111111111 0.9526558891454965 0.0077777777777777776 0.020785219399538105
3 0.21555555555555556 0.9803695150115473 0.0077777777777777776 0.020785219399538105
3 0.21722222222222223 0.04849884526558892 0.06388888888888888 0.023094688221709007
3 0.2127777777777778 0.07043879907621248 0.06388888888888888 0.023094688221709007
3 0.21833333333333332 0.13856812933025403 0.08222222222222222 0.023094688221709007
3 0.25055555555555553 0.15011547344110854 0.14722222222222223 0.046189376443418015
3 0.25333333333333335 0.16166281755196305 0.08944444444444444 0.023094688221709007