0 0.5926630434782608 0.009593679458239277 0.025543478260869567 0.019187358916478554
0 0.7440217391304348 0.136568848758465 0.06141304347826087 0.01580135440180587
0 0.6396739130434783 0.554176072234763 0.035869565217391305 0.029345372460496615
1 0.7279891304347826 0.010158013544018058 0.18532608695652175 0.020316027088036117
1 0.39021739130434785 0.29232505643340856 0.08695652173913043 0.18058690744920994
1 0.39021739130434785 0.5598194130925508 0.08695652173913043 0.18058690744920994
1 0.39021739130434785 0.7866817155756207 0.08695652173913043 0.18058690744920994
1 0.2154891304347826 0.009029345372460496 0.07336956521739131 0.01805869074492099
2 0.44266304347826085 0.009593679458239277 0.32554347826086955 0.019187358916478554
2 0.49429347826086956 0.0028216704288939053 0.008152173913043478 0.0056433408577878106
3 0.5309782608695652 0.006772009029345372 0.09891304347826087 0.013544018058690745
3 0.6168478260869565 0.2799097065462754 0.3407608695652174 0.01580135440180587
3 0.49782608695652175 0.3984198645598194 0.10217391304347827 0.02144469525959368
3 0.46793478260869564 0.5677200902934537 0.042934782608695654 0.02144469525959368
3 0.6097826086956522 0.554176072234763 0.01956521739130435 0.020316027088036117
3 0.5364130434782609 0.004514672686230248 0.07282608695652174 0.009029345372460496
3 0.5364130434782609 0.004514672686230248 0.07282608695652174 0.009029345372460496
3 0.2505434782608696 0.19525959367945825 0.15108695652173912 0.033860045146726865
3 0.6168478260869565 0.25733634311512416 0.3407608695652174 0.029345372460496615
3 0.6168478260869565 0.48419864559819414 0.3407608695652174 0.029345372460496615
3 0.6168478260869565 0.7110609480812641 0.3407608695652174 0.029345372460496615
3 0.6168478260869565 0.9379232505643341 0.3407608695652174 0.029345372460496615
3 0.34456521739130436 0.055304740406320545 0.024456521739130436 0.022573363431151242
3 0.3804347826086957 0.055304740406320545 0.02717391304347826 0.022573363431151242
3 0.4282608695652174 0.055304740406320545 0.04891304347826087 0.022573363431151242
3 0.4717391304347826 0.055304740406320545 0.019021739130434784 0.022573363431151242
3 0.5032608695652174 0.055304740406320545 0.024456521739130436 0.022573363431151242
3 0.5358695652173913 0.055304740406320545 0.021195652173913043 0.022573363431151242
3 0.21032608695652175 0.49548532731376976 0.07065217391304347 0.020316027088036117
3 0.18478260869565216 0.5835214446952596 0.01956521739130435 0.020316027088036117
3 0.1934782608695652 0.6715575620767494 0.03695652173913044 0.020316027088036117
3 0.2190217391304348 0.698645598194131 0.08858695652173913 0.020316027088036117
3 0.19184782608695652 0.7866817155756207 0.03369565217391304 0.020316027088036117
3 0.1923913043478261 0.9018058690744921 0.035326086956521736 0.020316027088036117
3 0.18614130434782608 0.9892776523702032 0.022282608695652174 0.019187358916478554
3 0.2554347826086957 0.49548532731376976 0.014130434782608696 0.020316027088036117
3 0.20869565217391303 0.5835214446952596 0.02282608695652174 0.020316027088036117
3 0.2184782608695652 0.6715575620767494 0.007608695652173913 0.020316027088036117
3 0.27391304347826084 0.698645598194131 0.01576086956521739 0.020316027088036117
3 0.2233695652173913 0.7866817155756207 0.02282608695652174 0.020316027088036117
3 0.20706521739130435 0.8137697516930023 0.011956521739130435 0.020316027088036117
3 0.22065217391304348 0.9018058690744921 0.015217391304347827 0.020316027088036117
3 0.21168478260869567 0.9892776523702032 0.023369565217391305 0.019187358916478554
3 0.2141304347826087 0.03837471783295711 0.0625 0.022573363431151242
3 0.20978260869565218 0.05981941309255079 0.0625 0.022573363431151242
3 0.21521739130434783 0.12641083521444696 0.08043478260869565 0.022573363431151242
3 0.2467391304347826 0.13769751693002258 0.14402173913043478 0.045146726862302484
3 0.22880434782608697 0.1489841986455982 0.04565217391304348 0.022573363431151242