0 0.6261441647597255 0.0059382422802850355 0.02688787185354691 0.011876484560570071
0 0.7854691075514875 0.13539192399049882 0.06464530892448513 0.0166270783847981
0 0.6756292906178489 0.5748218527315915 0.03775743707093822 0.030878859857482184
1 0.7685926773455377 0.006532066508313539 0.1950800915331808 0.013064133016627079
1 0.41304347826086957 0.2992874109263658 0.09153318077803203 0.19002375296912113
1 0.41304347826086957 0.5807600950118765 0.09153318077803203 0.19002375296912113
1 0.41304347826086957 0.8194774346793349 0.09153318077803203 0.19002375296912113
1 0.22911899313501144 0.005344418052256532 0.07723112128146453 0.010688836104513063
2 0.46824942791762014 0.0059382422802850355 0.3426773455377574 0.011876484560570071
3 0.6516018306636155 0.2862232779097387 0.358695652173913 0.0166270783847981
3 0.5263157894736842 0.41092636579572445 0.10755148741418764 0.022565320665083134
3 0.4948512585812357 0.5890736342042755 0.04519450800915332 0.022565320665083134
3 0.6441647597254004 0.5748218527315915 0.020594965675057208 0.021377672209026127
3 0.2660183066361556 0.19714964370546317 0.15903890160183065 0.035629453681710214
3 0.6516018306636155 0.26247030878859856 0.358695652173913 0.030878859857482184
3 0.6516018306636155 0.501187648456057 0.358695652173913 0.030878859857482184
3 0.6516018306636155 0.7399049881235155 0.358695652173913 0.030878859857482184
3 0.6516018306636155 0.9786223277909739 0.358695652173913 0.030878859857482184
3 0.36498855835240274 0.0498812351543943 0.02574370709382151 0.023752969121140142
3 0.40274599542334094 0.0498812351543943 0.028604118993135013 0.023752969121140142
3 0.45308924485125857 0.0498812351543943 0.05148741418764302 0.023752969121140142
3 0.4988558352402746 0.0498812351543943 0.02002288329519451 0.023752969121140142
3 0.5320366132723112 0.0498812351543943 0.02574370709382151 0.023752969121140142
3 0.5663615560640732 0.0498812351543943 0.02231121281464531 0.023752969121140142
3 0.2236842105263158 0.5130641330166271 0.07437070938215103 0.021377672209026127
3 0.19679633867276888 0.6057007125890737 0.020594965675057208 0.021377672209026127
3 0.20594965675057209 0.6983372921615202 0.038901601830663615 0.021377672209026127
3 0.232837528604119 0.7268408551068883 0.09324942791762014 0.021377672209026127
3 0.204233409610984 0.8194774346793349 0.03546910755148741 0.021377672209026127
3 0.2048054919908467 0.9406175771971497 0.03718535469107551 0.021377672209026127
3 0.2711670480549199 0.5130641330166271 0.014874141876430207 0.021377672209026127
3 0.2219679633867277 0.6057007125890737 0.02402745995423341 0.021377672209026127
3 0.2322654462242563 0.6983372921615202 0.008009153318077803 0.021377672209026127
3 0.2906178489702517 0.7268408551068883 0.016590389016018305 0.021377672209026127
3 0.2374141876430206 0.8194774346793349 0.02402745995423341 0.021377672209026127
3 0.2202517162471396 0.8479809976247031 0.012585812356979404 0.021377672209026127
3 0.2345537757437071 0.9406175771971497 0.016018306636155607 0.021377672209026127
3 0.22768878718535468 0.032066508313539195 0.06578947368421052 0.023752969121140142
3 0.2231121281464531 0.05463182897862233 0.06578947368421052 0.023752969121140142
3 0.2288329519450801 0.12470308788598575 0.08466819221967964 0.023752969121140142
3 0.2620137299771167 0.13657957244655583 0.15160183066361557 0.047505938242280284
3 0.2431350114416476 0.14845605700712589 0.04805491990846682 0.023752969121140142