0 0.5578212290502793 0.020301624129930394 0.026256983240223464 0.04060324825986079
0 0.7134078212290503 0.19953596287703015 0.06312849162011173 0.016241299303944315
0 0.6061452513966481 0.8619489559164734 0.03687150837988827 0.030162412993039442
1 0.696927374301676 0.02088167053364269 0.19050279329608938 0.04176334106728538
1 0.34972067039106147 0.35962877030162416 0.0893854748603352 0.18561484918793503
1 0.34972067039106147 0.6345707656612529 0.0893854748603352 0.18561484918793503
1 0.34972067039106147 0.8677494199535963 0.0893854748603352 0.18561484918793503
1 0.17011173184357542 0.019721577726218097 0.07541899441340782 0.03944315545243619
2 0.4036312849162011 0.020301624129930394 0.3346368715083799 0.04060324825986079
2 0.4564245810055866 0.01740139211136891 0.00782122905027933 0.016241299303944315
3 0.49441340782122906 0.018561484918793503 0.1011173184357542 0.030162412993039442
3 0.5826815642458101 0.3468677494199536 0.35027932960893854 0.016241299303944315
3 0.46033519553072627 0.46867749419953597 0.10502793296089385 0.022041763341067284
3 0.4491620111731844 0.6647331786542924 0.08324022346368715 0.022041763341067284
3 0.42960893854748605 0.8758700696055685 0.044134078212290505 0.022041763341067284
3 0.5754189944134078 0.8619489559164734 0.02011173184357542 0.02088167053364269
3 0.5 0.01740139211136891 0.07430167597765364 0.02320185614849188
3 0.5 0.01740139211136891 0.07430167597765364 0.02320185614849188
3 0.20614525139664805 0.25986078886310904 0.1553072625698324 0.03480278422273782
3 0.5826815642458101 0.3236658932714617 0.35027932960893854 0.030162412993039442
3 0.5826815642458101 0.5568445475638051 0.35027932960893854 0.030162412993039442
3 0.5826815642458101 0.7900232018561485 0.35027932960893854 0.030162412993039442
3 0.3027932960893855 0.0777262180974478 0.025139664804469275 0.02320185614849188
3 0.3396648044692737 0.0777262180974478 0.027932960893854747 0.02320185614849188
3 0.3888268156424581 0.0777262180974478 0.05027932960893855 0.02320185614849188
3 0.4335195530726257 0.0777262180974478 0.019553072625698324 0.02320185614849188
3 0.4659217877094972 0.0777262180974478 0.025139664804469275 0.02320185614849188
3 0.4994413407821229 0.0777262180974478 0.021787709497206705 0.02320185614849188
3 0.164804469273743 0.568445475638051 0.07262569832402235 0.02088167053364269
3 0.13854748603351955 0.6589327146171694 0.02011173184357542 0.02088167053364269
3 0.14748603351955308 0.7494199535962877 0.03798882681564246 0.02088167053364269
3 0.17374301675977655 0.777262180974478 0.09106145251396648 0.02088167053364269
3 0.1458100558659218 0.8677494199535963 0.034636871508379886 0.02088167053364269
3 0.1463687150837989 0.9860788863109049 0.036312849162011177 0.02088167053364269
3 0.2111731843575419 0.568445475638051 0.01452513966480447 0.02088167053364269
3 0.16312849162011173 0.6589327146171694 0.02346368715083799 0.02088167053364269
3 0.17318435754189945 0.7494199535962877 0.00782122905027933 0.02088167053364269
3 0.23016759776536314 0.777262180974478 0.016201117318435754 0.02088167053364269
3 0.1782122905027933 0.8677494199535963 0.02346368715083799 0.02088167053364269
3 0.16145251396648044 0.8955916473317865 0.012290502793296089 0.02088167053364269
3 0.17541899441340783 0.9860788863109049 0.01564245810055866 0.02088167053364269
3 0.16871508379888267 0.060324825986078884 0.06424581005586592 0.02320185614849188
3 0.16424581005586592 0.08236658932714618 0.06424581005586592 0.02320185614849188
3 0.16983240223463686 0.18909512761020883 0.08268156424581005 0.02320185614849188
3 0.2022346368715084 0.20069605568445475 0.14804469273743018 0.04640371229698376