0 0.5902173913043478 0.028216704288939052 0.025 0.04401805869074492
0 0.7418478260869565 0.2054176072234763 0.06141304347826087 0.01580135440180587
0 0.6375 0.8498871331828443 0.035869565217391305 0.029345372460496615
1 0.7255434782608695 0.029345372460496615 0.18478260869565216 0.04401805869074492
1 0.38804347826086955 0.3611738148984199 0.08695652173913043 0.18058690744920994
1 0.38804347826086955 0.628668171557562 0.08695652173913043 0.18058690744920994
1 0.38804347826086955 0.8555304740406321 0.08695652173913043 0.18058690744920994
1 0.21304347826086956 0.029345372460496615 0.07282608695652174 0.03837471783295711
2 0.44021739130434784 0.028216704288939052 0.325 0.04401805869074492
2 0.49184782608695654 0.028216704288939052 0.007608695652173913 0.01580135440180587
3 0.528804347826087 0.029345372460496615 0.0983695652173913 0.029345372460496615
3 0.6146739130434783 0.34875846501128666 0.3407608695652174 0.01580135440180587
3 0.4956521739130435 0.4672686230248307 0.10217391304347827 0.02144469525959368
3 0.48478260869565215 0.6580135440180587 0.08097826086956522 0.02144469525959368
3 0.4657608695652174 0.863431151241535 0.042934782608695654 0.02144469525959368
3 0.6076086956521739 0.8498871331828443 0.01956521739130435 0.020316027088036117
3 0.5342391304347827 0.028216704288939052 0.07228260869565217 0.022573363431151242
3 0.5342391304347827 0.028216704288939052 0.07228260869565217 0.022573363431151242
3 0.2483695652173913 0.26410835214446954 0.15108695652173912 0.033860045146726865
3 0.6146739130434783 0.3261851015801354 0.3407608695652174 0.029345372460496615
3 0.6146739130434783 0.5530474040632054 0.3407608695652174 0.029345372460496615
3 0.6146739130434783 0.7799097065462754 0.3407608695652174 0.029345372460496615
3 0.6146739130434783 0.9954853273137697 0.34130434782608693 0.006772009029345372
3 0.3423913043478261 0.08690744920993228 0.024456521739130436 0.022573363431151242
3 0.3782608695652174 0.08690744920993228 0.02717391304347826 0.022573363431151242
3 0.4260869565217391 0.08690744920993228 0.04891304347826087 0.022573363431151242
3 0.46956521739130436 0.08690744920993228 0.019021739130434784 0.022573363431151242
3 0.5010869565217392 0.08690744920993228 0.024456521739130436 0.022573363431151242
3 0.533695652173913 0.08690744920993228 0.021195652173913043 0.022573363431151242
3 0.20815217391304347 0.5643340857787811 0.07065217391304347 0.020316027088036117
3 0.1826086956521739 0.6523702031602708 0.01956521739130435 0.020316027088036117
3 0.19130434782608696 0.7404063205417607 0.03695652173913044 0.020316027088036117
3 0.21684782608695652 0.7674943566591422 0.08858695652173913 0.020316027088036117
3 0.18967391304347825 0.8555304740406321 0.03369565217391304 0.020316027088036117
3 0.19021739130434784 0.9706546275395034 0.035326086956521736 0.020316027088036117
3 0.2532608695652174 0.5643340857787811 0.014130434782608696 0.020316027088036117
3 0.20652173913043478 0.6523702031602708 0.02282608695652174 0.020316027088036117
3 0.21630434782608696 0.7404063205417607 0.007608695652173913 0.020316027088036117
3 0.2717391304347826 0.7674943566591422 0.01576086956521739 0.020316027088036117
3 0.22119565217391304 0.8555304740406321 0.02282608695652174 0.020316027088036117
3 0.2048913043478261 0.8826185101580135 0.011956521739130435 0.020316027088036117
3 0.2184782608695652 0.9706546275395034 0.015217391304347827 0.020316027088036117
3 0.21195652173913043 0.06997742663656885 0.0625 0.022573363431151242
3 0.2076086956521739 0.09142212189616253 0.0625 0.022573363431151242
3 0.21304347826086956 0.19525959367945825 0.08043478260869565 0.022573363431151242
3 0.24456521739130435 0.20654627539503387 0.14402173913043478 0.045146726862302484