0 0.5741847826086957 0.01636568848758465 0.025543478260869567 0.0327313769751693
0 0.7255434782608695 0.1873589164785553 0.06141304347826087 0.01580135440180587
0 0.621195652173913 0.8318284424379232 0.035869565217391305 0.029345372460496615
1 0.7095108695652174 0.016930022573363433 0.18532608695652175 0.033860045146726865
1 0.3717391304347826 0.3431151241534989 0.08695652173913043 0.18058690744920994
1 0.3717391304347826 0.6106094808126411 0.08695652173913043 0.18058690744920994
1 0.3717391304347826 0.837471783295711 0.08695652173913043 0.18058690744920994
1 0.19701086956521738 0.01580135440180587 0.07336956521739131 0.03160270880361174
2 0.42418478260869563 0.01636568848758465 0.32554347826086955 0.0327313769751693
2 0.47554347826086957 0.010158013544018058 0.007608695652173913 0.01580135440180587
3 0.5125 0.013544018058690745 0.09891304347826087 0.02708803611738149
3 0.5983695652173913 0.3306997742663657 0.3407608695652174 0.01580135440180587
3 0.47934782608695653 0.4492099322799097 0.10217391304347827 0.02144469525959368
3 0.46847826086956523 0.6399548532731377 0.08097826086956522 0.02144469525959368
3 0.4494565217391304 0.845372460496614 0.042934782608695654 0.02144469525959368
3 0.591304347826087 0.8318284424379232 0.01956521739130435 0.020316027088036117
3 0.5179347826086956 0.011286681715575621 0.07282608695652174 0.022573363431151242
3 0.5179347826086956 0.011286681715575621 0.07282608695652174 0.022573363431151242
3 0.23206521739130434 0.24604966139954854 0.15108695652173912 0.033860045146726865
3 0.5983695652173913 0.30812641083521447 0.3407608695652174 0.029345372460496615
3 0.5983695652173913 0.5349887133182845 0.3407608695652174 0.029345372460496615
3 0.5983695652173913 0.7618510158013544 0.3407608695652174 0.029345372460496615
3 0.5983695652173913 0.9864559819413092 0.34130434782608693 0.024830699774266364
3 0.32608695652173914 0.06884875846501129 0.024456521739130436 0.022573363431151242
3 0.36195652173913045 0.06884875846501129 0.02717391304347826 0.022573363431151242
3 0.4097826086956522 0.06884875846501129 0.04891304347826087 0.022573363431151242
3 0.4532608695652174 0.06884875846501129 0.019021739130434784 0.022573363431151242
3 0.48478260869565215 0.06884875846501129 0.024456521739130436 0.022573363431151242
3 0.5173913043478261 0.06884875846501129 0.021195652173913043 0.022573363431151242
3 0.19184782608695652 0.54627539503386 0.07065217391304347 0.020316027088036117
3 0.16630434782608697 0.6343115124153499 0.01956521739130435 0.020316027088036117
3 0.175 0.7223476297968398 0.03695652173913044 0.020316027088036117
3 0.20054347826086957 0.7494356659142212 0.08858695652173913 0.020316027088036117
3 0.1733695652173913 0.837471783295711 0.03369565217391304 0.020316027088036117
3 0.17391304347826086 0.9525959367945824 0.035326086956521736 0.020316027088036117
3 0.23695652173913043 0.54627539503386 0.014130434782608696 0.020316027088036117
3 0.19021739130434784 0.6343115124153499 0.02282608695652174 0.020316027088036117
3 0.2 0.7223476297968398 0.007608695652173913 0.020316027088036117
3 0.2554347826086957 0.7494356659142212 0.01576086956521739 0.020316027088036117
3 0.2048913043478261 0.837471783295711 0.02282608695652174 0.020316027088036117
3 0.18858695652173912 0.8645598194130926 0.011956521739130435 0.020316027088036117
3 0.20217391304347826 0.9525959367945824 0.015217391304347827 0.020316027088036117
3 0.1956521739130435 0.05191873589164785 0.0625 0.022573363431151242
3 0.19130434782608696 0.07336343115124154 0.0625 0.022573363431151242
3 0.1967391304347826 0.17720090293453725 0.08043478260869565 0.022573363431151242
3 0.22826086956521738 0.18848758465011287 0.14402173913043478 0.045146726862302484