0 0.5944148936170213 0.02152317880794702 0.025 0.04304635761589404
0 0.7425531914893617 0.15783664459161148 0.0601063829787234 0.01545253863134658
1 0.7265957446808511 0.02207505518763797 0.18085106382978725 0.04304635761589404
1 0.3962765957446808 0.31015452538631344 0.0851063829787234 0.17660044150110377
1 0.3962765957446808 0.5717439293598234 0.0851063829787234 0.17660044150110377
1 0.3962765957446808 0.7935982339955849 0.0851063829787234 0.17660044150110377
1 0.225 0.02207505518763797 0.07127659574468086 0.037527593818984545
2 0.4476063829787234 0.02152317880794702 0.31861702127659575 0.04304635761589404
3 0.6180851063829788 0.2980132450331126 0.33351063829787236 0.01545253863134658
3 0.5015957446808511 0.4139072847682119 0.1 0.02097130242825607
3 0.4824468085106383 0.608167770419426 0.06223404255319149 0.02097130242825607
3 0.6180851063829788 0.7814569536423841 0.33351063829787236 0.01545253863134658
3 0.5015957446808511 0.8774834437086093 0.1 0.02097130242825607
3 0.25957446808510637 0.1534216335540839 0.1478723404255319 0.033112582781456956
3 0.6180851063829788 0.27593818984547464 0.33351063829787236 0.02869757174392936
3 0.6180851063829788 0.5121412803532008 0.33351063829787236 0.05739514348785872
3 0.6180851063829788 0.7593818984547461 0.33351063829787236 0.02869757174392936
3 0.6180851063829788 0.9729580573951435 0.33404255319148934 0.05187637969094923
3 0.3515957446808511 0.07836644591611479 0.023936170212765957 0.02207505518763797
3 0.38670212765957446 0.07836644591611479 0.026595744680851064 0.02207505518763797
3 0.43351063829787234 0.07836644591611479 0.047872340425531915 0.02207505518763797
3 0.47606382978723405 0.07836644591611479 0.018617021276595744 0.02207505518763797
3 0.5069148936170212 0.07836644591611479 0.023936170212765957 0.02207505518763797
3 0.5388297872340425 0.07836644591611479 0.02074468085106383 0.02207505518763797
3 0.22021276595744682 0.4470198675496689 0.06914893617021277 0.019867549668874173
3 0.20372340425531915 0.5331125827814569 0.036702127659574466 0.019867549668874173
3 0.21329787234042552 0.5596026490066225 0.05531914893617021 0.019867549668874173
3 0.21648936170212765 0.5860927152317881 0.06223404255319149 0.019867549668874173
3 0.2175531914893617 0.6125827814569537 0.06382978723404255 0.019867549668874173
3 0.21648936170212765 0.6390728476821192 0.06223404255319149 0.019867549668874173
3 0.2074468085106383 0.6655629139072847 0.043617021276595745 0.019867549668874173
3 0.225 0.6920529801324503 0.07872340425531915 0.019867549668874173
3 0.23563829787234042 0.7185430463576159 0.10053191489361703 0.019867549668874173
3 0.19680851063829788 0.7450331125827815 0.022340425531914895 0.019867549668874173
3 0.1952127659574468 0.8609271523178808 0.019148936170212766 0.019867549668874173
3 0.20372340425531915 0.9470198675496688 0.036170212765957444 0.019867549668874173
3 0.22872340425531915 0.9735099337748344 0.08670212765957447 0.019867549668874173
3 0.2654255319148936 0.4470198675496689 0.015957446808510637 0.019867549668874173
3 0.23563829787234042 0.5331125827814569 0.02127659574468085 0.019867549668874173
3 0.25159574468085105 0.5596026490066225 0.015957446808510637 0.019867549668874173
3 0.26170212765957446 0.5860927152317881 0.021808510638297873 0.019867549668874173
3 0.26276595744680853 0.6125827814569537 0.021808510638297873 0.019867549668874173
3 0.26170212765957446 0.6390728476821192 0.022340425531914895 0.019867549668874173
3 0.2393617021276596 0.6655629139072847 0.014893617021276596 0.019867549668874173
3 0.275 0.6920529801324503 0.015957446808510637 0.019867549668874173
3 0.29627659574468085 0.7185430463576159 0.015425531914893617 0.019867549668874173
3 0.21914893617021278 0.7450331125827815 0.01648936170212766 0.019867549668874173
3 0.2175531914893617 0.8609271523178808 0.02021276595744681 0.019867549668874173
3 0.23404255319148937 0.9470198675496688 0.019148936170212766 0.019867549668874173
3 0.2856382978723404 0.9735099337748344 0.021808510638297873 0.019867549668874173
3 0.22393617021276596 0.06181015452538632 0.061170212765957445 0.02207505518763797
3 0.21968085106382979 0.08278145695364239 0.061170212765957445 0.02207505518763797