0 0.584375 0.02918918918918919 0.023958333333333335 0.04216216216216216
0 0.2078125 0.36648648648648646 0.010416666666666666 0.021621621621621623
0 0.7296875 0.26054054054054054 0.058854166666666666 0.015135135135135135
0 0.2234375 0.20972972972972972 0.04635416666666667 0.04108108108108108
0 0.2864583333333333 0.20972972972972972 0.07552083333333333 0.04108108108108108
1 0.7140625 0.03027027027027027 0.17708333333333334 0.04216216216216216
1 0.41041666666666665 0.45513513513513515 0.14791666666666667 0.307027027027027
1 0.5666666666666667 0.45513513513513515 0.14791666666666667 0.307027027027027
1 0.7229166666666667 0.45513513513513515 0.14791666666666667 0.307027027027027
2 0.440625 0.02918918918918919 0.31145833333333334 0.04216216216216216
2 0.5036458333333333 0.02918918918918919 0.007291666666666667 0.015135135135135135
3 0.1828125 0 0 0
3 0.22291666666666668 0.03027027027027027 0.06979166666666667 0.036756756756756756
3 0.6729166666666667 0.08540540540540541 0.057291666666666664 0.021621621621621623
3 0.71875 0.08540540540540541 0.034375 0.021621621621621623
3 0.7609375 0.08540540540540541 0.050520833333333334 0.021621621621621623
3 0.21770833333333334 0.07783783783783783 0.06927083333333334 0.043243243243243246
3 0.30520833333333336 0.08540540540540541 0.04114583333333333 0.021621621621621623
3 0.346875 0.08540540540540541 0.0234375 0.021621621621621623
3 0.38125 0.08540540540540541 0.026041666666666668 0.021621621621621623
3 0.4270833333333333 0.08540540540540541 0.046875 0.021621621621621623
3 0.46875 0.08540540540540541 0.018229166666666668 0.021621621621621623
3 0.49895833333333334 0.08540540540540541 0.0234375 0.021621621621621623
3 0.5302083333333333 0.08540540540540541 0.0203125 0.021621621621621623
3 0.7963541666666667 0.08324324324324324 0.013020833333333334 0.022702702702702703
3 0.7140625 0.03351351351351351 0.17708333333333334 0.04756756756756757
3 0.49557291666666664 0.15675675675675677 0.9911458333333333 0.0972972972972973
3 0.21354166666666666 0.2508108108108108 0.058854166666666666 0.021621621621621623
3 0.26614583333333336 0.2508108108108108 0.026041666666666668 0.021621621621621623
3 0.30416666666666664 0.2508108108108108 0.030208333333333334 0.021621621621621623
3 0.2 0.36648648648648646 0.03177083333333333 0.02810810810810811
3 0.29322916666666665 0.4540540540540541 0.016666666666666666 0.017297297297297298
3 0.29322916666666665 0.5254054054054054 0.016666666666666666 0.017297297297297298
3 0.225 0.6389189189189189 0.08177083333333333 0.01945945945945946
3 0.20677083333333332 0.7232432432432433 0.04479166666666667 0.01945945945945946
3 0.2109375 0.7491891891891892 0.05364583333333333 0.01945945945945946
3 0.20208333333333334 0.7751351351351351 0.035416666666666666 0.01945945945945946
3 0.20104166666666667 0.8010810810810811 0.03333333333333333 0.01945945945945946
3 0.1984375 0.827027027027027 0.028645833333333332 0.01945945945945946
3 0.20260416666666667 0.9113513513513514 0.036458333333333336 0.01945945945945946
3 0.2046875 0.9372972972972973 0.04114583333333333 0.01945945945945946
3 0.2046875 0.9632432432432433 0.04114583333333333 0.01945945945945946
3 0.20208333333333334 0.9891891891891892 0.0359375 0.01945945945945946
3 0.7807291666666667 0.2627027027027027 0.008333333333333333 0.017297297297297298
3 0.7932291666666667 0.2627027027027027 0.008333333333333333 0.017297297297297298
3 0.41041666666666665 0.45513513513513515 0.14791666666666667 0.307027027027027
3 0.41041666666666665 0.7156756756756757 0.14791666666666667 0.2118918918918919
3 0.5666666666666667 0.45513513513513515 0.14791666666666667 0.307027027027027
3 0.5666666666666667 0.7156756756756757 0.14791666666666667 0.2118918918918919
3 0.7229166666666667 0.45513513513513515 0.14791666666666667 0.307027027027027
3 0.7229166666666667 0.7156756756756757 0.14791666666666667 0.2118918918918919
3 0.5322916666666667 0.03027027027027027 0.08072916666666667 0.02810810810810811
3 0.3651041666666667 0.7221621621621621 0.03697916666666667 0.015135135135135135
3 0.41041666666666665 0.7902702702702703 0.12708333333333333 0.014054054054054054
3 0.5328125 0.6810810810810811 0.059895833333333336 0.02054054054054054
3 0.6890625 0.6810810810810811 0.059895833333333336 0.02054054054054054
3 0.5375 0.02918918918918919 0.05572916666666667 0.021621621621621623
3 0.5375 0.02918918918918919 0.05572916666666667 0.021621621621621623
3 0.25677083333333334 0.2951351351351351 0.14479166666666668 0.032432432432432434
3 0.41041666666666665 0.7621621621621621 0.12708333333333333 0.03891891891891892
3 0.5666666666666667 0.7243243243243244 0.12708333333333333 0.03891891891891892
3 0.7229166666666667 0.7243243243243244 0.12708333333333333 0.03891891891891892
3 0.26875 0.1545945945945946 0.13697916666666668 0.043243243243243246