0 0.6049180327868853 0.027210884353741496 0.025136612021857924 0.04421768707482993
0 0.23005464480874316 0.30158730158730157 0.01092896174863388 0.022675736961451247
0 0.2726775956284153 0.9081632653061225 0.013114754098360656 0.027210884353741496
0 0.7573770491803279 0.16780045351473924 0.06174863387978142 0.015873015873015872
0 0.6524590163934426 0.35941043083900226 0.036065573770491806 0.02947845804988662
0 0.651912568306011 0.546485260770975 0.034972677595628415 0.02947845804988662
0 0.651912568306011 0.7743764172335601 0.034972677595628415 0.02947845804988662
0 0.6540983606557377 0.9931972789115646 0.040437158469945354 0.011337868480725623
1 0.740983606557377 0.02834467120181406 0.18579234972677597 0.04421768707482993
1 0.4016393442622951 0.3242630385487528 0.08743169398907104 0.18140589569160998
1 0.4016393442622951 0.5521541950113379 0.08743169398907104 0.18140589569160998
1 0.4016393442622951 0.780045351473923 0.08743169398907104 0.18140589569160998
1 0.22568306010928962 0.02834467120181406 0.073224043715847 0.03854875283446712
2 0.4540983606557377 0.027210884353741496 0.326775956284153 0.04421768707482993
2 0.5060109289617486 0.027210884353741496 0.007650273224043716 0.015873015873015872
2 0.20163934426229507 0.9058956916099773 0.033879781420765025 0.02834467120181406
2 0.2453551912568306 0.9058956916099773 0.033879781420765025 0.02834467120181406
3 0.5431693989071038 0.02834467120181406 0.09890710382513661 0.02947845804988662
3 0.47978142076502733 0.373015873015873 0.04316939890710383 0.021541950113378686
3 0.6224043715846994 0.35941043083900226 0.019672131147540985 0.02040816326530612
3 0.4901639344262295 0.5600907029478458 0.06393442622950819 0.021541950113378686
3 0.6224043715846994 0.546485260770975 0.019672131147540985 0.02040816326530612
3 0.4901639344262295 0.7879818594104309 0.06393442622950819 0.021541950113378686
3 0.6224043715846994 0.7743764172335601 0.019672131147540985 0.02040816326530612
3 0.6226775956284153 0.9954648526077098 0.020218579234972677 0.006802721088435374
3 0.5486338797814208 0.027210884353741496 0.0726775956284153 0.022675736961451247
3 0.20163934426229507 0.9081632653061225 0.03278688524590164 0.035147392290249435
3 0.2453551912568306 0.9081632653061225 0.03278688524590164 0.035147392290249435
3 0.5486338797814208 0.027210884353741496 0.0726775956284153 0.022675736961451247
3 0.20163934426229507 0.9081632653061225 0.03278688524590164 0.035147392290249435
3 0.2453551912568306 0.9081632653061225 0.03278688524590164 0.035147392290249435
3 0.2612021857923497 0.22675736961451248 0.15191256830601094 0.034013605442176874
3 0.6295081967213115 0.2891156462585034 0.34262295081967215 0.02947845804988662
3 0.6295081967213115 0.47619047619047616 0.34262295081967215 0.02947845804988662
3 0.6295081967213115 0.7040816326530612 0.34262295081967215 0.02947845804988662
3 0.6295081967213115 0.9319727891156463 0.34262295081967215 0.02947845804988662
3 0.3557377049180328 0.08616780045351474 0.02459016393442623 0.022675736961451247
3 0.3918032786885246 0.08616780045351474 0.0273224043715847 0.022675736961451247
3 0.43989071038251365 0.08616780045351474 0.04918032786885246 0.022675736961451247
3 0.48360655737704916 0.08616780045351474 0.01912568306010929 0.022675736961451247
3 0.5153005464480874 0.08616780045351474 0.02459016393442623 0.022675736961451247
3 0.5480874316939891 0.08616780045351474 0.021311475409836064 0.022675736961451247
3 0.19508196721311474 0.5 0.019672131147540985 0.02040816326530612
3 0.19617486338797815 0.5884353741496599 0.02185792349726776 0.02040816326530612
3 0.19617486338797815 0.6156462585034014 0.02185792349726776 0.02040816326530612
3 0.2103825136612022 0.7040816326530612 0.05081967213114754 0.02040816326530612
3 0.2174863387978142 0.7312925170068028 0.06502732240437159 0.02040816326530612
3 0.20928961748633879 0.8197278911564626 0.048087431693989074 0.02040816326530612
3 0.21366120218579235 0.8469387755102041 0.05737704918032787 0.02040816326530612
3 0.21092896174863388 0.8741496598639455 0.05136612021857923 0.02040816326530612
3 0.21721311475409835 0.996031746031746 0.06393442622950819 0.005668934240362812
3 0.21092896174863388 0.5 0.007103825136612022 0.02040816326530612
3 0.21420765027322405 0.5884353741496599 0.00819672131147541 0.02040816326530612
3 0.21256830601092896 0.6156462585034014 0.00546448087431694 0.02040816326530612
3 0.24262295081967214 0.7040816326530612 0.00819672131147541 0.02040816326530612
3 0.2562841530054645 0.7312925170068028 0.006010928961748634 0.02040816326530612
3 0.23989071038251367 0.8197278911564626 0.007650273224043716 0.02040816326530612
3 0.24918032786885247 0.8469387755102041 0.007650273224043716 0.02040816326530612
3 0.24316939890710382 0.8741496598639455 0.007650273224043716 0.02040816326530612
3 0.22459016393442624 0.0691609977324263 0.06284153005464481 0.022675736961451247
3 0.22021857923497268 0.09070294784580499 0.06284153005464481 0.022675736961451247
3 0.22568306010928962 0.15759637188208617 0.08087431693989071 0.022675736961451247
3 0.2573770491803279 0.1689342403628118 0.1448087431693989 0.045351473922902494
3 0.23934426229508196 0.18027210884353742 0.04590163934426229 0.022675736961451247