0 0.6024193548387097 0.013392857142857142 0.025268817204301075 0.026785714285714284
0 0.23333333333333334 0.27455357142857145 0.010752688172043012 0.022321428571428572
0 0.2752688172043011 0.8716517857142857 0.012903225806451613 0.026785714285714284
0 0.7521505376344086 0.14285714285714285 0.06075268817204301 0.015625
0 0.6489247311827957 0.3314732142857143 0.035483870967741936 0.029017857142857144
0 0.6483870967741936 0.515625 0.034408602150537634 0.029017857142857144
0 0.6483870967741936 0.7399553571428571 0.034408602150537634 0.029017857142857144
0 0.6505376344086021 0.9642857142857143 0.03924731182795699 0.029017857142857144
1 0.7362903225806452 0.013950892857142858 0.18333333333333332 0.027901785714285716
1 0.4021505376344086 0.296875 0.08602150537634409 0.17857142857142858
1 0.4021505376344086 0.5212053571428571 0.08602150537634409 0.17857142857142858
1 0.4021505376344086 0.7455357142857143 0.08602150537634409 0.17857142857142858
1 0.2293010752688172 0.012834821428571428 0.07258064516129033 0.025669642857142856
2 0.45403225806451614 0.013392857142857142 0.32204301075268815 0.026785714285714284
2 0.5051075268817204 0.006696428571428571 0.008064516129032258 0.013392857142857142
2 0.2053763440860215 0.8694196428571429 0.03333333333333333 0.027901785714285716
2 0.24838709677419354 0.8694196428571429 0.03333333333333333 0.027901785714285716
3 0.5413978494623656 0.010602678571428572 0.0978494623655914 0.021205357142857144
3 0.4790322580645161 0.34486607142857145 0.04247311827956989 0.021205357142857144
3 0.6193548387096774 0.3314732142857143 0.01935483870967742 0.020089285714285716
3 0.489247311827957 0.5290178571428571 0.06290322580645161 0.021205357142857144
3 0.6193548387096774 0.515625 0.01935483870967742 0.020089285714285716
3 0.489247311827957 0.7533482142857143 0.06290322580645161 0.021205357142857144
3 0.6193548387096774 0.7399553571428571 0.01935483870967742 0.020089285714285716
3 0.489247311827957 0.9776785714285714 0.06290322580645161 0.021205357142857144
3 0.6193548387096774 0.9642857142857143 0.01935483870967742 0.020089285714285716
3 0.5467741935483871 0.008370535714285714 0.07204301075268817 0.016741071428571428
3 0.2053763440860215 0.8716517857142857 0.03225806451612903 0.03459821428571429
3 0.24838709677419354 0.8716517857142857 0.03225806451612903 0.03459821428571429
3 0.5467741935483871 0.008370535714285714 0.07204301075268817 0.016741071428571428
3 0.2053763440860215 0.8716517857142857 0.03225806451612903 0.03459821428571429
3 0.24838709677419354 0.8716517857142857 0.03225806451612903 0.03459821428571429
3 0.2639784946236559 0.20089285714285715 0.14946236559139786 0.033482142857142856
3 0.6263440860215054 0.2622767857142857 0.3370967741935484 0.029017857142857144
3 0.6263440860215054 0.44642857142857145 0.3370967741935484 0.029017857142857144
3 0.6263440860215054 0.6707589285714286 0.3370967741935484 0.029017857142857144
3 0.6263440860215054 0.8950892857142857 0.3370967741935484 0.029017857142857144
3 0.35698924731182796 0.0625 0.024193548387096774 0.022321428571428572
3 0.3924731182795699 0.0625 0.026881720430107527 0.022321428571428572
3 0.4397849462365591 0.0625 0.04838709677419355 0.022321428571428572
3 0.4827956989247312 0.0625 0.01881720430107527 0.022321428571428572
3 0.513978494623656 0.0625 0.024193548387096774 0.022321428571428572
3 0.546236559139785 0.0625 0.020967741935483872 0.022321428571428572
3 0.1989247311827957 0.46986607142857145 0.01935483870967742 0.020089285714285716
3 0.2 0.5569196428571429 0.021505376344086023 0.020089285714285716
3 0.2 0.5837053571428571 0.021505376344086023 0.020089285714285716
3 0.21397849462365592 0.6707589285714286 0.05 0.020089285714285716
3 0.22096774193548388 0.6975446428571429 0.06397849462365592 0.020089285714285716
3 0.2129032258064516 0.7845982142857143 0.047311827956989246 0.020089285714285716
3 0.2172043010752688 0.8113839285714286 0.056451612903225805 0.020089285714285716
3 0.21451612903225806 0.8381696428571429 0.05053763440860215 0.020089285714285716
3 0.22043010752688172 0.9654017857142857 0.06236559139784946 0.020089285714285716
3 0.22231182795698926 0.9905133928571429 0.06612903225806452 0.016741071428571428
3 0.21451612903225806 0.46986607142857145 0.006989247311827957 0.020089285714285716
3 0.21774193548387097 0.5569196428571429 0.008064516129032258 0.020089285714285716
3 0.2161290322580645 0.5837053571428571 0.005376344086021506 0.020089285714285716
3 0.2456989247311828 0.6707589285714286 0.008064516129032258 0.020089285714285716
3 0.2591397849462366 0.6975446428571429 0.005913978494623656 0.020089285714285716
3 0.24301075268817204 0.7845982142857143 0.007526881720430108 0.020089285714285716
3 0.2521505376344086 0.8113839285714286 0.007526881720430108 0.020089285714285716
3 0.24623655913978496 0.8381696428571429 0.007526881720430108 0.020089285714285716
3 0.22795698924731184 0.04575892857142857 0.06182795698924731 0.022321428571428572
3 0.22365591397849463 0.06696428571428571 0.06182795698924731 0.022321428571428572
3 0.22903225806451613 0.1328125 0.07956989247311828 0.022321428571428572
3 0.26021505376344084 0.14397321428571427 0.1424731182795699 0.044642857142857144
3 0.24247311827956988 0.15513392857142858 0.04516129032258064 0.022321428571428572