0 0.584375 0.02918918918918919 0.023958333333333335 0.04216216216216216
0 0.20520833333333333 0.29081081081081084 0.010416666666666666 0.021621621621621623
0 0.2677083333333333 0.9848648648648649 0.0125 0.025945945945945945
0 0.7296875 0.16324324324324324 0.058854166666666666 0.015135135135135135
0 0.7796875 0.2410810810810811 0.01875 0.03891891891891892
1 0.7140625 0.03027027027027027 0.17708333333333334 0.04216216216216216
1 0.390625 0.3124324324324324 0.08333333333333333 0.17297297297297298
1 0.390625 0.5686486486486486 0.08333333333333333 0.17297297297297298
1 0.390625 0.7859459459459459 0.08333333333333333 0.17297297297297298
1 0.22291666666666668 0.03027027027027027 0.06979166666666667 0.036756756756756756
2 0.440625 0.02918918918918919 0.31145833333333334 0.04216216216216216
2 0.4901041666666667 0.02918918918918919 0.007291666666666667 0.015135135135135135
2 0.2 0.9827027027027027 0.03229166666666667 0.02702702702702703
2 0.24166666666666667 0.9827027027027027 0.03229166666666667 0.02702702702702703
3 0.5255208333333333 0.03027027027027027 0.09427083333333333 0.02810810810810811
3 0.6078125 0.3005405405405405 0.3265625 0.015135135135135135
3 0.49375 0.41405405405405404 0.09791666666666667 0.02054054054054054
3 0.48333333333333334 0.5967567567567568 0.07760416666666667 0.02054054054054054
3 0.48333333333333334 0.8140540540540541 0.07760416666666667 0.02054054054054054
3 0.5307291666666667 0.02918918918918919 0.06927083333333334 0.021621621621621623
3 0.5307291666666667 0.02918918918918919 0.06927083333333334 0.021621621621621623
3 0.25677083333333334 0.21945945945945947 0.14479166666666668 0.032432432432432434
3 0.6078125 0.2789189189189189 0.3265625 0.02810810810810811
3 0.6078125 0.4962162162162162 0.3265625 0.02810810810810811
3 0.6078125 0.7135135135135136 0.3265625 0.02810810810810811
3 0.6078125 0.9308108108108109 0.3265625 0.02810810810810811
3 0.346875 0.08540540540540541 0.0234375 0.021621621621621623
3 0.38125 0.08540540540540541 0.026041666666666668 0.021621621621621623
3 0.4270833333333333 0.08540540540540541 0.046875 0.021621621621621623
3 0.46875 0.08540540540540541 0.018229166666666668 0.021621621621621623
3 0.49895833333333334 0.08540540540540541 0.0234375 0.021621621621621623
3 0.5302083333333333 0.08540540540540541 0.0203125 0.021621621621621623
3 0.21822916666666667 0.5632432432432433 0.06770833333333333 0.01945945945945946
3 0.19375 0.6475675675675676 0.01875 0.01945945945945946
3 0.2265625 0.7318918918918919 0.08489583333333334 0.01945945945945946
3 0.20104166666666667 0.8162162162162162 0.033854166666666664 0.01945945945945946
3 0.20729166666666668 0.9005405405405406 0.04583333333333333 0.01945945945945946
3 0.21145833333333333 0.9264864864864865 0.05416666666666667 0.01945945945945946
3 0.20833333333333334 0.9524324324324325 0.0484375 0.01945945945945946
3 0.2578125 0.5632432432432433 0.0067708333333333336 0.01945945945945946
3 0.21145833333333333 0.6475675675675676 0.011458333333333333 0.01945945945945946
3 0.2765625 0.7318918918918919 0.009375 0.01945945945945946
3 0.22447916666666667 0.8162162162162162 0.007291666666666667 0.01945945945945946
3 0.23645833333333333 0.9005405405405406 0.0078125 0.01945945945945946
3 0.24635416666666668 0.9264864864864865 0.009895833333333333 0.01945945945945946
3 0.240625 0.9524324324324325 0.009895833333333333 0.01945945945945946
3 0.221875 0.06918918918918919 0.059895833333333336 0.021621621621621623
3 0.21770833333333334 0.08972972972972973 0.059895833333333336 0.021621621621621623
3 0.22291666666666668 0.1535135135135135 0.07708333333333334 0.021621621621621623
3 0.253125 0.1643243243243243 0.13802083333333334 0.043243243243243246
3 0.2359375 0.17513513513513512 0.04375 0.021621621621621623