0 0.5842931937172775 0.02717391304347826 0.024083769633507852 0.042391304347826085
0 0.7303664921465969 0.19782608695652174 0.059162303664921465 0.015217391304347827
1 0.7146596858638743 0.02826086956521739 0.17801047120418848 0.042391304347826085
1 0.38952879581151834 0.34782608695652173 0.08376963350785341 0.17391304347826086
1 0.38952879581151834 0.566304347826087 0.08376963350785341 0.17391304347826086
1 0.38952879581151834 0.7847826086956522 0.08376963350785341 0.17391304347826086
1 0.22094240837696336 0.02826086956521739 0.07015706806282722 0.03695652173913044
2 0.4397905759162304 0.02717391304347826 0.31308900523560207 0.042391304347826085
2 0.481151832460733 0.02717391304347826 0.007329842931937173 0.015217391304347827
3 0.5209424083769634 0.02826086956521739 0.10314136125654451 0.02826086956521739
3 0.6078534031413613 0.5152173913043478 0.32827225130890053 0.015217391304347827
3 0.5261780104712042 0.02717391304347826 0.07801047120418848 0.021739130434782608
3 0.5261780104712042 0.02717391304347826 0.07801047120418848 0.021739130434782608
3 0.2549738219895288 0.2543478260869565 0.14554973821989528 0.03260869565217391
3 0.6078534031413613 0.3141304347826087 0.32827225130890053 0.02826086956521739
3 0.6078534031413613 0.4934782608695652 0.32827225130890053 0.02826086956521739
3 0.6078534031413613 0.7119565217391305 0.32827225130890053 0.02826086956521739
3 0.6078534031413613 0.9304347826086956 0.32827225130890053 0.02826086956521739
3 0.34554973821989526 0.08369565217391305 0.02356020942408377 0.021739130434782608
3 0.38010471204188484 0.08369565217391305 0.02617801047120419 0.021739130434782608
3 0.4261780104712042 0.08369565217391305 0.04712041884816754 0.021739130434782608
3 0.4680628272251309 0.08369565217391305 0.01832460732984293 0.021739130434782608
3 0.49842931937172774 0.08369565217391305 0.02356020942408377 0.021739130434782608
3 0.5298429319371728 0.08369565217391305 0.020418848167539267 0.021739130434782608
3 0.2162303664921466 0.3760869565217391 0.06806282722513089 0.01956521739130435
3 0.19162303664921465 0.4608695652173913 0.018848167539267015 0.01956521739130435
3 0.19842931937172775 0.5456521739130434 0.032460732984293195 0.01956521739130435
3 0.19895287958115182 0.6304347826086957 0.034031413612565446 0.01956521739130435
3 0.19267015706806281 0.7152173913043478 0.020942408376963352 0.01956521739130435
3 0.19267015706806281 0.741304347826087 0.020942408376963352 0.01956521739130435
3 0.2099476439790576 0.7673913043478261 0.05549738219895288 0.01956521739130435
3 0.20628272251308902 0.8521739130434782 0.04869109947643979 0.01956521739130435
3 0.2089005235602094 0.8782608695652174 0.05392670157068063 0.01956521739130435
3 0.21256544502617802 0.9043478260869565 0.0612565445026178 0.01956521739130435
3 0.2130890052356021 0.9304347826086956 0.06230366492146597 0.01956521739130435
3 0.19633507853403143 0.9565217391304348 0.028272251308900525 0.01956521739130435
3 0.19633507853403143 0.9826086956521739 0.028272251308900525 0.01956521739130435
3 0.25863874345549737 0.3760869565217391 0.012041884816753926 0.01956521739130435
3 0.2094240837696335 0.4608695652173913 0.012041884816753926 0.01956521739130435
3 0.22251308900523561 0.5456521739130434 0.009947643979057591 0.01956521739130435
3 0.2261780104712042 0.6304347826086957 0.015183246073298429 0.01956521739130435
3 0.21675392670157068 0.7152173913043478 0.021465968586387434 0.01956521739130435
3 0.2130890052356021 0.741304347826087 0.015183246073298429 0.01956521739130435
3 0.24659685863874345 0.7673913043478261 0.011518324607329843 0.01956521739130435
3 0.24293193717277486 0.8521739130434782 0.0193717277486911 0.01956521739130435
3 0.24554973821989529 0.8782608695652174 0.014136125654450262 0.01956521739130435
3 0.25392670157068065 0.9043478260869565 0.016230366492146597 0.01956521739130435
3 0.2554973821989529 0.9304347826086956 0.016230366492146597 0.01956521739130435
3 0.2198952879581152 0.9565217391304348 0.013612565445026177 0.01956521739130435
3 0.2198952879581152 0.9826086956521739 0.014136125654450262 0.01956521739130435
3 0.2198952879581152 0.06739130434782609 0.060209424083769635 0.021739130434782608
3 0.2157068062827225 0.08804347826086957 0.060209424083769635 0.021739130434782608
3 0.22094240837696336 0.18804347826086956 0.0774869109947644 0.021739130434782608
3 0.2513089005235602 0.19891304347826086 0.1387434554973822 0.043478260869565216