0 0.599438202247191 0.02453271028037383 0.025842696629213482 0.0455607476635514
0 0.7561797752808989 0.20794392523364486 0.06348314606741573 0.016355140186915886
1 0.7393258426966293 0.02570093457943925 0.19101123595505617 0.0455607476635514
1 0.3904494382022472 0.3691588785046729 0.0898876404494382 0.18691588785046728
1 0.3904494382022472 0.6039719626168224 0.0898876404494382 0.18691588785046728
1 0.3904494382022472 0.8387850467289719 0.0898876404494382 0.18691588785046728
1 0.2095505617977528 0.02570093457943925 0.07528089887640449 0.0397196261682243
2 0.4443820224719101 0.02453271028037383 0.3359550561797753 0.0455607476635514
2 0.4887640449438202 0.02453271028037383 0.007865168539325843 0.016355140186915886
3 0.5314606741573034 0.02570093457943925 0.11067415730337078 0.030373831775700934
3 0.6247191011235955 0.5490654205607477 0.35224719101123597 0.016355140186915886
3 0.5370786516853933 0.02453271028037383 0.08370786516853933 0.02336448598130841
3 0.5370786516853933 0.02453271028037383 0.08370786516853933 0.02336448598130841
3 0.24606741573033708 0.26869158878504673 0.15617977528089888 0.035046728971962614
3 0.6247191011235955 0.33294392523364486 0.35224719101123597 0.030373831775700934
3 0.6247191011235955 0.5257009345794392 0.35224719101123597 0.030373831775700934
3 0.6247191011235955 0.7605140186915887 0.35224719101123597 0.030373831775700934
3 0.6247191011235955 0.9894859813084113 0.35280898876404493 0.018691588785046728
3 0.3432584269662921 0.0852803738317757 0.025280898876404494 0.02336448598130841
3 0.38033707865168537 0.0852803738317757 0.028089887640449437 0.02336448598130841
3 0.4297752808988764 0.0852803738317757 0.05056179775280899 0.02336448598130841
3 0.4747191011235955 0.0852803738317757 0.019662921348314606 0.02336448598130841
3 0.5073033707865169 0.0852803738317757 0.025280898876404494 0.02336448598130841
3 0.5410112359550562 0.0852803738317757 0.021910112359550562 0.02336448598130841
3 0.20449438202247192 0.39953271028037385 0.07303370786516854 0.02102803738317757
3 0.17808988764044945 0.49065420560747663 0.020224719101123594 0.02102803738317757
3 0.1853932584269663 0.5817757009345794 0.0348314606741573 0.02102803738317757
3 0.18595505617977529 0.6728971962616822 0.03651685393258427 0.02102803738317757
3 0.17921348314606741 0.764018691588785 0.02247191011235955 0.02102803738317757
3 0.17921348314606741 0.7920560747663551 0.02247191011235955 0.02102803738317757
3 0.19775280898876405 0.8200934579439252 0.05955056179775281 0.02102803738317757
3 0.19382022471910113 0.9112149532710281 0.052247191011235955 0.02102803738317757
3 0.19662921348314608 0.9392523364485982 0.05786516853932584 0.02102803738317757
3 0.200561797752809 0.9672897196261683 0.06573033707865168 0.02102803738317757
3 0.20112359550561798 0.991822429906542 0.06741573033707865 0.014018691588785047
3 0.25 0.39953271028037385 0.012921348314606741 0.02102803738317757
3 0.19719101123595506 0.49065420560747663 0.012921348314606741 0.02102803738317757
3 0.21123595505617979 0.5817757009345794 0.010674157303370787 0.02102803738317757
3 0.2151685393258427 0.6728971962616822 0.016292134831460674 0.02102803738317757
3 0.2050561797752809 0.764018691588785 0.023033707865168538 0.02102803738317757
3 0.20112359550561798 0.7920560747663551 0.016292134831460674 0.02102803738317757
3 0.23707865168539327 0.8200934579439252 0.012359550561797753 0.02102803738317757
3 0.23314606741573032 0.9112149532710281 0.020786516853932586 0.02102803738317757
3 0.23595505617977527 0.9392523364485982 0.015168539325842697 0.02102803738317757
3 0.2449438202247191 0.9672897196261683 0.01741573033707865 0.02102803738317757
3 0.24662921348314606 0.991822429906542 0.017977528089887642 0.014018691588785047
3 0.20842696629213484 0.06775700934579439 0.06460674157303371 0.02336448598130841
3 0.20393258426966293 0.08995327102803738 0.06460674157303371 0.02336448598130841
3 0.2095505617977528 0.19742990654205608 0.08314606741573034 0.02336448598130841
3 0.24213483146067416 0.2091121495327103 0.14887640449438203 0.04672897196261682