0 0.5557780320366132 0.010095011876484561 0.02688787185354691 0.020190023752969122
0 0.19622425629290619 0.30760095011876487 0.011441647597254004 0.023752969121140142
0 0.7151029748283753 0.1342042755344418 0.06464530892448513 0.0166270783847981
0 0.7986270022883295 0.22327790973871733 0.018306636155606407 0.03800475059382423
1 0.6982265446224256 0.010688836104513063 0.1950800915331808 0.021377672209026127
1 0.301487414187643 0.22446555819477435 0.031464530892448515 0.06532066508313539
1 0.4302059496567506 0.22446555819477435 0.031464530892448515 0.06532066508313539
1 0.5589244851258581 0.22446555819477435 0.031464530892448515 0.06532066508313539
1 0.6876430205949656 0.22446555819477435 0.031464530892448515 0.06532066508313539
1 0.3426773455377574 0.40498812351543945 0.09153318077803203 0.19002375296912113
1 0.3426773455377574 0.6437054631828979 0.09153318077803203 0.19002375296912113
1 0.3426773455377574 0.8824228028503563 0.09153318077803203 0.19002375296912113
1 0.15875286041189932 0.009501187648456057 0.07723112128146453 0.019002375296912115
2 0.397883295194508 0.010095011876484561 0.3426773455377574 0.020190023752969122
2 0.4419336384439359 0.0029691211401425177 0.008581235697940504 0.0059382422802850355
3 0.4856979405034325 0.007125890736342043 0.11441647597254005 0.014251781472684086
3 0.5812356979405034 0.3919239904988123 0.358695652173913 0.0166270783847981
3 0.5812356979405034 0.5878859857482185 0.358695652173913 0.0166270783847981
3 0.42219679633867274 0.6864608076009501 0.04061784897025172 0.0166270783847981
3 0.5812356979405034 0.8266033254156769 0.358695652173913 0.0166270783847981
3 0.4914187643020595 0.004750593824228029 0.08695652173913043 0.009501187648456057
3 0.4914187643020595 0.004750593824228029 0.08695652173913043 0.009501187648456057
3 0.1956521739130435 0.22921615201900236 0.15903890160183065 0.035629453681710214
3 0.5812356979405034 0.3681710213776722 0.358695652173913 0.030878859857482184
3 0.5812356979405034 0.5641330166270784 0.358695652173913 0.030878859857482184
3 0.5812356979405034 0.8028503562945368 0.358695652173913 0.030878859857482184
3 0.3598398169336384 0.21021377672209027 0.07437070938215103 0.022565320665083134
3 0.488558352402746 0.21021377672209027 0.07437070938215103 0.022565320665083134
3 0.6172768878718535 0.21021377672209027 0.07437070938215103 0.022565320665083134
3 0.7459954233409611 0.21021377672209027 0.07437070938215103 0.022565320665083134
3 0.29462242562929064 0.05819477434679335 0.02574370709382151 0.023752969121140142
3 0.33237986270022885 0.05819477434679335 0.028604118993135013 0.023752969121140142
3 0.38272311212814647 0.05819477434679335 0.05148741418764302 0.023752969121140142
3 0.42848970251716245 0.05819477434679335 0.02002288329519451 0.023752969121140142
3 0.46167048054919907 0.05819477434679335 0.02574370709382151 0.023752969121140142
3 0.4959954233409611 0.05819477434679335 0.02231121281464531 0.023752969121140142
3 0.12929061784897025 0.42399049881235157 0.02688787185354691 0.021377672209026127
3 0.13100686498855835 0.4524940617577197 0.03032036613272311 0.021377672209026127
3 0.12929061784897025 0.4809976247030879 0.02688787185354691 0.021377672209026127
3 0.12643020594965676 0.5095011876484561 0.020594965675057208 0.021377672209026127
3 0.12700228832951946 0.5380047505938242 0.021739130434782608 0.021377672209026127
3 0.12643020594965676 0.5665083135391924 0.02116704805491991 0.021377672209026127
3 0.12356979405034325 0.5950118764845606 0.015446224256292907 0.021377672209026127
3 0.12643020594965676 0.6876484560570071 0.020594965675057208 0.021377672209026127
3 0.13443935926773457 0.7802850356294537 0.03718535469107551 0.021377672209026127
3 0.14244851258581237 0.8729216152019003 0.05320366132723112 0.021377672209026127
3 0.14931350114416475 0.9014251781472684 0.06693363844393593 0.021377672209026127
3 0.13157894736842105 0.9299287410926366 0.030892448512585814 0.021377672209026127
3 0.13157894736842105 0.9584323040380047 0.030892448512585814 0.021377672209026127
3 0.13157894736842105 0.9869358669833729 0.030892448512585814 0.021377672209026127
3 0.15274599542334097 0.42399049881235157 0.013157894736842105 0.021377672209026127
3 0.15389016018306637 0.4524940617577197 0.008009153318077803 0.021377672209026127
3 0.14988558352402745 0.4809976247030879 0.008009153318077803 0.021377672209026127
3 0.14359267734553777 0.5095011876484561 0.008009153318077803 0.021377672209026127
3 0.14530892448512586 0.5380047505938242 0.008581235697940504 0.021377672209026127
3 0.14302059496567507 0.5665083135391924 0.005720823798627002 0.021377672209026127
3 0.13729977116704806 0.5950118764845606 0.005720823798627002 0.021377672209026127
3 0.14359267734553777 0.6876484560570071 0.008009153318077803 0.021377672209026127
3 0.16132723112128147 0.7802850356294537 0.010297482837528604 0.021377672209026127
3 0.17848970251716248 0.8729216152019003 0.012585812356979404 0.021377672209026127
3 0.19107551487414187 0.9014251781472684 0.010869565217391304 0.021377672209026127
3 0.15503432494279176 0.9299287410926366 0.010297482837528604 0.021377672209026127
3 0.15503432494279176 0.9584323040380047 0.010297482837528604 0.021377672209026127
3 0.15446224256292906 0.9869358669833729 0.008581235697940504 0.021377672209026127
3 0.15732265446224256 0.040380047505938245 0.06578947368421052 0.023752969121140142
3 0.15274599542334097 0.06294536817102138 0.06578947368421052 0.023752969121140142
3 0.15846681922196795 0.1330166270783848 0.08466819221967964 0.023752969121140142
3 0.2431350114416476 0.1330166270783848 0.06350114416475973 0.023752969121140142
3 0.16533180778032036 0.15676959619952494 0.07723112128146453 0.023752969121140142
3 0.19393592677345536 0.16864608076009502 0.15560640732265446 0.047505938242280284
3 0.1853546910755149 0.18052256532066507 0.057208237986270026 0.023752969121140142