0 0.5656424581005587 0.022041763341067284 0.026256983240223464 0.04408352668213457
0 0.21452513966480447 0.3248259860788863 0.0111731843575419 0.02320185614849188
0 0.7212290502793296 0.1554524361948956 0.06312849162011173 0.016241299303944315
0 0.8027932960893854 0.24245939675174014 0.017877094972067038 0.037122969837587005
1 0.7047486033519553 0.02262180974477958 0.19050279329608938 0.04524361948955916
1 0.31731843575418994 0.24361948955916474 0.030726256983240222 0.06380510440835267
1 0.4430167597765363 0.24361948955916474 0.030726256983240222 0.06380510440835267
1 0.5687150837988827 0.24361948955916474 0.030726256983240222 0.06380510440835267
1 0.6944134078212291 0.24361948955916474 0.030726256983240222 0.06380510440835267
1 0.3575418994413408 0.419953596287703 0.0893854748603352 0.18561484918793503
1 0.3575418994413408 0.6531322505800464 0.0893854748603352 0.18561484918793503
1 0.3575418994413408 0.8863109048723898 0.0893854748603352 0.18561484918793503
1 0.1776536312849162 0.022041763341067284 0.07486033519553073 0.03944315545243619
2 0.41145251396648047 0.022041763341067284 0.3346368715083799 0.04408352668213457
2 0.4541899441340782 0.02088167053364269 0.00782122905027933 0.016241299303944315
3 0.4972067039106145 0.022041763341067284 0.1111731843575419 0.030162412993039442
3 0.5905027932960893 0.4071925754060325 0.35027932960893854 0.016241299303944315
3 0.5905027932960893 0.5986078886310905 0.35027932960893854 0.016241299303944315
3 0.435195530726257 0.6948955916473318 0.03966480446927374 0.016241299303944315
3 0.5905027932960893 0.8317865429234339 0.35027932960893854 0.016241299303944315
3 0.5027932960893855 0.02088167053364269 0.08435754189944134 0.02320185614849188
3 0.5027932960893855 0.02088167053364269 0.08435754189944134 0.02320185614849188
3 0.21396648044692737 0.2482598607888631 0.1553072625698324 0.03480278422273782
3 0.5905027932960893 0.3839907192575406 0.35027932960893854 0.030162412993039442
3 0.5905027932960893 0.5754060324825986 0.35027932960893854 0.030162412993039442
3 0.5905027932960893 0.808584686774942 0.35027932960893854 0.030162412993039442
3 0.3743016759776536 0.2296983758700696 0.07262569832402235 0.022041763341067284
3 0.5 0.2296983758700696 0.07262569832402235 0.022041763341067284
3 0.6256983240223464 0.2296983758700696 0.07262569832402235 0.022041763341067284
3 0.7513966480446927 0.2296983758700696 0.07262569832402235 0.022041763341067284
3 0.3106145251396648 0.08120649651972157 0.025139664804469275 0.02320185614849188
3 0.3474860335195531 0.08120649651972157 0.027932960893854747 0.02320185614849188
3 0.39664804469273746 0.08120649651972157 0.05027932960893855 0.02320185614849188
3 0.441340782122905 0.08120649651972157 0.019553072625698324 0.02320185614849188
3 0.47374301675977654 0.08120649651972157 0.025139664804469275 0.02320185614849188
3 0.5072625698324023 0.08120649651972157 0.021787709497206705 0.02320185614849188
3 0.14916201117318437 0.4385150812064965 0.026256983240223464 0.02088167053364269
3 0.15083798882681565 0.46635730858468677 0.029608938547486034 0.02088167053364269
3 0.14916201117318437 0.494199535962877 0.026256983240223464 0.02088167053364269
3 0.1463687150837989 0.5220417633410673 0.02011173184357542 0.02088167053364269
3 0.146927374301676 0.5498839907192575 0.021229050279329607 0.02088167053364269
3 0.1463687150837989 0.5777262180974478 0.020670391061452513 0.02088167053364269
3 0.1435754189944134 0.605568445475638 0.015083798882681564 0.02088167053364269
3 0.1463687150837989 0.6960556844547564 0.02011173184357542 0.02088167053364269
3 0.15418994413407822 0.7865429234338747 0.036312849162011177 0.02088167053364269
3 0.16201117318435754 0.877030162412993 0.05195530726256983 0.02088167053364269
3 0.16871508379888267 0.9048723897911833 0.06536312849162011 0.02088167053364269
3 0.15139664804469274 0.9327146171693735 0.030167597765363128 0.02088167053364269
3 0.15139664804469274 0.9605568445475638 0.030167597765363128 0.02088167053364269
3 0.15139664804469274 0.988399071925754 0.030167597765363128 0.02088167053364269
3 0.17206703910614526 0.4385150812064965 0.012849162011173185 0.02088167053364269
3 0.17318435754189945 0.46635730858468677 0.00782122905027933 0.02088167053364269
3 0.16927374301675976 0.494199535962877 0.00782122905027933 0.02088167053364269
3 0.16312849162011173 0.5220417633410673 0.00782122905027933 0.02088167053364269
3 0.164804469273743 0.5498839907192575 0.008379888268156424 0.02088167053364269
3 0.16256983240223463 0.5777262180974478 0.00558659217877095 0.02088167053364269
3 0.1569832402234637 0.605568445475638 0.00558659217877095 0.02088167053364269
3 0.16312849162011173 0.6960556844547564 0.00782122905027933 0.02088167053364269
3 0.18044692737430168 0.7865429234338747 0.01005586592178771 0.02088167053364269
3 0.1972067039106145 0.877030162412993 0.012290502793296089 0.02088167053364269
3 0.20949720670391062 0.9048723897911833 0.010614525139664804 0.02088167053364269
3 0.17430167597765364 0.9327146171693735 0.01005586592178771 0.02088167053364269
3 0.17430167597765364 0.9605568445475638 0.01005586592178771 0.02088167053364269
3 0.17374301675977655 0.988399071925754 0.008379888268156424 0.02088167053364269
3 0.17653631284916202 0.06380510440835267 0.06424581005586592 0.02320185614849188
3 0.17206703910614526 0.08584686774941995 0.06424581005586592 0.02320185614849188
3 0.1776536312849162 0.154292343387471 0.08268156424581005 0.02320185614849188
3 0.26033519553072626 0.154292343387471 0.06201117318435754 0.02320185614849188
3 0.18435754189944134 0.17749419953596288 0.07541899441340782 0.02320185614849188
3 0.2122905027932961 0.18909512761020883 0.15195530726256984 0.04640371229698376
3 0.20391061452513967 0.20069605568445475 0.055865921787709494 0.02320185614849188