0 0.5837696335078534 0.029347826086956522 0.024083769633507852 0.042391304347826085
0 0.7298429319371728 0.2 0.059162303664921465 0.015217391304347827
0 0.6308900523560209 0.4326086956521739 0.03821989528795811 0.02826086956521739
0 0.7801047120418848 0.9358695652173913 0.018848167539267015 0.0391304347826087
1 0.7141361256544503 0.030434782608695653 0.17801047120418848 0.042391304347826085
1 0.38900523560209427 0.35 0.08376963350785341 0.17391304347826086
1 0.38900523560209427 0.5706521739130435 0.08376963350785341 0.17391304347826086
1 0.38900523560209427 0.7891304347826087 0.08376963350785341 0.17391304347826086
1 0.22041884816753926 0.030434782608695653 0.07015706806282722 0.03695652173913044
2 0.43926701570680626 0.029347826086956522 0.31308900523560207 0.042391304347826085
2 0.45759162303664924 0.029347826086956522 0.007329842931937173 0.015217391304347827
3 0.5089005235602094 0.030434782608695653 0.1261780104712042 0.02826086956521739
3 0.6005235602094241 0.4326086956521739 0.018848167539267015 0.01956521739130435
3 0.5141361256544502 0.029347826086956522 0.10104712041884817 0.021739130434782608
3 0.5141361256544502 0.029347826086956522 0.10104712041884817 0.021739130434782608
3 0.2544502617801047 0.2728260869565217 0.14554973821989528 0.06521739130434782
3 0.6073298429319371 0.33043478260869563 0.32827225130890053 0.05652173913043478
3 0.6073298429319371 0.49782608695652175 0.32827225130890053 0.02826086956521739
3 0.6073298429319371 0.716304347826087 0.32827225130890053 0.02826086956521739
3 0.6073298429319371 0.9347826086956522 0.32827225130890053 0.02826086956521739
3 0.3450261780104712 0.08586956521739131 0.02356020942408377 0.021739130434782608
3 0.3795811518324607 0.08586956521739131 0.02617801047120419 0.021739130434782608
3 0.4256544502617801 0.08586956521739131 0.04712041884816754 0.021739130434782608
3 0.4675392670157068 0.08586956521739131 0.01832460732984293 0.021739130434782608
3 0.4979057591623037 0.08586956521739131 0.02356020942408377 0.021739130434782608
3 0.5293193717277487 0.08586956521739131 0.020418848167539267 0.021739130434782608
3 0.2157068062827225 0.4108695652173913 0.06806282722513089 0.01956521739130435
3 0.19109947643979058 0.4956521739130435 0.018848167539267015 0.01956521739130435
3 0.19790575916230366 0.5804347826086956 0.032460732984293195 0.01956521739130435
3 0.19842931937172775 0.6652173913043479 0.034031413612565446 0.01956521739130435
3 0.19214659685863875 0.75 0.020942408376963352 0.01956521739130435
3 0.19214659685863875 0.7760869565217391 0.020942408376963352 0.01956521739130435
3 0.2094240837696335 0.8021739130434783 0.05549738219895288 0.01956521739130435
3 0.20575916230366492 0.8869565217391304 0.04869109947643979 0.01956521739130435
3 0.21256544502617802 0.9130434782608695 0.06230366492146597 0.01956521739130435
3 0.20837696335078534 0.9391304347826087 0.05392670157068063 0.01956521739130435
3 0.21204188481675393 0.9652173913043478 0.0612565445026178 0.01956521739130435
3 0.19607329842931936 0.9902173913043478 0.028795811518324606 0.017391304347826087
3 0.256020942408377 0.4108695652173913 0.007329842931937173 0.01956521739130435
3 0.20837696335078534 0.4956521739130435 0.01099476439790576 0.01956521739130435
3 0.22198952879581152 0.5804347826086956 0.009947643979057591 0.01956521739130435
3 0.2256544502617801 0.6652173913043479 0.015183246073298429 0.01956521739130435
3 0.2157068062827225 0.75 0.019895287958115182 0.01956521739130435
3 0.21465968586387435 0.7760869565217391 0.018848167539267015 0.01956521739130435
3 0.24397905759162303 0.8021739130434783 0.007853403141361256 0.01956521739130435
3 0.24293193717277486 0.8869565217391304 0.019895287958115182 0.01956521739130435
3 0.2554973821989529 0.9130434782608695 0.016753926701570682 0.01956521739130435
3 0.24554973821989529 0.9391304347826087 0.015183246073298429 0.01956521739130435
3 0.2534031413612565 0.9652173913043478 0.016230366492146597 0.01956521739130435
3 0.21780104712041884 0.9902173913043478 0.011518324607329843 0.017391304347826087
3 0.2193717277486911 0.06956521739130435 0.060209424083769635 0.021739130434782608
3 0.21518324607329842 0.09021739130434783 0.060209424083769635 0.021739130434782608
3 0.22041884816753926 0.19021739130434784 0.0774869109947644 0.021739130434782608
3 0.25078534031413613 0.20108695652173914 0.1387434554973822 0.043478260869565216