0 0.598663101604278 0.016666666666666666 0.025133689839572194 0.03333333333333333
0 0.7475935828877005 0.18555555555555556 0.06042780748663101 0.015555555555555555
0 0.646524064171123 0.42333333333333334 0.039037433155080216 0.028888888888888888
0 0.7989304812834225 0.9377777777777778 0.019251336898395723 0.04
1 0.7318181818181818 0.017222222222222222 0.18235294117647058 0.034444444444444444
1 0.39946524064171124 0.3388888888888889 0.0855614973262032 0.17777777777777778
1 0.39946524064171124 0.5644444444444444 0.0855614973262032 0.17777777777777778
1 0.39946524064171124 0.7877777777777778 0.0855614973262032 0.17777777777777778
1 0.22754010695187166 0.01611111111111111 0.07219251336898395 0.03222222222222222
2 0.4510695187165775 0.016666666666666666 0.32032085561497325 0.03333333333333333
2 0.46951871657754013 0.011111111111111112 0.0074866310160427805 0.015555555555555555
3 0.5219251336898396 0.013888888888888888 0.12941176470588237 0.027777777777777776
3 0.6155080213903743 0.42333333333333334 0.019251336898395723 0.02
3 0.5272727272727272 0.011111111111111112 0.10320855614973262 0.022222222222222223
3 0.5272727272727272 0.011111111111111112 0.10320855614973262 0.022222222222222223
3 0.2620320855614973 0.26 0.14866310160427806 0.06666666666666667
3 0.6224598930481283 0.3188888888888889 0.3352941176470588 0.057777777777777775
3 0.6224598930481283 0.49 0.3352941176470588 0.028888888888888888
3 0.6224598930481283 0.7133333333333334 0.3352941176470588 0.028888888888888888
3 0.6224598930481283 0.9366666666666666 0.3352941176470588 0.028888888888888888
3 0.35454545454545455 0.06888888888888889 0.02406417112299465 0.022222222222222223
3 0.38983957219251336 0.06888888888888889 0.026737967914438502 0.022222222222222223
3 0.4368983957219251 0.06888888888888889 0.0481283422459893 0.022222222222222223
3 0.47967914438502673 0.06888888888888889 0.01871657754010695 0.022222222222222223
3 0.5106951871657754 0.06888888888888889 0.02406417112299465 0.022222222222222223
3 0.5427807486631016 0.06888888888888889 0.02085561497326203 0.022222222222222223
3 0.22245989304812835 0.4011111111111111 0.06951871657754011 0.02
3 0.19732620320855615 0.48777777777777775 0.019251336898395723 0.02
3 0.20427807486631017 0.5744444444444444 0.033155080213903745 0.02
3 0.20481283422459892 0.6611111111111111 0.034759358288770054 0.02
3 0.1983957219251337 0.7477777777777778 0.0213903743315508 0.02
3 0.1983957219251337 0.7744444444444445 0.0213903743315508 0.02
3 0.2160427807486631 0.8011111111111111 0.05668449197860963 0.02
3 0.21229946524064172 0.8877777777777778 0.04973262032085562 0.02
3 0.2192513368983957 0.9144444444444444 0.06363636363636363 0.02
3 0.21497326203208555 0.9411111111111111 0.05508021390374331 0.02
3 0.21871657754010695 0.9677777777777777 0.06256684491978609 0.02
3 0.20240641711229945 0.9916666666666667 0.029411764705882353 0.014444444444444444
3 0.2636363636363636 0.4011111111111111 0.0074866310160427805 0.02
3 0.21497326203208555 0.48777777777777775 0.011229946524064172 0.02
3 0.2288770053475936 0.5744444444444444 0.010160427807486631 0.02
3 0.232620320855615 0.6611111111111111 0.015508021390374332 0.02
3 0.22245989304812835 0.7477777777777778 0.020320855614973262 0.02
3 0.22139037433155082 0.7744444444444445 0.019251336898395723 0.02
3 0.25133689839572193 0.8011111111111111 0.008021390374331552 0.02
3 0.25026737967914436 0.8877777777777778 0.020320855614973262 0.02
3 0.2631016042780749 0.9144444444444444 0.017112299465240642 0.02
3 0.2529411764705882 0.9411111111111111 0.015508021390374332 0.02
3 0.2609625668449198 0.9677777777777777 0.016577540106951873 0.02
3 0.22459893048128343 0.9916666666666667 0.011764705882352941 0.014444444444444444
3 0.22620320855614973 0.052222222222222225 0.06149732620320856 0.022222222222222223
3 0.22192513368983957 0.07333333333333333 0.06149732620320856 0.022222222222222223
3 0.22727272727272727 0.17555555555555555 0.07914438502673797 0.022222222222222223
3 0.25828877005347595 0.18666666666666668 0.14171122994652408 0.044444444444444446