0 0.20717592592592593 0.5600961538461539 0.013888888888888888 0.028846153846153848
0 0.7204861111111112 0.1466346153846154 0.06539351851851852 0.016826923076923076
0 0.6087962962962963 0.5480769230769231 0.037037037037037035 0.03125
0 0.6087962962962963 0.8125 0.037037037037037035 0.03125
1 0.34375 0.3125 0.09259259259259259 0.19230769230769232
1 0.34375 0.5540865384615384 0.09259259259259259 0.19230769230769232
1 0.34375 0.7956730769230769 0.09259259259259259 0.19230769230769232
2 0.13194444444444445 0.5576923076923077 0.03587962962962963 0.030048076923076924
2 0.17824074074074073 0.5576923076923077 0.03587962962962963 0.030048076923076924
3 0.5775462962962963 0.5480769230769231 0.020833333333333332 0.021634615384615384
3 0.5775462962962963 0.8125 0.020833333333333332 0.021634615384615384
3 0.13194444444444445 0.5600961538461539 0.034722222222222224 0.037259615384615384
3 0.17824074074074073 0.5600961538461539 0.034722222222222224 0.037259615384615384
3 0.13194444444444445 0.5600961538461539 0.034722222222222224 0.037259615384615384
3 0.17824074074074073 0.5600961538461539 0.034722222222222224 0.037259615384615384
3 0.19502314814814814 0.2091346153846154 0.16087962962962962 0.036057692307692304
3 0.5850694444444444 0.23197115384615385 0.3628472222222222 0.03125
3 0.5850694444444444 0.4735576923076923 0.3628472222222222 0.03125
3 0.5850694444444444 0.7151442307692307 0.3628472222222222 0.03125
3 0.5850694444444444 0.9567307692307693 0.3628472222222222 0.03125
3 0.2951388888888889 0.020432692307692308 0.026041666666666668 0.02403846153846154
3 0.3333333333333333 0.020432692307692308 0.028935185185185185 0.02403846153846154
3 0.38425925925925924 0.020432692307692308 0.052083333333333336 0.02403846153846154
3 0.4305555555555556 0.020432692307692308 0.02025462962962963 0.02403846153846154
3 0.46412037037037035 0.020432692307692308 0.026041666666666668 0.02403846153846154
3 0.4988425925925926 0.020432692307692308 0.022569444444444444 0.02403846153846154
3 0.15219907407407407 0.34375 0.07523148148148148 0.021634615384615384
3 0.1440972222222222 0.4375 0.05960648148148148 0.021634615384615384
3 0.1267361111111111 0.46634615384615385 0.024305555555555556 0.021634615384615384
3 0.13136574074074073 0.4951923076923077 0.03414351851851852 0.021634615384615384
3 0.14293981481481483 0.5240384615384616 0.057291666666666664 0.021634615384615384
3 0.125 0.6610576923076923 0.020833333333333332 0.021634615384615384
3 0.13252314814814814 0.7548076923076923 0.03587962962962963 0.021634615384615384
3 0.13310185185185186 0.8485576923076923 0.03761574074074074 0.021634615384615384
3 0.1261574074074074 0.9423076923076923 0.023148148148148147 0.021634615384615384
3 0.1261574074074074 0.9711538461538461 0.023148148148148147 0.021634615384615384
3 0.14554398148148148 0.9939903846153846 0.061921296296296294 0.009615384615384616
3 0.20023148148148148 0.34375 0.015046296296296295 0.021634615384615384
3 0.18981481481481483 0.4375 0.02488425925925926 0.021634615384615384
3 0.15162037037037038 0.46634615384615385 0.019675925925925927 0.021634615384615384
3 0.16435185185185186 0.4951923076923077 0.024305555555555556 0.021634615384615384
3 0.1869212962962963 0.5240384615384616 0.023148148148148147 0.021634615384615384
3 0.14699074074074073 0.6610576923076923 0.017361111111111112 0.021634615384615384
3 0.16030092592592593 0.7548076923076923 0.01273148148148148 0.021634615384615384
3 0.16608796296296297 0.8485576923076923 0.02199074074074074 0.021634615384615384
3 0.15335648148148148 0.9423076923076923 0.024305555555555556 0.021634615384615384
3 0.15219907407407407 0.9711538461538461 0.023148148148148147 0.021634615384615384
3 0.18605324074074073 0.9939903846153846 0.013310185185185185 0.009615384615384616
3 0.15625 0.0078125 0.06712962962962964 0.015625
3 0.15162037037037038 0.025240384615384616 0.06655092592592593 0.02403846153846154
3 0.1574074074074074 0.13581730769230768 0.08564814814814815 0.02403846153846154
3 0.1909722222222222 0.14783653846153846 0.15335648148148148 0.04807692307692308