0 0.5634078212290503 0.02262180974477958 0.026256983240223464 0.04524361948955916
0 0.7189944134078212 0.16589327146171692 0.06312849162011173 0.016241299303944315
1 0.7022346368715083 0.02320185614849188 0.18994413407821228 0.04524361948955916
1 0.3553072625698324 0.3259860788863109 0.0893854748603352 0.18561484918793503
1 0.3553072625698324 0.5591647331786543 0.0893854748603352 0.18561484918793503
1 0.3553072625698324 0.7923433874709976 0.0893854748603352 0.18561484918793503
1 0.17541899441340783 0.02320185614849188 0.07486033519553073 0.03944315545243619
2 0.4092178770949721 0.02262180974477958 0.3346368715083799 0.04524361948955916
2 0.42960893854748605 0.022041763341067284 0.00782122905027933 0.016241299303944315
3 0.48379888268156424 0.02320185614849188 0.1335195530726257 0.030162412993039442
3 0.4329608938547486 0.6264501160092807 0.03966480446927374 0.016241299303944315
3 0.588268156424581 0.7679814385150812 0.35027932960893854 0.016241299303944315
3 0.45363128491620114 0.8468677494199536 0.08044692737430167 0.022041763341067284
3 0.4893854748603352 0.022041763341067284 0.10670391061452514 0.02320185614849188
3 0.4893854748603352 0.022041763341067284 0.10670391061452514 0.02320185614849188
3 0.211731843575419 0.22621809744779584 0.1553072625698324 0.03480278422273782
3 0.588268156424581 0.2482598607888631 0.35027932960893854 0.030162412993039442
3 0.588268156424581 0.5232018561484919 0.35027932960893854 0.030162412993039442
3 0.588268156424581 0.7296983758700696 0.35027932960893854 0.060324825986078884
3 0.588268156424581 0.9477958236658933 0.35027932960893854 0.030162412993039442
3 0.30837988826815643 0.08236658932714618 0.025139664804469275 0.02320185614849188
3 0.3452513966480447 0.08236658932714618 0.027932960893854747 0.02320185614849188
3 0.394413407821229 0.08236658932714618 0.05027932960893855 0.02320185614849188
3 0.43910614525139663 0.08236658932714618 0.019553072625698324 0.02320185614849188
3 0.47150837988826816 0.08236658932714618 0.025139664804469275 0.02320185614849188
3 0.5050279329608939 0.08236658932714618 0.021787709497206705 0.02320185614849188
3 0.17039106145251395 0.44547563805104406 0.07262569832402235 0.02088167053364269
3 0.1793296089385475 0.5359628770301624 0.09050279329608939 0.02088167053364269
3 0.14804469273743018 0.5638051044083526 0.028491620111731845 0.02088167053364269
3 0.1435754189944134 0.5916473317865429 0.01899441340782123 0.02088167053364269
3 0.1441340782122905 0.6821345707656613 0.02011173184357542 0.02088167053364269
3 0.1793296089385475 0.7726218097447796 0.09106145251396648 0.02088167053364269
3 0.15139664804469274 0.8631090487238979 0.034636871508379886 0.02088167053364269
3 0.15195530726256984 0.9535962877030162 0.036312849162011177 0.02088167053364269
3 0.21675977653631284 0.44547563805104406 0.01452513966480447 0.02088167053364269
3 0.24078212290502793 0.5359628770301624 0.027374301675977653 0.02088167053364269
3 0.16983240223463686 0.5638051044083526 0.008379888268156424 0.02088167053364269
3 0.16201117318435754 0.5916473317865429 0.012290502793296089 0.02088167053364269
3 0.164804469273743 0.6821345707656613 0.016201117318435754 0.02088167053364269
3 0.2329608938547486 0.7726218097447796 0.01005586592178771 0.02088167053364269
3 0.1782122905027933 0.8631090487238979 0.012849162011173185 0.02088167053364269
3 0.18435754189944134 0.9535962877030162 0.0223463687150838 0.02088167053364269
3 0.17430167597765364 0.06496519721577726 0.06424581005586592 0.02320185614849188
3 0.16983240223463686 0.08700696055684455 0.06424581005586592 0.02320185614849188
3 0.17541899441340783 0.1554524361948956 0.08268156424581005 0.02320185614849188
3 0.20782122905027933 0.16705336426914152 0.14804469273743018 0.04640371229698376
3 0.20614525139664805 0.17865429234338748 0.08044692737430167 0.02320185614849188