0 0.7189944134078212 0.1531322505800464 0.06312849162011173 0.016241299303944315
0 0.6111731843575419 0.3491879350348028 0.035754189944134075 0.030162412993039442
0 0.6569832402234637 0.5788863109048724 0.12737430167597766 0.04640371229698376
1 0.3553072625698324 0.31322505800464034 0.0893854748603352 0.18561484918793503
1 0.3553072625698324 0.5464037122969838 0.0893854748603352 0.18561484918793503
1 0.3553072625698324 0.7795823665893271 0.0893854748603352 0.18561484918793503
3 0.5810055865921788 0.3491879350348028 0.02011173184357542 0.02088167053364269
3 0.5810055865921788 0.5707656612529002 0.02011173184357542 0.02088167053364269
3 0.45363128491620114 0.7877030162412993 0.08044692737430167 0.022041763341067284
3 0.211731843575419 0.2308584686774942 0.1553072625698324 0.06960556844547564
3 0.588268156424581 0.27726218097447797 0.35027932960893854 0.030162412993039442
3 0.588268156424581 0.4837587006960557 0.35027932960893854 0.060324825986078884
3 0.588268156424581 0.7018561484918794 0.35027932960893854 0.030162412993039442
3 0.588268156424581 0.9350348027842227 0.35027932960893854 0.030162412993039442
3 0.30837988826815643 0.031322505800464036 0.025139664804469275 0.02320185614849188
3 0.3452513966480447 0.031322505800464036 0.027932960893854747 0.02320185614849188
3 0.394413407821229 0.031322505800464036 0.05027932960893855 0.02320185614849188
3 0.43910614525139663 0.031322505800464036 0.019553072625698324 0.02320185614849188
3 0.47150837988826816 0.031322505800464036 0.025139664804469275 0.02320185614849188
3 0.5050279329608939 0.031322505800464036 0.021787709497206705 0.02320185614849188
3 0.17039106145251395 0.5568445475638051 0.07262569832402235 0.02088167053364269
3 0.1793296089385475 0.6473317865429234 0.09050279329608939 0.02088167053364269
3 0.14804469273743018 0.6751740139211136 0.028491620111731845 0.02088167053364269
3 0.1435754189944134 0.703016241299304 0.01899441340782123 0.02088167053364269
3 0.1441340782122905 0.7935034802784223 0.02011173184357542 0.02088167053364269
3 0.15307262569832403 0.8839907192575406 0.03798882681564246 0.02088167053364269
3 0.1793296089385475 0.9118329466357309 0.09106145251396648 0.02088167053364269
3 0.15167597765363128 0.9953596287703016 0.03519553072625698 0.0069605568445475635
3 0.21843575418994413 0.5568445475638051 0.017877094972067038 0.02088167053364269
3 0.24078212290502793 0.6473317865429234 0.027374301675977653 0.02088167053364269
3 0.17653631284916202 0.6751740139211136 0.021787709497206705 0.02088167053364269
3 0.16424581005586592 0.703016241299304 0.01675977653631285 0.02088167053364269
3 0.16927374301675976 0.7935034802784223 0.025139664804469275 0.02088167053364269
3 0.18324022346368715 0.8839907192575406 0.01675977653631285 0.02088167053364269
3 0.23910614525139665 0.9118329466357309 0.022905027932960894 0.02088167053364269
3 0.18435754189944134 0.9953596287703016 0.02569832402234637 0.0069605568445475635
3 0.17430167597765364 0.013921113689095127 0.06424581005586592 0.02320185614849188
3 0.16983240223463686 0.03596287703016241 0.06424581005586592 0.02320185614849188
3 0.17541899441340783 0.14269141531322505 0.08268156424581005 0.02320185614849188
3 0.20782122905027933 0.154292343387471 0.14804469273743018 0.04640371229698376