0 0.27835648148148145 0.2512019230769231 0.011574074074074073 0.02403846153846154
0 0.7858796296296297 0.109375 0.06539351851851852 0.016826923076923076
0 0.8414351851851852 0.9507211538461539 0.020833333333333332 0.04326923076923077
1 0.40914351851851855 0.27524038461538464 0.09259259259259259 0.19230769230769232
1 0.40914351851851855 0.546875 0.09259259259259259 0.19230769230769232
1 0.40914351851851855 0.7884615384615384 0.09259259259259259 0.19230769230769232
3 0.6504629629629629 0.2932692307692308 0.3628472222222222 0.016826923076923076
3 0.5109953703703703 0.375 0.08333333333333333 0.02283653846153846
3 0.5109953703703703 0.5552884615384616 0.08333333333333333 0.02283653846153846
3 0.5 0.796875 0.061342592592592594 0.02283653846153846
3 0.2604166666666667 0.171875 0.16087962962962962 0.036057692307692304
3 0.6504629629629629 0.2536057692307692 0.3628472222222222 0.0625
3 0.6504629629629629 0.46634615384615385 0.3628472222222222 0.03125
3 0.6504629629629629 0.7079326923076923 0.3628472222222222 0.03125
3 0.6504629629629629 0.9495192307692307 0.3628472222222222 0.03125
3 0.3605324074074074 0.02283653846153846 0.026041666666666668 0.02403846153846154
3 0.39872685185185186 0.02283653846153846 0.028935185185185185 0.02403846153846154
3 0.4496527777777778 0.02283653846153846 0.052083333333333336 0.02403846153846154
3 0.49594907407407407 0.02283653846153846 0.02025462962962963 0.02403846153846154
3 0.5295138888888888 0.02283653846153846 0.026041666666666668 0.02403846153846154
3 0.5642361111111112 0.02283653846153846 0.022569444444444444 0.02403846153846154
3 0.2175925925925926 0.5540865384615384 0.07523148148148148 0.021634615384615384
3 0.22685185185185186 0.6478365384615384 0.09375 0.021634615384615384
3 0.19444444444444445 0.6766826923076923 0.029513888888888888 0.021634615384615384
3 0.19039351851851852 0.7704326923076923 0.020833333333333332 0.021634615384615384
3 0.19791666666666666 0.8641826923076923 0.03587962962962963 0.021634615384615384
3 0.19849537037037038 0.9867788461538461 0.03761574074074074 0.021634615384615384
3 0.2621527777777778 0.5540865384615384 0.008101851851851851 0.021634615384615384
3 0.2806712962962963 0.6478365384615384 0.008101851851851851 0.021634615384615384
3 0.2181712962962963 0.6766826923076923 0.010416666666666666 0.021634615384615384
3 0.20891203703703703 0.7704326923076923 0.010416666666666666 0.021634615384615384
3 0.22569444444444445 0.8641826923076923 0.013310185185185185 0.021634615384615384
3 0.21180555555555555 0.8930288461538461 0.008101851851851851 0.021634615384615384
3 0.22395833333333334 0.9867788461538461 0.007523148148148148 0.021634615384615384
3 0.22164351851851852 0.009014423076923076 0.06712962962962964 0.018028846153846152
3 0.2170138888888889 0.027644230769230768 0.06655092592592593 0.02403846153846154
3 0.22280092592592593 0.0985576923076923 0.08564814814814815 0.02403846153846154
3 0.25636574074074076 0.11057692307692307 0.15335648148148148 0.04807692307692308
3 0.25462962962962965 0.12259615384615384 0.08333333333333333 0.02403846153846154