0 0.584375 0.02918918918918919 0.023958333333333335 0.04216216216216216
0 0.25729166666666664 0.29081081081081084 0.010416666666666666 0.021621621621621623
0 0.7296875 0.1545945945945946 0.058854166666666666 0.015135135135135135
0 0.8057291666666667 0.23567567567567568 0.016666666666666666 0.034594594594594595
1 0.7140625 0.03027027027027027 0.17708333333333334 0.04216216216216216
1 0.353125 0.23675675675675675 0.028645833333333332 0.05945945945945946
1 0.4703125 0.23675675675675675 0.028645833333333332 0.05945945945945946
1 0.5875 0.23675675675675675 0.028645833333333332 0.05945945945945946
1 0.7046875 0.23675675675675675 0.028645833333333332 0.05945945945945946
1 0.390625 0.4010810810810811 0.08333333333333333 0.17297297297297298
1 0.390625 0.6183783783783784 0.08333333333333333 0.17297297297297298
1 0.390625 0.8356756756756757 0.08333333333333333 0.17297297297297298
1 0.22291666666666668 0.03027027027027027 0.06979166666666667 0.036756756756756756
2 0.440625 0.02918918918918919 0.31145833333333334 0.04216216216216216
2 0.48072916666666665 0.02918918918918919 0.007291666666666667 0.015135135135135135
3 0.5208333333333334 0.03027027027027027 0.10364583333333334 0.02810810810810811
3 0.6078125 0.35027027027027025 0.3265625 0.015135135135135135
3 0.6078125 0.5675675675675675 0.3265625 0.015135135135135135
3 0.4630208333333333 0.6367567567567568 0.03697916666666667 0.015135135135135135
3 0.6078125 0.8518918918918919 0.3265625 0.015135135135135135
3 0.4822916666666667 0.9254054054054054 0.075 0.02054054054054054
3 0.5260416666666666 0.02918918918918919 0.07864583333333333 0.021621621621621623
3 0.5260416666666666 0.02918918918918919 0.07864583333333333 0.021621621621621623
3 0.25677083333333334 0.21945945945945947 0.14479166666666668 0.032432432432432434
3 0.6078125 0.3286486486486486 0.3265625 0.02810810810810811
3 0.6078125 0.5459459459459459 0.3265625 0.02810810810810811
3 0.6078125 0.8162162162162162 0.3265625 0.05621621621621622
3 0.40625 0.22378378378378377 0.06770833333333333 0.02054054054054054
3 0.5234375 0.22378378378378377 0.06770833333333333 0.02054054054054054
3 0.640625 0.22378378378378377 0.06770833333333333 0.02054054054054054
3 0.7578125 0.22378378378378377 0.06770833333333333 0.02054054054054054
3 0.346875 0.08540540540540541 0.0234375 0.021621621621621623
3 0.38125 0.08540540540540541 0.026041666666666668 0.021621621621621623
3 0.4270833333333333 0.08540540540540541 0.046875 0.021621621621621623
3 0.46875 0.08540540540540541 0.018229166666666668 0.021621621621621623
3 0.49895833333333334 0.08540540540540541 0.0234375 0.021621621621621623
3 0.5302083333333333 0.08540540540540541 0.0203125 0.021621621621621623
3 0.2265625 0.48 0.084375 0.01945945945945946
3 0.19739583333333333 0.505945945945946 0.0265625 0.01945945945945946
3 0.19375 0.5902702702702702 0.01875 0.01945945945945946
3 0.2265625 0.6745945945945946 0.08489583333333334 0.01945945945945946
3 0.20052083333333334 0.7589189189189189 0.03229166666666667 0.01945945945945946
3 0.20104166666666667 0.8432432432432433 0.033854166666666664 0.01945945945945946
3 0.19479166666666667 0.9275675675675675 0.020833333333333332 0.01945945945945946
3 0.19479166666666667 0.9535135135135135 0.020833333333333332 0.01945945945945946
3 0.27760416666666665 0.48 0.013020833333333334 0.01945945945945946
3 0.21770833333333334 0.505945945945946 0.0078125 0.01945945945945946
3 0.20885416666666667 0.5902702702702702 0.0067708333333333336 0.01945945945945946
3 0.2755208333333333 0.6745945945945946 0.007291666666666667 0.01945945945945946
3 0.2234375 0.7589189189189189 0.007291666666666667 0.01945945945945946
3 0.2265625 0.8432432432432433 0.011458333333333333 0.01945945945945946
3 0.21510416666666668 0.9275675675675675 0.0140625 0.01945945945945946
3 0.21041666666666667 0.9535135135135135 0.005208333333333333 0.01945945945945946
3 0.221875 0.06918918918918919 0.059895833333333336 0.021621621621621623
3 0.21770833333333334 0.08972972972972973 0.059895833333333336 0.021621621621621623
3 0.22291666666666668 0.1535135135135135 0.07708333333333334 0.021621621621621623
3 0.253125 0.1643243243243243 0.13802083333333334 0.043243243243243246
3 0.2515625 0.17513513513513512 0.075 0.021621621621621623