0 0.6125698324022346 0.009280742459396751 0.026256983240223464 0.018561484918793503
0 0.7184357541899441 0.9756380510440835 0.1340782122905028 0.02088167053364269
1 0.7516759776536313 0.009860788863109048 0.19050279329608938 0.019721577726218097
1 0.21284916201117318 0.16125290023201855 0.053631284916201116 0.08120649651972157
1 0.20893854748603352 0.3480278422273782 0.024581005586592177 0.05104408352668213
1 0.42178770949720673 0.6368909512761021 0.37318435754189944 0.54292343387471
1 0.20893854748603352 0.4176334106728538 0.024581005586592177 0.05104408352668213
1 0.20893854748603352 0.4872389791183295 0.024581005586592177 0.05104408352668213
1 0.20893854748603352 0.5568445475638051 0.024581005586592177 0.05104408352668213
1 0.20893854748603352 0.6264501160092807 0.024581005586592177 0.05104408352668213
1 0.20893854748603352 0.6960556844547564 0.024581005586592177 0.05104408352668213
1 0.20893854748603352 0.765661252900232 0.024581005586592177 0.05104408352668213
1 0.20893854748603352 0.8352668213457076 0.024581005586592177 0.05104408352668213
1 0.22486033519553073 0.008700696055684454 0.07541899441340782 0.01740139211136891
2 0.4583798882681564 0.009280742459396751 0.3346368715083799 0.018561484918793503
3 0.6916201117318436 0.5997679814385151 0.08100558659217877 0.02088167053364269
3 0.6843575418994413 0.87122969837587 0.0664804469273743 0.02088167053364269
3 0.20893854748603352 0.3665893271461717 0.027932960893854747 0.025522041763341066
3 0.20893854748603352 0.4361948955916473 0.027932960893854747 0.025522041763341066
3 0.20893854748603352 0.505800464037123 0.027932960893854747 0.025522041763341066
3 0.20893854748603352 0.5754060324825986 0.027932960893854747 0.025522041763341066
3 0.20893854748603352 0.6450116009280742 0.027932960893854747 0.025522041763341066
3 0.20893854748603352 0.7146171693735499 0.027932960893854747 0.025522041763341066
3 0.20893854748603352 0.7842227378190255 0.027932960893854747 0.025522041763341066
3 0.20893854748603352 0.8538283062645011 0.027932960893854747 0.025522041763341066
3 0.20893854748603352 0.3665893271461717 0.027932960893854747 0.025522041763341066
3 0.20893854748603352 0.4361948955916473 0.027932960893854747 0.025522041763341066
3 0.20893854748603352 0.505800464037123 0.027932960893854747 0.025522041763341066
3 0.20893854748603352 0.5754060324825986 0.027932960893854747 0.025522041763341066
3 0.20893854748603352 0.6450116009280742 0.027932960893854747 0.025522041763341066
3 0.20893854748603352 0.7146171693735499 0.027932960893854747 0.025522041763341066
3 0.20893854748603352 0.7842227378190255 0.027932960893854747 0.025522041763341066
3 0.20893854748603352 0.8538283062645011 0.027932960893854747 0.025522041763341066
3 0.729608938547486 0.4211136890951276 0.1569832402234637 0.08700696055684455
3 0.7486033519553073 0.6716937354988399 0.16089385474860335 0.02320185614849188
3 0.7486033519553073 0.6960556844547564 0.16089385474860335 0.02088167053364269
3 0.7486033519553073 0.7668213457076566 0.16089385474860335 0.02320185614849188
3 0.6843575418994413 0.8503480278422274 0.0664804469273743 0.019721577726218097
3 0.6843575418994413 0.9303944315545244 0.0659217877094972 0.02320185614849188
3 0.3575418994413408 0.05568445475638051 0.025139664804469275 0.02320185614849188
3 0.394413407821229 0.05568445475638051 0.027932960893854747 0.02320185614849188
3 0.4435754189944134 0.05568445475638051 0.05027932960893855 0.02320185614849188
3 0.488268156424581 0.05568445475638051 0.019553072625698324 0.02320185614849188
3 0.5206703910614525 0.05568445475638051 0.025139664804469275 0.02320185614849188
3 0.5541899441340782 0.05568445475638051 0.021787709497206705 0.02320185614849188
3 0.22346368715083798 0.0382830626450116 0.06424581005586592 0.02320185614849188
3 0.21899441340782122 0.060324825986078884 0.06424581005586592 0.02320185614849188
3 0.3100558659217877 0.2691415313225058 0.09385474860335195 0.016241299303944315
3 0.3983240223463687 0.2691415313225058 0.06256983240223464 0.016241299303944315
3 0.4642458100558659 0.2691415313225058 0.050837988826815644 0.016241299303944315
3 0.5094972067039106 0.2691415313225058 0.01899441340782123 0.016241299303944315
3 0.5402234636871508 0.2691415313225058 0.0223463687150838 0.016241299303944315
3 0.5782122905027933 0.2691415313225058 0.0335195530726257 0.016241299303944315