0 0.5889784946236559 0.01953125 0.025268817204301075 0.0390625
0 0.6908602150537635 0.9598214285714286 0.12903225806451613 0.020089285714285716
1 0.7228494623655914 0.020089285714285716 0.18333333333333332 0.04017857142857143
1 0.20430107526881722 0.17633928571428573 0.05161290322580645 0.078125
1 0.20053763440860214 0.3560267857142857 0.023655913978494623 0.049107142857142856
1 0.4053763440860215 0.6339285714285714 0.35913978494623655 0.5223214285714286
1 0.20053763440860214 0.42299107142857145 0.023655913978494623 0.049107142857142856
1 0.20053763440860214 0.48995535714285715 0.023655913978494623 0.049107142857142856
1 0.20053763440860214 0.5569196428571429 0.023655913978494623 0.049107142857142856
1 0.20053763440860214 0.6238839285714286 0.023655913978494623 0.049107142857142856
1 0.20053763440860214 0.6908482142857143 0.023655913978494623 0.049107142857142856
1 0.20053763440860214 0.7578125 0.023655913978494623 0.049107142857142856
1 0.20053763440860214 0.8247767857142857 0.023655913978494623 0.049107142857142856
1 0.21586021505376343 0.018973214285714284 0.07258064516129033 0.03794642857142857
2 0.4405913978494624 0.01953125 0.32204301075268815 0.0390625
3 0.6650537634408602 0.5982142857142857 0.07795698924731183 0.020089285714285716
3 0.6580645161290323 0.859375 0.06397849462365592 0.020089285714285716
3 0.20053763440860214 0.37388392857142855 0.026881720430107527 0.024553571428571428
3 0.20053763440860214 0.4408482142857143 0.026881720430107527 0.024553571428571428
3 0.20053763440860214 0.5078125 0.026881720430107527 0.024553571428571428
3 0.20053763440860214 0.5747767857142857 0.026881720430107527 0.024553571428571428
3 0.20053763440860214 0.6417410714285714 0.026881720430107527 0.024553571428571428
3 0.20053763440860214 0.7087053571428571 0.026881720430107527 0.024553571428571428
3 0.20053763440860214 0.7756696428571429 0.026881720430107527 0.024553571428571428
3 0.20053763440860214 0.8426339285714286 0.026881720430107527 0.024553571428571428
3 0.20053763440860214 0.37388392857142855 0.026881720430107527 0.024553571428571428
3 0.20053763440860214 0.4408482142857143 0.026881720430107527 0.024553571428571428
3 0.20053763440860214 0.5078125 0.026881720430107527 0.024553571428571428
3 0.20053763440860214 0.5747767857142857 0.026881720430107527 0.024553571428571428
3 0.20053763440860214 0.6417410714285714 0.026881720430107527 0.024553571428571428
3 0.20053763440860214 0.7087053571428571 0.026881720430107527 0.024553571428571428
3 0.20053763440860214 0.7756696428571429 0.026881720430107527 0.024553571428571428
3 0.20053763440860214 0.8426339285714286 0.026881720430107527 0.024553571428571428
3 0.7016129032258065 0.4263392857142857 0.1510752688172043 0.08370535714285714
3 0.7198924731182795 0.6674107142857143 0.15483870967741936 0.022321428571428572
3 0.7198924731182795 0.6908482142857143 0.15483870967741936 0.020089285714285716
3 0.7198924731182795 0.7589285714285714 0.15483870967741936 0.022321428571428572
3 0.6580645161290323 0.8392857142857143 0.06397849462365592 0.018973214285714284
3 0.6580645161290323 0.9162946428571429 0.06344086021505377 0.022321428571428572
3 0.3435483870967742 0.07477678571428571 0.024193548387096774 0.022321428571428572
3 0.3790322580645161 0.07477678571428571 0.026881720430107527 0.022321428571428572
3 0.42634408602150536 0.07477678571428571 0.04838709677419355 0.022321428571428572
3 0.4693548387096774 0.07477678571428571 0.01881720430107527 0.022321428571428572
3 0.5005376344086021 0.07477678571428571 0.024193548387096774 0.022321428571428572
3 0.5327956989247312 0.07477678571428571 0.020967741935483872 0.022321428571428572
3 0.21451612903225806 0.05803571428571429 0.06182795698924731 0.022321428571428572
3 0.21021505376344085 0.07924107142857142 0.06182795698924731 0.022321428571428572
3 0.2978494623655914 0.28013392857142855 0.09032258064516129 0.015625
3 0.3827956989247312 0.28013392857142855 0.060215053763440864 0.015625
3 0.44623655913978494 0.28013392857142855 0.0489247311827957 0.015625
3 0.48978494623655916 0.28013392857142855 0.01827956989247312 0.015625
3 0.5193548387096775 0.28013392857142855 0.021505376344086023 0.015625
3 0.5559139784946237 0.28013392857142855 0.03225806451612903 0.015625