0 0.6047486033519553 0.019721577726218097 0.026256983240223464 0.03944315545243619
0 0.4977653631284916 0.47447795823665895 0.00558659217877095 0.01160092807424594
0 0.5089385474860335 0.47447795823665895 0.0033519553072625698 0.0069605568445475635
0 0.5201117318435754 0.47447795823665895 0.0033519553072625698 0.0069605568445475635
1 0.743854748603352 0.020301624129930394 0.19050279329608938 0.04060324825986079
1 0.5134078212290503 0.29698375870069604 0.8888268156424581 0.39211136890951276
1 0.24022346368715083 0.7134570765661253 0.12513966480446928 0.26102088167053367
1 0.3743016759776536 0.7134570765661253 0.12513966480446928 0.26102088167053367
1 0.5083798882681564 0.7134570765661253 0.12513966480446928 0.26102088167053367
1 0.6424581005586593 0.7134570765661253 0.12513966480446928 0.26102088167053367
1 0.776536312849162 0.7134570765661253 0.12513966480446928 0.26102088167053367
1 0.2170391061452514 0.0191415313225058 0.07541899441340782 0.0382830626450116
2 0.4505586592178771 0.019721577726218097 0.3346368715083799 0.03944315545243619
3 0.22681564245810057 0.5545243619489559 0.09776536312849161 0.02088167053364269
3 0.24022346368715083 0.9617169373549884 0.10949720670391061 0.04060324825986079
3 0.3743016759776536 0.9617169373549884 0.10949720670391061 0.04060324825986079
3 0.508659217877095 0.9825986078886311 0.1100558659217877 0.03248259860788863
3 0.6424581005586593 0.9361948955916474 0.10949720670391061 0.04060324825986079
3 0.776536312849162 0.9524361948955916 0.10949720670391061 0.04060324825986079
3 0.34972067039106147 0.0765661252900232 0.025139664804469275 0.02320185614849188
3 0.3865921787709497 0.0765661252900232 0.027932960893854747 0.02320185614849188
3 0.43575418994413406 0.0765661252900232 0.05027932960893855 0.02320185614849188
3 0.48044692737430167 0.0765661252900232 0.019553072625698324 0.02320185614849188
3 0.5128491620111731 0.0765661252900232 0.025139664804469275 0.02320185614849188
3 0.5463687150837989 0.0765661252900232 0.021787709497206705 0.02320185614849188
3 0.21564245810055865 0.05916473317865429 0.06424581005586592 0.02320185614849188
3 0.2111731843575419 0.08120649651972157 0.06424581005586592 0.02320185614849188