0 0.5842931937172775 0.029347826086956522 0.024083769633507852 0.042391304347826085
0 0.7303664921465969 0.29782608695652174 0.059162303664921465 0.015217391304347827
0 0.7806282722513089 0.3760869565217391 0.018848167539267015 0.0391304347826087
1 0.7146596858638743 0.030434782608695653 0.17801047120418848 0.042391304347826085
1 0.38952879581151834 0.44782608695652176 0.08376963350785341 0.17391304347826086
1 0.38952879581151834 0.6663043478260869 0.08376963350785341 0.17391304347826086
1 0.38952879581151834 0.8847826086956522 0.08376963350785341 0.17391304347826086
1 0.22094240837696336 0.030434782608695653 0.07015706806282722 0.03695652173913044
2 0.4397905759162304 0.029347826086956522 0.31308900523560207 0.042391304347826085
2 0.4869109947643979 0.029347826086956522 0.007329842931937173 0.015217391304347827
3 0.5240837696335079 0.030434782608695653 0.09738219895287958 0.02826086956521739
3 0.4743455497382199 0.45543478260869563 0.0612565445026178 0.020652173913043477
3 0.6078534031413613 0.6152173913043478 0.32827225130890053 0.015217391304347827
3 0.4827225130890052 0.6891304347826087 0.07801047120418848 0.020652173913043477
3 0.4827225130890052 0.9119565217391304 0.07801047120418848 0.020652173913043477
3 0.5293193717277487 0.029347826086956522 0.07225130890052356 0.021739130434782608
3 0.5293193717277487 0.029347826086956522 0.07225130890052356 0.021739130434782608
3 0.2549738219895288 0.35434782608695653 0.14554973821989528 0.03260869565217391
3 0.6078534031413613 0.375 0.32827225130890053 0.02826086956521739
3 0.6078534031413613 0.5934782608695652 0.32827225130890053 0.02826086956521739
3 0.6078534031413613 0.8119565217391305 0.32827225130890053 0.02826086956521739
3 0.34554973821989526 0.08586956521739131 0.02356020942408377 0.021739130434782608
3 0.38010471204188484 0.08586956521739131 0.02617801047120419 0.021739130434782608
3 0.4261780104712042 0.08586956521739131 0.04712041884816754 0.021739130434782608
3 0.4680628272251309 0.08586956521739131 0.01832460732984293 0.021739130434782608
3 0.49842931937172774 0.08586956521739131 0.02356020942408377 0.021739130434782608
3 0.5298429319371728 0.08586956521739131 0.020418848167539267 0.021739130434782608
3 0.2162303664921466 0.6434782608695652 0.06806282722513089 0.01956521739130435
3 0.19790575916230366 0.7282608695652174 0.03193717277486911 0.01956521739130435
3 0.21413612565445025 0.7543478260869565 0.06387434554973823 0.01956521739130435
3 0.2099476439790576 0.7804347826086957 0.05602094240837696 0.01956521739130435
3 0.21099476439790577 0.8065217391304348 0.05759162303664921 0.01956521739130435
3 0.20680628272251309 0.8326086956521739 0.049738219895287955 0.01956521739130435
3 0.22146596858638742 0.8586956521739131 0.07853403141361257 0.01956521739130435
3 0.21675392670157068 0.8847826086956522 0.06963350785340314 0.01956521739130435
3 0.2 0.9108695652173913 0.0356020942408377 0.01956521739130435
3 0.22094240837696336 0.9369565217391305 0.0774869109947644 0.01956521739130435
3 0.26230366492146595 0.6434782608695652 0.0193717277486911 0.01956521739130435
3 0.22408376963350785 0.7282608695652174 0.015183246073298429 0.01956521739130435
3 0.2570680628272251 0.7543478260869565 0.015706806282722512 0.01956521739130435
3 0.2523560209424084 0.7804347826086957 0.02198952879581152 0.01956521739130435
3 0.25287958115183246 0.8065217391304348 0.019895287958115182 0.01956521739130435
3 0.2413612565445026 0.8326086956521739 0.013089005235602094 0.01956521739130435
3 0.2717277486910995 0.8586956521739131 0.016230366492146597 0.01956521739130435
3 0.2628272251308901 0.8847826086956522 0.016230366492146597 0.01956521739130435
3 0.22722513089005236 0.9108695652173913 0.014136125654450262 0.01956521739130435
3 0.2696335078534031 0.9369565217391305 0.014136125654450262 0.01956521739130435
3 0.2198952879581152 0.06956521739130435 0.060209424083769635 0.021739130434782608
3 0.2157068062827225 0.09021739130434783 0.060209424083769635 0.021739130434782608
3 0.2261780104712042 0.28804347826086957 0.08795811518324607 0.021739130434782608
3 0.24345549738219896 0.29891304347826086 0.12303664921465969 0.043478260869565216