0 0.5848167539267015 0.02608695652173913 0.024083769633507852 0.042391304347826085
0 0.2717277486910995 0.3869565217391304 0.010471204188481676 0.021739130434782608
0 0.7308900523560209 0.25869565217391305 0.059162303664921465 0.015217391304347827
1 0.7151832460732984 0.02717391304347826 0.17801047120418848 0.042391304347826085
1 0.3900523560209424 0.40869565217391307 0.08376963350785341 0.17391304347826086
1 0.3900523560209424 0.6271739130434782 0.08376963350785341 0.17391304347826086
1 0.3900523560209424 0.8456521739130435 0.08376963350785341 0.17391304347826086
1 0.22146596858638742 0.02717391304347826 0.07015706806282722 0.03695652173913044
2 0.44031413612565445 0.02608695652173913 0.31308900523560207 0.042391304347826085
2 0.506282722513089 0.02608695652173913 0.007329842931937173 0.015217391304347827
3 0.5340314136125655 0.02717391304347826 0.07853403141361257 0.02826086956521739
3 0.4722513089005236 0.45543478260869563 0.05549738219895288 0.020652173913043477
3 0.48324607329842934 0.6347826086956522 0.07801047120418848 0.020652173913043477
3 0.4722513089005236 0.8532608695652174 0.05549738219895288 0.020652173913043477
3 0.5392670157068062 0.02608695652173913 0.05340314136125655 0.021739130434782608
3 0.5392670157068062 0.02608695652173913 0.05340314136125655 0.021739130434782608
3 0.2554973821989529 0.31521739130434784 0.14554973821989528 0.03260869565217391
3 0.6083769633507854 0.375 0.32827225130890053 0.02826086956521739
3 0.6083769633507854 0.5543478260869565 0.32827225130890053 0.02826086956521739
3 0.6083769633507854 0.7728260869565218 0.32827225130890053 0.02826086956521739
3 0.3460732984293194 0.08260869565217391 0.02356020942408377 0.021739130434782608
3 0.3806282722513089 0.08260869565217391 0.02617801047120419 0.021739130434782608
3 0.42670157068062825 0.08260869565217391 0.04712041884816754 0.021739130434782608
3 0.468586387434555 0.08260869565217391 0.01832460732984293 0.021739130434782608
3 0.4989528795811518 0.08260869565217391 0.02356020942408377 0.021739130434782608
3 0.5303664921465968 0.08260869565217391 0.020418848167539267 0.021739130434782608
3 0.19633507853403143 0.6608695652173913 0.027225130890052355 0.01956521739130435
3 0.19424083769633507 0.6869565217391305 0.02356020942408377 0.01956521739130435
3 0.19895287958115182 0.7717391304347826 0.032460732984293195 0.01956521739130435
3 0.20680628272251309 0.8826086956521739 0.04869109947643979 0.01956521739130435
3 0.2130890052356021 0.908695652173913 0.0612565445026178 0.01956521739130435
3 0.21675392670157068 0.6608695652173913 0.007329842931937173 0.01956521739130435
3 0.21204188481675393 0.6869565217391305 0.005759162303664921 0.01956521739130435
3 0.22198952879581152 0.7717391304347826 0.007329842931937173 0.01956521739130435
3 0.21151832460732983 0.7978260869565217 0.007853403141361256 0.01956521739130435
3 0.23769633507853402 0.8826086956521739 0.007329842931937173 0.01956521739130435
3 0.24921465968586387 0.908695652173913 0.005759162303664921 0.01956521739130435
3 0.22041884816753926 0.06630434782608696 0.060209424083769635 0.021739130434782608
3 0.2162303664921466 0.08695652173913043 0.060209424083769635 0.021739130434782608
3 0.22670157068062827 0.24891304347826088 0.08795811518324607 0.021739130434782608
3 0.24397905759162303 0.2597826086956522 0.12303664921465969 0.043478260869565216
3 0.23403141361256544 0.27065217391304347 0.027225130890052355 0.021739130434782608