0 0.57 0.01569506726457399 0.025405405405405406 0.03139013452914798
0 0.7205405405405405 0.2858744394618834 0.06108108108108108 0.01569506726457399
1 0.7045945945945946 0.016255605381165918 0.18432432432432433 0.032511210762331835
1 0.36864864864864866 0.4405829596412556 0.08648648648648649 0.17937219730941703
1 0.36864864864864866 0.6659192825112108 0.08648648648648649 0.17937219730941703
1 0.36864864864864866 0.8912556053811659 0.08648648648648649 0.17937219730941703
1 0.19486486486486487 0.015134529147982063 0.07297297297297298 0.030269058295964126
2 0.4208108108108108 0.01569506726457399 0.3237837837837838 0.03139013452914798
2 0.45675675675675675 0.008968609865470852 0.0075675675675675675 0.01569506726457399
3 0.5010810810810811 0.01289237668161435 0.11351351351351352 0.0257847533632287
3 0.4648648648648649 0.4697309417040359 0.08054054054054054 0.021300448430493273
3 0.5940540540540541 0.6132286995515696 0.3389189189189189 0.01569506726457399
3 0.4648648648648649 0.7107623318385651 0.08054054054054054 0.021300448430493273
3 0.4648648648648649 0.899103139013453 0.08054054054054054 0.021300448430493273
3 0.5064864864864865 0.010650224215246636 0.08756756756756756 0.021300448430493273
3 0.5064864864864865 0.010650224215246636 0.08756756756756756 0.021300448430493273
3 0.22972972972972974 0.34417040358744394 0.15027027027027026 0.033632286995515695
3 0.5940540540540541 0.3654708520179372 0.3389189189189189 0.02914798206278027
3 0.5940540540540541 0.5908071748878924 0.3389189189189189 0.02914798206278027
3 0.5940540540540541 0.8161434977578476 0.3389189189189189 0.02914798206278027
3 0.3232432432432432 0.06726457399103139 0.024324324324324326 0.02242152466367713
3 0.3589189189189189 0.06726457399103139 0.02702702702702703 0.02242152466367713
3 0.4064864864864865 0.06726457399103139 0.04864864864864865 0.02242152466367713
3 0.44972972972972974 0.06726457399103139 0.01891891891891892 0.02242152466367713
3 0.4810810810810811 0.06726457399103139 0.024324324324324326 0.02242152466367713
3 0.5135135135135135 0.06726457399103139 0.02108108108108108 0.02242152466367713
3 0.18972972972972973 0.6423766816143498 0.07027027027027027 0.020179372197309416
3 0.1864864864864865 0.7298206278026906 0.06378378378378378 0.020179372197309416
3 0.18702702702702703 0.7567264573991032 0.06486486486486487 0.020179372197309416
3 0.18594594594594593 0.7836322869955157 0.06324324324324325 0.020179372197309416
3 0.1908108108108108 0.8105381165919282 0.07243243243243243 0.020179372197309416
3 0.17189189189189188 0.8374439461883408 0.034594594594594595 0.020179372197309416
3 0.19027027027027027 0.8643497757847534 0.07135135135135136 0.020179372197309416
3 0.18162162162162163 0.8912556053811659 0.05405405405405406 0.020179372197309416
3 0.19567567567567568 0.9181614349775785 0.08216216216216216 0.020179372197309416
3 0.16378378378378378 0.945067264573991 0.018378378378378378 0.020179372197309416
3 0.23513513513513515 0.6423766816143498 0.015675675675675675 0.020179372197309416
3 0.23135135135135135 0.7298206278026906 0.02054054054054054 0.020179372197309416
3 0.23297297297297298 0.7567264573991032 0.02054054054054054 0.020179372197309416
3 0.22918918918918918 0.7836322869955157 0.016756756756756756 0.020179372197309416
3 0.2372972972972973 0.8105381165919282 0.014594594594594595 0.020179372197309416
3 0.2 0.8374439461883408 0.016216216216216217 0.020179372197309416
3 0.23621621621621622 0.8643497757847534 0.014594594594594595 0.020179372197309416
3 0.2172972972972973 0.8912556053811659 0.011891891891891892 0.020179372197309416
3 0.24594594594594596 0.9181614349775785 0.011891891891891892 0.020179372197309416
3 0.1837837837837838 0.945067264573991 0.016756756756756756 0.020179372197309416
3 0.1935135135135135 0.05044843049327354 0.062162162162162166 0.02242152466367713
3 0.1891891891891892 0.07174887892376682 0.062162162162162166 0.02242152466367713
3 0.2 0.2757847533632287 0.09081081081081081 0.02242152466367713
3 0.21783783783783783 0.28699551569506726 0.12702702702702703 0.04484304932735426