0 0.2887005649717514 0.8286384976525821 0.013559322033898305 0.028169014084507043
0 0.7898305084745763 0.2147887323943662 0.06384180790960452 0.01643192488262911
1 0.42203389830508475 0.3767605633802817 0.0903954802259887 0.18779342723004694
1 0.42203389830508475 0.6126760563380281 0.0903954802259887 0.18779342723004694
1 0.42203389830508475 0.8485915492957746 0.0903954802259887 0.18779342723004694
2 0.21525423728813559 0.8262910798122066 0.03502824858757062 0.029342723004694836
2 0.26045197740112996 0.8262910798122066 0.03502824858757062 0.029342723004694836
3 0.5107344632768361 0.38497652582159625 0.059887005649717516 0.022300469483568074
3 0.5107344632768361 0.6208920187793427 0.059887005649717516 0.022300469483568074
3 0.5107344632768361 0.8568075117370892 0.059887005649717516 0.022300469483568074
3 0.21525423728813559 0.8286384976525821 0.03389830508474576 0.036384976525821594
3 0.26045197740112996 0.8286384976525821 0.03389830508474576 0.036384976525821594
3 0.21525423728813559 0.8286384976525821 0.03389830508474576 0.036384976525821594
3 0.26045197740112996 0.8286384976525821 0.03389830508474576 0.036384976525821594
3 0.2768361581920904 0.27582159624413144 0.15706214689265538 0.035211267605633804
3 0.6576271186440678 0.2981220657276995 0.35423728813559324 0.03051643192488263
3 0.6576271186440678 0.534037558685446 0.35423728813559324 0.03051643192488263
3 0.6576271186440678 0.7699530516431925 0.35423728813559324 0.03051643192488263
3 0.37457627118644066 0.02464788732394366 0.025423728813559324 0.023474178403755867
3 0.411864406779661 0.02464788732394366 0.02824858757062147 0.023474178403755867
3 0.4615819209039548 0.02464788732394366 0.05084745762711865 0.023474178403755867
3 0.5067796610169492 0.02464788732394366 0.01977401129943503 0.023474178403755867
3 0.53954802259887 0.02464788732394366 0.025423728813559324 0.023474178403755867
3 0.5734463276836158 0.02464788732394366 0.022033898305084745 0.023474178403755867
3 0.2440677966101695 0.49765258215962443 0.09209039548022599 0.02112676056338028
3 0.22429378531073446 0.5892018779342723 0.05254237288135593 0.02112676056338028
3 0.2135593220338983 0.6173708920187794 0.030508474576271188 0.02112676056338028
3 0.23107344632768362 0.6455399061032864 0.06610169491525424 0.02112676056338028
3 0.21977401129943502 0.7370892018779343 0.04293785310734463 0.02112676056338028
3 0.22090395480225988 0.7652582159624414 0.04576271186440678 0.02112676056338028
3 0.2214689265536723 0.7934272300469484 0.04632768361581921 0.02112676056338028
3 0.23389830508474577 0.9272300469483568 0.0711864406779661 0.02112676056338028
3 0.29717514124293787 0.49765258215962443 0.007909604519774011 0.02112676056338028
3 0.2576271186440678 0.5892018779342723 0.007909604519774011 0.02112676056338028
3 0.2344632768361582 0.6173708920187794 0.005649717514124294 0.02112676056338028
3 0.27005649717514124 0.6455399061032864 0.0062146892655367235 0.02112676056338028
3 0.2480225988700565 0.7370892018779343 0.007909604519774011 0.02112676056338028
3 0.25028248587570623 0.7652582159624414 0.0062146892655367235 0.02112676056338028
3 0.2514124293785311 0.7934272300469484 0.007909604519774011 0.02112676056338028
3 0.2768361581920904 0.9272300469483568 0.00847457627118644 0.02112676056338028
3 0.23898305084745763 0.009976525821596244 0.0655367231638418 0.01995305164319249
3 0.2344632768361582 0.029342723004694836 0.06497175141242938 0.023474178403755867
3 0.2457627118644068 0.20422535211267606 0.09491525423728814 0.023474178403755867
3 0.26440677966101694 0.215962441314554 0.1327683615819209 0.046948356807511735
3 0.2774011299435028 0.22769953051643194 0.07740112994350283 0.023474178403755867