0 0.5859788359788359 0.02032967032967033 0.02486772486772487 0.04065934065934066
0 0.7333333333333333 0.29010989010989013 0.059788359788359786 0.015384615384615385
1 0.7177248677248678 0.020879120879120878 0.18042328042328043 0.041758241758241756
1 0.3888888888888889 0.44175824175824174 0.08465608465608465 0.17582417582417584
1 0.3888888888888889 0.6626373626373626 0.08465608465608465 0.17582417582417584
1 0.3888888888888889 0.8835164835164835 0.08465608465608465 0.17582417582417584
1 0.21851851851851853 0.01978021978021978 0.07089947089947089 0.03736263736263736
2 0.4399470899470899 0.02032967032967033 0.31693121693121695 0.04065934065934066
2 0.46190476190476193 0.01868131868131868 0.007407407407407408 0.015384615384615385
3 0.5121693121693122 0.01978021978021978 0.12380952380952381 0.02857142857142857
3 0.47195767195767196 0.44945054945054946 0.056084656084656084 0.020879120879120878
3 0.47195767195767196 0.6703296703296703 0.056084656084656084 0.020879120879120878
3 0.47195767195767196 0.8912087912087913 0.056084656084656084 0.020879120879120878
3 0.5174603174603175 0.01868131868131868 0.09841269841269841 0.02197802197802198
3 0.5174603174603175 0.01868131868131868 0.09841269841269841 0.02197802197802198
3 0.2529100529100529 0.34725274725274724 0.14708994708994708 0.03296703296703297
3 0.6095238095238096 0.36813186813186816 0.33174603174603173 0.02857142857142857
3 0.6095238095238096 0.589010989010989 0.33174603174603173 0.02857142857142857
3 0.6095238095238096 0.8098901098901099 0.33174603174603173 0.02857142857142857
3 0.34444444444444444 0.07582417582417582 0.023809523809523808 0.02197802197802198
3 0.37936507936507935 0.07582417582417582 0.026455026455026454 0.02197802197802198
3 0.42592592592592593 0.07582417582417582 0.047619047619047616 0.02197802197802198
3 0.46825396825396826 0.07582417582417582 0.018518518518518517 0.02197802197802198
3 0.49894179894179896 0.07582417582417582 0.023809523809523808 0.02197802197802198
3 0.5306878306878307 0.07582417582417582 0.020634920634920634 0.02197802197802198
3 0.2222222222222222 0.554945054945055 0.08624338624338625 0.01978021978021978
3 0.1962962962962963 0.6406593406593407 0.03439153439153439 0.01978021978021978
3 0.2037037037037037 0.7263736263736263 0.049206349206349205 0.01978021978021978
3 0.20634920634920634 0.7527472527472527 0.054497354497354496 0.01978021978021978
3 0.21322751322751324 0.7791208791208791 0.06825396825396825 0.01978021978021978
3 0.19365079365079366 0.8054945054945055 0.02857142857142857 0.01978021978021978
3 0.21005291005291005 0.8318681318681319 0.06190476190476191 0.01978021978021978
3 0.19947089947089947 0.9175824175824175 0.04021164021164021 0.01978021978021978
3 0.20052910052910053 0.9439560439560439 0.04285714285714286 0.01978021978021978
3 0.20105820105820105 0.9703296703296703 0.04338624338624339 0.01978021978021978
3 0.2714285714285714 0.554945054945055 0.0068783068783068784 0.01978021978021978
3 0.2201058201058201 0.6406593406593407 0.007407407407407408 0.01978021978021978
3 0.23597883597883598 0.7263736263736263 0.010052910052910053 0.01978021978021978
3 0.2402116402116402 0.7527472527472527 0.007407407407407408 0.01978021978021978
3 0.25396825396825395 0.7791208791208791 0.007407407407407408 0.01978021978021978
3 0.21322751322751324 0.8054945054945055 0.005291005291005291 0.01978021978021978
3 0.24656084656084656 0.8318681318681319 0.00582010582010582 0.01978021978021978
3 0.22592592592592592 0.9175824175824175 0.007407407407407408 0.01978021978021978
3 0.22857142857142856 0.9439560439560439 0.007407407407407408 0.01978021978021978
3 0.23015873015873015 0.9703296703296703 0.010052910052910053 0.01978021978021978
3 0.21746031746031746 0.05934065934065934 0.06084656084656084 0.02197802197802198
3 0.21322751322751324 0.08021978021978023 0.06084656084656084 0.02197802197802198
3 0.22380952380952382 0.2802197802197802 0.08888888888888889 0.02197802197802198
3 0.24126984126984127 0.29120879120879123 0.12433862433862433 0.04395604395604396