0 0.5807692307692308 0.0228310502283105 0.025274725274725275 0.04452054794520548
0 0.2521978021978022 0.4018264840182648 0.01098901098901099 0.0228310502283105
0 0.734065934065934 0.2671232876712329 0.06208791208791209 0.01598173515981735
1 0.7175824175824176 0.023972602739726026 0.18681318681318682 0.04452054794520548
1 0.37637362637362637 0.4246575342465753 0.08791208791208792 0.182648401826484
1 0.37637362637362637 0.6541095890410958 0.08791208791208792 0.182648401826484
1 0.37637362637362637 0.8835616438356164 0.08791208791208792 0.182648401826484
1 0.19945054945054946 0.023972602739726026 0.07362637362637363 0.03881278538812785
2 0.4291208791208791 0.0228310502283105 0.32857142857142857 0.04452054794520548
2 0.4521978021978022 0.0228310502283105 0.007692307692307693 0.01598173515981735
3 0.5043956043956044 0.023972602739726026 0.12857142857142856 0.02968036529680365
3 0.46263736263736266 0.432648401826484 0.05824175824175824 0.021689497716894976
3 0.46263736263736266 0.6621004566210046 0.05824175824175824 0.021689497716894976
3 0.46263736263736266 0.8915525114155252 0.05824175824175824 0.021689497716894976
3 0.5098901098901099 0.0228310502283105 0.1021978021978022 0.0228310502283105
3 0.5098901098901099 0.0228310502283105 0.1021978021978022 0.0228310502283105
3 0.23516483516483516 0.3264840182648402 0.15274725274725276 0.03424657534246575
3 0.6054945054945055 0.3481735159817352 0.3445054945054945 0.02968036529680365
3 0.6054945054945055 0.5776255707762558 0.3445054945054945 0.02968036529680365
3 0.6054945054945055 0.8070776255707762 0.3445054945054945 0.02968036529680365
3 0.3302197802197802 0.0821917808219178 0.024725274725274724 0.0228310502283105
3 0.36648351648351646 0.0821917808219178 0.027472527472527472 0.0228310502283105
3 0.41483516483516486 0.0821917808219178 0.04945054945054945 0.0228310502283105
3 0.45879120879120877 0.0821917808219178 0.019230769230769232 0.0228310502283105
3 0.49065934065934064 0.0821917808219178 0.024725274725274724 0.0228310502283105
3 0.5236263736263737 0.0821917808219178 0.02142857142857143 0.0228310502283105
3 0.19835164835164834 0.06506849315068493 0.06318681318681318 0.0228310502283105
3 0.19395604395604396 0.0867579908675799 0.06318681318681318 0.0228310502283105
3 0.20494505494505494 0.2568493150684932 0.09230769230769231 0.0228310502283105
3 0.2230769230769231 0.2682648401826484 0.12912087912087913 0.045662100456621
3 0.2357142857142857 0.2796803652968037 0.07527472527472527 0.0228310502283105