0 0.7483516483516484 0.22146118721461186 0.06208791208791209 0.01598173515981735
1 0.39065934065934066 0.3789954337899543 0.08791208791208792 0.182648401826484
3 0.582967032967033 0.5148401826484018 0.4554945054945055 0.0182648401826484
3 0.5016483516483516 0.9714611872146118 0.6483516483516484 0.0136986301369863
3 0.5016483516483516 0.8801369863013698 0.08351648351648351 0.0365296803652968
3 0.5016483516483516 0.8801369863013698 0.08351648351648351 0.0365296803652968
3 0.24945054945054945 0.2808219178082192 0.15274725274725276 0.03424657534246575
3 0.6197802197802198 0.3025114155251142 0.3445054945054945 0.02968036529680365
3 0.3445054945054945 0.0365296803652968 0.024725274725274724 0.0228310502283105
3 0.38076923076923075 0.0365296803652968 0.027472527472527472 0.0228310502283105
3 0.4291208791208791 0.0365296803652968 0.04945054945054945 0.0228310502283105
3 0.4736263736263736 0.0365296803652968 0.019230769230769232 0.0228310502283105
3 0.5054945054945055 0.0365296803652968 0.024725274725274724 0.0228310502283105
3 0.5379120879120879 0.0365296803652968 0.02142857142857143 0.0228310502283105
3 0.21318681318681318 0.019406392694063926 0.06318681318681318 0.0228310502283105
3 0.2087912087912088 0.0410958904109589 0.06318681318681318 0.0228310502283105
3 0.21868131868131868 0.21118721461187215 0.09175824175824175 0.0228310502283105
3 0.23736263736263735 0.2226027397260274 0.12912087912087913 0.045662100456621
3 0.24175824175824176 0.23401826484018265 0.05714285714285714 0.0228310502283105