0 0.5883597883597883 0.02197802197802198 0.02433862433862434 0.04285714285714286
0 0.7354497354497355 0.2571428571428571 0.059788359788359786 0.015384615384615385
1 0.7201058201058201 0.023076923076923078 0.17989417989417988 0.04285714285714286
1 0.391005291005291 0.4087912087912088 0.08465608465608465 0.17582417582417584
1 0.22116402116402117 0.023076923076923078 0.07089947089947089 0.03736263736263736
2 0.44232804232804235 0.02197802197802198 0.3164021164021164 0.04285714285714286
2 0.482010582010582 0.02197802197802198 0.007407407407407408 0.015384615384615385
3 0.5232804232804232 0.023076923076923078 0.10634920634920635 0.02857142857142857
3 0.5761904761904761 0.5395604395604395 0.43862433862433864 0.017582417582417582
3 0.4978835978835979 0.9791208791208791 0.6243386243386243 0.013186813186813187
3 0.5285714285714286 0.02197802197802198 0.08095238095238096 0.02197802197802198
3 0.4978835978835979 0.8912087912087913 0.08042328042328042 0.035164835164835165
3 0.5285714285714286 0.02197802197802198 0.08095238095238096 0.02197802197802198
3 0.4978835978835979 0.8912087912087913 0.08042328042328042 0.035164835164835165
3 0.25502645502645505 0.3142857142857143 0.14708994708994708 0.03296703296703297
3 0.6116402116402117 0.33516483516483514 0.33174603174603173 0.02857142857142857
3 0.34656084656084657 0.07912087912087912 0.023809523809523808 0.02197802197802198
3 0.3814814814814815 0.07912087912087912 0.026455026455026454 0.02197802197802198
3 0.42804232804232806 0.07912087912087912 0.047619047619047616 0.02197802197802198
3 0.4708994708994709 0.07912087912087912 0.018518518518518517 0.02197802197802198
3 0.5015873015873016 0.07912087912087912 0.023809523809523808 0.02197802197802198
3 0.5328042328042328 0.07912087912087912 0.020634920634920634 0.02197802197802198
3 0.2201058201058201 0.06263736263736264 0.06084656084656084 0.02197802197802198
3 0.21587301587301588 0.08351648351648351 0.06084656084656084 0.02197802197802198
3 0.2253968253968254 0.24725274725274726 0.08835978835978836 0.02197802197802198
3 0.24338624338624337 0.25824175824175827 0.12433862433862433 0.04395604395604396
3 0.24761904761904763 0.2692307692307692 0.05502645502645503 0.02197802197802198