0 0.7174913693901036 0.2284688995215311 0.06501726121979287 0.01674641148325359
1 0.3429228998849252 0.39354066985645936 0.09205983889528194 0.19138755980861244
1 0.3429228998849252 0.6339712918660287 0.09205983889528194 0.19138755980861244
1 0.3429228998849252 0.8744019138755981 0.09205983889528194 0.19138755980861244
3 0.5828538550057537 0.3373205741626794 0.36075949367088606 0.01674641148325359
3 0.44533947065592633 0.41866028708133973 0.0857307249712313 0.022727272727272728
3 0.5828538550057537 0.5777511961722488 0.36075949367088606 0.01674641148325359
3 0.44533947065592633 0.6818181818181818 0.0857307249712313 0.022727272727272728
3 0.5828538550057537 0.8181818181818182 0.36075949367088606 0.01674641148325359
3 0.44533947065592633 0.8995215311004785 0.0857307249712313 0.022727272727272728
3 0.19505178365937859 0.29066985645933013 0.15995397008055237 0.03588516746411483
3 0.5828538550057537 0.3133971291866029 0.36075949367088606 0.03110047846889952
3 0.5828538550057537 0.5538277511961722 0.36075949367088606 0.03110047846889952
3 0.5828538550057537 0.7942583732057417 0.36075949367088606 0.03110047846889952
3 0.2945914844649022 0.004186602870813397 0.026467203682393557 0.008373205741626795
3 0.33285385500575376 0.004186602870813397 0.029344073647871116 0.008373205741626795
3 0.3834867663981588 0.004186602870813397 0.0523590333716916 0.008373205741626795
3 0.42922899884925203 0.004186602870813397 0.020713463751438434 0.008373205741626795
3 0.4626006904487917 0.004186602870813397 0.026467203682393557 0.008373205741626795
3 0.49712313003452246 0.004186602870813397 0.023014959723820484 0.008373205741626795
3 0.1524741081703107 0.6088516746411483 0.07479861910241657 0.0215311004784689
3 0.12543153049482164 0.7021531100478469 0.020713463751438434 0.0215311004784689
3 0.1616800920598389 0.7954545454545454 0.09378596087456847 0.0215311004784689
3 0.13291139240506328 0.888755980861244 0.03567318757192175 0.0215311004784689
3 0.19907940161104717 0.6088516746411483 0.012658227848101266 0.0215311004784689
3 0.14499424626006904 0.7021531100478469 0.012658227848101266 0.0215311004784689
3 0.21979286536248563 0.7954545454545454 0.01668584579976985 0.0215311004784689
3 0.16340621403912542 0.888755980861244 0.018411967779056387 0.0215311004784689
3 0.14902186421173763 0.9174641148325359 0.013233601841196778 0.0215311004784689
3 0.1518987341772152 0.006578947368421052 0.0667433831990794 0.013157894736842105
3 0.16340621403912542 0.21770334928229665 0.09666283084004602 0.023923444976076555
3 0.18239355581127734 0.22966507177033493 0.13521288837744533 0.04784688995215311