0 0.610989010989011 0.0273972602739726 0.025274725274725275 0.04452054794520548
0 0.7642857142857142 0.3093607305936073 0.06208791208791209 0.01598173515981735
1 0.7478021978021978 0.028538812785388126 0.18681318681318682 0.04452054794520548
1 0.4065934065934066 0.4668949771689498 0.08791208791208792 0.182648401826484
1 0.4065934065934066 0.6963470319634704 0.08791208791208792 0.182648401826484
1 0.40686813186813187 0.9166666666666666 0.08846153846153847 0.1643835616438356
1 0.22967032967032966 0.028538812785388126 0.07362637362637363 0.03881278538812785
2 0.4593406593406593 0.0273972602739726 0.32857142857142857 0.04452054794520548
2 0.5005494505494505 0.0273972602739726 0.007692307692307693 0.01598173515981735
3 0.5434065934065934 0.028538812785388126 0.11043956043956044 0.02968036529680365
3 0.6357142857142857 0.4132420091324201 0.3445054945054945 0.01598173515981735
3 0.5043956043956044 0.4908675799086758 0.08186813186813187 0.021689497716894976
3 0.6357142857142857 0.6426940639269406 0.3445054945054945 0.01598173515981735
3 0.5043956043956044 0.7420091324200914 0.08186813186813187 0.021689497716894976
3 0.6357142857142857 0.8721461187214612 0.3445054945054945 0.01598173515981735
3 0.5043956043956044 0.9497716894977168 0.08186813186813187 0.021689497716894976
3 0.548901098901099 0.0273972602739726 0.08406593406593407 0.0228310502283105
3 0.548901098901099 0.0273972602739726 0.08406593406593407 0.0228310502283105
3 0.2653846153846154 0.3687214611872146 0.15274725274725276 0.03424657534246575
3 0.6357142857142857 0.3904109589041096 0.3445054945054945 0.02968036529680365
3 0.6357142857142857 0.6198630136986302 0.3445054945054945 0.02968036529680365
3 0.6357142857142857 0.8493150684931506 0.3445054945054945 0.02968036529680365
3 0.36043956043956044 0.0867579908675799 0.024725274725274724 0.0228310502283105
3 0.3967032967032967 0.0867579908675799 0.027472527472527472 0.0228310502283105
3 0.44505494505494503 0.0867579908675799 0.04945054945054945 0.0228310502283105
3 0.489010989010989 0.0867579908675799 0.019230769230769232 0.0228310502283105
3 0.5208791208791209 0.0867579908675799 0.024725274725274724 0.0228310502283105
3 0.5538461538461539 0.0867579908675799 0.02142857142857143 0.0228310502283105
3 0.22472527472527473 0.6723744292237442 0.07142857142857142 0.02054794520547945
3 0.1989010989010989 0.7614155251141552 0.01978021978021978 0.02054794520547945
3 0.23351648351648352 0.8504566210045662 0.08956043956043956 0.02054794520547945
3 0.20604395604395603 0.9394977168949772 0.03406593406593406 0.02054794520547945
3 0.2692307692307692 0.6723744292237442 0.012087912087912088 0.02054794520547945
3 0.2175824175824176 0.7614155251141552 0.012087912087912088 0.02054794520547945
3 0.289010989010989 0.8504566210045662 0.015934065934065933 0.02054794520547945
3 0.23516483516483516 0.9394977168949772 0.017582417582417582 0.02054794520547945
3 0.22142857142857142 0.9668949771689498 0.012637362637362638 0.02054794520547945
3 0.22857142857142856 0.06963470319634703 0.06318681318681318 0.0228310502283105
3 0.22417582417582418 0.091324200913242 0.06318681318681318 0.0228310502283105
3 0.23516483516483516 0.2990867579908676 0.09230769230769231 0.0228310502283105
3 0.2532967032967033 0.3105022831050228 0.12912087912087913 0.045662100456621