0 0.5942105263157895 0.024070021881838075 0.024210526315789474 0.04266958424507659
0 0.7405263157894737 0.25820568927789933 0.05947368421052632 0.015317286652078774
1 0.7252631578947368 0.02516411378555799 0.17894736842105263 0.04266958424507659
1 0.39789473684210525 0.40919037199124725 0.08421052631578947 0.175054704595186
1 0.22210526315789475 0.75054704595186 0.05263157894736842 0.10940919037199125
1 0.38 0.75054704595186 0.05263157894736842 0.10940919037199125
1 0.5378947368421053 0.75054704595186 0.05263157894736842 0.10940919037199125
1 0.6957894736842105 0.75054704595186 0.05263157894736842 0.10940919037199125
1 0.22894736842105262 0.02516411378555799 0.07052631578947369 0.037199124726477024
2 0.44894736842105265 0.024070021881838075 0.31473684210526315 0.04266958424507659
2 0.4884210526315789 0.024070021881838075 0.007368421052631579 0.015317286652078774
3 0.5294736842105263 0.02516411378555799 0.10578947368421053 0.028446389496717725
3 0.5821052631578948 0.5393873085339168 0.4363157894736842 0.0175054704595186
3 0.5042105263157894 0.9770240700218819 0.6210526315789474 0.01312910284463895
3 0.5347368421052632 0.024070021881838075 0.08052631578947368 0.02188183807439825
3 0.5042105263157894 0.8894967177242888 0.08 0.0350109409190372
3 0.5347368421052632 0.024070021881838075 0.08052631578947368 0.02188183807439825
3 0.5042105263157894 0.8894967177242888 0.08 0.0350109409190372
3 0.26263157894736844 0.3150984682713348 0.1463157894736842 0.03282275711159737
3 0.6173684210526316 0.3358862144420131 0.33 0.028446389496717725
3 0.3 0.7221006564551422 0.07736842105263157 0.04157549234135667
3 0.45789473684210524 0.7221006564551422 0.07736842105263157 0.04157549234135667
3 0.6157894736842106 0.7221006564551422 0.07736842105263157 0.04157549234135667
3 0.7736842105263158 0.7221006564551422 0.07736842105263157 0.04157549234135667
3 0.35368421052631577 0.08096280087527352 0.02368421052631579 0.02188183807439825
3 0.38842105263157894 0.08096280087527352 0.02631578947368421 0.02188183807439825
3 0.43473684210526314 0.08096280087527352 0.04736842105263158 0.02188183807439825
3 0.47736842105263155 0.08096280087527352 0.018421052631578946 0.02188183807439825
3 0.5078947368421053 0.08096280087527352 0.02368421052631579 0.02188183807439825
3 0.5389473684210526 0.08096280087527352 0.020526315789473684 0.02188183807439825
3 0.22789473684210526 0.06455142231947483 0.060526315789473685 0.02188183807439825
3 0.2236842105263158 0.08533916849015317 0.060526315789473685 0.02188183807439825
3 0.2331578947368421 0.24835886214442013 0.08789473684210526 0.02188183807439825
3 0.25105263157894736 0.2592997811816193 0.12368421052631579 0.0437636761487965
3 0.25526315789473686 0.2702407002188184 0.05473684210526316 0.02188183807439825