0 0.5718579234972677 0.008503401360544218 0.025683060109289616 0.017006802721088437
0 0.6797814207650273 0.9251700680272109 0.14043715846994537 0.02040816326530612
1 0.7079234972677596 0.009070294784580499 0.18633879781420765 0.018140589569160998
1 0.17704918032786884 0.22448979591836735 0.024043715846994537 0.049886621315192746
1 0.38524590163934425 0.5068027210884354 0.3650273224043716 0.5306122448979592
1 0.17704918032786884 0.2925170068027211 0.024043715846994537 0.049886621315192746
1 0.17704918032786884 0.36054421768707484 0.024043715846994537 0.049886621315192746
1 0.17704918032786884 0.42857142857142855 0.024043715846994537 0.049886621315192746
1 0.17704918032786884 0.4965986394557823 0.024043715846994537 0.049886621315192746
1 0.17704918032786884 0.564625850340136 0.024043715846994537 0.049886621315192746
1 0.17704918032786884 0.6326530612244898 0.024043715846994537 0.049886621315192746
1 0.17704918032786884 0.7006802721088435 0.024043715846994537 0.049886621315192746
1 0.19262295081967212 0.007936507936507936 0.07377049180327869 0.015873015873015872
2 0.4210382513661202 0.008503401360544218 0.3273224043715847 0.017006802721088437
3 0.6491803278688525 0.47052154195011336 0.07923497267759563 0.02040816326530612
3 0.6967213114754098 0.735827664399093 0.1737704918032787 0.023809523809523808
3 0.6612021857923497 0.8231292517006803 0.10327868852459017 0.02040816326530612
3 0.17704918032786884 0.24263038548752835 0.0273224043715847 0.024943310657596373
3 0.17704918032786884 0.31065759637188206 0.0273224043715847 0.024943310657596373
3 0.17704918032786884 0.3786848072562358 0.0273224043715847 0.024943310657596373
3 0.17704918032786884 0.4467120181405896 0.0273224043715847 0.024943310657596373
3 0.17704918032786884 0.5147392290249433 0.0273224043715847 0.024943310657596373
3 0.17704918032786884 0.5827664399092971 0.0273224043715847 0.024943310657596373
3 0.17704918032786884 0.6507936507936508 0.0273224043715847 0.024943310657596373
3 0.17704918032786884 0.7188208616780045 0.0273224043715847 0.024943310657596373
3 0.17704918032786884 0.24263038548752835 0.0273224043715847 0.024943310657596373
3 0.17704918032786884 0.31065759637188206 0.0273224043715847 0.024943310657596373
3 0.17704918032786884 0.3786848072562358 0.0273224043715847 0.024943310657596373
3 0.17704918032786884 0.4467120181405896 0.0273224043715847 0.024943310657596373
3 0.17704918032786884 0.5147392290249433 0.0273224043715847 0.024943310657596373
3 0.17704918032786884 0.5827664399092971 0.0273224043715847 0.024943310657596373
3 0.17704918032786884 0.6507936507936508 0.0273224043715847 0.024943310657596373
3 0.17704918032786884 0.7188208616780045 0.0273224043715847 0.024943310657596373
3 0.6863387978142077 0.29591836734693877 0.153551912568306 0.08503401360544217
3 0.7049180327868853 0.5408163265306123 0.15737704918032788 0.022675736961451247
3 0.7049180327868853 0.564625850340136 0.15737704918032788 0.02040816326530612
3 0.7038251366120218 0.6337868480725624 0.15901639344262294 0.022675736961451247
3 0.7038251366120218 0.6575963718820862 0.15901639344262294 0.02040816326530612
3 0.6612021857923497 0.8027210884353742 0.10327868852459017 0.01927437641723356
3 0.6420765027322405 0.8809523809523809 0.06448087431693988 0.022675736961451247
3 0.3224043715846995 0.05328798185941043 0.02459016393442623 0.022675736961451247
3 0.3584699453551913 0.05328798185941043 0.0273224043715847 0.022675736961451247
3 0.4065573770491803 0.05328798185941043 0.04918032786885246 0.022675736961451247
3 0.45027322404371584 0.05328798185941043 0.01912568306010929 0.022675736961451247
3 0.4819672131147541 0.05328798185941043 0.02459016393442623 0.022675736961451247
3 0.5147540983606558 0.05328798185941043 0.021311475409836064 0.022675736961451247
3 0.1912568306010929 0.036281179138321996 0.06284153005464481 0.022675736961451247
3 0.18688524590163935 0.05782312925170068 0.06284153005464481 0.022675736961451247
3 0.2617486338797814 0.15306122448979592 0.08087431693989071 0.015873015873015872
3 0.3371584699453552 0.15306122448979592 0.05027322404371585 0.015873015873015872
3 0.4207650273224044 0.15306122448979592 0.09890710382513661 0.015873015873015872
3 0.5163934426229508 0.15306122448979592 0.07103825136612021 0.015873015873015872
3 0.5830601092896175 0.15306122448979592 0.04316939890710383 0.015873015873015872