0 0.5832460732984294 0.029347826086956522 0.024083769633507852 0.042391304347826085
0 0.7293193717277487 0.1641304347826087 0.059162303664921465 0.015217391304347827
0 0.7795811518324607 0.24239130434782608 0.018848167539267015 0.0391304347826087
1 0.7136125654450262 0.030434782608695653 0.17801047120418848 0.042391304347826085
1 0.38848167539267014 0.3141304347826087 0.08376963350785341 0.17391304347826086
1 0.38848167539267014 0.5413043478260869 0.08376963350785341 0.17391304347826086
1 0.38848167539267014 0.7597826086956522 0.08376963350785341 0.17391304347826086
1 0.2198952879581152 0.030434782608695653 0.07015706806282722 0.03695652173913044
2 0.4387434554973822 0.029347826086956522 0.31308900523560207 0.042391304347826085
3 0.6068062827225131 0.30217391304347824 0.32827225130890053 0.015217391304347827
3 0.4612565445026178 0.3923913043478261 0.03717277486910995 0.015217391304347827
3 0.6068062827225131 0.4902173913043478 0.32827225130890053 0.015217391304347827
3 0.49214659685863876 0.5641304347826087 0.09842931937172775 0.020652173913043477
3 0.6068062827225131 0.7086956521739131 0.32827225130890053 0.015217391304347827
3 0.49214659685863876 0.8021739130434783 0.09842931937172775 0.020652173913043477
3 0.6068062827225131 0.9271739130434783 0.32827225130890053 0.015217391304347827
3 0.25392670157068065 0.15978260869565217 0.14554973821989528 0.03260869565217391
3 0.6068062827225131 0.28043478260869564 0.32827225130890053 0.02826086956521739
3 0.6068062827225131 0.46847826086956523 0.32827225130890053 0.02826086956521739
3 0.6068062827225131 0.6869565217391305 0.32827225130890053 0.02826086956521739
3 0.6068062827225131 0.9054347826086957 0.32827225130890053 0.02826086956521739
3 0.34450261780104713 0.08586956521739131 0.02356020942408377 0.021739130434782608
3 0.37905759162303665 0.08586956521739131 0.02617801047120419 0.021739130434782608
3 0.42513089005235605 0.08586956521739131 0.04712041884816754 0.021739130434782608
3 0.46701570680628274 0.08586956521739131 0.01832460732984293 0.021739130434782608
3 0.4973821989528796 0.08586956521739131 0.02356020942408377 0.021739130434782608
3 0.5287958115183246 0.08586956521739131 0.020418848167539267 0.021739130434782608
3 0.21518324607329842 0.4489130434782609 0.06806282722513089 0.01956521739130435
3 0.19895287958115182 0.533695652173913 0.03612565445026178 0.01956521739130435
3 0.21256544502617802 0.5597826086956522 0.06282722513089005 0.01956521739130435
3 0.225130890052356 0.5858695652173913 0.08795811518324607 0.01956521739130435
3 0.20261780104712043 0.6119565217391304 0.04293193717277487 0.01956521739130435
3 0.21151832460732983 0.6380434782608696 0.0612565445026178 0.01956521739130435
3 0.22094240837696336 0.6641304347826087 0.08010471204188482 0.01956521739130435
3 0.2198952879581152 0.6902173913043478 0.0774869109947644 0.01956521739130435
3 0.20837696335078534 0.716304347826087 0.05445026178010471 0.01956521739130435
3 0.21151832460732983 0.7423913043478261 0.0612565445026178 0.01956521739130435
3 0.1905759162303665 0.8565217391304348 0.018848167539267015 0.01956521739130435
3 0.19895287958115182 0.941304347826087 0.0356020942408377 0.01956521739130435
3 0.22356020942408378 0.967391304347826 0.08534031413612565 0.01956521739130435
3 0.25863874345549737 0.4489130434782609 0.014136125654450262 0.01956521739130435
3 0.22879581151832462 0.533695652173913 0.01780104712041885 0.01956521739130435
3 0.25654450261780104 0.5597826086956522 0.019895287958115182 0.01956521739130435
3 0.28219895287958113 0.5858695652173913 0.019895287958115182 0.01956521739130435
3 0.23455497382198953 0.6119565217391304 0.015706806282722512 0.01956521739130435
3 0.25287958115183246 0.6380434782608696 0.015706806282722512 0.01956521739130435
3 0.27015706806282724 0.6641304347826087 0.011518324607329843 0.01956521739130435
3 0.2670157068062827 0.6902173913043478 0.012041884816753926 0.01956521739130435
3 0.24397905759162303 0.716304347826087 0.011518324607329843 0.01956521739130435
3 0.2513089005235602 0.7423913043478261 0.011518324607329843 0.01956521739130435
3 0.2136125654450262 0.8565217391304348 0.02198952879581152 0.01956521739130435
3 0.2261780104712042 0.941304347826087 0.013612565445026177 0.01956521739130435
3 0.2780104712041885 0.967391304347826 0.01832460732984293 0.01956521739130435
3 0.218848167539267 0.06956521739130435 0.060209424083769635 0.021739130434782608
3 0.21465968586387435 0.09021739130434783 0.060209424083769635 0.021739130434782608