0 0.591005291005291 0.026373626373626374 0.02433862433862434 0.04285714285714286
0 0.7386243386243386 0.16263736263736264 0.059788359788359786 0.015384615384615385
0 0.7894179894179895 0.24175824175824176 0.01904761904761905 0.03956043956043956
1 0.7227513227513227 0.027472527472527472 0.17989417989417988 0.04285714285714286
1 0.3941798941798942 0.3142857142857143 0.08465608465608465 0.17582417582417584
1 0.3941798941798942 0.5439560439560439 0.08465608465608465 0.17582417582417584
1 0.3941798941798942 0.7648351648351648 0.08465608465608465 0.17582417582417584
1 0.22380952380952382 0.027472527472527472 0.07089947089947089 0.03736263736263736
2 0.44497354497354497 0.026373626373626374 0.3164021164021164 0.04285714285714286
3 0.6148148148148148 0.3021978021978022 0.33174603174603173 0.015384615384615385
3 0.4677248677248677 0.3934065934065934 0.03756613756613757 0.015384615384615385
3 0.6148148148148148 0.49230769230769234 0.33174603174603173 0.015384615384615385
3 0.49894179894179896 0.567032967032967 0.09947089947089947 0.020879120879120878
3 0.6148148148148148 0.7131868131868132 0.33174603174603173 0.015384615384615385
3 0.49894179894179896 0.8076923076923077 0.09947089947089947 0.020879120879120878
3 0.6148148148148148 0.9340659340659341 0.33174603174603173 0.015384615384615385
3 0.2582010582010582 0.15824175824175823 0.14708994708994708 0.03296703296703297
3 0.6148148148148148 0.2802197802197802 0.33174603174603173 0.02857142857142857
3 0.6148148148148148 0.4703296703296703 0.33174603174603173 0.02857142857142857
3 0.6148148148148148 0.6912087912087912 0.33174603174603173 0.02857142857142857
3 0.6148148148148148 0.9120879120879121 0.33174603174603173 0.02857142857142857
3 0.34973544973544973 0.08351648351648351 0.023809523809523808 0.02197802197802198
3 0.38465608465608464 0.08351648351648351 0.026455026455026454 0.02197802197802198
3 0.4312169312169312 0.08351648351648351 0.047619047619047616 0.02197802197802198
3 0.47354497354497355 0.08351648351648351 0.018518518518518517 0.02197802197802198
3 0.5042328042328043 0.08351648351648351 0.023809523809523808 0.02197802197802198
3 0.535978835978836 0.08351648351648351 0.020634920634920634 0.02197802197802198
3 0.21904761904761905 0.45054945054945056 0.06878306878306878 0.01978021978021978
3 0.20264550264550266 0.5362637362637362 0.03650793650793651 0.01978021978021978
3 0.2164021164021164 0.5626373626373626 0.06349206349206349 0.01978021978021978
3 0.2291005291005291 0.589010989010989 0.08888888888888889 0.01978021978021978
3 0.20634920634920634 0.6153846153846154 0.04338624338624339 0.01978021978021978
3 0.21534391534391534 0.6417582417582418 0.06190476190476191 0.01978021978021978
3 0.22486772486772486 0.6681318681318681 0.08095238095238096 0.01978021978021978
3 0.22380952380952382 0.6945054945054945 0.07830687830687831 0.01978021978021978
3 0.21216931216931217 0.7208791208791209 0.05502645502645503 0.01978021978021978
3 0.21534391534391534 0.7472527472527473 0.06190476190476191 0.01978021978021978
3 0.19417989417989417 0.8626373626373627 0.01904761904761905 0.01978021978021978
3 0.20264550264550266 0.9483516483516483 0.03597883597883598 0.01978021978021978
3 0.2275132275132275 0.9747252747252747 0.08624338624338625 0.01978021978021978
3 0.26296296296296295 0.45054945054945056 0.014285714285714285 0.01978021978021978
3 0.2328042328042328 0.5362637362637362 0.01798941798941799 0.01978021978021978
3 0.2608465608465608 0.5626373626373626 0.020105820105820106 0.01978021978021978
3 0.2867724867724868 0.589010989010989 0.020105820105820106 0.01978021978021978
3 0.23862433862433863 0.6153846153846154 0.015873015873015872 0.01978021978021978
3 0.2571428571428571 0.6417582417582418 0.015873015873015872 0.01978021978021978
3 0.2746031746031746 0.6681318681318681 0.01164021164021164 0.01978021978021978
3 0.2714285714285714 0.6945054945054945 0.01216931216931217 0.01978021978021978
3 0.24814814814814815 0.7208791208791209 0.01164021164021164 0.01978021978021978
3 0.25555555555555554 0.7472527472527473 0.01164021164021164 0.01978021978021978
3 0.21746031746031746 0.8626373626373627 0.022222222222222223 0.01978021978021978
3 0.23015873015873015 0.9483516483516483 0.013756613756613757 0.01978021978021978
3 0.28253968253968254 0.9747252747252747 0.018518518518518517 0.01978021978021978
3 0.22275132275132276 0.06703296703296703 0.06084656084656084 0.02197802197802198
3 0.21851851851851853 0.08791208791208792 0.06084656084656084 0.02197802197802198