0 0.5853403141361256 0.029347826086956522 0.024083769633507852 0.042391304347826085
0 0.731413612565445 0.1641304347826087 0.059162303664921465 0.015217391304347827
1 0.7157068062827225 0.030434782608695653 0.17801047120418848 0.042391304347826085
1 0.41047120418848165 0.35978260869565215 0.1486910994764398 0.30869565217391304
1 0.5675392670157068 0.35978260869565215 0.1486910994764398 0.30869565217391304
1 0.724607329842932 0.35978260869565215 0.1486910994764398 0.30869565217391304
1 0.41047120418848165 0.8434782608695652 0.1486910994764398 0.30869565217391304
1 0.5675392670157068 0.8434782608695652 0.1486910994764398 0.30869565217391304
1 0.724607329842932 0.8434782608695652 0.1486910994764398 0.30869565217391304
1 0.22198952879581152 0.030434782608695653 0.07015706806282722 0.03695652173913044
2 0.4408376963350785 0.029347826086956522 0.31308900523560207 0.042391304347826085
2 0.4952879581151832 0.029347826086956522 0.007329842931937173 0.015217391304347827
3 0.5287958115183246 0.030434782608695653 0.09005235602094241 0.02826086956521739
3 0.3738219895287958 0.5869565217391305 0.05445026178010471 0.020652173913043477
3 0.5308900523560209 0.5869565217391305 0.05445026178010471 0.020652173913043477
3 0.6879581151832461 0.5869565217391305 0.05445026178010471 0.020652173913043477
3 0.5340314136125655 0.029347826086956522 0.06492146596858639 0.021739130434782608
3 0.5340314136125655 0.029347826086956522 0.06492146596858639 0.021739130434782608
3 0.256020942408377 0.24239130434782608 0.14554973821989528 0.03260869565217391
3 0.41047120418848165 0.6304347826086957 0.12774869109947645 0.0391304347826087
3 0.5675392670157068 0.6206521739130435 0.12774869109947645 0.01956521739130435
3 0.724607329842932 0.6304347826086957 0.12774869109947645 0.0391304347826087
3 0.34659685863874345 0.08586956521739131 0.02356020942408377 0.021739130434782608
3 0.381151832460733 0.08586956521739131 0.02617801047120419 0.021739130434782608
3 0.4272251308900524 0.08586956521739131 0.04712041884816754 0.021739130434782608
3 0.46910994764397906 0.08586956521739131 0.01832460732984293 0.021739130434782608
3 0.49947643979057593 0.08586956521739131 0.02356020942408377 0.021739130434782608
3 0.5308900523560209 0.08586956521739131 0.020418848167539267 0.021739130434782608
3 0.1968586387434555 0.5315217391304348 0.02774869109947644 0.01956521739130435
3 0.19267015706806281 0.5576086956521739 0.0193717277486911 0.01956521739130435
3 0.19581151832460733 0.5836956521739131 0.025130890052356022 0.01956521739130435
3 0.2099476439790576 0.6097826086956522 0.05392670157068063 0.01956521739130435
3 0.19005235602094242 0.6358695652173914 0.013612565445026177 0.01956521739130435
3 0.1931937172774869 0.6619565217391304 0.019895287958115182 0.01956521739130435
3 0.19267015706806281 0.7467391304347826 0.018848167539267015 0.01956521739130435
3 0.2256544502617801 0.8315217391304348 0.08534031413612565 0.01956521739130435
3 0.19947643979057592 0.9163043478260869 0.032460732984293195 0.01956521739130435
3 0.22198952879581152 0.5315217391304348 0.016230366492146597 0.01956521739130435
3 0.21047120418848167 0.5576086956521739 0.009947643979057591 0.01956521739130435
3 0.2157068062827225 0.5836956521739131 0.009947643979057591 0.01956521739130435
3 0.24397905759162303 0.6097826086956522 0.007853403141361256 0.01956521739130435
3 0.20209424083769634 0.6358695652173914 0.005759162303664921 0.01956521739130435
3 0.2089005235602094 0.6619565217391304 0.005759162303664921 0.01956521739130435
3 0.21151832460732983 0.7467391304347826 0.014136125654450262 0.01956521739130435
3 0.2780104712041885 0.8315217391304348 0.013612565445026177 0.01956521739130435
3 0.2256544502617801 0.9163043478260869 0.014136125654450262 0.01956521739130435
3 0.21204188481675393 0.9423913043478261 0.007853403141361256 0.01956521739130435
3 0.22094240837696336 0.06956521739130435 0.060209424083769635 0.021739130434782608
3 0.21675392670157068 0.09021739130434783 0.060209424083769635 0.021739130434782608
3 0.22198952879581152 0.15434782608695652 0.0774869109947644 0.021739130434782608
3 0.29476439790575915 0.15434782608695652 0.048167539267015703 0.021739130434782608
3 0.2162303664921466 0.17608695652173914 0.06596858638743455 0.021739130434782608
3 0.24659685863874345 0.18695652173913044 0.12722513089005236 0.043478260869565216
3 0.24083769633507854 0.19782608695652174 0.03926701570680628 0.021739130434782608