0 0.5912698412698413 0.02032967032967033 0.02486772486772487 0.04065934065934066
0 0.7386243386243386 0.15494505494505495 0.059788359788359786 0.015384615384615385
1 0.723015873015873 0.020879120879120878 0.18042328042328043 0.041758241758241756
1 0.4142857142857143 0.35274725274725277 0.15026455026455027 0.3120879120879121
1 0.573015873015873 0.35274725274725277 0.15026455026455027 0.3120879120879121
1 0.7317460317460317 0.35274725274725277 0.15026455026455027 0.3120879120879121
1 0.22380952380952382 0.01978021978021978 0.07089947089947089 0.03736263736263736
2 0.4452380952380952 0.02032967032967033 0.31693121693121695 0.04065934065934066
2 0.4582010582010582 0.01868131868131868 0.007407407407407408 0.015384615384615385
3 0.5126984126984127 0.01978021978021978 0.1328042328042328 0.02857142857142857
3 0.3873015873015873 0.5824175824175825 0.07513227513227513 0.020879120879120878
3 0.526984126984127 0.6 0.03756613756613757 0.015384615384615385
3 0.6857142857142857 0.6 0.03756613756613757 0.015384615384615385
3 0.517989417989418 0.01868131868131868 0.10740740740740741 0.02197802197802198
3 0.517989417989418 0.01868131868131868 0.10740740740740741 0.02197802197802198
3 0.2582010582010582 0.23406593406593407 0.14708994708994708 0.03296703296703297
3 0.4142857142857143 0.6263736263736264 0.1291005291005291 0.03956043956043956
3 0.573015873015873 0.6406593406593407 0.1291005291005291 0.03956043956043956
3 0.7317460317460317 0.6406593406593407 0.1291005291005291 0.03956043956043956
3 0.34973544973544973 0.07582417582417582 0.023809523809523808 0.02197802197802198
3 0.38465608465608464 0.07582417582417582 0.026455026455026454 0.02197802197802198
3 0.4312169312169312 0.07582417582417582 0.047619047619047616 0.02197802197802198
3 0.47354497354497355 0.07582417582417582 0.018518518518518517 0.02197802197802198
3 0.5042328042328043 0.07582417582417582 0.023809523809523808 0.02197802197802198
3 0.535978835978836 0.07582417582417582 0.020634920634920634 0.02197802197802198
3 0.1925925925925926 0.5263736263736264 0.0164021164021164 0.01978021978021978
3 0.19894179894179895 0.5527472527472528 0.02857142857142857 0.01978021978021978
3 0.19576719576719576 0.5791208791208792 0.022222222222222223 0.01978021978021978
3 0.19947089947089947 0.6054945054945055 0.02962962962962963 0.01978021978021978
3 0.2216931216931217 0.6318681318681318 0.07407407407407407 0.01978021978021978
3 0.21587301587301588 0.6582417582417582 0.06296296296296296 0.01978021978021978
3 0.19153439153439153 0.6846153846153846 0.014285714285714285 0.01978021978021978
3 0.2021164021164021 0.710989010989011 0.03492063492063492 0.01978021978021978
3 0.19470899470899472 0.7373626373626374 0.020105820105820106 0.01978021978021978
3 0.19417989417989417 0.8527472527472527 0.01904761904761905 0.01978021978021978
3 0.2275132275132275 0.9384615384615385 0.08624338624338625 0.01978021978021978
3 0.2105820105820106 0.5263736263736264 0.013756613756613757 0.01978021978021978
3 0.22328042328042327 0.5527472527472528 0.013756613756613757 0.01978021978021978
3 0.21587301587301588 0.5791208791208792 0.01216931216931217 0.01978021978021978
3 0.2216931216931217 0.6054945054945055 0.009523809523809525 0.01978021978021978
3 0.2677248677248677 0.6318681318681318 0.01164021164021164 0.01978021978021978
3 0.2566137566137566 0.6582417582417582 0.01216931216931217 0.01978021978021978
3 0.20582010582010582 0.6846153846153846 0.007936507936507936 0.01978021978021978
3 0.22592592592592592 0.710989010989011 0.007407407407407408 0.01978021978021978
3 0.2111111111111111 0.7373626373626374 0.007407407407407408 0.01978021978021978
3 0.21428571428571427 0.8527472527472527 0.015873015873015872 0.01978021978021978
3 0.27936507936507937 0.9384615384615385 0.01164021164021164 0.01978021978021978
3 0.22275132275132276 0.05934065934065934 0.06084656084656084 0.02197802197802198
3 0.21851851851851853 0.08021978021978023 0.06084656084656084 0.02197802197802198
3 0.22380952380952382 0.14505494505494507 0.07830687830687831 0.02197802197802198
3 0.29735449735449737 0.14505494505494507 0.04867724867724868 0.02197802197802198
3 0.21798941798941798 0.16703296703296702 0.06666666666666667 0.02197802197802198
3 0.24867724867724866 0.17802197802197803 0.12857142857142856 0.04395604395604396