0 0.5992562929061785 0.0172209026128266 0.02688787185354691 0.0344418052256532
0 0.7585812356979404 0.15795724465558195 0.06464530892448513 0.0166270783847981
1 0.7417048054919908 0.017814726840855107 0.1950800915331808 0.035629453681710214
1 0.40789473684210525 0.37173396674584325 0.16247139588100687 0.33729216152019004
1 0.5795194508009154 0.37173396674584325 0.16247139588100687 0.33729216152019004
1 0.7511441647597255 0.37173396674584325 0.16247139588100687 0.33729216152019004
1 0.20223112128146453 0.0166270783847981 0.07723112128146453 0.0332541567695962
2 0.44136155606407323 0.0172209026128266 0.3426773455377574 0.0344418052256532
2 0.46510297482837526 0.010688836104513063 0.008009153318077803 0.0166270783847981
3 0.5197368421052632 0.014251781472684086 0.13443935926773457 0.028503562945368172
3 0.5394736842105263 0.6199524940617577 0.059496567505720827 0.022565320665083134
3 0.7110983981693364 0.6199524940617577 0.059496567505720827 0.022565320665083134
3 0.5254576659038902 0.011876484560570071 0.10697940503432495 0.023752969121140142
3 0.5254576659038902 0.011876484560570071 0.10697940503432495 0.023752969121140142
3 0.2391304347826087 0.24346793349168647 0.15903890160183065 0.035629453681710214
3 0.40789473684210525 0.6781472684085511 0.13958810068649885 0.04275534441805225
3 0.5795194508009154 0.667458432304038 0.13958810068649885 0.04275534441805225
3 0.7511441647597255 0.667458432304038 0.13958810068649885 0.04275534441805225
3 0.33810068649885583 0.07244655581947744 0.02574370709382151 0.023752969121140142
3 0.37585812356979403 0.07244655581947744 0.028604118993135013 0.023752969121140142
3 0.42620137299771166 0.07244655581947744 0.05148741418764302 0.023752969121140142
3 0.4719679633867277 0.07244655581947744 0.02002288329519451 0.023752969121140142
3 0.5051487414187643 0.07244655581947744 0.02574370709382151 0.023752969121140142
3 0.5394736842105263 0.07244655581947744 0.02231121281464531 0.023752969121140142
3 0.16990846681922198 0.5593824228028503 0.020594965675057208 0.021377672209026127
3 0.20594965675057209 0.6520190023752969 0.09324942791762014 0.021377672209026127
3 0.17734553775743708 0.7446555819477435 0.03546910755148741 0.021377672209026127
3 0.17791762013729978 0.8657957244655582 0.03718535469107551 0.021377672209026127
3 0.17105263157894737 0.9584323040380047 0.02288329519450801 0.021377672209026127
3 0.17105263157894737 0.9869358669833729 0.02288329519450801 0.021377672209026127
3 0.19164759725400457 0.5593824228028503 0.017162471395881007 0.021377672209026127
3 0.2637299771167048 0.6520190023752969 0.016018306636155607 0.021377672209026127
3 0.20709382151029748 0.7446555819477435 0.017734553775743706 0.021377672209026127
3 0.19107551487414187 0.7731591448931117 0.008009153318077803 0.021377672209026127
3 0.20709382151029748 0.8657957244655582 0.014874141876430207 0.021377672209026127
3 0.19336384439359267 0.9584323040380047 0.015446224256292907 0.021377672209026127
3 0.19279176201372997 0.9869358669833729 0.014874141876430207 0.021377672209026127
3 0.20080091533180777 0.05463182897862233 0.06578947368421052 0.023752969121140142
3 0.19622425629290619 0.07719714964370546 0.06578947368421052 0.023752969121140142
3 0.20194508009153317 0.14726840855106887 0.08466819221967964 0.023752969121140142
3 0.2814645308924485 0.14726840855106887 0.05263157894736842 0.023752969121140142
3 0.20022883295194507 0.171021377672209 0.08180778032036613 0.023752969121140142
3 0.22826086956521738 0.1828978622327791 0.13787185354691076 0.047505938242280284