0 0.584375 0.02918918918918919 0.023958333333333335 0.04216216216216216
0 0.20625 0.3372972972972973 0.010416666666666666 0.021621621621621623
0 0.24166666666666667 0.3372972972972973 0.010416666666666666 0.021621621621621623
0 0.284375 0.3372972972972973 0.010416666666666666 0.021621621621621623
0 0.21979166666666666 0.3762162162162162 0.010416666666666666 0.021621621621621623
0 0.2526041666666667 0.3762162162162162 0.010416666666666666 0.021621621621621623
0 0.7296875 0.1989189189189189 0.058854166666666666 0.015135135135135135
0 0.2234375 0.20972972972972972 0.04635416666666667 0.04108108108108108
0 0.2864583333333333 0.20972972972972972 0.07552083333333333 0.04108108108108108
1 0.7140625 0.03027027027027027 0.17708333333333334 0.04216216216216216
1 0.390625 0.3481081081081081 0.08333333333333333 0.17297297297297298
1 0.390625 0.5654054054054054 0.08333333333333333 0.17297297297297298
1 0.390625 0.7827027027027027 0.08333333333333333 0.17297297297297298
2 0.440625 0.02918918918918919 0.31145833333333334 0.04216216216216216
2 0.4979166666666667 0.02918918918918919 0.007291666666666667 0.015135135135135135
3 0.1828125 0 0 0
3 0.22291666666666668 0.03027027027027027 0.06979166666666667 0.036756756756756756
3 0.6729166666666667 0.08540540540540541 0.057291666666666664 0.021621621621621623
3 0.71875 0.08540540540540541 0.034375 0.021621621621621623
3 0.7609375 0.08540540540540541 0.050520833333333334 0.021621621621621623
3 0.21770833333333334 0.07783783783783783 0.06927083333333334 0.043243243243243246
3 0.30520833333333336 0.08540540540540541 0.04114583333333333 0.021621621621621623
3 0.346875 0.08540540540540541 0.0234375 0.021621621621621623
3 0.38125 0.08540540540540541 0.026041666666666668 0.021621621621621623
3 0.4270833333333333 0.08540540540540541 0.046875 0.021621621621621623
3 0.46875 0.08540540540540541 0.018229166666666668 0.021621621621621623
3 0.49895833333333334 0.08540540540540541 0.0234375 0.021621621621621623
3 0.5302083333333333 0.08540540540540541 0.0203125 0.021621621621621623
3 0.7963541666666667 0.08324324324324324 0.013020833333333334 0.022702702702702703
3 0.7140625 0.03351351351351351 0.17708333333333334 0.04756756756756757
3 0.296875 0.13513513513513514 0.05625 0.021621621621621623
3 0.34791666666666665 0.13513513513513514 0.025520833333333333 0.021621621621621623
3 0.40260416666666665 0.13513513513513514 0.06354166666666666 0.021621621621621623
3 0.453125 0.13513513513513514 0.015625 0.021621621621621623
3 0.4864583333333333 0.13513513513513514 0.03177083333333333 0.021621621621621623
3 0.22604166666666667 0.1891891891891892 0.08385416666666666 0.021621621621621623
3 0.29583333333333334 0.1891891891891892 0.0359375 0.021621621621621623
3 0.19947916666666668 0.3372972972972973 0.030208333333333334 0.02810810810810811
3 0.234375 0.3372972972972973 0.030208333333333334 0.02810810810810811
3 0.2734375 0.3372972972972973 0.0375 0.02810810810810811
3 0.20572916666666666 0.3762162162162162 0.043229166666666666 0.02810810810810811
3 0.246875 0.3762162162162162 0.028125 0.02810810810810811
3 0.29322916666666665 0.46378378378378377 0.016666666666666666 0.017297297297297298
3 0.29322916666666665 0.5351351351351351 0.016666666666666666 0.017297297297297298
3 0.22291666666666668 0.6486486486486487 0.07760416666666667 0.01945945945945946
3 0.20677083333333332 0.7329729729729729 0.0453125 0.01945945945945946
3 0.23177083333333334 0.7589189189189189 0.0953125 0.01945945945945946
3 0.20729166666666668 0.8432432432432433 0.04583333333333333 0.01945945945945946
3 0.19947916666666668 0.8691891891891892 0.030729166666666665 0.01945945945945946
3 0.20625 0.9535135135135135 0.044270833333333336 0.01945945945945946
3 0.7807291666666667 0.20108108108108108 0.008333333333333333 0.017297297297297298
3 0.7932291666666667 0.20108108108108108 0.008333333333333333 0.017297297297297298
3 0.390625 0.3481081081081081 0.08333333333333333 0.17297297297297298
3 0.6078125 0.3145945945945946 0.3265625 0.02810810810810811
3 0.6078125 0.3362162162162162 0.3265625 0.015135135135135135
3 0.390625 0.5654054054054054 0.08333333333333333 0.17297297297297298
3 0.6078125 0.492972972972973 0.3265625 0.02810810810810811
3 0.6078125 0.5145945945945946 0.3265625 0.015135135135135135
3 0.390625 0.7827027027027027 0.08333333333333333 0.17297297297297298
3 0.6078125 0.7102702702702702 0.3265625 0.02810810810810811
3 0.6078125 0.7318918918918919 0.3265625 0.015135135135135135
3 0.6078125 0.9275675675675675 0.3265625 0.02810810810810811
3 0.6078125 0.9491891891891892 0.3265625 0.015135135135135135
3 0.5296875 0.03027027027027027 0.08645833333333333 0.02810810810810811
3 0.6078125 0.3362162162162162 0.3265625 0.015135135135135135
3 0.475 0.4097297297297297 0.0609375 0.02054054054054054
3 0.6078125 0.5145945945945946 0.3265625 0.015135135135135135
3 0.49375 0.5881081081081081 0.09791666666666667 0.02054054054054054
3 0.6078125 0.7318918918918919 0.3265625 0.015135135135135135
3 0.475 0.8054054054054054 0.0609375 0.02054054054054054
3 0.6078125 0.9491891891891892 0.3265625 0.015135135135135135
3 0.5348958333333333 0.02918918918918919 0.06145833333333333 0.021621621621621623
3 0.5348958333333333 0.02918918918918919 0.06145833333333333 0.021621621621621623
3 0.25677083333333334 0.24972972972972973 0.14479166666666668 0.06486486486486487
3 0.6078125 0.3145945945945946 0.3265625 0.02810810810810811
3 0.6078125 0.492972972972973 0.3265625 0.02810810810810811
3 0.6078125 0.7102702702702702 0.3265625 0.02810810810810811
3 0.6078125 0.9275675675675675 0.3265625 0.02810810810810811
3 0.26875 0.1545945945945946 0.13697916666666668 0.043243243243243246