0 0.57 0.016255605381165918 0.025405405405405406 0.032511210762331835
0 0.7205405405405405 0.1491031390134529 0.06108108108108108 0.01569506726457399
1 0.7045945945945946 0.016816143497757848 0.18432432432432433 0.033632286995515695
1 0.3891891891891892 0.3508968609865471 0.1535135135135135 0.3183856502242152
1 0.5513513513513514 0.3508968609865471 0.1535135135135135 0.3183856502242152
1 0.7135135135135136 0.3508968609865471 0.1535135135135135 0.3183856502242152
1 0.19486486486486487 0.01569506726457399 0.07297297297297298 0.03139013452914798
2 0.4208108108108108 0.016255605381165918 0.3237837837837838 0.032511210762331835
2 0.5005405405405405 0.010089686098654708 0.0075675675675675675 0.01569506726457399
3 0.5235135135135135 0.013452914798206279 0.06972972972972973 0.026905829596412557
3 0.36162162162162165 0.5852017937219731 0.07675675675675675 0.021300448430493273
3 0.5237837837837838 0.5852017937219731 0.07675675675675675 0.021300448430493273
3 0.6859459459459459 0.6300448430493274 0.07675675675675675 0.021300448430493273
3 0.528918918918919 0.011210762331838564 0.04378378378378378 0.02242152466367713
3 0.528918918918919 0.011210762331838564 0.04378378378378378 0.02242152466367713
3 0.22972972972972974 0.22982062780269058 0.15027027027027026 0.033632286995515695
3 0.3891891891891892 0.6300448430493274 0.1318918918918919 0.04035874439461883
3 0.5513513513513514 0.6300448430493274 0.1318918918918919 0.04035874439461883
3 0.7135135135135136 0.6748878923766816 0.1318918918918919 0.04035874439461883
3 0.3232432432432432 0.06838565022421525 0.024324324324324326 0.02242152466367713
3 0.3589189189189189 0.06838565022421525 0.02702702702702703 0.02242152466367713
3 0.4064864864864865 0.06838565022421525 0.04864864864864865 0.02242152466367713
3 0.44972972972972974 0.06838565022421525 0.01891891891891892 0.02242152466367713
3 0.4810810810810811 0.06838565022421525 0.024324324324324326 0.02242152466367713
3 0.5135135135135135 0.06838565022421525 0.02108108108108108 0.02242152466367713
3 0.18972972972972973 0.5280269058295964 0.07027027027027027 0.020179372197309416
3 0.16864864864864865 0.6154708520179372 0.028648648648648647 0.020179372197309416
3 0.18216216216216216 0.6423766816143498 0.055675675675675676 0.020179372197309416
3 0.1643243243243243 0.6692825112107623 0.02 0.020179372197309416
3 0.18972972972972973 0.6961883408071748 0.07081081081081081 0.020179372197309416
3 0.17621621621621622 0.7230941704035875 0.04378378378378378 0.020179372197309416
3 0.17027027027027028 0.75 0.03135135135135135 0.020179372197309416
3 0.16702702702702701 0.7769058295964125 0.025405405405405406 0.020179372197309416
3 0.1772972972972973 0.8038116591928252 0.04594594594594595 0.020179372197309416
3 0.16756756756756758 0.8307174887892377 0.025945945945945945 0.020179372197309416
3 0.1772972972972973 0.9484304932735426 0.04540540540540541 0.020179372197309416
3 0.16594594594594594 0.9753363228699552 0.022702702702702703 0.020179372197309416
3 0.15972972972972974 0.9955156950672646 0.01027027027027027 0.006726457399103139
3 0.23027027027027028 0.5280269058295964 0.005405405405405406 0.020179372197309416
3 0.19405405405405404 0.6154708520179372 0.015135135135135135 0.020179372197309416
3 0.21945945945945947 0.6423766816143498 0.011891891891891892 0.020179372197309416
3 0.18162162162162163 0.6692825112107623 0.0075675675675675675 0.020179372197309416
3 0.23189189189189188 0.6961883408071748 0.0075675675675675675 0.020179372197309416
3 0.20486486486486485 0.7230941704035875 0.0075675675675675675 0.020179372197309416
3 0.19135135135135134 0.75 0.005405405405405406 0.020179372197309416
3 0.18594594594594593 0.7769058295964125 0.005945945945945946 0.020179372197309416
3 0.20594594594594595 0.8038116591928252 0.005405405405405406 0.020179372197309416
3 0.18594594594594593 0.8307174887892377 0.005405405405405406 0.020179372197309416
3 0.20864864864864865 0.9484304932735426 0.011891891891891892 0.020179372197309416
3 0.1854054054054054 0.9753363228699552 0.011351351351351352 0.020179372197309416
3 0.17324324324324325 0.9955156950672646 0.012432432432432432 0.006726457399103139
3 0.1935135135135135 0.0515695067264574 0.062162162162162166 0.02242152466367713
3 0.1891891891891892 0.07286995515695067 0.062162162162162166 0.02242152466367713
3 0.1945945945945946 0.13901345291479822 0.08 0.02242152466367713
3 0.26972972972972975 0.13901345291479822 0.04972972972972973 0.02242152466367713
3 0.18864864864864864 0.16143497757847533 0.0681081081081081 0.02242152466367713
3 0.22 0.1726457399103139 0.13135135135135134 0.04484304932735426
3 0.20216216216216215 0.18385650224215247 0.016216216216216217 0.02242152466367713