0 0.5879032258064516 0.010602678571428572 0.025268817204301075 0.021205357142857144
0 0.7376344086021506 0.13727678571428573 0.06075268817204301 0.015625
1 0.7217741935483871 0.011160714285714286 0.18333333333333332 0.022321428571428572
1 0.4080645161290323 0.33816964285714285 0.15268817204301074 0.3169642857142857
1 0.5693548387096774 0.33816964285714285 0.15268817204301074 0.3169642857142857
1 0.7306451612903225 0.33816964285714285 0.15268817204301074 0.3169642857142857
1 0.21478494623655914 0.010044642857142858 0.07258064516129033 0.020089285714285716
2 0.43951612903225806 0.010602678571428572 0.32204301075268815 0.021205357142857144
2 0.5190860215053763 0.00390625 0.008064516129032258 0.0078125
3 0.5416666666666666 0.0078125 0.06935483870967742 0.015625
3 0.38064516129032255 0.5714285714285714 0.07634408602150537 0.021205357142857144
3 0.5419354838709678 0.5714285714285714 0.07634408602150537 0.021205357142857144
3 0.7032258064516129 0.6160714285714286 0.07634408602150537 0.021205357142857144
3 0.5470430107526881 0.005580357142857143 0.043548387096774194 0.011160714285714286
3 0.5470430107526881 0.005580357142857143 0.043548387096774194 0.011160714285714286
3 0.24946236559139784 0.21763392857142858 0.14946236559139786 0.033482142857142856
3 0.4080645161290323 0.6160714285714286 0.13118279569892474 0.04017857142857143
3 0.5693548387096774 0.6160714285714286 0.13118279569892474 0.04017857142857143
3 0.7306451612903225 0.6607142857142857 0.13118279569892474 0.04017857142857143
3 0.3424731182795699 0.056919642857142856 0.024193548387096774 0.022321428571428572
3 0.3779569892473118 0.056919642857142856 0.026881720430107527 0.022321428571428572
3 0.4252688172043011 0.056919642857142856 0.04838709677419355 0.022321428571428572
3 0.4682795698924731 0.056919642857142856 0.01881720430107527 0.022321428571428572
3 0.49946236559139784 0.056919642857142856 0.024193548387096774 0.022321428571428572
3 0.5317204301075269 0.056919642857142856 0.020967741935483872 0.022321428571428572
3 0.20967741935483872 0.5145089285714286 0.06989247311827956 0.020089285714285716
3 0.18870967741935485 0.6015625 0.02849462365591398 0.020089285714285716
3 0.2021505376344086 0.6283482142857143 0.0553763440860215 0.020089285714285716
3 0.18440860215053764 0.6551339285714286 0.01989247311827957 0.020089285714285716
3 0.20967741935483872 0.6819196428571429 0.07043010752688172 0.020089285714285716
3 0.19623655913978494 0.7087053571428571 0.043548387096774194 0.020089285714285716
3 0.19032258064516128 0.7354910714285714 0.03118279569892473 0.020089285714285716
3 0.1870967741935484 0.7622767857142857 0.025268817204301075 0.020089285714285716
3 0.19731182795698926 0.7890625 0.0456989247311828 0.020089285714285716
3 0.18763440860215053 0.8158482142857143 0.025806451612903226 0.020089285714285716
3 0.19731182795698926 0.9330357142857143 0.04516129032258064 0.020089285714285716
3 0.1860215053763441 0.9598214285714286 0.02258064516129032 0.020089285714285716
3 0.17956989247311828 0.9866071428571429 0.00967741935483871 0.020089285714285716
3 0.25 0.5145089285714286 0.005376344086021506 0.020089285714285716
3 0.21397849462365592 0.6015625 0.015053763440860216 0.020089285714285716
3 0.239247311827957 0.6283482142857143 0.011827956989247311 0.020089285714285716
3 0.20161290322580644 0.6551339285714286 0.007526881720430108 0.020089285714285716
3 0.25161290322580643 0.6819196428571429 0.007526881720430108 0.020089285714285716
3 0.22473118279569892 0.7087053571428571 0.007526881720430108 0.020089285714285716
3 0.21129032258064517 0.7354910714285714 0.005376344086021506 0.020089285714285716
3 0.20591397849462365 0.7622767857142857 0.005913978494623656 0.020089285714285716
3 0.22580645161290322 0.7890625 0.005376344086021506 0.020089285714285716
3 0.20591397849462365 0.8158482142857143 0.005376344086021506 0.020089285714285716
3 0.22849462365591397 0.9330357142857143 0.011827956989247311 0.020089285714285716
3 0.2053763440860215 0.9598214285714286 0.01129032258064516 0.020089285714285716
3 0.19301075268817205 0.9866071428571429 0.011827956989247311 0.020089285714285716
3 0.21344086021505376 0.04017857142857143 0.06182795698924731 0.022321428571428572
3 0.20913978494623656 0.06138392857142857 0.06182795698924731 0.022321428571428572
3 0.21451612903225806 0.12723214285714285 0.07956989247311828 0.022321428571428572
3 0.289247311827957 0.12723214285714285 0.04946236559139785 0.022321428571428572
3 0.2086021505376344 0.14955357142857142 0.06774193548387097 0.022321428571428572
3 0.23978494623655913 0.16071428571428573 0.13064516129032258 0.044642857142857144
3 0.22204301075268817 0.171875 0.016129032258064516 0.022321428571428572