0 0.5997237569060774 0.005160550458715597 0.025966850828729283 0.010321100917431193
0 0.7066298342541436 0.8119266055045872 0.13701657458563535 0.020642201834862386
0 0.7259668508287292 0.8772935779816514 0.17569060773480663 0.05504587155963303
0 0.7259668508287292 0.9415137614678899 0.17569060773480663 0.05504587155963303
1 0.737292817679558 0.005733944954128441 0.18839779005524862 0.011467889908256881
1 0.2005524861878453 0.22018348623853212 0.02430939226519337 0.05045871559633028
1 0.41104972375690607 0.5057339449541285 0.36906077348066296 0.536697247706422
1 0.2005524861878453 0.2889908256880734 0.02430939226519337 0.05045871559633028
1 0.2005524861878453 0.3577981651376147 0.02430939226519337 0.05045871559633028
1 0.21629834254143646 0.0045871559633027525 0.07458563535911603 0.009174311926605505
2 0.4472375690607735 0.005160550458715597 0.330939226519337 0.010321100917431193
3 0.6779005524861879 0.44036697247706424 0.08011049723756906 0.020642201834862386
3 0.6889502762430939 0.7087155963302753 0.10165745856353592 0.020642201834862386
3 0.2005524861878453 0.23853211009174313 0.027624309392265192 0.02522935779816514
3 0.2005524861878453 0.3073394495412844 0.027624309392265192 0.02522935779816514
3 0.2005524861878453 0.3761467889908257 0.027624309392265192 0.02522935779816514
3 0.2005524861878453 0.23853211009174313 0.027624309392265192 0.02522935779816514
3 0.2005524861878453 0.3073394495412844 0.027624309392265192 0.02522935779816514
3 0.2005524861878453 0.3761467889908257 0.027624309392265192 0.02522935779816514
3 0.7154696132596685 0.29243119266055045 0.1552486187845304 0.0860091743119266
3 0.7342541436464088 0.5114678899082569 0.1591160220994475 0.022935779816513763
3 0.7331491712707182 0.5825688073394495 0.16077348066298341 0.022935779816513763
3 0.7331491712707182 0.606651376146789 0.16077348066298341 0.020642201834862386
3 0.6889502762430939 0.6880733944954128 0.10165745856353592 0.0194954128440367
3 0.6707182320441989 0.7672018348623854 0.06519337016574586 0.022935779816513763
3 0.3475138121546961 0.047018348623853214 0.024861878453038673 0.022935779816513763
3 0.3839779005524862 0.047018348623853214 0.027624309392265192 0.022935779816513763
3 0.4325966850828729 0.047018348623853214 0.049723756906077346 0.022935779816513763
3 0.4767955801104972 0.047018348623853214 0.019337016574585635 0.022935779816513763
3 0.5088397790055249 0.047018348623853214 0.024861878453038673 0.022935779816513763
3 0.541988950276243 0.047018348623853214 0.02154696132596685 0.022935779816513763
3 0.2149171270718232 0.02981651376146789 0.06353591160220995 0.022935779816513763
3 0.21049723756906077 0.051605504587155966 0.06353591160220995 0.022935779816513763
3 0.2861878453038674 0.14793577981651376 0.08176795580110498 0.016055045871559634
3 0.3624309392265193 0.14793577981651376 0.05082872928176796 0.016055045871559634
3 0.44696132596685084 0.14793577981651376 0.1 0.016055045871559634
3 0.543646408839779 0.14793577981651376 0.0718232044198895 0.016055045871559634
3 0.611049723756906 0.14793577981651376 0.04364640883977901 0.016055045871559634