0 0.5898907103825136 0.005668934240362812 0.025683060109289616 0.011337868480725623
0 0.6956284153005464 0.8038548752834467 0.1355191256830601 0.02040816326530612
0 0.7147540983606557 0.8684807256235828 0.1737704918032787 0.05442176870748299
0 0.7147540983606557 0.9319727891156463 0.1737704918032787 0.05442176870748299
1 0.7259562841530055 0.006235827664399093 0.18633879781420765 0.012471655328798186
1 0.19508196721311474 0.21882086167800455 0.024043715846994537 0.049886621315192746
1 0.40327868852459015 0.5011337868480725 0.3650273224043716 0.5306122448979592
1 0.19508196721311474 0.2868480725623583 0.024043715846994537 0.049886621315192746
1 0.19508196721311474 0.35487528344671204 0.024043715846994537 0.049886621315192746
1 0.21065573770491802 0.00510204081632653 0.07377049180327869 0.01020408163265306
2 0.4390710382513661 0.005668934240362812 0.3273224043715847 0.011337868480725623
3 0.6672131147540984 0.4365079365079365 0.07923497267759563 0.02040816326530612
3 0.6781420765027323 0.7018140589569161 0.1005464480874317 0.02040816326530612
3 0.19508196721311474 0.23696145124716553 0.0273224043715847 0.024943310657596373
3 0.19508196721311474 0.30498866213151926 0.0273224043715847 0.024943310657596373
3 0.19508196721311474 0.373015873015873 0.0273224043715847 0.024943310657596373
3 0.19508196721311474 0.23696145124716553 0.0273224043715847 0.024943310657596373
3 0.19508196721311474 0.30498866213151926 0.0273224043715847 0.024943310657596373
3 0.19508196721311474 0.373015873015873 0.0273224043715847 0.024943310657596373
3 0.7043715846994536 0.29024943310657597 0.153551912568306 0.08503401360544217
3 0.7229508196721312 0.5068027210884354 0.15737704918032788 0.022675736961451247
3 0.7218579234972677 0.5770975056689343 0.15901639344262294 0.022675736961451247
3 0.7218579234972677 0.6009070294784581 0.15901639344262294 0.02040816326530612
3 0.6781420765027323 0.68140589569161 0.1005464480874317 0.01927437641723356
3 0.6601092896174864 0.7596371882086168 0.06448087431693988 0.022675736961451247
3 0.3404371584699454 0.047619047619047616 0.02459016393442623 0.022675736961451247
3 0.3765027322404372 0.047619047619047616 0.0273224043715847 0.022675736961451247
3 0.4245901639344262 0.047619047619047616 0.04918032786885246 0.022675736961451247
3 0.46830601092896174 0.047619047619047616 0.01912568306010929 0.022675736961451247
3 0.5 0.047619047619047616 0.02459016393442623 0.022675736961451247
3 0.5327868852459017 0.047619047619047616 0.021311475409836064 0.022675736961451247
3 0.20928961748633879 0.030612244897959183 0.06284153005464481 0.022675736961451247
3 0.20491803278688525 0.05215419501133787 0.06284153005464481 0.022675736961451247
3 0.2797814207650273 0.1473922902494331 0.08087431693989071 0.015873015873015872
3 0.3551912568306011 0.1473922902494331 0.05027322404371585 0.015873015873015872
3 0.4387978142076503 0.1473922902494331 0.09890710382513661 0.015873015873015872
3 0.5344262295081967 0.1473922902494331 0.07103825136612021 0.015873015873015872
3 0.6010928961748634 0.1473922902494331 0.04316939890710383 0.015873015873015872