0 0.628370786516854 0.0227803738317757 0.026404494382022473 0.0455607476635514
0 0.7848314606741573 0.16705607476635514 0.06348314606741573 0.016355140186915886
1 0.7679775280898876 0.02336448598130841 0.19101123595505617 0.0455607476635514
1 0.4404494382022472 0.3773364485981308 0.15955056179775282 0.3317757009345794
1 0.6089887640449438 0.3773364485981308 0.15955056179775282 0.3317757009345794
1 0.7775280898876404 0.3773364485981308 0.15955056179775282 0.3317757009345794
1 0.23820224719101124 0.02336448598130841 0.07528089887640449 0.0397196261682243
2 0.47331460674157305 0.0227803738317757 0.3365168539325843 0.0455607476635514
2 0.5224719101123596 0.02219626168224299 0.007865168539325843 0.016355140186915886
3 0.5629213483146067 0.02336448598130841 0.10561797752808989 0.030373831775700934
3 0.41235955056179774 0.6682242990654206 0.08089887640449438 0.02219626168224299
3 0.5696629213483146 0.6214953271028038 0.058426966292134834 0.02219626168224299
3 0.748876404494382 0.6214953271028038 0.07977528089887641 0.02219626168224299
3 0.7775280898876404 0.6985981308411215 0.13707865168539327 0.015186915887850467
3 0.5685393258426966 0.02219626168224299 0.07865168539325842 0.02336448598130841
3 0.5685393258426966 0.02219626168224299 0.07865168539325842 0.02336448598130841
3 0.2747191011235955 0.2044392523364486 0.15617977528089888 0.035046728971962614
3 0.4404494382022472 0.7149532710280374 0.13707865168539327 0.04205607476635514
3 0.6089887640449438 0.6682242990654206 0.13707865168539327 0.04205607476635514
3 0.7775280898876404 0.6682242990654206 0.13707865168539327 0.04205607476635514
3 0.37191011235955057 0.08294392523364486 0.025280898876404494 0.02336448598130841
3 0.40898876404494383 0.08294392523364486 0.028089887640449437 0.02336448598130841
3 0.4584269662921348 0.08294392523364486 0.05056179775280899 0.02336448598130841
3 0.503370786516854 0.08294392523364486 0.019662921348314606 0.02336448598130841
3 0.5359550561797752 0.08294392523364486 0.025280898876404494 0.02336448598130841
3 0.5696629213483146 0.08294392523364486 0.021910112359550562 0.02336448598130841
3 0.23314606741573032 0.5151869158878505 0.07303370786516854 0.02102803738317757
3 0.25224719101123594 0.6063084112149533 0.11179775280898877 0.02102803738317757
3 0.24044943820224718 0.6343457943925234 0.08820224719101123 0.02102803738317757
3 0.24213483146067416 0.6623831775700935 0.09101123595505618 0.02102803738317757
3 0.23202247191011235 0.6904205607476636 0.07078651685393259 0.02102803738317757
3 0.23820224719101124 0.7184579439252337 0.08370786516853933 0.02102803738317757
3 0.22303370786516855 0.7464953271028038 0.052808988764044947 0.02102803738317757
3 0.23314606741573032 0.7745327102803738 0.07359550561797752 0.02102803738317757
3 0.20617977528089887 0.802570093457944 0.019101123595505618 0.02102803738317757
3 0.20674157303370785 0.8936915887850467 0.020224719101123594 0.02102803738317757
3 0.24213483146067416 0.9848130841121495 0.09157303370786517 0.02102803738317757
3 0.2786516853932584 0.5151869158878505 0.012921348314606741 0.02102803738317757
3 0.31910112359550563 0.6063084112149533 0.016292134831460674 0.02102803738317757
3 0.2943820224719101 0.6343457943925234 0.012359550561797753 0.02102803738317757
3 0.2955056179775281 0.6623831775700935 0.010112359550561797 0.02102803738317757
3 0.27640449438202247 0.6904205607476636 0.012359550561797753 0.02102803738317757
3 0.28707865168539326 0.7184579439252337 0.007865168539325843 0.02102803738317757
3 0.25674157303370787 0.7464953271028038 0.007865168539325843 0.02102803738317757
3 0.27584269662921346 0.7745327102803738 0.0056179775280898875 0.02102803738317757
3 0.22359550561797753 0.802570093457944 0.010674157303370787 0.02102803738317757
3 0.2258426966292135 0.8936915887850467 0.012359550561797753 0.02102803738317757
3 0.298314606741573 0.9848130841121495 0.014606741573033709 0.02102803738317757
3 0.23707865168539327 0.06542056074766354 0.06460674157303371 0.02336448598130841
3 0.23258426966292134 0.08761682242990654 0.06460674157303371 0.02336448598130841
3 0.23820224719101124 0.15654205607476634 0.08314606741573034 0.02336448598130841
3 0.3162921348314607 0.15654205607476634 0.051685393258426963 0.02336448598130841