0 0.5946969696969697 0.009685230024213076 0.027389277389277388 0.01937046004842615
0 0.756993006993007 0.14527845036319612 0.06585081585081586 0.01694915254237288
1 0.7398018648018648 0.010290556900726392 0.1987179487179487 0.020581113801452784
1 0.3997668997668998 0.36319612590799033 0.1655011655011655 0.34382566585956414
1 0.5745920745920746 0.36319612590799033 0.1655011655011655 0.34382566585956414
1 0.7494172494172494 0.36319612590799033 0.1655011655011655 0.34382566585956414
1 0.19026806526806528 0.009079903147699757 0.07867132867132867 0.018159806295399514
2 0.43385780885780884 0.009685230024213076 0.34906759906759904 0.01937046004842615
2 0.48513986013986016 0.002421307506053269 0.008741258741258742 0.004842615012106538
3 0.5270979020979021 0.006658595641646489 0.11013986013986014 0.013317191283292978
3 0.358974358974359 0.6852300242130751 0.06060606060606061 0.023002421307506054
3 0.5337995337995338 0.6162227602905569 0.06060606060606061 0.023002421307506054
3 0.7086247086247086 0.6162227602905569 0.06060606060606061 0.023002421307506054
3 0.5329254079254079 0.00423728813559322 0.08216783216783216 0.00847457627118644
3 0.5329254079254079 0.00423728813559322 0.08216783216783216 0.00847457627118644
3 0.22785547785547786 0.18401937046004843 0.16200466200466201 0.03631961259079903
3 0.3997668997668998 0.7336561743341404 0.14219114219114218 0.043583535108958835
3 0.5745920745920746 0.6646489104116223 0.14219114219114218 0.043583535108958835
3 0.7494172494172494 0.6646489104116223 0.14219114219114218 0.043583535108958835
3 0.32867132867132864 0.05811138014527845 0.026223776223776224 0.024213075060532687
3 0.36713286713286714 0.05811138014527845 0.029137529137529136 0.024213075060532687
3 0.4184149184149184 0.05811138014527845 0.05244755244755245 0.024213075060532687
3 0.46503496503496505 0.05811138014527845 0.020396270396270396 0.024213075060532687
3 0.4988344988344988 0.05811138014527845 0.026223776223776224 0.024213075060532687
3 0.5337995337995338 0.05811138014527845 0.022727272727272728 0.024213075060532687
3 0.18473193473193472 0.5060532687651331 0.07575757575757576 0.021791767554479417
3 0.20454545454545456 0.6004842615012107 0.11596736596736597 0.021791767554479417
3 0.17424242424242425 0.6295399515738499 0.054778554778554776 0.021791767554479417
3 0.19230769230769232 0.6585956416464891 0.09149184149184149 0.021791767554479417
3 0.19405594405594406 0.6876513317191283 0.0944055944055944 0.021791767554479417
3 0.15675990675990675 0.7167070217917676 0.019813519813519812 0.021791767554479417
3 0.15734265734265734 0.8111380145278451 0.02097902097902098 0.021791767554479417
3 0.19405594405594406 0.9055690072639225 0.09498834498834499 0.021791767554479417
3 0.1652097902097902 0.9939467312348669 0.03671328671328671 0.009685230024213076
3 0.2296037296037296 0.5060532687651331 0.008158508158508158 0.021791767554479417
3 0.2733100233100233 0.6004842615012107 0.015151515151515152 0.021791767554479417
3 0.21561771561771562 0.6295399515738499 0.02156177156177156 0.021791767554479417
3 0.24592074592074592 0.6585956416464891 0.008158508158508158 0.021791767554479417
3 0.24825174825174826 0.6876513317191283 0.008158508158508158 0.021791767554479417
3 0.17482517482517482 0.7167070217917676 0.011072261072261072 0.021791767554479417
3 0.17832167832167833 0.8111380145278451 0.015151515151515152 0.021791767554479417
3 0.25524475524475526 0.9055690072639225 0.02156177156177156 0.021791767554479417
3 0.19842657342657344 0.9939467312348669 0.023892773892773892 0.009685230024213076
3 0.1888111888111888 0.039951573849878935 0.06701631701631702 0.024213075060532687
3 0.18414918414918416 0.06295399515738499 0.06701631701631702 0.024213075060532687
3 0.18997668997668998 0.1343825665859564 0.08624708624708624 0.024213075060532687
3 0.270979020979021 0.1343825665859564 0.053613053613053616 0.024213075060532687