0 0.5629120879120879 0.015410958904109588 0.025824175824175823 0.030821917808219176
0 0.7159340659340659 0.1495433789954338 0.06208791208791209 0.01598173515981735
1 0.6997252747252747 0.01598173515981735 0.18736263736263736 0.0319634703196347
1 0.3791208791208791 0.3550228310502283 0.15604395604395604 0.3242009132420091
1 0.5439560439560439 0.3550228310502283 0.15604395604395604 0.3242009132420091
1 0.7087912087912088 0.3550228310502283 0.15604395604395604 0.3242009132420091
1 0.1815934065934066 0.014840182648401826 0.07417582417582418 0.02968036529680365
2 0.41126373626373625 0.015410958904109588 0.3291208791208791 0.030821917808219176
2 0.4593406593406593 0.007990867579908675 0.007692307692307693 0.01598173515981735
3 0.4991758241758242 0.012557077625570776 0.10384615384615385 0.02511415525114155
3 0.34065934065934067 0.658675799086758 0.05714285714285714 0.021689497716894976
3 0.5054945054945055 0.593607305936073 0.05714285714285714 0.021689497716894976
3 0.6703296703296703 0.593607305936073 0.05714285714285714 0.021689497716894976
3 0.5046703296703297 0.010273972602739725 0.07747252747252747 0.02054794520547945
3 0.5046703296703297 0.010273972602739725 0.07747252747252747 0.02054794520547945
3 0.21703296703296704 0.1860730593607306 0.15274725274725276 0.03424657534246575
3 0.3791208791208791 0.704337899543379 0.13406593406593406 0.0410958904109589
3 0.5439560439560439 0.639269406392694 0.13406593406593406 0.0410958904109589
3 0.7087912087912088 0.639269406392694 0.13406593406593406 0.0410958904109589
3 0.3120879120879121 0.06735159817351598 0.024725274725274724 0.0228310502283105
3 0.34835164835164834 0.06735159817351598 0.027472527472527472 0.0228310502283105
3 0.3967032967032967 0.06735159817351598 0.04945054945054945 0.0228310502283105
3 0.44065934065934065 0.06735159817351598 0.019230769230769232 0.0228310502283105
3 0.4725274725274725 0.06735159817351598 0.024725274725274724 0.0228310502283105
3 0.5054945054945055 0.06735159817351598 0.02142857142857143 0.0228310502283105
3 0.17637362637362639 0.4897260273972603 0.07142857142857142 0.02054794520547945
3 0.19505494505494506 0.5787671232876712 0.10934065934065934 0.02054794520547945
3 0.16648351648351647 0.6061643835616438 0.051648351648351645 0.02054794520547945
3 0.1835164835164835 0.6335616438356164 0.08626373626373626 0.02054794520547945
3 0.18516483516483517 0.660958904109589 0.08901098901098901 0.02054794520547945
3 0.15 0.6883561643835616 0.01868131868131868 0.02054794520547945
3 0.15054945054945054 0.7773972602739726 0.01978021978021978 0.02054794520547945
3 0.18516483516483517 0.8664383561643836 0.08956043956043956 0.02054794520547945
3 0.1576923076923077 0.9554794520547946 0.03406593406593406 0.02054794520547945
3 0.21868131868131868 0.4897260273972603 0.007692307692307693 0.02054794520547945
3 0.2598901098901099 0.5787671232876712 0.014285714285714285 0.02054794520547945
3 0.20549450549450549 0.6061643835616438 0.02032967032967033 0.02054794520547945
3 0.23406593406593407 0.6335616438356164 0.007692307692307693 0.02054794520547945
3 0.23626373626373626 0.660958904109589 0.007692307692307693 0.02054794520547945
3 0.16703296703296702 0.6883561643835616 0.010439560439560439 0.02054794520547945
3 0.17032967032967034 0.7773972602739726 0.014285714285714285 0.02054794520547945
3 0.24285714285714285 0.8664383561643836 0.02032967032967033 0.02054794520547945
3 0.189010989010989 0.9554794520547946 0.02197802197802198 0.02054794520547945
3 0.17197802197802198 0.9828767123287672 0.00989010989010989 0.02054794520547945
3 0.18021978021978022 0.0502283105022831 0.06318681318681318 0.0228310502283105
3 0.17582417582417584 0.07191780821917808 0.06318681318681318 0.0228310502283105
3 0.1813186813186813 0.13926940639269406 0.08131868131868132 0.0228310502283105
3 0.25769230769230766 0.13926940639269406 0.05054945054945055 0.0228310502283105