0 0.5706521739130435 0.004750593824228029 0.02688787185354691 0.009501187648456057
0 0.2225400457665904 0.9762470308788599 0.013729977116704805 0.028503562945368172
0 0.7299771167048055 0.1330166270783848 0.06464530892448513 0.0166270783847981
1 0.7131006864988558 0.005344418052256532 0.1950800915331808 0.010688836104513063
1 0.3792906178489702 0.34679334916864607 0.16247139588100687 0.33729216152019004
1 0.5509153318077803 0.34679334916864607 0.16247139588100687 0.33729216152019004
1 0.7225400457665904 0.34679334916864607 0.16247139588100687 0.33729216152019004
1 0.17362700228832953 0.004156769596199525 0.07723112128146453 0.00831353919239905
2 0.4127574370709382 0.004750593824228029 0.3426773455377574 0.009501187648456057
2 0.14816933638443935 0.9738717339667459 0.03546910755148741 0.029691211401425176
2 0.19393592677345536 0.9738717339667459 0.03546910755148741 0.029691211401425176
3 0.3501144164759725 0.5950118764845606 0.08123569794050343 0.022565320665083134
3 0.5217391304347826 0.66270783847981 0.08123569794050343 0.022565320665083134
3 0.7048054919908466 0.5950118764845606 0.10411899313501144 0.022565320665083134
3 0.14816933638443935 0.9762470308788599 0.034324942791762014 0.03681710213776722
3 0.19393592677345536 0.9762470308788599 0.034324942791762014 0.03681710213776722
3 0.14816933638443935 0.9762470308788599 0.034324942791762014 0.03681710213776722
3 0.19393592677345536 0.9762470308788599 0.034324942791762014 0.03681710213776722
3 0.21052631578947367 0.21852731591448932 0.15903890160183065 0.035629453681710214
3 0.3792906178489702 0.6425178147268409 0.13958810068649885 0.04275534441805225
3 0.5509153318077803 0.7102137767220903 0.13958810068649885 0.04275534441805225
3 0.7225400457665904 0.6425178147268409 0.13958810068649885 0.04275534441805225
3 0.3094965675057208 0.047505938242280284 0.02574370709382151 0.023752969121140142
3 0.34725400457665906 0.047505938242280284 0.028604118993135013 0.023752969121140142
3 0.3975972540045767 0.047505938242280284 0.05148741418764302 0.023752969121140142
3 0.44336384439359267 0.047505938242280284 0.02002288329519451 0.023752969121140142
3 0.4765446224256293 0.047505938242280284 0.02574370709382151 0.023752969121140142
3 0.5108695652173914 0.047505938242280284 0.02231121281464531 0.023752969121140142
3 0.16018306636155608 0.5344418052256532 0.05892448512585812 0.021377672209026127
3 0.14130434782608695 0.5629453681710214 0.02116704805491991 0.021377672209026127
3 0.14759725400457666 0.5914489311163895 0.03318077803203661 0.021377672209026127
3 0.14588100686498856 0.6199524940617577 0.03032036613272311 0.021377672209026127
3 0.16018306636155608 0.6484560570071259 0.05835240274599542 0.021377672209026127
3 0.14187643020594964 0.6769596199524941 0.021739130434782608 0.021377672209026127
3 0.15961098398169338 0.7054631828978623 0.057208237986270026 0.021377672209026127
3 0.14016018306636155 0.7339667458432304 0.01887871853546911 0.021377672209026127
3 0.14187643020594964 0.7624703087885986 0.021739130434782608 0.021377672209026127
3 0.15446224256292906 0.8551068883610451 0.04748283752860412 0.021377672209026127
3 0.13615560640732266 0.8836104513064132 0.010869565217391304 0.021377672209026127
3 0.13615560640732266 0.9121140142517815 0.010869565217391304 0.021377672209026127
3 0.14759725400457666 0.9406175771971497 0.033752860411899316 0.021377672209026127
3 0.20080091533180777 0.5344418052256532 0.014874141876430207 0.021377672209026127
3 0.16075514874141877 0.5629453681710214 0.010869565217391304 0.021377672209026127
3 0.17276887871853547 0.5914489311163895 0.010297482837528604 0.021377672209026127
3 0.16990846681922198 0.6199524940617577 0.010869565217391304 0.021377672209026127
3 0.19679633867276888 0.6484560570071259 0.008581235697940504 0.021377672209026127
3 0.16018306636155608 0.6769596199524941 0.008009153318077803 0.021377672209026127
3 0.19393592677345536 0.7054631828978623 0.005720823798627002 0.021377672209026127
3 0.15617848970251716 0.7339667458432304 0.006292906178489702 0.021377672209026127
3 0.15903890160183065 0.7624703087885986 0.006292906178489702 0.021377672209026127
3 0.18821510297482838 0.8551068883610451 0.012585812356979404 0.021377672209026127
3 0.14988558352402745 0.8836104513064132 0.010297482837528604 0.021377672209026127
3 0.15045766590389015 0.9121140142517815 0.012013729977116704 0.021377672209026127
3 0.17448512585812356 0.9406175771971497 0.012585812356979404 0.021377672209026127
3 0.17219679633867277 0.029691211401425176 0.06578947368421052 0.023752969121140142
3 0.16762013729977115 0.052256532066508314 0.06578947368421052 0.023752969121140142
3 0.17334096109839817 0.12232779097387174 0.08466819221967964 0.023752969121140142
3 0.2528604118993135 0.12232779097387174 0.05263157894736842 0.023752969121140142
3 0.16704805491990846 0.14608076009501186 0.07208237986270023 0.023752969121140142
3 0.20022883295194507 0.15795724465558195 0.13901601830663615 0.047505938242280284
3 0.18135011441647597 0.16983372921615203 0.017162471395881007 0.023752969121140142