0 0.6191666666666666 0.021939953810623556 0.026111111111111113 0.04387990762124711
0 0.7738888888888888 0.16397228637413394 0.06277777777777778 0.016166281755196306
1 0.7575 0.022517321016166283 0.18944444444444444 0.04503464203233257
1 0.43333333333333335 0.371824480369515 0.15777777777777777 0.3279445727482679
1 0.6 0.371824480369515 0.15777777777777777 0.3279445727482679
1 0.7666666666666667 0.371824480369515 0.15777777777777777 0.3279445727482679
1 0.23333333333333334 0.021939953810623556 0.07444444444444444 0.03926096997690531
2 0.4658333333333333 0.021939953810623556 0.3327777777777778 0.04387990762124711
2 0.5044444444444445 0.020785219399538105 0.0077777777777777776 0.016166281755196306
3 0.5494444444444444 0.021939953810623556 0.11444444444444445 0.03002309468822171
3 0.40555555555555556 0.6593533487297921 0.08 0.021939953810623556
3 0.5827777777777777 0.6131639722863741 0.10111111111111111 0.021939953810623556
3 0.7277777777777777 0.6327944572748267 0.057777777777777775 0.021939953810623556
3 0.555 0.020785219399538105 0.08777777777777777 0.023094688221709007
3 0.555 0.020785219399538105 0.08777777777777777 0.023094688221709007
3 0.26944444444444443 0.2644341801385681 0.15444444444444444 0.06928406466512702
3 0.43333333333333335 0.7055427251732102 0.13555555555555557 0.04157043879907621
3 0.6 0.6593533487297921 0.13555555555555557 0.04157043879907621
3 0.7666666666666667 0.6789838337182448 0.13555555555555557 0.04157043879907621
3 0.3655555555555556 0.08083140877598152 0.025 0.023094688221709007
3 0.4022222222222222 0.08083140877598152 0.027777777777777776 0.023094688221709007
3 0.45111111111111113 0.08083140877598152 0.05 0.023094688221709007
3 0.4955555555555556 0.08083140877598152 0.019444444444444445 0.023094688221709007
3 0.5277777777777778 0.08083140877598152 0.025 0.023094688221709007
3 0.5611111111111111 0.08083140877598152 0.021666666666666667 0.023094688221709007
3 0.22833333333333333 0.5889145496535797 0.07222222222222222 0.020785219399538105
3 0.20222222222222222 0.6789838337182448 0.02 0.020785219399538105
3 0.23722222222222222 0.76905311778291 0.09055555555555556 0.020785219399538105
3 0.20944444444444443 0.859122401847575 0.034444444444444444 0.020785219399538105
3 0.21 0.976905311778291 0.03611111111111111 0.020785219399538105
3 0.27055555555555555 0.5889145496535797 0.007222222222222222 0.020785219399538105
3 0.22333333333333333 0.6789838337182448 0.017222222222222222 0.020785219399538105
3 0.29388888888888887 0.76905311778291 0.016666666666666666 0.020785219399538105
3 0.24055555555555555 0.859122401847575 0.021111111111111112 0.020785219399538105
3 0.225 0.8868360277136259 0.012777777777777779 0.020785219399538105
3 0.23833333333333334 0.976905311778291 0.015 0.020785219399538105
3 0.23222222222222222 0.06351039260969978 0.06388888888888888 0.023094688221709007
3 0.22777777777777777 0.08545034642032333 0.06388888888888888 0.023094688221709007
3 0.23333333333333334 0.1535796766743649 0.08222222222222222 0.023094688221709007
3 0.31055555555555553 0.1535796766743649 0.051111111111111114 0.023094688221709007
3 0.23722222222222222 0.1766743648960739 0.09 0.023094688221709007
3 0.30833333333333335 0.1766743648960739 0.03277777777777778 0.023094688221709007
3 0.2222222222222222 0.1997690531177829 0.06055555555555556 0.023094688221709007