0 0.13194444444444445 0.38221153846153844 0.011574074074074073 0.02403846153846154
0 0.1712962962962963 0.38221153846153844 0.011574074074074073 0.02403846153846154
0 0.21875 0.38221153846153844 0.011574074074074073 0.02403846153846154
0 0.14699074074074073 0.4254807692307692 0.011574074074074073 0.02403846153846154
0 0.18344907407407407 0.4254807692307692 0.011574074074074073 0.02403846153846154
0 0.7135416666666666 0.2283653846153846 0.06539351851851852 0.016826923076923076
0 0.7690972222222222 0.31490384615384615 0.020833333333333332 0.04326923076923077
1 0.3368055555555556 0.3942307692307692 0.09259259259259259 0.19230769230769232
1 0.3368055555555556 0.6454326923076923 0.09259259259259259 0.19230769230769232
1 0.3368055555555556 0.8870192307692307 0.09259259259259259 0.19230769230769232
3 0.578125 0.38100961538461536 0.3628472222222222 0.016826923076923076
3 0.41724537037037035 0.4807692307692308 0.041087962962962965 0.016826923076923076
3 0.578125 0.6322115384615384 0.3628472222222222 0.016826923076923076
3 0.4513888888888889 0.7139423076923077 0.1087962962962963 0.02283653846153846
3 0.578125 0.8305288461538461 0.3628472222222222 0.016826923076923076
3 0.4386574074074074 0.9122596153846154 0.08333333333333333 0.02283653846153846
3 0.1880787037037037 0.2848557692307692 0.16087962962962962 0.07211538461538461
3 0.578125 0.35697115384615385 0.3628472222222222 0.03125
3 0.578125 0.6081730769230769 0.3628472222222222 0.03125
3 0.578125 0.8064903846153846 0.3628472222222222 0.03125
3 0.2881944444444444 0.003605769230769231 0.02662037037037037 0.007211538461538462
3 0.32667824074074076 0.003605769230769231 0.029513888888888888 0.007211538461538462
3 0.3776041666666667 0.003605769230769231 0.052662037037037035 0.007211538461538462
3 0.4236111111111111 0.003605769230769231 0.020833333333333332 0.007211538461538462
3 0.45717592592592593 0.003605769230769231 0.02662037037037037 0.007211538461538462
3 0.49189814814814814 0.003605769230769231 0.023148148148148147 0.007211538461538462
3 0.14525462962962962 0.7283653846153846 0.07523148148148148 0.021634615384615384
3 0.1545138888888889 0.8221153846153846 0.0943287037037037 0.021634615384615384
3 0.1255787037037037 0.9158653846153846 0.03587962962962963 0.021634615384615384
3 0.1892361111111111 0.7283653846153846 0.007523148148148148 0.021634615384615384
3 0.20891203703703703 0.8221153846153846 0.008101851851851851 0.021634615384615384
3 0.15104166666666666 0.9158653846153846 0.008680555555555556 0.021634615384615384
3 0.13831018518518517 0.9447115384615384 0.00636574074074074 0.021634615384615384
3 0.14467592592592593 0.006009615384615385 0.06712962962962964 0.01201923076923077
3 0.15393518518518517 0.21754807692307693 0.0931712962962963 0.02403846153846154
3 0.23148148148148148 0.21754807692307693 0.03993055555555555 0.02403846153846154