0 0.5838709677419355 0.029017857142857144 0.024731182795698924 0.04352678571428571
0 0.7338709677419355 0.16741071428571427 0.06075268817204301 0.015625
1 0.717741935483871 0.030133928571428572 0.1827956989247312 0.04352678571428571
1 0.4043010752688172 0.36830357142857145 0.15268817204301074 0.3169642857142857
1 0.5655913978494623 0.36830357142857145 0.15268817204301074 0.3169642857142857
1 0.7268817204301076 0.36830357142857145 0.15268817204301074 0.3169642857142857
1 0.40456989247311825 0.8526785714285714 0.1532258064516129 0.2924107142857143
1 0.5658602150537635 0.8526785714285714 0.1532258064516129 0.2924107142857143
1 0.7271505376344086 0.8526785714285714 0.1532258064516129 0.2924107142857143
1 0.210752688172043 0.030133928571428572 0.07204301075268817 0.03794642857142857
2 0.43548387096774194 0.029017857142857144 0.32150537634408605 0.04352678571428571
2 0.5075268817204301 0.029017857142857144 0.007526881720430108 0.015625
3 0.5338709677419354 0.030133928571428572 0.07634408602150537 0.029017857142857144
3 0.36666666666666664 0.6015625 0.05591397849462366 0.021205357142857144
3 0.5279569892473118 0.6015625 0.05591397849462366 0.021205357142857144
3 0.7 0.6015625 0.07741935483870968 0.021205357142857144
3 0.539247311827957 0.029017857142857144 0.05053763440860215 0.022321428571428572
3 0.539247311827957 0.029017857142857144 0.05053763440860215 0.022321428571428572
3 0.2456989247311828 0.22544642857142858 0.14946236559139786 0.033482142857142856
3 0.4043010752688172 0.6462053571428571 0.13118279569892474 0.04017857142857143
3 0.5655913978494623 0.6462053571428571 0.13118279569892474 0.04017857142857143
3 0.7268817204301076 0.6462053571428571 0.13118279569892474 0.04017857142857143
3 0.3387096774193548 0.08705357142857142 0.024193548387096774 0.022321428571428572
3 0.3741935483870968 0.08705357142857142 0.026881720430107527 0.022321428571428572
3 0.421505376344086 0.08705357142857142 0.04838709677419355 0.022321428571428572
3 0.4645161290322581 0.08705357142857142 0.01881720430107527 0.022321428571428572
3 0.4956989247311828 0.08705357142857142 0.024193548387096774 0.022321428571428572
3 0.5279569892473118 0.08705357142857142 0.020967741935483872 0.022321428571428572
3 0.20591397849462365 0.5223214285714286 0.06989247311827956 0.020089285714285716
3 0.18387096774193548 0.609375 0.025806451612903226 0.020089285714285716
3 0.18064516129032257 0.6361607142857143 0.01989247311827957 0.020089285714285716
3 0.18494623655913978 0.6629464285714286 0.02849462365591398 0.020089285714285716
3 0.18010752688172044 0.6897321428571429 0.01827956989247312 0.020089285714285716
3 0.18440860215053764 0.7165178571428571 0.027419354838709678 0.020089285714285716
3 0.18064516129032257 0.7433035714285714 0.01989247311827957 0.020089285714285716
3 0.18064516129032257 0.7700892857142857 0.01935483870967742 0.020089285714285716
3 0.18010752688172044 0.796875 0.01827956989247312 0.020089285714285716
3 0.18333333333333332 0.8236607142857143 0.025268817204301075 0.020089285714285716
3 0.18064516129032257 0.9408482142857143 0.01935483870967742 0.020089285714285716
3 0.24731182795698925 0.5223214285714286 0.007526881720430108 0.020089285714285716
3 0.20698924731182797 0.609375 0.015591397849462365 0.020089285714285716
3 0.2021505376344086 0.6361607142857143 0.016666666666666666 0.020089285714285716
3 0.210752688172043 0.6629464285714286 0.016666666666666666 0.020089285714285716
3 0.1978494623655914 0.6897321428571429 0.012365591397849462 0.020089285714285716
3 0.2064516129032258 0.7165178571428571 0.01129032258064516 0.020089285714285716
3 0.19946236559139785 0.7433035714285714 0.011827956989247311 0.020089285714285716
3 0.19838709677419356 0.7700892857142857 0.01021505376344086 0.020089285714285716
3 0.19838709677419356 0.796875 0.012365591397849462 0.020089285714285716
3 0.20591397849462365 0.8236607142857143 0.012903225806451613 0.020089285714285716
3 0.19838709677419356 0.9408482142857143 0.01129032258064516 0.020089285714285716
3 0.20967741935483872 0.0703125 0.06182795698924731 0.022321428571428572
3 0.2053763440860215 0.09151785714285714 0.06182795698924731 0.022321428571428572
3 0.210752688172043 0.15736607142857142 0.07956989247311828 0.022321428571428572
3 0.2854838709677419 0.15736607142857142 0.04946236559139785 0.022321428571428572
3 0.2129032258064516 0.1796875 0.08440860215053764 0.022321428571428572
3 0.27741935483870966 0.1796875 0.024193548387096774 0.022321428571428572