0 0.6041899441340782 0.017981438515081206 0.026256983240223464 0.03596287703016241
0 0.7597765363128491 0.15661252900232017 0.06312849162011173 0.016241299303944315
0 0.6508379888268156 0.777262180974478 0.0335195530726257 0.030162412993039442
1 0.7432960893854749 0.018561484918793503 0.19050279329608938 0.037122969837587005
1 0.39608938547486033 0.3167053364269142 0.0893854748603352 0.18561484918793503
1 0.39608938547486033 0.5498839907192575 0.0893854748603352 0.18561484918793503
1 0.39608938547486033 0.7830626450116009 0.0893854748603352 0.18561484918793503
1 0.2164804469273743 0.01740139211136891 0.07541899441340782 0.03480278422273782
2 0.45 0.017981438515081206 0.3346368715083799 0.03596287703016241
2 0.5212290502793296 0.012761020881670533 0.00782122905027933 0.016241299303944315
3 0.5505586592178771 0.015081206496519721 0.08324022346368715 0.030162412993039442
3 0.49553072625698324 0.3248259860788863 0.08324022346368715 0.022041763341067284
3 0.49553072625698324 0.5997679814385151 0.08324022346368715 0.022041763341067284
3 0.49553072625698324 0.7911832946635731 0.08324022346368715 0.022041763341067284
3 0.6217877094972067 0.777262180974478 0.02011173184357542 0.02088167053364269
3 0.5558659217877095 0.012761020881670533 0.055865921787709494 0.02320185614849188
3 0.5558659217877095 0.012761020881670533 0.055865921787709494 0.02320185614849188
3 0.25251396648044694 0.23433874709976799 0.1553072625698324 0.06960556844547564
3 0.6290502793296089 0.23897911832946636 0.35027932960893854 0.030162412993039442
3 0.6290502793296089 0.5139211136890951 0.35027932960893854 0.030162412993039442
3 0.6290502793296089 0.7053364269141531 0.35027932960893854 0.030162412993039442
3 0.6290502793296089 0.9385150812064965 0.35027932960893854 0.030162412993039442
3 0.34916201117318435 0.07308584686774942 0.025139664804469275 0.02320185614849188
3 0.38603351955307263 0.07308584686774942 0.027932960893854747 0.02320185614849188
3 0.435195530726257 0.07308584686774942 0.05027932960893855 0.02320185614849188
3 0.4798882681564246 0.07308584686774942 0.019553072625698324 0.02320185614849188
3 0.5122905027932961 0.07308584686774942 0.025139664804469275 0.02320185614849188
3 0.5458100558659218 0.07308584686774942 0.021787709497206705 0.02320185614849188
3 0.2111731843575419 0.5603248259860789 0.07262569832402235 0.02088167053364269
3 0.2005586592178771 0.6508120649651972 0.05139664804469274 0.02088167053364269
3 0.2022346368715084 0.6786542923433875 0.054748603351955305 0.02088167053364269
3 0.188268156424581 0.7691415313225058 0.027374301675977653 0.02088167053364269
3 0.18491620111731844 0.796983758700696 0.02011173184357542 0.02088167053364269
3 0.18491620111731844 0.8874709976798144 0.02011173184357542 0.02088167053364269
3 0.2201117318435754 0.9779582366589327 0.09106145251396648 0.02088167053364269
3 0.2553072625698324 0.5603248259860789 0.01005586592178771 0.02088167053364269
3 0.23966480446927374 0.6508120649651972 0.02011173184357542 0.02088167053364269
3 0.23631284916201117 0.6786542923433875 0.008379888268156424 0.02088167053364269
3 0.21508379888268156 0.7691415313225058 0.02011173184357542 0.02088167053364269
3 0.20614525139664805 0.796983758700696 0.017318435754189943 0.02088167053364269
3 0.20782122905027933 0.8874709976798144 0.02011173184357542 0.02088167053364269
3 0.2787709497206704 0.9779582366589327 0.020670391061452513 0.02088167053364269
3 0.21508379888268156 0.05568445475638051 0.06424581005586592 0.02320185614849188
3 0.2106145251396648 0.0777262180974478 0.06424581005586592 0.02320185614849188
3 0.21620111731843575 0.14617169373549885 0.08268156424581005 0.02320185614849188
3 0.24860335195530725 0.15777262180974477 0.14804469273743018 0.04640371229698376
3 0.24692737430167597 0.16937354988399073 0.08044692737430167 0.02320185614849188
3 0.311731843575419 0.16937354988399073 0.028491620111731845 0.02320185614849188