0 0.5818918918918919 0.015134529147982063 0.025405405405405406 0.030269058295964126
0 0.7324324324324324 0.1468609865470852 0.06108108108108108 0.01569506726457399
1 0.7164864864864865 0.01569506726457399 0.18432432432432433 0.03139013452914798
1 0.4010810810810811 0.3486547085201794 0.1535135135135135 0.3183856502242152
1 0.5632432432432433 0.3486547085201794 0.1535135135135135 0.3183856502242152
1 0.7254054054054054 0.3486547085201794 0.1535135135135135 0.3183856502242152
1 0.20675675675675675 0.014573991031390135 0.07297297297297298 0.02914798206278027
2 0.4327027027027027 0.015134529147982063 0.3237837837837838 0.030269058295964126
2 0.49243243243243245 0.007847533632286996 0.0075675675675675675 0.01569506726457399
3 0.5248648648648648 0.01233183856502242 0.08972972972972973 0.02466367713004484
3 0.36324324324324325 0.5829596412556054 0.05621621621621622 0.021300448430493273
3 0.5362162162162162 0.602017937219731 0.07783783783783783 0.021300448430493273
3 0.5632432432432433 0.6760089686098655 0.1318918918918919 0.014573991031390135
3 0.6983783783783784 0.5829596412556054 0.07783783783783783 0.021300448430493273
3 0.5302702702702703 0.010089686098654708 0.06378378378378378 0.020179372197309416
3 0.5302702702702703 0.010089686098654708 0.06378378378378378 0.020179372197309416
3 0.24162162162162162 0.20515695067264575 0.15027027027027026 0.033632286995515695
3 0.4010810810810811 0.6278026905829597 0.1318918918918919 0.04035874439461883
3 0.5632432432432433 0.6468609865470852 0.1318918918918919 0.04035874439461883
3 0.7254054054054054 0.6278026905829597 0.1318918918918919 0.04035874439461883
3 0.33513513513513515 0.06614349775784753 0.024324324324324326 0.02242152466367713
3 0.3708108108108108 0.06614349775784753 0.02702702702702703 0.02242152466367713
3 0.4183783783783784 0.06614349775784753 0.04864864864864865 0.02242152466367713
3 0.4616216216216216 0.06614349775784753 0.01891891891891892 0.02242152466367713
3 0.492972972972973 0.06614349775784753 0.024324324324324326 0.02242152466367713
3 0.5254054054054054 0.06614349775784753 0.02108108108108108 0.02242152466367713
3 0.20162162162162162 0.5033632286995515 0.07027027027027027 0.020179372197309416
3 0.1810810810810811 0.5908071748878924 0.02918918918918919 0.020179372197309416
3 0.1810810810810811 0.6177130044843049 0.02972972972972973 0.020179372197309416
3 0.18162162162162163 0.6446188340807175 0.030810810810810812 0.020179372197309416
3 0.17675675675675676 0.67152466367713 0.02054054054054054 0.020179372197309416
3 0.19027027027027027 0.6984304932735426 0.04810810810810811 0.020179372197309416
3 0.1827027027027027 0.7253363228699552 0.032432432432432434 0.020179372197309416
3 0.17513513513513512 0.7522421524663677 0.01783783783783784 0.020179372197309416
3 0.17567567567567569 0.7791479820627802 0.018378378378378378 0.020179372197309416
3 0.1783783783783784 0.8060538116591929 0.023783783783783784 0.020179372197309416
3 0.17621621621621622 0.9237668161434978 0.01945945945945946 0.020179372197309416
3 0.24486486486486486 0.5033632286995515 0.011351351351351352 0.020179372197309416
3 0.21027027027027026 0.5908071748878924 0.022702702702702703 0.020179372197309416
3 0.20756756756756756 0.6177130044843049 0.016216216216216217 0.020179372197309416
3 0.20864864864864865 0.6446188340807175 0.016756756756756756 0.020179372197309416
3 0.1962162162162162 0.67152466367713 0.012432432432432432 0.020179372197309416
3 0.22324324324324324 0.6984304932735426 0.011891891891891892 0.020179372197309416
3 0.20756756756756756 0.7253363228699552 0.011891891891891892 0.020179372197309416
3 0.19243243243243244 0.7522421524663677 0.00972972972972973 0.020179372197309416
3 0.19243243243243244 0.7791479820627802 0.01027027027027027 0.020179372197309416
3 0.1972972972972973 0.8060538116591929 0.008108108108108109 0.020179372197309416
3 0.1989189189189189 0.9237668161434978 0.02054054054054054 0.020179372197309416
3 0.20540540540540542 0.04932735426008968 0.062162162162162166 0.02242152466367713
3 0.20108108108108108 0.07062780269058296 0.062162162162162166 0.02242152466367713
3 0.2064864864864865 0.1367713004484305 0.08 0.02242152466367713
3 0.28162162162162163 0.1367713004484305 0.04972972972972973 0.02242152466367713
3 0.22 0.1591928251121076 0.10756756756756757 0.02242152466367713