0 0.584375 0.02922077922077922 0.023958333333333335 0.04220779220779221
0 0.7296875 0.1634199134199134 0.058854166666666666 0.015151515151515152
1 0.7140625 0.030303030303030304 0.17708333333333334 0.04220779220779221
1 0.41041666666666665 0.3582251082251082 0.14791666666666667 0.30735930735930733
1 0.5666666666666667 0.3582251082251082 0.14791666666666667 0.30735930735930733
1 0.7229166666666667 0.3582251082251082 0.14791666666666667 0.30735930735930733
1 0.22291666666666668 0.030303030303030304 0.06979166666666667 0.0367965367965368
2 0.440625 0.02922077922077922 0.31145833333333334 0.04220779220779221
2 0.5192708333333333 0.02922077922077922 0.007291666666666667 0.015151515151515152
3 0.5401041666666667 0.030303030303030304 0.06510416666666667 0.02813852813852814
3 0.37395833333333334 0.6277056277056277 0.05416666666666667 0.020562770562770564
3 0.5302083333333333 0.5844155844155844 0.05416666666666667 0.020562770562770564
3 0.696875 0.5844155844155844 0.075 0.020562770562770564
3 0.5453125 0.02922077922077922 0.04010416666666667 0.021645021645021644
3 0.5453125 0.02922077922077922 0.04010416666666667 0.021645021645021644
3 0.25677083333333334 0.24134199134199133 0.14479166666666668 0.032467532467532464
3 0.41041666666666665 0.670995670995671 0.12708333333333333 0.03896103896103896
3 0.5666666666666667 0.6277056277056277 0.12708333333333333 0.03896103896103896
3 0.7229166666666667 0.6277056277056277 0.12708333333333333 0.03896103896103896
3 0.346875 0.0854978354978355 0.0234375 0.021645021645021644
3 0.38125 0.0854978354978355 0.026041666666666668 0.021645021645021644
3 0.4270833333333333 0.0854978354978355 0.046875 0.021645021645021644
3 0.46875 0.0854978354978355 0.018229166666666668 0.021645021645021644
3 0.49895833333333334 0.0854978354978355 0.0234375 0.021645021645021644
3 0.5302083333333333 0.0854978354978355 0.0203125 0.021645021645021644
3 0.21822916666666667 0.5292207792207793 0.06770833333333333 0.01948051948051948
3 0.19375 0.6136363636363636 0.019270833333333334 0.01948051948051948
3 0.19791666666666666 0.6396103896103896 0.027604166666666666 0.01948051948051948
3 0.19947916666666668 0.6655844155844156 0.030208333333333334 0.01948051948051948
3 0.19427083333333334 0.6915584415584416 0.019791666666666666 0.01948051948051948
3 0.19479166666666667 0.7175324675324676 0.020833333333333332 0.01948051948051948
3 0.2109375 0.7435064935064936 0.05364583333333333 0.01948051948051948
3 0.19427083333333334 0.7694805194805194 0.019791666666666666 0.01948051948051948
3 0.21041666666666667 0.7954545454545454 0.052083333333333336 0.01948051948051948
3 0.21145833333333333 0.8214285714285714 0.0546875 0.01948051948051948
3 0.19375 0.935064935064935 0.01875 0.01948051948051948
3 0.25833333333333336 0.5292207792207793 0.007291666666666667 0.01948051948051948
3 0.21458333333333332 0.6136363636363636 0.016145833333333335 0.01948051948051948
3 0.22291666666666668 0.6396103896103896 0.016145833333333335 0.01948051948051948
3 0.22239583333333332 0.6655844155844156 0.009895833333333333 0.01948051948051948
3 0.21302083333333333 0.6915584415584416 0.011458333333333333 0.01948051948051948
3 0.21354166666666666 0.7175324675324676 0.011979166666666667 0.01948051948051948
3 0.246875 0.7435064935064936 0.011979166666666667 0.01948051948051948
3 0.21302083333333333 0.7694805194805194 0.011979166666666667 0.01948051948051948
3 0.24270833333333333 0.7954545454545454 0.007291666666666667 0.01948051948051948
3 0.24583333333333332 0.8214285714285714 0.0078125 0.01948051948051948
3 0.21354166666666666 0.935064935064935 0.015625 0.01948051948051948
3 0.221875 0.06926406926406926 0.059895833333333336 0.021645021645021644
3 0.21770833333333334 0.08982683982683982 0.059895833333333336 0.021645021645021644
3 0.22291666666666668 0.15367965367965367 0.07708333333333334 0.021645021645021644
3 0.2953125 0.15367965367965367 0.04791666666666667 0.021645021645021644
3 0.2171875 0.17532467532467533 0.065625 0.021645021645021644
3 0.24739583333333334 0.18614718614718614 0.1265625 0.04329004329004329