0 0.7238888888888889 0.12702078521939955 0.06277777777777778 0.016166281755196306
1 0.3622222222222222 0.2863741339491917 0.08888888888888889 0.18475750577367206
1 0.3622222222222222 0.5184757505773672 0.08888888888888889 0.18475750577367206
1 0.3622222222222222 0.7505773672055427 0.08888888888888889 0.18475750577367206
3 0.4722222222222222 0.29445727482678985 0.10444444444444445 0.021939953810623556
3 0.4722222222222222 0.5265588914549654 0.10444444444444445 0.021939953810623556
3 0.5938888888888889 0.6963048498845266 0.34833333333333333 0.016166281755196306
3 0.46 0.7748267898383372 0.08 0.021939953810623556
3 0.21944444444444444 0.20438799076212472 0.15444444444444444 0.06928406466512702
3 0.5938888888888889 0.2090069284064665 0.34833333333333333 0.03002309468822171
3 0.5938888888888889 0.44110854503464203 0.34833333333333333 0.03002309468822171
3 0.5938888888888889 0.6732101616628176 0.34833333333333333 0.03002309468822171
3 0.5938888888888889 0.9053117782909931 0.34833333333333333 0.03002309468822171
3 0.31555555555555553 0.04387990762124711 0.025 0.023094688221709007
3 0.3522222222222222 0.04387990762124711 0.027777777777777776 0.023094688221709007
3 0.4011111111111111 0.04387990762124711 0.05 0.023094688221709007
3 0.44555555555555554 0.04387990762124711 0.019444444444444445 0.023094688221709007
3 0.4777777777777778 0.04387990762124711 0.025 0.023094688221709007
3 0.5111111111111111 0.04387990762124711 0.021666666666666667 0.023094688221709007
3 0.17833333333333334 0.5288683602771362 0.07222222222222222 0.020785219399538105
3 0.16777777777777778 0.6189376443418014 0.051111111111111114 0.020785219399538105
3 0.16944444444444445 0.6466512702078522 0.05444444444444444 0.020785219399538105
3 0.15555555555555556 0.7367205542725174 0.02722222222222222 0.020785219399538105
3 0.15222222222222223 0.7644341801385681 0.02 0.020785219399538105
3 0.15222222222222223 0.8545034642032333 0.02 0.020785219399538105
3 0.18722222222222223 0.9445727482678984 0.09055555555555556 0.020785219399538105
3 0.22444444444444445 0.5288683602771362 0.014444444444444444 0.020785219399538105
3 0.20722222222222222 0.6189376443418014 0.021111111111111112 0.020785219399538105
3 0.20333333333333334 0.6466512702078522 0.0077777777777777776 0.020785219399538105
3 0.18222222222222223 0.7367205542725174 0.020555555555555556 0.020785219399538105
3 0.17333333333333334 0.7644341801385681 0.016666666666666666 0.020785219399538105
3 0.17277777777777778 0.8545034642032333 0.015555555555555555 0.020785219399538105
3 0.24388888888888888 0.9445727482678984 0.016666666666666666 0.020785219399538105
3 0.18222222222222223 0.026558891454965358 0.06388888888888888 0.023094688221709007
3 0.17777777777777778 0.04849884526558892 0.06388888888888888 0.023094688221709007
3 0.18333333333333332 0.11662817551963048 0.08222222222222222 0.023094688221709007
3 0.21555555555555556 0.12817551963048499 0.14722222222222223 0.046189376443418015
3 0.21388888888888888 0.1397228637413395 0.08 0.023094688221709007
3 0.2783333333333333 0.1397228637413395 0.028333333333333332 0.023094688221709007