0 0.584375 0.02918918918918919 0.023958333333333335 0.04216216216216216
0 0.7296875 0.29621621621621624 0.058854166666666666 0.015135135135135135
0 0.7796875 0.37405405405405406 0.01875 0.03891891891891892
1 0.7140625 0.03027027027027027 0.17708333333333334 0.04216216216216216
1 0.390625 0.4454054054054054 0.08333333333333333 0.17297297297297298
1 0.390625 0.6821621621621622 0.08333333333333333 0.17297297297297298
1 0.22291666666666668 0.03027027027027027 0.06979166666666667 0.036756756756756756
2 0.440625 0.02918918918918919 0.31145833333333334 0.04216216216216216
2 0.4505208333333333 0.02918918918918919 0.007291666666666667 0.015135135135135135
3 0.5057291666666667 0.03027027027027027 0.13385416666666666 0.02810810810810811
3 0.6078125 0.4335135135135135 0.3265625 0.015135135135135135
3 0.48333333333333334 0.5275675675675676 0.07760416666666667 0.02054054054054054
3 0.6078125 0.6702702702702703 0.3265625 0.015135135135135135
3 0.49375 0.7837837837837838 0.09791666666666667 0.02054054054054054
3 0.475 0.9459459459459459 0.0609375 0.02054054054054054
3 0.5109375 0.02918918918918919 0.10885416666666667 0.021621621621621623
3 0.5109375 0.02918918918918919 0.10885416666666667 0.021621621621621623
3 0.25677083333333334 0.3081081081081081 0.14479166666666668 0.06486486486486487
3 0.6078125 0.4118918918918919 0.3265625 0.02810810810810811
3 0.6078125 0.6486486486486487 0.3265625 0.02810810810810811
3 0.6078125 0.865945945945946 0.3265625 0.02810810810810811
3 0.346875 0.08540540540540541 0.0234375 0.021621621621621623
3 0.38125 0.08540540540540541 0.026041666666666668 0.021621621621621623
3 0.4270833333333333 0.08540540540540541 0.046875 0.021621621621621623
3 0.46875 0.08540540540540541 0.018229166666666668 0.021621621621621623
3 0.49895833333333334 0.08540540540540541 0.0234375 0.021621621621621623
3 0.5302083333333333 0.08540540540540541 0.0203125 0.021621621621621623
3 0.21822916666666667 0.6118918918918919 0.06770833333333333 0.01945945945945946
3 0.19375 0.6962162162162162 0.01875 0.01945945945945946
3 0.20208333333333334 0.7221621621621621 0.0359375 0.01945945945945946
3 0.22708333333333333 0.7481081081081081 0.0859375 0.01945945945945946
3 0.21458333333333332 0.774054054054054 0.0609375 0.01945945945945946
3 0.1953125 0.8 0.021875 0.01945945945945946
3 0.2140625 0.825945945945946 0.059375 0.01945945945945946
3 0.23333333333333334 0.8518918918918919 0.0984375 0.01945945945945946
3 0.215625 0.8778378378378379 0.0625 0.01945945945945946
3 0.21458333333333332 0.9037837837837838 0.0609375 0.01945945945945946
3 0.26510416666666664 0.6118918918918919 0.021354166666666667 0.01945945945945946
3 0.21979166666666666 0.6962162162162162 0.028125 0.01945945945945946
3 0.234375 0.7221621621621621 0.0234375 0.01945945945945946
3 0.2869791666666667 0.7481081081081081 0.027083333333333334 0.01945945945945946
3 0.2598958333333333 0.774054054054054 0.024479166666666666 0.01945945945945946
3 0.221875 0.8 0.025 0.01945945945945946
3 0.25885416666666666 0.825945945945946 0.023958333333333335 0.01945945945945946
3 0.296875 0.8518918918918919 0.022916666666666665 0.01945945945945946
3 0.2598958333333333 0.8778378378378379 0.020833333333333332 0.01945945945945946
3 0.2598958333333333 0.9037837837837838 0.0234375 0.01945945945945946
3 0.221875 0.06918918918918919 0.059895833333333336 0.021621621621621623
3 0.21770833333333334 0.08972972972972973 0.059895833333333336 0.021621621621621623