0 0.5835106382978723 0.024282560706401765 0.02446808510638298 0.04304635761589404
0 0.7319148936170212 0.16114790286975716 0.0601063829787234 0.01545253863134658
1 0.7159574468085106 0.025386313465783666 0.18085106382978725 0.04304635761589404
1 0.40585106382978725 0.3598233995584989 0.15106382978723404 0.31346578366445915
1 0.5654255319148936 0.3598233995584989 0.15106382978723404 0.31346578366445915
1 0.725 0.3598233995584989 0.15106382978723404 0.31346578366445915
1 0.21436170212765956 0.025386313465783666 0.07127659574468086 0.037527593818984545
2 0.43670212765957445 0.024282560706401765 0.3180851063829787 0.04304635761589404
2 0.5095744680851064 0.024282560706401765 0.007446808510638298 0.01545253863134658
3 0.5345744680851063 0.025386313465783666 0.07393617021276595 0.02869757174392936
3 0.36861702127659574 0.5905077262693157 0.05531914893617021 0.02097130242825607
3 0.40585106382978725 0.6633554083885209 0.12978723404255318 0.01434878587196468
3 0.5388297872340425 0.5905077262693157 0.07659574468085106 0.02097130242825607
3 0.7085106382978723 0.609271523178808 0.09680851063829787 0.02097130242825607
3 0.725 0.6821192052980133 0.12978723404255318 0.01434878587196468
3 0.5398936170212766 0.024282560706401765 0.04840425531914894 0.02207505518763797
3 0.5398936170212766 0.024282560706401765 0.04840425531914894 0.02207505518763797
3 0.24893617021276596 0.24061810154525387 0.1478723404255319 0.033112582781456956
3 0.40585106382978725 0.6346578366445916 0.12978723404255318 0.039735099337748346
3 0.5654255319148936 0.6346578366445916 0.12978723404255318 0.039735099337748346
3 0.725 0.6534216335540839 0.12978723404255318 0.039735099337748346
3 0.34095744680851064 0.08167770419426049 0.023936170212765957 0.02207505518763797
3 0.376063829787234 0.08167770419426049 0.026595744680851064 0.02207505518763797
3 0.4228723404255319 0.08167770419426049 0.047872340425531915 0.02207505518763797
3 0.4654255319148936 0.08167770419426049 0.018617021276595744 0.02207505518763797
3 0.49627659574468086 0.08167770419426049 0.023936170212765957 0.02207505518763797
3 0.5281914893617021 0.08167770419426049 0.02074468085106383 0.02207505518763797
3 0.20957446808510638 0.5342163355408388 0.06914893617021277 0.019867549668874173
3 0.1851063829787234 0.6203090507726269 0.02021276595744681 0.019867549668874173
3 0.18882978723404256 0.6467991169977925 0.028191489361702127 0.019867549668874173
3 0.18457446808510639 0.673289183222958 0.019680851063829788 0.019867549668874173
3 0.19042553191489361 0.6997792494481236 0.030851063829787233 0.019867549668874173
3 0.18563829787234043 0.7262693156732892 0.02127659574468085 0.019867549668874173
3 0.18457446808510639 0.7527593818984547 0.019680851063829788 0.019867549668874173
3 0.20212765957446807 0.7792494481236203 0.054787234042553194 0.019867549668874173
3 0.20053191489361702 0.8057395143487859 0.05106382978723404 0.019867549668874173
3 0.2026595744680851 0.8322295805739515 0.05585106382978723 0.019867549668874173
3 0.18457446808510639 0.9481236203090507 0.019148936170212766 0.019867549668874173
3 0.2526595744680851 0.5342163355408388 0.011702127659574468 0.019867549668874173
3 0.20797872340425533 0.6203090507726269 0.019680851063829788 0.019867549668874173
3 0.21436170212765956 0.6467991169977925 0.01648936170212766 0.019867549668874173
3 0.2047872340425532 0.673289183222958 0.014361702127659574 0.019867549668874173
3 0.2148936170212766 0.6997792494481236 0.011702127659574468 0.019867549668874173
3 0.2047872340425532 0.7262693156732892 0.01223404255319149 0.019867549668874173
3 0.20319148936170212 0.7527593818984547 0.011702127659574468 0.019867549668874173
3 0.23882978723404255 0.7792494481236203 0.011702127659574468 0.019867549668874173
3 0.2351063829787234 0.8057395143487859 0.01223404255319149 0.019867549668874173
3 0.2398936170212766 0.8322295805739515 0.01223404255319149 0.019867549668874173
3 0.2053191489361702 0.9481236203090507 0.017553191489361703 0.019867549668874173
3 0.21329787234042552 0.06512141280353201 0.061170212765957445 0.02207505518763797
3 0.20904255319148937 0.08609271523178808 0.061170212765957445 0.02207505518763797
3 0.21436170212765956 0.15121412803532008 0.07872340425531915 0.02207505518763797
3 0.28829787234042553 0.15121412803532008 0.04893617021276596 0.02207505518763797
3 0.20851063829787234 0.17328918322295805 0.06702127659574468 0.02207505518763797
3 0.2393617021276596 0.18432671081677704 0.12925531914893618 0.04415011037527594
3 0.225 0.19536423841059603 0.022340425531914895 0.02207505518763797