0 0.561864406779661 0.015258215962441314 0.02655367231638418 0.03051643192488263
0 0.7192090395480226 0.15258215962441316 0.06384180790960452 0.01643192488262911
1 0.7025423728813559 0.01584507042253521 0.19265536723163842 0.03169014084507042
1 0.3728813559322034 0.36384976525821594 0.16045197740112993 0.3333333333333333
1 0.5423728813559322 0.36384976525821594 0.16045197740112993 0.3333333333333333
1 0.711864406779661 0.36384976525821594 0.16045197740112993 0.3333333333333333
1 0.16977401129943503 0.014671361502347418 0.07627118644067797 0.029342723004694836
2 0.4059322033898305 0.015258215962441314 0.3384180790960452 0.03051643192488263
2 0.48333333333333334 0.008215962441314555 0.00847457627118644 0.01643192488262911
3 0.5096045197740113 0.01232394366197183 0.07909604519774012 0.02464788732394366
3 0.3333333333333333 0.6091549295774648 0.05875706214689266 0.022300469483568074
3 0.3728813559322034 0.6866197183098591 0.13785310734463277 0.015258215962441314
3 0.5141242937853108 0.6091549295774648 0.08135593220338982 0.022300469483568074
3 0.6943502824858757 0.6291079812206573 0.10282485875706214 0.022300469483568074
3 0.711864406779661 0.7065727699530516 0.13785310734463277 0.015258215962441314
3 0.5152542372881356 0.009976525821596244 0.0519774011299435 0.01995305164319249
3 0.5152542372881356 0.009976525821596244 0.0519774011299435 0.01995305164319249
3 0.2062146892655367 0.23708920187793428 0.15706214689265538 0.035211267605633804
3 0.3728813559322034 0.6561032863849765 0.13785310734463277 0.04225352112676056
3 0.5423728813559322 0.6561032863849765 0.13785310734463277 0.04225352112676056
3 0.711864406779661 0.676056338028169 0.13785310734463277 0.04225352112676056
3 0.303954802259887 0.06807511737089202 0.025423728813559324 0.023474178403755867
3 0.34124293785310733 0.06807511737089202 0.02824858757062147 0.023474178403755867
3 0.39096045197740115 0.06807511737089202 0.05084745762711865 0.023474178403755867
3 0.43615819209039547 0.06807511737089202 0.01977401129943503 0.023474178403755867
3 0.4689265536723164 0.06807511737089202 0.025423728813559324 0.023474178403755867
3 0.5028248587570622 0.06807511737089202 0.022033898305084745 0.023474178403755867
3 0.16440677966101694 0.5492957746478874 0.07344632768361582 0.02112676056338028
3 0.1384180790960452 0.6408450704225352 0.021468926553672316 0.02112676056338028
3 0.1423728813559322 0.6690140845070423 0.029943502824858758 0.02112676056338028
3 0.13785310734463277 0.6971830985915493 0.020903954802259886 0.02112676056338028
3 0.1440677966101695 0.7253521126760564 0.0327683615819209 0.02112676056338028
3 0.13898305084745763 0.7535211267605634 0.022598870056497175 0.02112676056338028
3 0.13785310734463277 0.7816901408450704 0.020903954802259886 0.02112676056338028
3 0.15649717514124295 0.8098591549295775 0.05819209039548023 0.02112676056338028
3 0.15480225988700566 0.8380281690140845 0.05423728813559322 0.02112676056338028
3 0.15706214689265538 0.8661971830985915 0.059322033898305086 0.02112676056338028
3 0.13813559322033897 0.988849765258216 0.020903954802259886 0.01995305164319249
3 0.21016949152542372 0.5492957746478874 0.012429378531073447 0.02112676056338028
3 0.16271186440677965 0.6408450704225352 0.020903954802259886 0.02112676056338028
3 0.1694915254237288 0.6690140845070423 0.01751412429378531 0.02112676056338028
3 0.15932203389830507 0.6971830985915493 0.015254237288135594 0.02112676056338028
3 0.17005649717514124 0.7253521126760564 0.012429378531073447 0.02112676056338028
3 0.15932203389830507 0.7535211267605634 0.012994350282485875 0.02112676056338028
3 0.1576271186440678 0.7816901408450704 0.012429378531073447 0.02112676056338028
3 0.19548022598870057 0.8098591549295775 0.012429378531073447 0.02112676056338028
3 0.19152542372881357 0.8380281690140845 0.012994350282485875 0.02112676056338028
3 0.19661016949152543 0.8661971830985915 0.012994350282485875 0.02112676056338028
3 0.1598870056497175 0.988849765258216 0.0192090395480226 0.01995305164319249
3 0.16836158192090395 0.05046948356807512 0.06497175141242938 0.023474178403755867
3 0.1638418079096045 0.07276995305164319 0.06497175141242938 0.023474178403755867
3 0.1694915254237288 0.142018779342723 0.08361581920903954 0.023474178403755867
3 0.2480225988700565 0.142018779342723 0.0519774011299435 0.023474178403755867
3 0.16327683615819208 0.16549295774647887 0.0711864406779661 0.023474178403755867
3 0.196045197740113 0.1772300469483568 0.13728813559322034 0.046948356807511735
3 0.1807909604519774 0.18896713615023475 0.023728813559322035 0.023474178403755867