0 0.6124856156501726 0.007177033492822967 0.02704257767548907 0.014354066985645933
0 0.7284234752589183 0.9485645933014354 0.1518987341772152 0.0215311004784689
1 0.7557537399309551 0.00777511961722488 0.1962025316455696 0.01555023923444976
1 0.19677790563866512 0.2332535885167464 0.02531645569620253 0.05263157894736842
1 0.4159953970080552 0.5311004784688995 0.38434982738780205 0.5598086124401914
1 0.19677790563866512 0.3050239234449761 0.02531645569620253 0.05263157894736842
1 0.19677790563866512 0.37679425837320574 0.02531645569620253 0.05263157894736842
1 0.19677790563866512 0.4485645933014354 0.02531645569620253 0.05263157894736842
1 0.19677790563866512 0.5203349282296651 0.02531645569620253 0.05263157894736842
1 0.19677790563866512 0.5921052631578947 0.02531645569620253 0.05263157894736842
1 0.19677790563866512 0.6638755980861244 0.02531645569620253 0.05263157894736842
1 0.21317606444188722 0.006578947368421052 0.07767548906789414 0.013157894736842105
2 0.4536823935558113 0.007177033492822967 0.34464902186421176 0.014354066985645933
3 0.6939010356731876 0.49282296650717705 0.08342922899884925 0.0215311004784689
3 0.7439585730724971 0.7488038277511961 0.18296892980437285 0.025119617224880382
3 0.7025316455696202 0.8409090909090909 0.10069044879171461 0.0215311004784689
3 0.738204833141542 0.9772727272727273 0.1714614499424626 0.01674641148325359
3 0.19677790563866512 0.25239234449760767 0.028768699654775604 0.02631578947368421
3 0.19677790563866512 0.3241626794258373 0.028768699654775604 0.02631578947368421
3 0.19677790563866512 0.39593301435406697 0.028768699654775604 0.02631578947368421
3 0.19677790563866512 0.4677033492822967 0.028768699654775604 0.02631578947368421
3 0.19677790563866512 0.5394736842105263 0.028768699654775604 0.02631578947368421
3 0.19677790563866512 0.611244019138756 0.028768699654775604 0.02631578947368421
3 0.19677790563866512 0.6830143540669856 0.028768699654775604 0.02631578947368421
3 0.19677790563866512 0.25239234449760767 0.028768699654775604 0.02631578947368421
3 0.19677790563866512 0.3241626794258373 0.028768699654775604 0.02631578947368421
3 0.19677790563866512 0.39593301435406697 0.028768699654775604 0.02631578947368421
3 0.19677790563866512 0.4677033492822967 0.028768699654775604 0.02631578947368421
3 0.19677790563866512 0.5394736842105263 0.028768699654775604 0.02631578947368421
3 0.19677790563866512 0.611244019138756 0.028768699654775604 0.02631578947368421
3 0.19677790563866512 0.6830143540669856 0.028768699654775604 0.02631578947368421
3 0.7330264672036824 0.30861244019138756 0.1616800920598389 0.08971291866028708
3 0.7525891829689298 0.5669856459330144 0.16570771001150747 0.023923444976076555
3 0.7514384349827388 0.6411483253588517 0.167433831990794 0.023923444976076555
3 0.7514384349827388 0.666267942583732 0.167433831990794 0.0215311004784689
3 0.7025316455696202 0.819377990430622 0.10069044879171461 0.02033492822966507
3 0.6864211737629459 0.9019138755980861 0.06789413118527042 0.023923444976076555
3 0.34982738780207134 0.05263157894736842 0.025891829689298044 0.023923444976076555
3 0.3878020713463751 0.05263157894736842 0.028768699654775604 0.023923444976076555
3 0.43843498273878023 0.05263157894736842 0.05178365937859609 0.023923444976076555
3 0.4844649021864212 0.05263157894736842 0.020138089758342925 0.023923444976076555
3 0.5178365937859609 0.05263157894736842 0.025891829689298044 0.023923444976076555
3 0.5523590333716916 0.05263157894736842 0.02243958573072497 0.023923444976076555
3 0.21173762945914845 0.034688995215311005 0.0661680092059839 0.023923444976076555
3 0.20713463751438435 0.05741626794258373 0.0661680092059839 0.023923444976076555
3 0.2859608745684695 0.15789473684210525 0.08515535097813579 0.01674641148325359
3 0.36536248561565016 0.15789473684210525 0.05293440736478711 0.01674641148325359
3 0.4482163406214039 0.15789473684210525 0.09321058688147296 0.01674641148325359
3 0.5155350978135789 0.15789473684210525 0.020713463751438434 0.01674641148325359
3 0.5466052934407365 0.15789473684210525 0.021288837744533946 0.01674641148325359
3 0.5782508630609896 0.15789473684210525 0.020713463751438434 0.01674641148325359