0 0.6850828729281768 0.9013761467889908 0.14585635359116023 0.020642201834862386
1 0.17458563535911603 0.21559633027522937 0.02430939226519337 0.05045871559633028
1 0.3850828729281768 0.5011467889908257 0.36906077348066296 0.536697247706422
1 0.17458563535911603 0.28440366972477066 0.02430939226519337 0.05045871559633028
1 0.17458563535911603 0.3532110091743119 0.02430939226519337 0.05045871559633028
1 0.17458563535911603 0.42201834862385323 0.02430939226519337 0.05045871559633028
1 0.17458563535911603 0.4908256880733945 0.02430939226519337 0.05045871559633028
1 0.17458563535911603 0.5596330275229358 0.02430939226519337 0.05045871559633028
1 0.17458563535911603 0.6284403669724771 0.02430939226519337 0.05045871559633028
3 0.6519337016574586 0.4644495412844037 0.08011049723756906 0.020642201834862386
3 0.7 0.7098623853211009 0.17569060773480663 0.02408256880733945
3 0.6602209944751382 0.7981651376146789 0.09668508287292818 0.020642201834862386
3 0.6944751381215469 0.9288990825688074 0.16464088397790055 0.016055045871559634
3 0.17458563535911603 0.23394495412844038 0.027624309392265192 0.02522935779816514
3 0.17458563535911603 0.30275229357798167 0.027624309392265192 0.02522935779816514
3 0.17458563535911603 0.37155963302752293 0.027624309392265192 0.02522935779816514
3 0.17458563535911603 0.44036697247706424 0.027624309392265192 0.02522935779816514
3 0.17458563535911603 0.5091743119266054 0.027624309392265192 0.02522935779816514
3 0.17458563535911603 0.5779816513761468 0.027624309392265192 0.02522935779816514
3 0.17458563535911603 0.6467889908256881 0.027624309392265192 0.02522935779816514
3 0.17458563535911603 0.23394495412844038 0.027624309392265192 0.02522935779816514
3 0.17458563535911603 0.30275229357798167 0.027624309392265192 0.02522935779816514
3 0.17458563535911603 0.37155963302752293 0.027624309392265192 0.02522935779816514
3 0.17458563535911603 0.44036697247706424 0.027624309392265192 0.02522935779816514
3 0.17458563535911603 0.5091743119266054 0.027624309392265192 0.02522935779816514
3 0.17458563535911603 0.5779816513761468 0.027624309392265192 0.02522935779816514
3 0.17458563535911603 0.6467889908256881 0.027624309392265192 0.02522935779816514
3 0.6895027624309392 0.28784403669724773 0.1552486187845304 0.0860091743119266
3 0.7082872928176795 0.5355504587155964 0.1591160220994475 0.022935779816513763
3 0.7071823204419889 0.606651376146789 0.16077348066298341 0.022935779816513763
3 0.7071823204419889 0.6307339449541285 0.16077348066298341 0.020642201834862386
3 0.6602209944751382 0.7775229357798165 0.09668508287292818 0.0194954128440367
3 0.6447513812154696 0.856651376146789 0.06519337016574586 0.022935779816513763
3 0.32154696132596683 0.04243119266055046 0.024861878453038673 0.022935779816513763
3 0.3580110497237569 0.04243119266055046 0.027624309392265192 0.022935779816513763
3 0.4066298342541437 0.04243119266055046 0.049723756906077346 0.022935779816513763
3 0.450828729281768 0.04243119266055046 0.019337016574585635 0.022935779816513763
3 0.48287292817679556 0.04243119266055046 0.024861878453038673 0.022935779816513763
3 0.5160220994475138 0.04243119266055046 0.02154696132596685 0.022935779816513763
3 0.18895027624309393 0.02522935779816514 0.06353591160220995 0.022935779816513763
3 0.18453038674033148 0.047018348623853214 0.06353591160220995 0.022935779816513763
3 0.26022099447513813 0.143348623853211 0.08176795580110498 0.016055045871559634
3 0.3364640883977901 0.143348623853211 0.05082872928176796 0.016055045871559634
3 0.41602209944751384 0.143348623853211 0.08950276243093923 0.016055045871559634
3 0.48066298342541436 0.143348623853211 0.019889502762430938 0.016055045871559634
3 0.5104972375690607 0.143348623853211 0.020441988950276244 0.016055045871559634
3 0.5408839779005525 0.143348623853211 0.019889502762430938 0.016055045871559634