0 0.5865079365079365 0.020879120879120878 0.02486772486772487 0.041758241758241756
0 0.7338624338624339 0.15604395604395604 0.059788359788359786 0.015384615384615385
1 0.7182539682539683 0.02142857142857143 0.18042328042328043 0.04285714285714286
1 0.4095238095238095 0.35384615384615387 0.15026455026455027 0.3120879120879121
1 0.5682539682539682 0.35384615384615387 0.15026455026455027 0.3120879120879121
1 0.726984126984127 0.35384615384615387 0.15026455026455027 0.3120879120879121
1 0.21904761904761905 0.020879120879120878 0.07089947089947089 0.03736263736263736
2 0.44047619047619047 0.020879120879120878 0.31693121693121695 0.041758241758241756
2 0.48677248677248675 0.01978021978021978 0.007407407407407408 0.015384615384615385
3 0.5248677248677248 0.020879120879120878 0.09947089947089947 0.02857142857142857
3 0.3724867724867725 0.5835164835164836 0.05502645502645503 0.020879120879120878
3 0.5312169312169313 0.6461538461538462 0.05502645502645503 0.020879120879120878
3 0.68994708994709 0.5835164835164836 0.05502645502645503 0.020879120879120878
3 0.5301587301587302 0.01978021978021978 0.07407407407407407 0.02197802197802198
3 0.5301587301587302 0.01978021978021978 0.07407407407407407 0.02197802197802198
3 0.25343915343915346 0.1912087912087912 0.14708994708994708 0.03296703296703297
3 0.4095238095238095 0.6274725274725275 0.1291005291005291 0.03956043956043956
3 0.5682539682539682 0.6901098901098901 0.1291005291005291 0.03956043956043956
3 0.726984126984127 0.6274725274725275 0.1291005291005291 0.03956043956043956
3 0.344973544973545 0.07692307692307693 0.023809523809523808 0.02197802197802198
3 0.3798941798941799 0.07692307692307693 0.026455026455026454 0.02197802197802198
3 0.4264550264550265 0.07692307692307693 0.047619047619047616 0.02197802197802198
3 0.4687830687830688 0.07692307692307693 0.018518518518518517 0.02197802197802198
3 0.49947089947089945 0.07692307692307693 0.023809523809523808 0.02197802197802198
3 0.5312169312169313 0.07692307692307693 0.020634920634920634 0.02197802197802198
3 0.21428571428571427 0.4835164835164835 0.06878306878306878 0.01978021978021978
3 0.23227513227513227 0.5692307692307692 0.1052910052910053 0.01978021978021978
3 0.20476190476190476 0.5956043956043956 0.04973544973544974 0.01978021978021978
3 0.22116402116402117 0.621978021978022 0.08306878306878307 0.01978021978021978
3 0.21322751322751324 0.6483516483516484 0.06666666666666667 0.01978021978021978
3 0.22275132275132276 0.6747252747252748 0.08571428571428572 0.01978021978021978
3 0.18888888888888888 0.701098901098901 0.01798941798941799 0.01978021978021978
3 0.18941798941798943 0.7868131868131868 0.01904761904761905 0.01978021978021978
3 0.22275132275132276 0.8725274725274725 0.08624338624338625 0.01978021978021978
3 0.1962962962962963 0.9582417582417583 0.0328042328042328 0.01978021978021978
3 0.2560846560846561 0.4835164835164835 0.009523809523809525 0.01978021978021978
3 0.2957671957671958 0.5692307692307692 0.015873015873015872 0.01978021978021978
3 0.24232804232804234 0.5956043956043956 0.019576719576719578 0.01978021978021978
3 0.26931216931216934 0.621978021978022 0.0068783068783068784 0.01978021978021978
3 0.2529100529100529 0.6483516483516484 0.007407407407407408 0.01978021978021978
3 0.27195767195767195 0.6747252747252748 0.007407407407407408 0.01978021978021978
3 0.20634920634920634 0.701098901098901 0.01164021164021164 0.01978021978021978
3 0.20952380952380953 0.7868131868131868 0.015873015873015872 0.01978021978021978
3 0.2788359788359788 0.8725274725274725 0.020105820105820106 0.01978021978021978
3 0.22645502645502646 0.9582417582417583 0.021693121693121695 0.01978021978021978
3 0.2111111111111111 0.9846153846153847 0.01164021164021164 0.01978021978021978
3 0.21798941798941798 0.06043956043956044 0.06084656084656084 0.02197802197802198
3 0.21375661375661376 0.08131868131868132 0.06084656084656084 0.02197802197802198
3 0.21904761904761905 0.14615384615384616 0.07830687830687831 0.02197802197802198
3 0.29259259259259257 0.14615384615384616 0.04867724867724868 0.02197802197802198