0 0.5771276595744681 0.026490066225165563 0.02446808510638298 0.04304635761589404
0 0.725531914893617 0.16335540838852097 0.0601063829787234 0.01545253863134658
1 0.7095744680851064 0.02759381898454746 0.18085106382978725 0.04304635761589404
1 0.399468085106383 0.3620309050772627 0.15106382978723404 0.31346578366445915
1 0.5590425531914893 0.3620309050772627 0.15106382978723404 0.31346578366445915
1 0.7186170212765958 0.3620309050772627 0.15106382978723404 0.31346578366445915
1 0.20797872340425533 0.02759381898454746 0.07127659574468086 0.037527593818984545
2 0.43031914893617024 0.026490066225165563 0.3180851063829787 0.04304635761589404
2 0.4425531914893617 0.026490066225165563 0.007446808510638298 0.01545253863134658
3 0.4978723404255319 0.02759381898454746 0.1345744680851064 0.02869757174392936
3 0.36223404255319147 0.6114790286975718 0.05531914893617021 0.02097130242825607
3 0.5218085106382979 0.5927152317880795 0.05531914893617021 0.02097130242825607
3 0.6920212765957446 0.6114790286975718 0.07659574468085106 0.02097130242825607
3 0.7186170212765958 0.6843267108167771 0.12978723404255318 0.01434878587196468
3 0.5031914893617021 0.026490066225165563 0.10904255319148937 0.02207505518763797
3 0.5031914893617021 0.026490066225165563 0.10904255319148937 0.02207505518763797
3 0.2425531914893617 0.22075055187637968 0.1478723404255319 0.033112582781456956
3 0.399468085106383 0.6456953642384106 0.12978723404255318 0.019867549668874173
3 0.5590425531914893 0.6368653421633554 0.12978723404255318 0.039735099337748346
3 0.7186170212765958 0.6556291390728477 0.12978723404255318 0.039735099337748346
3 0.3345744680851064 0.08388520971302428 0.023936170212765957 0.02207505518763797
3 0.3696808510638298 0.08388520971302428 0.026595744680851064 0.02207505518763797
3 0.41648936170212764 0.08388520971302428 0.047872340425531915 0.02207505518763797
3 0.45904255319148934 0.08388520971302428 0.018617021276595744 0.02207505518763797
3 0.4898936170212766 0.08388520971302428 0.023936170212765957 0.02207505518763797
3 0.5218085106382979 0.08388520971302428 0.02074468085106383 0.02207505518763797
3 0.20319148936170212 0.5143487858719646 0.06914893617021277 0.019867549668874173
3 0.2074468085106383 0.6004415011037527 0.07819148936170213 0.019867549668874173
3 0.20106382978723406 0.6269315673289183 0.06489361702127659 0.019867549668874173
3 0.1930851063829787 0.6534216335540839 0.04946808510638298 0.019867549668874173
3 0.18563829787234043 0.6799116997792495 0.03404255319148936 0.019867549668874173
3 0.18457446808510639 0.7064017660044151 0.031914893617021274 0.019867549668874173
3 0.18404255319148935 0.7328918322295805 0.030851063829787233 0.019867549668874173
3 0.1803191489361702 0.7593818984547461 0.023936170212765957 0.019867549668874173
3 0.18617021276595744 0.7858719646799117 0.035106382978723406 0.019867549668874173
3 0.1851063829787234 0.8123620309050773 0.03297872340425532 0.019867549668874173
3 0.17819148936170212 0.9282560706401766 0.019148936170212766 0.019867549668874173
3 0.24627659574468086 0.5143487858719646 0.011702127659574468 0.019867549668874173
3 0.26063829787234044 0.6004415011037527 0.02127659574468085 0.019867549668874173
3 0.24202127659574468 0.6269315673289183 0.01223404255319149 0.019867549668874173
3 0.225531914893617 0.6534216335540839 0.009574468085106383 0.019867549668874173
3 0.21010638297872342 0.6799116997792495 0.009574468085106383 0.019867549668874173
3 0.2074468085106383 0.7064017660044151 0.007446808510638298 0.019867549668874173
3 0.20638297872340425 0.7328918322295805 0.007978723404255319 0.019867549668874173
3 0.19893617021276597 0.7593818984547461 0.007446808510638298 0.019867549668874173
3 0.21063829787234042 0.7858719646799117 0.007978723404255319 0.019867549668874173
3 0.20691489361702128 0.8123620309050773 0.005319148936170213 0.019867549668874173
3 0.19840425531914893 0.9282560706401766 0.01648936170212766 0.019867549668874173
3 0.20691489361702128 0.0673289183222958 0.061170212765957445 0.02207505518763797
3 0.2026595744680851 0.08830022075055188 0.061170212765957445 0.02207505518763797
3 0.20797872340425533 0.1534216335540839 0.07872340425531915 0.02207505518763797
3 0.28191489361702127 0.1534216335540839 0.04893617021276596 0.02207505518763797
3 0.21010638297872342 0.17549668874172186 0.08351063829787234 0.02207505518763797