0 0.6310763888888888 0.019230769230769232 0.027199074074074073 0.038461538461538464
0 0.7922453703703703 0.27163461538461536 0.06539351851851852 0.016826923076923076
0 0.6805555555555556 0.43149038461538464 0.037037037037037035 0.03125
0 0.6759259259259259 0.6730769230769231 0.028356481481481483 0.03125
0 0.6869212962962963 0.9459134615384616 0.050347222222222224 0.03125
1 0.7751736111111112 0.019831730769230768 0.19733796296296297 0.039663461538461536
1 0.41550925925925924 0.4375 0.09259259259259259 0.19230769230769232
1 0.41550925925925924 0.6790865384615384 0.09259259259259259 0.19230769230769232
1 0.4157986111111111 0.9116586538461539 0.0931712962962963 0.17427884615384615
1 0.22945601851851852 0.018629807692307692 0.078125 0.037259615384615384
2 0.4713541666666667 0.019230769230769232 0.34664351851851855 0.038461538461538464
2 0.5486111111111112 0.014423076923076924 0.008101851851851851 0.016826923076923076
3 0.5769675925925926 0.015625 0.08217592592592593 0.03125
3 0.5185185185185185 0.44591346153846156 0.08622685185185185 0.02283653846153846
3 0.6493055555555556 0.43149038461538464 0.020833333333333332 0.021634615384615384
3 0.5063657407407407 0.6875 0.061342592592592594 0.02283653846153846
3 0.6493055555555556 0.6730769230769231 0.020833333333333332 0.021634615384615384
3 0.5173611111111112 0.9603365384615384 0.08333333333333333 0.02283653846153846
3 0.6493055555555556 0.9459134615384616 0.020833333333333332 0.021634615384615384
3 0.5827546296296297 0.014423076923076924 0.05439814814814815 0.02403846153846154
3 0.5827546296296297 0.014423076923076924 0.05439814814814815 0.02403846153846154
3 0.2667824074074074 0.3581730769230769 0.16087962962962962 0.036057692307692304
3 0.6568287037037037 0.35697115384615385 0.3628472222222222 0.03125
3 0.6568287037037037 0.5985576923076923 0.3628472222222222 0.03125
3 0.6568287037037037 0.8557692307692307 0.3628472222222222 0.0625
3 0.36689814814814814 0.07692307692307693 0.026041666666666668 0.02403846153846154
3 0.4050925925925926 0.07692307692307693 0.028935185185185185 0.02403846153846154
3 0.45601851851851855 0.07692307692307693 0.052083333333333336 0.02403846153846154
3 0.5023148148148148 0.07692307692307693 0.02025462962962963 0.02403846153846154
3 0.5358796296296297 0.07692307692307693 0.026041666666666668 0.02403846153846154
3 0.5706018518518519 0.07692307692307693 0.022569444444444444 0.02403846153846154
3 0.22395833333333334 0.6778846153846154 0.07523148148148148 0.021634615384615384
3 0.2013888888888889 0.7716346153846154 0.030671296296296297 0.021634615384615384
3 0.2019675925925926 0.8004807692307693 0.031828703703703706 0.021634615384615384
3 0.2037037037037037 0.8293269230769231 0.034722222222222224 0.021634615384615384
3 0.20717592592592593 0.8581730769230769 0.041666666666666664 0.021634615384615384
3 0.19675925925925927 0.9519230769230769 0.020833333333333332 0.021634615384615384
3 0.26851851851851855 0.6778846153846154 0.008101851851851851 0.021634615384615384
3 0.22916666666666666 0.7716346153846154 0.017361111111111112 0.021634615384615384
3 0.22511574074074073 0.8004807692307693 0.008101851851851851 0.021634615384615384
3 0.22858796296296297 0.8293269230769231 0.008680555555555556 0.021634615384615384
3 0.2337962962962963 0.8581730769230769 0.005787037037037037 0.021634615384615384
3 0.2175925925925926 0.9519230769230769 0.015625 0.021634615384615384
3 0.22800925925925927 0.05889423076923077 0.06655092592592593 0.02403846153846154
3 0.22337962962962962 0.08173076923076923 0.06655092592592593 0.02403846153846154
3 0.2193287037037037 0.2608173076923077 0.06655092592592593 0.02403846153846154
3 0.30439814814814814 0.2608173076923077 0.08275462962962964 0.02403846153846154
3 0.23958333333333334 0.2848557692307692 0.08449074074074074 0.02403846153846154
3 0.2604166666666667 0.296875 0.14814814814814814 0.04807692307692308
3 0.24131944444444445 0.3088942307692308 0.026041666666666668 0.02403846153846154