0 0.593956043956044 0.026255707762557076 0.025274725274725275 0.04452054794520548
0 0.7472527472527473 0.2705479452054795 0.06208791208791209 0.01598173515981735
0 0.6412087912087913 0.4223744292237443 0.035164835164835165 0.02968036529680365
0 0.6368131868131868 0.6518264840182648 0.026923076923076925 0.02968036529680365
0 0.6472527472527473 0.910958904109589 0.0478021978021978 0.02968036529680365
1 0.7307692307692307 0.0273972602739726 0.18681318681318682 0.04452054794520548
1 0.38956043956043956 0.4280821917808219 0.08791208791208792 0.182648401826484
1 0.38956043956043956 0.6575342465753424 0.08791208791208792 0.182648401826484
1 0.38956043956043956 0.886986301369863 0.08791208791208792 0.182648401826484
1 0.21263736263736263 0.0273972602739726 0.07362637362637363 0.03881278538812785
2 0.4423076923076923 0.026255707762557076 0.32857142857142857 0.04452054794520548
2 0.515934065934066 0.026255707762557076 0.007692307692307693 0.01598173515981735
3 0.5428571428571428 0.0273972602739726 0.07802197802197802 0.02968036529680365
3 0.48736263736263735 0.4360730593607306 0.08186813186813187 0.021689497716894976
3 0.6115384615384616 0.4223744292237443 0.01978021978021978 0.02054794520547945
3 0.4758241758241758 0.6655251141552512 0.05824175824175824 0.021689497716894976
3 0.6115384615384616 0.6518264840182648 0.01978021978021978 0.02054794520547945
3 0.48626373626373626 0.9246575342465754 0.07912087912087912 0.021689497716894976
3 0.6115384615384616 0.910958904109589 0.01978021978021978 0.02054794520547945
3 0.5483516483516484 0.026255707762557076 0.051648351648351645 0.0228310502283105
3 0.5483516483516484 0.026255707762557076 0.051648351648351645 0.0228310502283105
3 0.24835164835164836 0.3527397260273973 0.15274725274725276 0.03424657534246575
3 0.6186813186813187 0.3515981735159817 0.3445054945054945 0.02968036529680365
3 0.6186813186813187 0.5810502283105022 0.3445054945054945 0.02968036529680365
3 0.6186813186813187 0.8253424657534246 0.3445054945054945 0.0593607305936073
3 0.3434065934065934 0.08561643835616438 0.024725274725274724 0.0228310502283105
3 0.37967032967032965 0.08561643835616438 0.027472527472527472 0.0228310502283105
3 0.428021978021978 0.08561643835616438 0.04945054945054945 0.0228310502283105
3 0.47197802197802197 0.08561643835616438 0.019230769230769232 0.0228310502283105
3 0.5038461538461538 0.08561643835616438 0.024725274725274724 0.0228310502283105
3 0.5368131868131868 0.08561643835616438 0.02142857142857143 0.0228310502283105
3 0.2076923076923077 0.656392694063927 0.07142857142857142 0.02054794520547945
3 0.18626373626373627 0.7454337899543378 0.02912087912087912 0.02054794520547945
3 0.18681318681318682 0.7728310502283106 0.03021978021978022 0.02054794520547945
3 0.18846153846153846 0.8002283105022832 0.03296703296703297 0.02054794520547945
3 0.19175824175824177 0.8276255707762558 0.03956043956043956 0.02054794520547945
3 0.18186813186813186 0.9166666666666666 0.01978021978021978 0.02054794520547945
3 0.25 0.656392694063927 0.007692307692307693 0.02054794520547945
3 0.21263736263736263 0.7454337899543378 0.016483516483516484 0.02054794520547945
3 0.2087912087912088 0.7728310502283106 0.007692307692307693 0.02054794520547945
3 0.21208791208791208 0.8002283105022832 0.008241758241758242 0.02054794520547945
3 0.21703296703296704 0.8276255707762558 0.005494505494505495 0.02054794520547945
3 0.20164835164835165 0.9166666666666666 0.014835164835164835 0.02054794520547945
3 0.21153846153846154 0.0684931506849315 0.06318681318681318 0.0228310502283105
3 0.20714285714285716 0.09018264840182648 0.06318681318681318 0.0228310502283105
3 0.2032967032967033 0.2602739726027397 0.06318681318681318 0.0228310502283105
3 0.28406593406593406 0.2602739726027397 0.07857142857142857 0.0228310502283105
3 0.22252747252747251 0.2831050228310502 0.08021978021978023 0.0228310502283105
3 0.2423076923076923 0.2945205479452055 0.14065934065934066 0.045662100456621
3 0.22417582417582418 0.3059360730593607 0.024725274725274724 0.0228310502283105