0 0.59 0.01233183856502242 0.025405405405405406 0.02466367713004484
0 0.6924324324324325 0.9394618834080718 0.12972972972972974 0.020179372197309416
1 0.7245945945945946 0.01289237668161435 0.18432432432432433 0.0257847533632287
1 0.19945945945945945 0.22982062780269058 0.023783783783783784 0.04932735426008968
1 0.40540540540540543 0.5089686098654709 0.36108108108108106 0.5246636771300448
1 0.19945945945945945 0.297085201793722 0.023783783783783784 0.04932735426008968
1 0.19945945945945945 0.36434977578475336 0.023783783783783784 0.04932735426008968
1 0.19945945945945945 0.4316143497757848 0.023783783783783784 0.04932735426008968
1 0.21486486486486486 0.011771300448430493 0.07297297297297298 0.023542600896860985
2 0.4408108108108108 0.01233183856502242 0.3237837837837838 0.02466367713004484
3 0.6664864864864865 0.44506726457399104 0.07837837837837838 0.020179372197309416
3 0.7135135135135136 0.7522421524663677 0.17189189189189188 0.023542600896860985
3 0.6881081081081081 0.8385650224215246 0.12162162162162163 0.020179372197309416
3 0.19945945945945945 0.24775784753363228 0.02702702702702703 0.02466367713004484
3 0.19945945945945945 0.3150224215246637 0.02702702702702703 0.02466367713004484
3 0.19945945945945945 0.38228699551569506 0.02702702702702703 0.02466367713004484
3 0.19945945945945945 0.4495515695067265 0.02702702702702703 0.02466367713004484
3 0.19945945945945945 0.24775784753363228 0.02702702702702703 0.02466367713004484
3 0.19945945945945945 0.3150224215246637 0.02702702702702703 0.02466367713004484
3 0.19945945945945945 0.38228699551569506 0.02702702702702703 0.02466367713004484
3 0.19945945945945945 0.4495515695067265 0.02702702702702703 0.02466367713004484
3 0.7032432432432433 0.3004484304932735 0.1518918918918919 0.08408071748878924
3 0.7216216216216216 0.5145739910313901 0.15567567567567567 0.02242152466367713
3 0.7216216216216216 0.5381165919282511 0.15567567567567567 0.020179372197309416
3 0.7216216216216216 0.5605381165919282 0.15567567567567567 0.020179372197309416
3 0.7216216216216216 0.5829596412556054 0.15567567567567567 0.020179372197309416
3 0.7205405405405405 0.6513452914798207 0.1572972972972973 0.02242152466367713
3 0.7205405405405405 0.6748878923766816 0.1572972972972973 0.020179372197309416
3 0.6881081081081081 0.8183856502242153 0.12162162162162163 0.01905829596412556
3 0.6594594594594595 0.8957399103139013 0.06378378378378378 0.02242152466367713
3 0.34324324324324323 0.06053811659192825 0.024324324324324326 0.02242152466367713
3 0.37891891891891893 0.06053811659192825 0.02702702702702703 0.02242152466367713
3 0.42648648648648646 0.06053811659192825 0.04864864864864865 0.02242152466367713
3 0.4697297297297297 0.06053811659192825 0.01891891891891892 0.02242152466367713
3 0.5010810810810811 0.06053811659192825 0.024324324324324326 0.02242152466367713
3 0.5335135135135135 0.06053811659192825 0.02108108108108108 0.02242152466367713
3 0.21351351351351353 0.043721973094170405 0.062162162162162166 0.02242152466367713
3 0.2091891891891892 0.06502242152466367 0.062162162162162166 0.02242152466367713
3 0.28324324324324324 0.1591928251121076 0.08 0.01569506726457399
3 0.35783783783783785 0.1591928251121076 0.04972972972972973 0.01569506726457399
3 0.43567567567567567 0.1591928251121076 0.08756756756756756 0.01569506726457399
3 0.49891891891891893 0.1591928251121076 0.01945945945945946 0.01569506726457399
3 0.5281081081081082 0.1591928251121076 0.02 0.01569506726457399
3 0.5578378378378378 0.1591928251121076 0.01945945945945946 0.01569506726457399