0 0.6825842696629213 0.9345794392523364 0.1348314606741573 0.02102803738317757
1 0.1702247191011236 0.19509345794392524 0.024719101123595506 0.0514018691588785
1 0.3842696629213483 0.48598130841121495 0.3752808988764045 0.5467289719626168
1 0.1702247191011236 0.2651869158878505 0.024719101123595506 0.0514018691588785
1 0.1702247191011236 0.3352803738317757 0.024719101123595506 0.0514018691588785
1 0.1702247191011236 0.4053738317757009 0.024719101123595506 0.0514018691588785
3 0.6556179775280899 0.41939252336448596 0.08146067415730338 0.02102803738317757
3 0.7044943820224719 0.7394859813084113 0.17865168539325843 0.02453271028037383
3 0.6780898876404494 0.8294392523364486 0.12640449438202248 0.02102803738317757
3 0.1702247191011236 0.21378504672897197 0.028089887640449437 0.02570093457943925
3 0.1702247191011236 0.2838785046728972 0.028089887640449437 0.02570093457943925
3 0.1702247191011236 0.35397196261682246 0.028089887640449437 0.02570093457943925
3 0.1702247191011236 0.42406542056074764 0.028089887640449437 0.02570093457943925
3 0.1702247191011236 0.21378504672897197 0.028089887640449437 0.02570093457943925
3 0.1702247191011236 0.2838785046728972 0.028089887640449437 0.02570093457943925
3 0.1702247191011236 0.35397196261682246 0.028089887640449437 0.02570093457943925
3 0.1702247191011236 0.42406542056074764 0.028089887640449437 0.02570093457943925
3 0.6938202247191011 0.26869158878504673 0.15786516853932583 0.08761682242990654
3 0.7129213483146067 0.49182242990654207 0.16179775280898875 0.02336448598130841
3 0.7129213483146067 0.5163551401869159 0.16179775280898875 0.02102803738317757
3 0.7129213483146067 0.5397196261682243 0.16179775280898875 0.02102803738317757
3 0.7129213483146067 0.5630841121495327 0.16179775280898875 0.02102803738317757
3 0.7117977528089887 0.6343457943925234 0.16348314606741574 0.02336448598130841
3 0.7117977528089887 0.6588785046728972 0.16348314606741574 0.02102803738317757
3 0.6780898876404494 0.8084112149532711 0.12640449438202248 0.01985981308411215
3 0.648314606741573 0.889018691588785 0.06629213483146068 0.02336448598130841
3 0.3196629213483146 0.018691588785046728 0.025280898876404494 0.02336448598130841
3 0.35674157303370785 0.018691588785046728 0.028089887640449437 0.02336448598130841
3 0.4061797752808989 0.018691588785046728 0.05056179775280899 0.02336448598130841
3 0.451123595505618 0.018691588785046728 0.019662921348314606 0.02336448598130841
3 0.4837078651685393 0.018691588785046728 0.025280898876404494 0.02336448598130841
3 0.5174157303370787 0.018691588785046728 0.021910112359550562 0.02336448598130841
3 0.18483146067415732 0.007009345794392523 0.0651685393258427 0.014018691588785047
3 0.18033707865168538 0.02336448598130841 0.06460674157303371 0.02336448598130841
3 0.2573033707865168 0.12149532710280374 0.08314606741573034 0.016355140186915886
3 0.3348314606741573 0.12149532710280374 0.051685393258426963 0.016355140186915886
3 0.4157303370786517 0.12149532710280374 0.09101123595505618 0.016355140186915886
3 0.48146067415730337 0.12149532710280374 0.020224719101123594 0.016355140186915886
3 0.5117977528089888 0.12149532710280374 0.020786516853932586 0.016355140186915886
3 0.5426966292134832 0.12149532710280374 0.020224719101123594 0.016355140186915886