0 0.5978378378378378 0.02466367713004484 0.024864864864864864 0.043721973094170405
0 0.7486486486486487 0.16367713004484305 0.06108108108108108 0.01569506726457399
1 0.7324324324324324 0.0257847533632287 0.1837837837837838 0.043721973094170405
1 0.4172972972972973 0.3654708520179372 0.1535135135135135 0.3183856502242152
1 0.5794594594594594 0.3654708520179372 0.1535135135135135 0.3183856502242152
1 0.7416216216216216 0.3654708520179372 0.1535135135135135 0.3183856502242152
1 0.2227027027027027 0.0257847533632287 0.07243243243243243 0.03811659192825112
2 0.4486486486486487 0.02466367713004484 0.3232432432432432 0.043721973094170405
2 0.5086486486486487 0.02466367713004484 0.0075675675675675675 0.01569506726457399
3 0.5410810810810811 0.0257847533632287 0.0891891891891892 0.02914798206278027
3 0.37945945945945947 0.5997757847533632 0.05621621621621622 0.021300448430493273
3 0.5524324324324325 0.6188340807174888 0.07783783783783783 0.021300448430493273
3 0.5794594594594594 0.6928251121076233 0.1318918918918919 0.014573991031390135
3 0.7145945945945946 0.6188340807174888 0.07783783783783783 0.021300448430493273
3 0.5464864864864865 0.02466367713004484 0.06324324324324325 0.02242152466367713
3 0.5464864864864865 0.02466367713004484 0.06324324324324325 0.02242152466367713
3 0.2578378378378378 0.24439461883408073 0.15027027027027026 0.033632286995515695
3 0.4172972972972973 0.6446188340807175 0.1318918918918919 0.04035874439461883
3 0.5794594594594594 0.6636771300448431 0.1318918918918919 0.04035874439461883
3 0.7416216216216216 0.6636771300448431 0.1318918918918919 0.04035874439461883
3 0.35135135135135137 0.08295964125560538 0.024324324324324326 0.02242152466367713
3 0.387027027027027 0.08295964125560538 0.02702702702702703 0.02242152466367713
3 0.4345945945945946 0.08295964125560538 0.04864864864864865 0.02242152466367713
3 0.47783783783783784 0.08295964125560538 0.01891891891891892 0.02242152466367713
3 0.5091891891891892 0.08295964125560538 0.024324324324324326 0.02242152466367713
3 0.5416216216216216 0.08295964125560538 0.02108108108108108 0.02242152466367713
3 0.21783783783783783 0.5426008968609866 0.07027027027027027 0.020179372197309416
3 0.1972972972972973 0.6300448430493274 0.02918918918918919 0.020179372197309416
3 0.1972972972972973 0.6569506726457399 0.02972972972972973 0.020179372197309416
3 0.19783783783783784 0.6838565022421524 0.030810810810810812 0.020179372197309416
3 0.19297297297297297 0.7107623318385651 0.02054054054054054 0.020179372197309416
3 0.2064864864864865 0.7376681614349776 0.04810810810810811 0.020179372197309416
3 0.19135135135135134 0.7645739910313901 0.01783783783783784 0.020179372197309416
3 0.1989189189189189 0.7914798206278026 0.032432432432432434 0.020179372197309416
3 0.1918918918918919 0.8183856502242153 0.018378378378378378 0.020179372197309416
3 0.20108108108108108 0.8452914798206278 0.0372972972972973 0.020179372197309416
3 0.19243243243243244 0.9630044843049327 0.01945945945945946 0.020179372197309416
3 0.2616216216216216 0.5426008968609866 0.011891891891891892 0.020179372197309416
3 0.22432432432432434 0.6300448430493274 0.01891891891891892 0.020179372197309416
3 0.22378378378378377 0.6569506726457399 0.016216216216216217 0.020179372197309416
3 0.22378378378378377 0.6838565022421524 0.014594594594594595 0.020179372197309416
3 0.21405405405405406 0.7107623318385651 0.015135135135135135 0.020179372197309416
3 0.23945945945945946 0.7376681614349776 0.011891891891891892 0.020179372197309416
3 0.20864864864864865 0.7645739910313901 0.00972972972972973 0.020179372197309416
3 0.22108108108108107 0.7914798206278026 0.007027027027027027 0.020179372197309416
3 0.20756756756756756 0.8183856502242153 0.0075675675675675675 0.020179372197309416
3 0.22594594594594594 0.8452914798206278 0.005945945945945946 0.020179372197309416
3 0.21513513513513513 0.9630044843049327 0.02054054054054054 0.020179372197309416
3 0.22162162162162163 0.06614349775784753 0.062162162162162166 0.02242152466367713
3 0.2172972972972973 0.08744394618834081 0.062162162162162166 0.02242152466367713
3 0.2227027027027027 0.15358744394618834 0.08 0.02242152466367713
3 0.29783783783783785 0.15358744394618834 0.04972972972972973 0.02242152466367713
3 0.23621621621621622 0.17600896860986548 0.10756756756756757 0.02242152466367713
3 0.20108108108108108 0.1984304932735426 0.036756756756756756 0.02242152466367713