0 0.7768361581920904 0.11854460093896714 0.06384180790960452 0.01643192488262911
1 0.43050847457627117 0.32981220657276994 0.16045197740112993 0.3333333333333333
1 0.6 0.32981220657276994 0.16045197740112993 0.3333333333333333
1 0.7694915254237288 0.32981220657276994 0.16045197740112993 0.3333333333333333
3 0.40225988700564974 0.6220657276995305 0.08135593220338982 0.022300469483568074
3 0.56045197740113 0.5950704225352113 0.05875706214689266 0.022300469483568074
3 0.7412429378531074 0.5751173708920188 0.08135593220338982 0.022300469483568074
3 0.26384180790960454 0.17370892018779344 0.15706214689265538 0.07042253521126761
3 0.43050847457627117 0.6690140845070423 0.13785310734463277 0.04225352112676056
3 0.6 0.642018779342723 0.13785310734463277 0.04225352112676056
3 0.7694915254237288 0.6220657276995305 0.13785310734463277 0.04225352112676056
3 0.3615819209039548 0.03403755868544601 0.025423728813559324 0.023474178403755867
3 0.39887005649717516 0.03403755868544601 0.02824858757062147 0.023474178403755867
3 0.4485875706214689 0.03403755868544601 0.05084745762711865 0.023474178403755867
3 0.4937853107344633 0.03403755868544601 0.01977401129943503 0.023474178403755867
3 0.5265536723163842 0.03403755868544601 0.025423728813559324 0.023474178403755867
3 0.56045197740113 0.03403755868544601 0.022033898305084745 0.023474178403755867
3 0.22203389830508474 0.5035211267605634 0.07344632768361582 0.02112676056338028
3 0.24124293785310735 0.5950704225352113 0.11242937853107345 0.02112676056338028
3 0.23107344632768362 0.6232394366197183 0.09152542372881356 0.02112676056338028
3 0.22090395480225988 0.6514084507042254 0.0711864406779661 0.02112676056338028
3 0.19491525423728814 0.6795774647887324 0.0192090395480226 0.02112676056338028
3 0.19548022598870057 0.7711267605633803 0.020338983050847456 0.02112676056338028
3 0.23107344632768362 0.8626760563380281 0.09209039548022599 0.02112676056338028
3 0.20282485875706216 0.954225352112676 0.03502824858757062 0.02112676056338028
3 0.2655367231638418 0.5035211267605634 0.007909604519774011 0.02112676056338028
3 0.30903954802259886 0.5950704225352113 0.01694915254237288 0.02112676056338028
3 0.2858757062146893 0.6232394366197183 0.012429378531073447 0.02112676056338028
3 0.2632768361581921 0.6514084507042254 0.007909604519774011 0.02112676056338028
3 0.21242937853107344 0.6795774647887324 0.010734463276836158 0.02112676056338028
3 0.21468926553672316 0.7711267605633803 0.012429378531073447 0.02112676056338028
3 0.288135593220339 0.8626760563380281 0.01638418079096045 0.02112676056338028
3 0.23220338983050848 0.954225352112676 0.01694915254237288 0.02112676056338028
3 0.2175141242937853 0.9823943661971831 0.010734463276836158 0.02112676056338028
3 0.22598870056497175 0.01643192488262911 0.06497175141242938 0.023474178403755867
3 0.2214689265536723 0.03873239436619718 0.06497175141242938 0.023474178403755867
3 0.2271186440677966 0.107981220657277 0.08361581920903954 0.023474178403755867
3 0.3056497175141243 0.107981220657277 0.0519774011299435 0.023474178403755867