0 0.7201365187713311 0.10874704491725769 0.06427758816837315 0.016548463356973995
1 0.3714448236632537 0.3215130023640662 0.161547212741752 0.33569739952718675
1 0.5420932878270762 0.3215130023640662 0.161547212741752 0.33569739952718675
1 0.7127417519908987 0.3215130023640662 0.161547212741752 0.33569739952718675
3 0.35381114903299204 0.6158392434988179 0.10352673492605233 0.022458628841607566
3 0.5244596131968146 0.5886524822695035 0.10352673492605233 0.022458628841607566
3 0.6837315130830489 0.5886524822695035 0.080773606370876 0.022458628841607566
3 0.2036405005688282 0.1938534278959811 0.15813424345847554 0.03546099290780142
3 0.3714448236632537 0.6631205673758865 0.13879408418657566 0.0425531914893617
3 0.5420932878270762 0.6359338061465721 0.13879408418657566 0.0425531914893617
3 0.7127417519908987 0.6359338061465721 0.13879408418657566 0.0425531914893617
3 0.30204778156996587 0.02364066193853428 0.025597269624573378 0.02364066193853428
3 0.3395904436860068 0.02364066193853428 0.02844141069397042 0.02364066193853428
3 0.38964732650739475 0.02364066193853428 0.051194539249146756 0.02364066193853428
3 0.4351535836177474 0.02364066193853428 0.019908987485779295 0.02364066193853428
3 0.4681456200227531 0.02364066193853428 0.025597269624573378 0.02364066193853428
3 0.5022753128555176 0.02364066193853428 0.02218430034129693 0.02364066193853428
3 0.161547212741752 0.508274231678487 0.07394766780432309 0.02127659574468085
3 0.1348122866894198 0.6004728132387707 0.020477815699658702 0.02127659574468085
3 0.17064846416382254 0.6926713947990544 0.09271899886234357 0.02127659574468085
3 0.1422070534698521 0.7848699763593381 0.03526734926052332 0.02127659574468085
3 0.1427758816837315 0.9054373522458629 0.036973833902161544 0.02127659574468085
3 0.1362343572241183 0.9929078014184397 0.023321956769055744 0.01182033096926714
3 0.20648464163822525 0.508274231678487 0.010238907849829351 0.02127659574468085
3 0.15927189988623436 0.6004728132387707 0.023321956769055744 0.02127659574468085
3 0.23151308304891924 0.6926713947990544 0.023321956769055744 0.02127659574468085
3 0.1746302616609784 0.7848699763593381 0.022753128555176336 0.02127659574468085
3 0.15813424345847554 0.8132387706855791 0.012514220705346985 0.02127659574468085
3 0.17292377701934017 0.9054373522458629 0.017064846416382253 0.02127659574468085
3 0.1626848691695108 0.9929078014184397 0.02502844141069397 0.01182033096926714
3 0.16552901023890784 0.009456264775413711 0.06598407281001138 0.018912529550827423
3 0.16097838452787258 0.028368794326241134 0.06541524459613197 0.02364066193853428
3 0.16666666666666666 0.09810874704491726 0.08418657565415244 0.02364066193853428
3 0.24573378839590443 0.09810874704491726 0.05233219567690557 0.02364066193853428
3 0.15130830489192265 0.12174940898345153 0.053469852104664393 0.02364066193853428
3 0.2224118316268487 0.12174940898345153 0.0676905574516496 0.02364066193853428
3 0.15244596131968147 0.1453900709219858 0.05631399317406143 0.02364066193853428