0 0.6008426966292135 0.005841121495327103 0.026404494382022473 0.011682242990654205
0 0.7573033707865169 0.13317757009345793 0.06348314606741573 0.016355140186915886
1 0.7407303370786517 0.006425233644859813 0.19157303370786516 0.012850467289719626
1 0.41292134831460675 0.34345794392523366 0.15955056179775282 0.3317757009345794
1 0.5814606741573034 0.34345794392523366 0.15955056179775282 0.3317757009345794
1 0.75 0.34345794392523366 0.15955056179775282 0.3317757009345794
1 0.21095505617977528 0.005257009345794392 0.07584269662921349 0.010514018691588784
2 0.44578651685393256 0.005841121495327103 0.3365168539325843 0.011682242990654205
3 0.3955056179775281 0.6343457943925234 0.10224719101123596 0.02219626168224299
3 0.5640449438202247 0.6074766355140186 0.10224719101123596 0.02219626168224299
3 0.7213483146067415 0.6074766355140186 0.07977528089887641 0.02219626168224299
3 0.24719101123595505 0.21728971962616822 0.15617977528089888 0.035046728971962614
3 0.41292134831460675 0.6810747663551402 0.13707865168539327 0.04205607476635514
3 0.5814606741573034 0.6542056074766355 0.13707865168539327 0.04205607476635514
3 0.75 0.6542056074766355 0.13707865168539327 0.04205607476635514
3 0.34438202247191013 0.04906542056074766 0.025280898876404494 0.02336448598130841
3 0.3814606741573034 0.04906542056074766 0.028089887640449437 0.02336448598130841
3 0.43089887640449437 0.04906542056074766 0.05056179775280899 0.02336448598130841
3 0.47584269662921347 0.04906542056074766 0.019662921348314606 0.02336448598130841
3 0.5084269662921348 0.04906542056074766 0.025280898876404494 0.02336448598130841
3 0.5421348314606742 0.04906542056074766 0.021910112359550562 0.02336448598130841
3 0.20561797752808988 0.5280373831775701 0.07303370786516854 0.02102803738317757
3 0.17921348314606741 0.6191588785046729 0.020224719101123594 0.02102803738317757
3 0.21460674157303372 0.7102803738317757 0.09157303370786517 0.02102803738317757
3 0.18651685393258427 0.8014018691588785 0.0348314606741573 0.02102803738317757
3 0.18707865168539325 0.9205607476635514 0.03651685393258427 0.02102803738317757
3 0.25 0.5280373831775701 0.010112359550561797 0.02102803738317757
3 0.20337078651685395 0.6191588785046729 0.023033707865168538 0.02102803738317757
3 0.2747191011235955 0.7102803738317757 0.023033707865168538 0.02102803738317757
3 0.21853932584269664 0.8014018691588785 0.02247191011235955 0.02102803738317757
3 0.20224719101123595 0.8294392523364486 0.012359550561797753 0.02102803738317757
3 0.21685393258426966 0.9205607476635514 0.016853932584269662 0.02102803738317757
3 0.2095505617977528 0.03154205607476635 0.06460674157303371 0.02336448598130841
3 0.2050561797752809 0.053738317757009345 0.06460674157303371 0.02336448598130841
3 0.21067415730337077 0.12266355140186916 0.08314606741573034 0.02336448598130841
3 0.28876404494382024 0.12266355140186916 0.051685393258426963 0.02336448598130841
3 0.19550561797752808 0.14602803738317757 0.052808988764044947 0.02336448598130841
3 0.2657303370786517 0.14602803738317757 0.06685393258426967 0.02336448598130841
3 0.19662921348314608 0.169392523364486 0.05561797752808989 0.02336448598130841