0 0.584375 0.02918918918918919 0.023958333333333335 0.04216216216216216
0 0.7296875 0.16324324324324324 0.058854166666666666 0.015135135135135135
0 0.628125 0.9589189189189189 0.03125 0.02810810810810811
1 0.7140625 0.03027027027027027 0.17708333333333334 0.04216216216216216
1 0.390625 0.3124324324324324 0.08333333333333333 0.17297297297297298
1 0.390625 0.5297297297297298 0.08333333333333333 0.17297297297297298
1 0.390625 0.7470270270270271 0.08333333333333333 0.17297297297297298
1 0.22291666666666668 0.03027027027027027 0.06979166666666667 0.036756756756756756
2 0.440625 0.02918918918918919 0.31145833333333334 0.04216216216216216
2 0.5072916666666667 0.02918918918918919 0.007291666666666667 0.015135135135135135
3 0.534375 0.03027027027027027 0.07708333333333334 0.02810810810810811
3 0.48333333333333334 0.32 0.07760416666666667 0.02054054054054054
3 0.49375 0.5848648648648649 0.09791666666666667 0.02054054054054054
3 0.4822916666666667 0.7545945945945945 0.075 0.02054054054054054
3 0.48333333333333334 0.9718918918918918 0.07760416666666667 0.02054054054054054
3 0.6010416666666667 0.9589189189189189 0.01875 0.01945945945945946
3 0.5395833333333333 0.02918918918918919 0.052083333333333336 0.021621621621621623
3 0.5395833333333333 0.02918918918918919 0.052083333333333336 0.021621621621621623
3 0.25677083333333334 0.23567567567567568 0.14479166666666668 0.06486486486486487
3 0.6078125 0.24 0.3265625 0.02810810810810811
3 0.6078125 0.47135135135135137 0.3265625 0.05621621621621622
3 0.6078125 0.6745945945945946 0.3265625 0.02810810810810811
3 0.6078125 0.8918918918918919 0.3265625 0.02810810810810811
3 0.346875 0.08540540540540541 0.0234375 0.021621621621621623
3 0.38125 0.08540540540540541 0.026041666666666668 0.021621621621621623
3 0.4270833333333333 0.08540540540540541 0.046875 0.021621621621621623
3 0.46875 0.08540540540540541 0.018229166666666668 0.021621621621621623
3 0.49895833333333334 0.08540540540540541 0.0234375 0.021621621621621623
3 0.5302083333333333 0.08540540540540541 0.0203125 0.021621621621621623
3 0.21822916666666667 0.5394594594594595 0.06770833333333333 0.01945945945945946
3 0.20833333333333334 0.6237837837837837 0.04791666666666667 0.01945945945945946
3 0.20989583333333334 0.6497297297297298 0.051041666666666666 0.01945945945945946
3 0.196875 0.7340540540540541 0.025520833333333333 0.01945945945945946
3 0.19375 0.76 0.01875 0.01945945945945946
3 0.19375 0.8443243243243244 0.01875 0.01945945945945946
3 0.2265625 0.9286486486486486 0.08489583333333334 0.01945945945945946
3 0.2604166666666667 0.5394594594594595 0.011458333333333333 0.01945945945945946
3 0.24479166666666666 0.6237837837837837 0.01875 0.01945945945945946
3 0.24166666666666667 0.6497297297297298 0.0078125 0.01945945945945946
3 0.221875 0.7340540540540541 0.019270833333333334 0.01945945945945946
3 0.21354166666666666 0.76 0.016145833333333335 0.01945945945945946
3 0.21510416666666668 0.8443243243243244 0.019270833333333334 0.01945945945945946
3 0.28177083333333336 0.9286486486486486 0.019791666666666666 0.01945945945945946
3 0.221875 0.06918918918918919 0.059895833333333336 0.021621621621621623
3 0.21770833333333334 0.08972972972972973 0.059895833333333336 0.021621621621621623
3 0.22291666666666668 0.1535135135135135 0.07708333333333334 0.021621621621621623
3 0.253125 0.1643243243243243 0.13802083333333334 0.043243243243243246
3 0.2515625 0.17513513513513512 0.075 0.021621621621621623
3 0.31197916666666664 0.17513513513513512 0.0265625 0.021621621621621623