0 0.7585812356979404 0.11045130641330166 0.06464530892448513 0.0166270783847981
0 0.6413043478260869 0.7719714964370546 0.020594965675057208 0.04275534441805225
1 0.40789473684210525 0.32422802850356297 0.16247139588100687 0.33729216152019004
1 0.5795194508009154 0.32422802850356297 0.16247139588100687 0.33729216152019004
1 0.7511441647597255 0.32422802850356297 0.16247139588100687 0.33729216152019004
3 0.37871853546910755 0.6199524940617577 0.08123569794050343 0.022565320665083134
3 0.7334096109839817 0.5724465558194775 0.10411899313501144 0.022565320665083134
3 0.2391304347826087 0.17220902612826602 0.15903890160183065 0.035629453681710214
3 0.40789473684210525 0.667458432304038 0.13958810068649885 0.04275534441805225
3 0.5795194508009154 0.6033254156769596 0.13958810068649885 0.04275534441805225
3 0.7511441647597255 0.6199524940617577 0.13958810068649885 0.04275534441805225
3 0.33810068649885583 0.02494061757719715 0.02574370709382151 0.023752969121140142
3 0.37585812356979403 0.02494061757719715 0.028604118993135013 0.023752969121140142
3 0.42620137299771166 0.02494061757719715 0.05148741418764302 0.023752969121140142
3 0.4719679633867277 0.02494061757719715 0.02002288329519451 0.023752969121140142
3 0.5051487414187643 0.02494061757719715 0.02574370709382151 0.023752969121140142
3 0.5394736842105263 0.02494061757719715 0.02231121281464531 0.023752969121140142
3 0.19679633867276888 0.48812351543942994 0.07437070938215103 0.021377672209026127
3 0.16990846681922198 0.5807600950118765 0.02116704805491991 0.021377672209026127
3 0.18764302059496568 0.6092636579572447 0.05663615560640732 0.021377672209026127
3 0.18649885583524028 0.6377672209026128 0.05377574370709382 0.021377672209026127
3 0.16933638443935928 0.666270783847981 0.019450800915331808 0.021377672209026127
3 0.16990846681922198 0.7589073634204275 0.020594965675057208 0.021377672209026127
3 0.20594965675057209 0.8515439429928741 0.09324942791762014 0.021377672209026127
3 0.17734553775743708 0.9441805225653207 0.03546910755148741 0.021377672209026127
3 0.2419908466819222 0.48812351543942994 0.010869565217391304 0.021377672209026127
3 0.19279176201372997 0.5807600950118765 0.017734553775743706 0.021377672209026127
3 0.22654462242562928 0.6092636579572447 0.015446224256292907 0.021377672209026127
3 0.2231121281464531 0.6377672209026128 0.013157894736842105 0.021377672209026127
3 0.1859267734553776 0.666270783847981 0.008009153318077803 0.021377672209026127
3 0.19164759725400457 0.7589073634204275 0.017162471395881007 0.021377672209026127
3 0.2631578947368421 0.8515439429928741 0.015446224256292907 0.021377672209026127
3 0.20709382151029748 0.9441805225653207 0.017734553775743706 0.021377672209026127
3 0.19221967963386727 0.9726840855106889 0.010869565217391304 0.021377672209026127
3 0.20080091533180777 0.010095011876484561 0.06636155606407322 0.020190023752969122
3 0.19622425629290619 0.029691211401425176 0.06578947368421052 0.023752969121140142
3 0.20194508009153317 0.0997624703087886 0.08466819221967964 0.023752969121140142
3 0.2814645308924485 0.0997624703087886 0.05263157894736842 0.023752969121140142
3 0.18649885583524028 0.12351543942992874 0.05377574370709382 0.023752969121140142
3 0.2580091533180778 0.12351543942992874 0.06807780320366133 0.023752969121140142