0 0.6461226851851852 0.010817307692307692 0.027199074074074073 0.021634615384615384
0 0.234375 0.41225961538461536 0.011574074074074073 0.02403846153846154
0 0.2942708333333333 0.9903846153846154 0.014467592592592593 0.016826923076923076
0 0.8072916666666666 0.29447115384615385 0.06539351851851852 0.016826923076923076
0 0.8628472222222222 0.38100961538461536 0.020833333333333332 0.04326923076923077
1 0.7902199074074074 0.01141826923076923 0.19733796296296297 0.02283653846153846
1 0.4305555555555556 0.46033653846153844 0.09259259259259259 0.19230769230769232
1 0.4305555555555556 0.7115384615384616 0.09259259259259259 0.19230769230769232
1 0.4308449074074074 0.9278846153846154 0.0931712962962963 0.14182692307692307
1 0.24450231481481483 0.010216346153846154 0.078125 0.020432692307692308
2 0.48640046296296297 0.010817307692307692 0.34664351851851855 0.021634615384615384
2 0.5500578703703703 0.003605769230769231 0.008680555555555556 0.007211538461538462
2 0.21903935185185186 0.9885817307692307 0.036458333333333336 0.020432692307692308
2 0.26533564814814814 0.9885817307692307 0.036458333333333336 0.020432692307692308
3 0.5853587962962963 0.0078125 0.09664351851851852 0.015625
3 0.671875 0.44711538461538464 0.3628472222222222 0.016826923076923076
3 0.5109953703703703 0.546875 0.041087962962962965 0.016826923076923076
3 0.671875 0.6550480769230769 0.3628472222222222 0.016826923076923076
3 0.5451388888888888 0.7367788461538461 0.1087962962962963 0.02283653846153846
3 0.671875 0.9399038461538461 0.3628472222222222 0.016826923076923076
3 0.5911458333333334 0.005408653846153846 0.06886574074074074 0.010817307692307692
3 0.21903935185185186 0.9879807692307693 0.03530092592592592 0.021634615384615384
3 0.26533564814814814 0.9879807692307693 0.03530092592592592 0.021634615384615384
3 0.5911458333333334 0.005408653846153846 0.06886574074074074 0.010817307692307692
3 0.21903935185185186 0.9879807692307693 0.03530092592592592 0.021634615384615384
3 0.26533564814814814 0.9879807692307693 0.03530092592592592 0.021634615384615384
3 0.2818287037037037 0.3329326923076923 0.16087962962962962 0.036057692307692304
3 0.671875 0.4230769230769231 0.3628472222222222 0.03125
3 0.671875 0.6310096153846154 0.3628472222222222 0.03125
3 0.671875 0.9158653846153846 0.3628472222222222 0.03125
3 0.3819444444444444 0.06009615384615385 0.026041666666666668 0.02403846153846154
3 0.4201388888888889 0.06009615384615385 0.028935185185185185 0.02403846153846154
3 0.4710648148148148 0.06009615384615385 0.052083333333333336 0.02403846153846154
3 0.5173611111111112 0.06009615384615385 0.02025462962962963 0.02403846153846154
3 0.5509259259259259 0.06009615384615385 0.026041666666666668 0.02403846153846154
3 0.5856481481481481 0.06009615384615385 0.022569444444444444 0.02403846153846154
3 0.23900462962962962 0.7151442307692307 0.07523148148148148 0.021634615384615384
3 0.20717592592592593 0.8088942307692307 0.011574074074074073 0.021634615384615384
3 0.20601851851851852 0.8377403846153846 0.009259259259259259 0.021634615384615384
3 0.22743055555555555 0.9314903846153846 0.052083333333333336 0.021634615384615384
3 0.2199074074074074 0.9603365384615384 0.03761574074074074 0.021634615384615384
3 0.2829861111111111 0.7151442307692307 0.007523148148148148 0.021634615384615384
3 0.2199074074074074 0.8088942307692307 0.008101851851851851 0.021634615384615384
3 0.2181712962962963 0.8377403846153846 0.008101851851851851 0.021634615384615384
3 0.2604166666666667 0.9314903846153846 0.008101851851851851 0.021634615384615384
3 0.2465277777777778 0.9603365384615384 0.008101851851851851 0.021634615384615384
3 0.24305555555555555 0.042067307692307696 0.06655092592592593 0.02403846153846154
3 0.23842592592592593 0.06490384615384616 0.06655092592592593 0.02403846153846154
3 0.24768518518518517 0.28365384615384615 0.0931712962962963 0.02403846153846154
3 0.32523148148148145 0.28365384615384615 0.03993055555555555 0.02403846153846154