0 0.5858638743455498 0.029347826086956522 0.024083769633507852 0.042391304347826085
0 0.7319371727748691 0.1641304347826087 0.059162303664921465 0.015217391304347827
1 0.7162303664921466 0.030434782608695653 0.17801047120418848 0.042391304347826085
1 0.4109947643979058 0.35978260869565215 0.1486910994764398 0.30869565217391304
1 0.5680628272251309 0.35978260869565215 0.1486910994764398 0.30869565217391304
1 0.725130890052356 0.35978260869565215 0.1486910994764398 0.30869565217391304
1 0.22251308900523561 0.030434782608695653 0.07015706806282722 0.03695652173913044
2 0.44136125654450264 0.029347826086956522 0.31308900523560207 0.042391304347826085
2 0.487434554973822 0.029347826086956522 0.007329842931937173 0.015217391304347827
3 0.525130890052356 0.030434782608695653 0.09842931937172775 0.02826086956521739
3 0.38481675392670156 0.6304347826086957 0.07539267015706806 0.020652173913043477
3 0.5314136125654451 0.6054347826086957 0.05445026178010471 0.020652173913043477
3 0.6989528795811518 0.5869565217391305 0.07539267015706806 0.020652173913043477
3 0.5303664921465968 0.029347826086956522 0.07329842931937172 0.021739130434782608
3 0.5303664921465968 0.029347826086956522 0.07329842931937172 0.021739130434782608
3 0.25654450261780104 0.21521739130434783 0.14554973821989528 0.06521739130434782
3 0.4109947643979058 0.6739130434782609 0.12774869109947645 0.0391304347826087
3 0.5680628272251309 0.6489130434782608 0.12774869109947645 0.0391304347826087
3 0.725130890052356 0.6304347826086957 0.12774869109947645 0.0391304347826087
3 0.3471204188481675 0.08586956521739131 0.02356020942408377 0.021739130434782608
3 0.38167539267015704 0.08586956521739131 0.02617801047120419 0.021739130434782608
3 0.42774869109947644 0.08586956521739131 0.04712041884816754 0.021739130434782608
3 0.46963350785340313 0.08586956521739131 0.01832460732984293 0.021739130434782608
3 0.5 0.08586956521739131 0.02356020942408377 0.021739130434782608
3 0.5314136125654451 0.08586956521739131 0.020418848167539267 0.021739130434782608
3 0.21780104712041884 0.5206521739130435 0.06806282722513089 0.01956521739130435
3 0.2356020942408377 0.6054347826086957 0.10418848167539267 0.01956521739130435
3 0.2261780104712042 0.6315217391304347 0.08481675392670157 0.01956521739130435
3 0.21675392670157068 0.657608695652174 0.06596858638743455 0.01956521739130435
3 0.19267015706806281 0.683695652173913 0.01780104712041885 0.01956521739130435
3 0.1931937172774869 0.7684782608695652 0.018848167539267015 0.01956521739130435
3 0.2261780104712042 0.8532608695652174 0.08534031413612565 0.01956521739130435
3 0.2 0.9380434782608695 0.032460732984293195 0.01956521739130435
3 0.2581151832460733 0.5206521739130435 0.007329842931937173 0.01956521739130435
3 0.29842931937172773 0.6054347826086957 0.015706806282722512 0.01956521739130435
3 0.2769633507853403 0.6315217391304347 0.011518324607329843 0.01956521739130435
3 0.256020942408377 0.657608695652174 0.007329842931937173 0.01956521739130435
3 0.2089005235602094 0.683695652173913 0.009947643979057591 0.01956521739130435
3 0.21099476439790577 0.7684782608695652 0.011518324607329843 0.01956521739130435
3 0.27905759162303667 0.8532608695652174 0.015183246073298429 0.01956521739130435
3 0.22722513089005236 0.9380434782608695 0.015706806282722512 0.01956521739130435
3 0.2136125654450262 0.9641304347826087 0.009947643979057591 0.01956521739130435
3 0.22146596858638742 0.06956521739130435 0.060209424083769635 0.021739130434782608
3 0.21727748691099477 0.09021739130434783 0.060209424083769635 0.021739130434782608
3 0.22251308900523561 0.15434782608695652 0.0774869109947644 0.021739130434782608
3 0.29528795811518327 0.15434782608695652 0.048167539267015703 0.021739130434782608