0 0.7338983050847457 0.9776995305164319 0.1401129943502825 0.02112676056338028
1 0.21638418079096045 0.20539906103286384 0.024858757062146894 0.051643192488262914
1 0.43163841807909603 0.49765258215962443 0.37740112994350283 0.5492957746478874
1 0.21638418079096045 0.27582159624413144 0.024858757062146894 0.051643192488262914
1 0.21638418079096045 0.34624413145539906 0.024858757062146894 0.051643192488262914
1 0.21638418079096045 0.4166666666666667 0.024858757062146894 0.051643192488262914
1 0.21638418079096045 0.48708920187793425 0.024858757062146894 0.051643192488262914
1 0.21638418079096045 0.5575117370892019 0.024858757062146894 0.051643192488262914
1 0.21638418079096045 0.6279342723004695 0.024858757062146894 0.051643192488262914
1 0.21638418079096045 0.6983568075117371 0.024858757062146894 0.051643192488262914
3 0.7045197740112994 0.460093896713615 0.08192090395480225 0.02112676056338028
3 0.7536723163841808 0.7816901408450704 0.17966101694915254 0.02464788732394366
3 0.7146892655367232 0.8720657276995305 0.10225988700564972 0.02112676056338028
3 0.21638418079096045 0.22417840375586853 0.02824858757062147 0.025821596244131457
3 0.21638418079096045 0.29460093896713613 0.02824858757062147 0.025821596244131457
3 0.21638418079096045 0.36502347417840375 0.02824858757062147 0.025821596244131457
3 0.21638418079096045 0.4354460093896714 0.02824858757062147 0.025821596244131457
3 0.21638418079096045 0.505868544600939 0.02824858757062147 0.025821596244131457
3 0.21638418079096045 0.5762910798122066 0.02824858757062147 0.025821596244131457
3 0.21638418079096045 0.6467136150234741 0.02824858757062147 0.025821596244131457
3 0.21638418079096045 0.7171361502347418 0.02824858757062147 0.025821596244131457
3 0.21638418079096045 0.22417840375586853 0.02824858757062147 0.025821596244131457
3 0.21638418079096045 0.29460093896713613 0.02824858757062147 0.025821596244131457
3 0.21638418079096045 0.36502347417840375 0.02824858757062147 0.025821596244131457
3 0.21638418079096045 0.4354460093896714 0.02824858757062147 0.025821596244131457
3 0.21638418079096045 0.505868544600939 0.02824858757062147 0.025821596244131457
3 0.21638418079096045 0.5762910798122066 0.02824858757062147 0.025821596244131457
3 0.21638418079096045 0.6467136150234741 0.02824858757062147 0.025821596244131457
3 0.21638418079096045 0.7171361502347418 0.02824858757062147 0.025821596244131457
3 0.7429378531073446 0.2793427230046948 0.15875706214689267 0.0880281690140845
3 0.7621468926553673 0.5328638497652582 0.16271186440677965 0.023474178403755867
3 0.7621468926553673 0.5575117370892019 0.16271186440677965 0.02112676056338028
3 0.7621468926553673 0.5809859154929577 0.16271186440677965 0.02112676056338028
3 0.7621468926553673 0.6044600938967136 0.16271186440677965 0.02112676056338028
3 0.7610169491525424 0.676056338028169 0.16440677966101694 0.023474178403755867
3 0.7610169491525424 0.7007042253521126 0.16440677966101694 0.02112676056338028
3 0.7146892655367232 0.8509389671361502 0.10225988700564972 0.01995305164319249
3 0.6971751412429379 0.931924882629108 0.06666666666666667 0.023474178403755867
3 0.36666666666666664 0.028169014084507043 0.025423728813559324 0.023474178403755867
3 0.403954802259887 0.028169014084507043 0.02824858757062147 0.023474178403755867
3 0.4536723163841808 0.028169014084507043 0.05084745762711865 0.023474178403755867
3 0.49887005649717514 0.028169014084507043 0.01977401129943503 0.023474178403755867
3 0.5316384180790961 0.028169014084507043 0.025423728813559324 0.023474178403755867
3 0.5655367231638418 0.028169014084507043 0.022033898305084745 0.023474178403755867
3 0.23107344632768362 0.011737089201877934 0.0655367231638418 0.023474178403755867
3 0.22655367231638418 0.03286384976525822 0.06497175141242938 0.023474178403755867
3 0.303954802259887 0.13145539906103287 0.08361581920903954 0.01643192488262911
3 0.38192090395480227 0.13145539906103287 0.0519774011299435 0.01643192488262911
3 0.4632768361581921 0.13145539906103287 0.09152542372881356 0.01643192488262911
3 0.5361581920903955 0.13145539906103287 0.03389830508474576 0.01643192488262911
3 0.5937853107344633 0.13145539906103287 0.061581920903954805 0.01643192488262911