0 0.7472527472527473 0.12100456621004566 0.06208791208791209 0.01598173515981735
1 0.4104395604395604 0.3264840182648402 0.15604395604395604 0.3242009132420091
1 0.5752747252747252 0.3264840182648402 0.15604395604395604 0.3242009132420091
1 0.7401098901098901 0.3264840182648402 0.15604395604395604 0.3242009132420091
3 0.4104395604395604 0.6506849315068494 0.13406593406593406 0.014840182648401826
3 0.5478021978021979 0.565068493150685 0.07912087912087912 0.021689497716894976
3 0.24835164835164836 0.18036529680365296 0.15274725274725276 0.03424657534246575
3 0.4104395604395604 0.6210045662100456 0.13406593406593406 0.0410958904109589
3 0.5752747252747252 0.610730593607306 0.13406593406593406 0.0410958904109589
3 0.7401098901098901 0.5753424657534246 0.13406593406593406 0.0410958904109589
3 0.3434065934065934 0.03881278538812785 0.024725274725274724 0.0228310502283105
3 0.37967032967032965 0.03881278538812785 0.027472527472527472 0.0228310502283105
3 0.428021978021978 0.03881278538812785 0.04945054945054945 0.0228310502283105
3 0.47197802197802197 0.03881278538812785 0.019230769230769232 0.0228310502283105
3 0.5038461538461538 0.03881278538812785 0.024725274725274724 0.0228310502283105
3 0.5368131868131868 0.03881278538812785 0.02142857142857143 0.0228310502283105
3 0.2076923076923077 0.4840182648401826 0.07142857142857142 0.02054794520547945
3 0.18186813186813186 0.5730593607305936 0.01978021978021978 0.02054794520547945
3 0.2164835164835165 0.6621004566210046 0.08956043956043956 0.02054794520547945
3 0.189010989010989 0.7511415525114156 0.03406593406593406 0.02054794520547945
3 0.18956043956043955 0.867579908675799 0.03571428571428571 0.02054794520547945
3 0.18296703296703296 0.95662100456621 0.02197802197802198 0.02054794520547945
3 0.18296703296703296 0.9840182648401826 0.02197802197802198 0.02054794520547945
3 0.24945054945054945 0.4840182648401826 0.007142857142857143 0.02054794520547945
3 0.20054945054945056 0.5730593607305936 0.012087912087912088 0.02054794520547945
3 0.27087912087912086 0.6621004566210046 0.013736263736263736 0.02054794520547945
3 0.2175824175824176 0.7511415525114156 0.016483516483516484 0.02054794520547945
3 0.2021978021978022 0.7785388127853882 0.008241758241758242 0.02054794520547945
3 0.2164835164835165 0.867579908675799 0.012087912087912088 0.02054794520547945
3 0.20549450549450549 0.95662100456621 0.01703296703296703 0.02054794520547945
3 0.2021978021978022 0.9840182648401826 0.011538461538461539 0.02054794520547945
3 0.21153846153846154 0.021689497716894976 0.06318681318681318 0.0228310502283105
3 0.20714285714285716 0.04337899543378995 0.06318681318681318 0.0228310502283105
3 0.21263736263736263 0.11073059360730593 0.08131868131868132 0.0228310502283105
3 0.289010989010989 0.11073059360730593 0.05054945054945055 0.0228310502283105
3 0.1978021978021978 0.13356164383561644 0.051648351648351645 0.0228310502283105
3 0.24395604395604395 0.13356164383561644 0.01978021978021978 0.0228310502283105