0 0.5781767955801105 0.014908256880733946 0.025966850828729283 0.02981651376146789
0 0.18121546961325966 0.28440366972477066 0.011049723756906077 0.022935779816513763
0 0.7320441988950276 0.14908256880733944 0.062430939226519336 0.016055045871559634
1 0.7157458563535911 0.01548165137614679 0.18839779005524862 0.03096330275229358
1 0.39337016574585637 0.3555045871559633 0.1569060773480663 0.3256880733944954
1 0.5591160220994476 0.3555045871559633 0.1569060773480663 0.3256880733944954
1 0.7248618784530386 0.3555045871559633 0.1569060773480663 0.3256880733944954
1 0.19475138121546962 0.014334862385321102 0.07458563535911603 0.028669724770642203
2 0.4256906077348066 0.014908256880733946 0.330939226519337 0.02981651376146789
2 0.5024861878453039 0.008027522935779817 0.008287292817679558 0.016055045871559634
3 0.5276243093922652 0.012041284403669725 0.07624309392265194 0.02408256880733945
3 0.3546961325966851 0.5951834862385321 0.057458563535911604 0.021788990825688075
3 0.5204419889502763 0.6410550458715596 0.057458563535911604 0.021788990825688075
3 0.6972375690607735 0.5951834862385321 0.07955801104972375 0.021788990825688075
3 0.5331491712707183 0.00974770642201835 0.049723756906077346 0.0194954128440367
3 0.5331491712707183 0.00974770642201835 0.049723756906077346 0.0194954128440367
3 0.2303867403314917 0.20871559633027523 0.15359116022099448 0.034403669724770644
3 0.39337016574585637 0.6410550458715596 0.13480662983425415 0.04128440366972477
3 0.5591160220994476 0.6869266055045872 0.13480662983425415 0.04128440366972477
3 0.7248618784530386 0.6307339449541285 0.13480662983425415 0.020642201834862386
3 0.3259668508287293 0.06651376146788991 0.024861878453038673 0.022935779816513763
3 0.3624309392265193 0.06651376146788991 0.027624309392265192 0.022935779816513763
3 0.41104972375690607 0.06651376146788991 0.049723756906077346 0.022935779816513763
3 0.4552486187845304 0.06651376146788991 0.019337016574585635 0.022935779816513763
3 0.487292817679558 0.06651376146788991 0.024861878453038673 0.022935779816513763
3 0.5204419889502763 0.06651376146788991 0.02154696132596685 0.022935779816513763
3 0.18950276243093922 0.573394495412844 0.0718232044198895 0.020642201834862386
3 0.16353591160220995 0.6628440366972477 0.019889502762430938 0.020642201834862386
3 0.16408839779005524 0.6903669724770642 0.020994475138121547 0.020642201834862386
3 0.18066298342541437 0.7178899082568807 0.05414364640883978 0.020642201834862386
3 0.16574585635359115 0.7454128440366973 0.024861878453038673 0.020642201834862386
3 0.18066298342541437 0.7729357798165137 0.05414364640883978 0.020642201834862386
3 0.16629834254143647 0.8004587155963303 0.025966850828729283 0.020642201834862386
3 0.1734806629834254 0.8279816513761468 0.039779005524861875 0.020642201834862386
3 0.16353591160220995 0.8555045871559633 0.019889502762430938 0.020642201834862386
3 0.18176795580110497 0.8830275229357798 0.0569060773480663 0.020642201834862386
3 0.16381215469613258 0.9959862385321101 0.020441988950276244 0.005733944954128441
3 0.23425414364640884 0.573394495412844 0.012154696132596685 0.020642201834862386
3 0.18729281767955802 0.6628440366972477 0.020994475138121547 0.020642201834862386
3 0.18839779005524862 0.6903669724770642 0.02154696132596685 0.020642201834862386
3 0.2165745856353591 0.7178899082568807 0.012154696132596685 0.020642201834862386
3 0.1867403314917127 0.7454128440366973 0.010497237569060774 0.020642201834862386
3 0.2154696132596685 0.7729357798165137 0.010497237569060774 0.020642201834862386
3 0.1867403314917127 0.8004587155963303 0.008287292817679558 0.020642201834862386
3 0.2005524861878453 0.8279816513761468 0.008287292817679558 0.020642201834862386
3 0.18011049723756906 0.8555045871559633 0.0077348066298342545 0.020642201834862386
3 0.2176795580110497 0.8830275229357798 0.0077348066298342545 0.020642201834862386
3 0.18480662983425414 0.9959862385321101 0.01712707182320442 0.005733944954128441
3 0.19337016574585636 0.04931192660550459 0.06353591160220995 0.022935779816513763
3 0.18895027624309393 0.07110091743119266 0.06353591160220995 0.022935779816513763
3 0.19447513812154696 0.13876146788990826 0.08176795580110498 0.022935779816513763
3 0.2712707182320442 0.13876146788990826 0.05082872928176796 0.022935779816513763
3 0.1983425414364641 0.16169724770642202 0.08950276243093923 0.022935779816513763
3 0.26298342541436465 0.16169724770642202 0.019889502762430938 0.022935779816513763
3 0.29392265193370165 0.16169724770642202 0.02154696132596685 0.022935779816513763