0 0.15706214689265538 0.2312206572769953 0.011299435028248588 0.023474178403755867
0 0.7203389830508474 0.09272300469483569 0.06384180790960452 0.01643192488262911
1 0.37401129943502825 0.3039906103286385 0.16045197740112993 0.3333333333333333
1 0.5435028248587571 0.3039906103286385 0.16045197740112993 0.3333333333333333
1 0.7129943502824859 0.3039906103286385 0.16045197740112993 0.3333333333333333
3 0.3344632768361582 0.5492957746478874 0.05875706214689266 0.022300469483568074
3 0.503954802259887 0.596244131455399 0.05875706214689266 0.022300469483568074
3 0.6847457627118644 0.5492957746478874 0.08135593220338982 0.022300469483568074
3 0.20734463276836157 0.15375586854460094 0.15706214689265538 0.035211267605633804
3 0.37401129943502825 0.596244131455399 0.13785310734463277 0.04225352112676056
3 0.5435028248587571 0.6431924882629108 0.13785310734463277 0.04225352112676056
3 0.7129943502824859 0.5856807511737089 0.13785310734463277 0.02112676056338028
3 0.3050847457627119 0.01056338028169014 0.02598870056497175 0.02112676056338028
3 0.3426553672316384 0.01056338028169014 0.0288135593220339 0.02112676056338028
3 0.3923728813559322 0.01056338028169014 0.05141242937853107 0.02112676056338028
3 0.43728813559322033 0.01056338028169014 0.020338983050847456 0.02112676056338028
3 0.47005649717514125 0.01056338028169014 0.02598870056497175 0.02112676056338028
3 0.503954802259887 0.01056338028169014 0.022598870056497175 0.02112676056338028
3 0.1655367231638418 0.5269953051643192 0.07344632768361582 0.02112676056338028
3 0.13898305084745763 0.6185446009389671 0.020338983050847456 0.02112676056338028
3 0.13954802259887006 0.6467136150234741 0.021468926553672316 0.02112676056338028
3 0.15649717514124295 0.6748826291079812 0.05536723163841808 0.02112676056338028
3 0.14124293785310735 0.7030516431924883 0.025423728813559324 0.02112676056338028
3 0.15649717514124295 0.7312206572769953 0.05536723163841808 0.02112676056338028
3 0.14180790960451978 0.7593896713615024 0.02655367231638418 0.02112676056338028
3 0.14915254237288136 0.7875586854460094 0.04067796610169491 0.02112676056338028
3 0.13898305084745763 0.8157276995305164 0.020338983050847456 0.02112676056338028
3 0.1576271186440678 0.8438967136150235 0.05819209039548023 0.02112676056338028
3 0.13898305084745763 0.9671361502347418 0.020338983050847456 0.02112676056338028
3 0.21129943502824858 0.5269953051643192 0.012429378531073447 0.02112676056338028
3 0.16327683615819208 0.6185446009389671 0.021468926553672316 0.02112676056338028
3 0.16440677966101694 0.6467136150234741 0.022033898305084745 0.02112676056338028
3 0.19322033898305085 0.6748826291079812 0.012429378531073447 0.02112676056338028
3 0.16271186440677965 0.7030516431924883 0.010734463276836158 0.02112676056338028
3 0.192090395480226 0.7312206572769953 0.010734463276836158 0.02112676056338028
3 0.16271186440677965 0.7593896713615024 0.00847457627118644 0.02112676056338028
3 0.1768361581920904 0.7875586854460094 0.00847457627118644 0.02112676056338028
3 0.15593220338983052 0.8157276995305164 0.007909604519774011 0.02112676056338028
3 0.1943502824858757 0.8438967136150235 0.007909604519774011 0.02112676056338028
3 0.16045197740112993 0.9671361502347418 0.01694915254237288 0.02112676056338028
3 0.16497175141242937 0.012910798122065728 0.06497175141242938 0.023474178403755867
3 0.17062146892655367 0.08215962441314555 0.08361581920903954 0.023474178403755867
3 0.24915254237288137 0.08215962441314555 0.0519774011299435 0.023474178403755867
3 0.17457627118644067 0.1056338028169014 0.09152542372881356 0.023474178403755867
3 0.24067796610169492 0.1056338028169014 0.020338983050847456 0.023474178403755867
3 0.27231638418079096 0.1056338028169014 0.022033898305084745 0.023474178403755867