0 0.5663934426229508 0.013038548752834467 0.025683060109289616 0.026077097505668934
0 0.18360655737704917 0.2777777777777778 0.01092896174863388 0.022675736961451247
0 0.7185792349726776 0.14399092970521543 0.06174863387978142 0.015873015873015872
1 0.7024590163934427 0.013605442176870748 0.18633879781420765 0.027210884353741496
1 0.3836065573770492 0.34807256235827666 0.1551912568306011 0.3219954648526077
1 0.5475409836065573 0.34807256235827666 0.1551912568306011 0.3219954648526077
1 0.7114754098360656 0.34807256235827666 0.1551912568306011 0.3219954648526077
1 0.1871584699453552 0.012471655328798186 0.07377049180327869 0.024943310657596373
2 0.4155737704918033 0.013038548752834467 0.3273224043715847 0.026077097505668934
2 0.48114754098360657 0.006235827664399093 0.00819672131147541 0.012471655328798186
3 0.5117486338797814 0.01020408163265306 0.08579234972677596 0.02040816326530612
3 0.3360655737704918 0.6281179138321995 0.03879781420765027 0.015873015873015872
3 0.519672131147541 0.5850340136054422 0.07759562841530054 0.021541950113378686
3 0.6836065573770492 0.5850340136054422 0.07759562841530054 0.021541950113378686
3 0.5172131147540984 0.007936507936507936 0.059562841530054644 0.015873015873015872
3 0.5172131147540984 0.007936507936507936 0.059562841530054644 0.015873015873015872
3 0.22240437158469945 0.20294784580498867 0.15191256830601094 0.034013605442176874
3 0.3836065573770492 0.6598639455782312 0.13333333333333333 0.02040816326530612
3 0.5475409836065573 0.6303854875283447 0.13333333333333333 0.04081632653061224
3 0.7114754098360656 0.6303854875283447 0.13333333333333333 0.04081632653061224
3 0.31693989071038253 0.06235827664399093 0.02459016393442623 0.022675736961451247
3 0.35300546448087433 0.06235827664399093 0.0273224043715847 0.022675736961451247
3 0.4010928961748634 0.06235827664399093 0.04918032786885246 0.022675736961451247
3 0.4448087431693989 0.06235827664399093 0.01912568306010929 0.022675736961451247
3 0.47650273224043715 0.06235827664399093 0.02459016393442623 0.022675736961451247
3 0.5092896174863388 0.06235827664399093 0.021311475409836064 0.022675736961451247
3 0.15628415300546447 0.5634920634920635 0.019672131147540985 0.02040816326530612
3 0.1907103825136612 0.6519274376417233 0.08907103825136611 0.02040816326530612
3 0.1633879781420765 0.7403628117913832 0.033879781420765025 0.02040816326530612
3 0.16393442622950818 0.8560090702947846 0.03551912568306011 0.02040816326530612
3 0.15737704918032788 0.9444444444444444 0.02185792349726776 0.02040816326530612
3 0.15737704918032788 0.971655328798186 0.02185792349726776 0.02040816326530612
3 0.1756830601092896 0.9937641723356009 0.058469945355191254 0.01020408163265306
3 0.17595628415300546 0.5634920634920635 0.014207650273224045 0.02040816326530612
3 0.24316939890710382 0.6519274376417233 0.009836065573770493 0.02040816326530612
3 0.1907103825136612 0.7403628117913832 0.014754098360655738 0.02040816326530612
3 0.17540983606557378 0.7675736961451247 0.006010928961748634 0.02040816326530612
3 0.1907103825136612 0.8560090702947846 0.012021857923497269 0.02040816326530612
3 0.17923497267759564 0.9444444444444444 0.015300546448087432 0.02040816326530612
3 0.17704918032786884 0.971655328798186 0.012568306010928962 0.02040816326530612
3 0.21147540983606558 0.9937641723356009 0.008743169398907104 0.01020408163265306
3 0.18579234972677597 0.045351473922902494 0.06284153005464481 0.022675736961451247
3 0.1814207650273224 0.06689342403628118 0.06284153005464481 0.022675736961451247
3 0.18688524590163935 0.13378684807256236 0.08087431693989071 0.022675736961451247
3 0.26284153005464483 0.13378684807256236 0.05027322404371585 0.022675736961451247
3 0.1721311475409836 0.1564625850340136 0.05136612021857923 0.022675736961451247
3 0.22404371584699453 0.1564625850340136 0.03224043715846994 0.022675736961451247