0 0.1956043956043956 0.2602739726027397 0.01098901098901099 0.0228310502283105
0 0.7335164835164835 0.12557077625570776 0.06208791208791209 0.01598173515981735
1 0.3967032967032967 0.3310502283105023 0.15604395604395604 0.3242009132420091
1 0.5615384615384615 0.3310502283105023 0.15604395604395604 0.3242009132420091
1 0.7263736263736263 0.3310502283105023 0.15604395604395604 0.3242009132420091
3 0.3489010989010989 0.613013698630137 0.03901098901098901 0.01598173515981735
3 0.5335164835164835 0.569634703196347 0.07802197802197802 0.021689497716894976
3 0.6983516483516483 0.569634703196347 0.07802197802197802 0.021689497716894976
3 0.23461538461538461 0.18493150684931506 0.15274725274725276 0.03424657534246575
3 0.3967032967032967 0.6449771689497716 0.13406593406593406 0.02054794520547945
3 0.5615384615384615 0.615296803652968 0.13406593406593406 0.0410958904109589
3 0.7263736263736263 0.615296803652968 0.13406593406593406 0.0410958904109589
3 0.32967032967032966 0.04337899543378995 0.024725274725274724 0.0228310502283105
3 0.3659340659340659 0.04337899543378995 0.027472527472527472 0.0228310502283105
3 0.4142857142857143 0.04337899543378995 0.04945054945054945 0.0228310502283105
3 0.4582417582417582 0.04337899543378995 0.019230769230769232 0.0228310502283105
3 0.4901098901098901 0.04337899543378995 0.024725274725274724 0.0228310502283105
3 0.5230769230769231 0.04337899543378995 0.02142857142857143 0.0228310502283105
3 0.16813186813186815 0.547945205479452 0.01978021978021978 0.02054794520547945
3 0.20274725274725275 0.636986301369863 0.08956043956043956 0.02054794520547945
3 0.17527472527472526 0.726027397260274 0.03406593406593406 0.02054794520547945
3 0.17582417582417584 0.8424657534246576 0.03571428571428571 0.02054794520547945
3 0.16923076923076924 0.9315068493150684 0.02197802197802198 0.02054794520547945
3 0.16923076923076924 0.958904109589041 0.02197802197802198 0.02054794520547945
3 0.18736263736263736 0.9863013698630136 0.05824175824175824 0.02054794520547945
3 0.1879120879120879 0.547945205479452 0.014285714285714285 0.02054794520547945
3 0.2554945054945055 0.636986301369863 0.00989010989010989 0.02054794520547945
3 0.20274725274725275 0.726027397260274 0.014835164835164835 0.02054794520547945
3 0.18736263736263736 0.7534246575342466 0.006043956043956044 0.02054794520547945
3 0.20274725274725275 0.8424657534246576 0.012087912087912088 0.02054794520547945
3 0.1912087912087912 0.9315068493150684 0.015384615384615385 0.02054794520547945
3 0.189010989010989 0.958904109589041 0.012637362637362638 0.02054794520547945
3 0.22362637362637364 0.9863013698630136 0.008241758241758242 0.02054794520547945
3 0.1978021978021978 0.026255707762557076 0.06318681318681318 0.0228310502283105
3 0.1934065934065934 0.04794520547945205 0.06318681318681318 0.0228310502283105
3 0.1989010989010989 0.11529680365296803 0.08131868131868132 0.0228310502283105
3 0.2752747252747253 0.11529680365296803 0.05054945054945055 0.0228310502283105
3 0.18406593406593408 0.13812785388127855 0.051648351648351645 0.0228310502283105
3 0.23626373626373626 0.13812785388127855 0.03241758241758242 0.0228310502283105