0 0.6047486033519553 0.004640371229698376 0.026256983240223464 0.009280742459396751
0 0.7603351955307263 0.16821345707656613 0.06312849162011173 0.016241299303944315
1 0.743854748603352 0.005220417633410673 0.19050279329608938 0.010440835266821345
1 0.41787709497206704 0.37703016241299303 0.15865921787709497 0.3294663573085847
1 0.5854748603351956 0.37703016241299303 0.15865921787709497 0.3294663573085847
1 0.753072625698324 0.37703016241299303 0.15865921787709497 0.3294663573085847
1 0.2170391061452514 0.004060324825986079 0.07541899441340782 0.008120649651972157
2 0.4505586592178771 0.004640371229698376 0.3346368715083799 0.009280742459396751
3 0.3787709497206704 0.665893271461717 0.05810055865921788 0.022041763341067284
3 0.5463687150837989 0.6194895591647331 0.05810055865921788 0.022041763341067284
3 0.7251396648044692 0.6194895591647331 0.08044692737430167 0.022041763341067284
3 0.253072625698324 0.228538283062645 0.1553072625698324 0.03480278422273782
3 0.41787709497206704 0.7122969837587007 0.13631284916201117 0.04176334106728538
3 0.5854748603351956 0.665893271461717 0.13631284916201117 0.04176334106728538
3 0.753072625698324 0.665893271461717 0.13631284916201117 0.04176334106728538
3 0.34972067039106147 0.04640371229698376 0.025139664804469275 0.02320185614849188
3 0.3865921787709497 0.04640371229698376 0.027932960893854747 0.02320185614849188
3 0.43575418994413406 0.04640371229698376 0.05027932960893855 0.02320185614849188
3 0.48044692737430167 0.04640371229698376 0.019553072625698324 0.02320185614849188
3 0.5128491620111731 0.04640371229698376 0.025139664804469275 0.02320185614849188
3 0.5463687150837989 0.04640371229698376 0.021787709497206705 0.02320185614849188
3 0.211731843575419 0.537122969837587 0.07262569832402235 0.02088167053364269
3 0.18547486033519553 0.6276102088167054 0.02011173184357542 0.02088167053364269
3 0.2206703910614525 0.7180974477958236 0.09106145251396648 0.02088167053364269
3 0.19273743016759776 0.808584686774942 0.034636871508379886 0.02088167053364269
3 0.19329608938547485 0.9269141531322506 0.036312849162011177 0.02088167053364269
3 0.2558659217877095 0.537122969837587 0.01005586592178771 0.02088167053364269
3 0.20670391061452514 0.6276102088167054 0.017318435754189943 0.02088167053364269
3 0.2798882681564246 0.7180974477958236 0.021229050279329607 0.02088167053364269
3 0.22513966480446929 0.808584686774942 0.024022346368715083 0.02088167053364269
3 0.20837988826815643 0.8364269141531323 0.012849162011173185 0.02088167053364269
3 0.2212290502793296 0.9269141531322506 0.013407821229050279 0.02088167053364269
3 0.21564245810055865 0.029002320185614848 0.06424581005586592 0.02320185614849188
3 0.2111731843575419 0.05104408352668213 0.06424581005586592 0.02320185614849188
3 0.21675977653631284 0.15777262180974477 0.08268156424581005 0.02320185614849188
3 0.29441340782122905 0.15777262180974477 0.05139664804469274 0.02320185614849188
3 0.2206703910614525 0.18097447795823665 0.09050279329608939 0.02320185614849188
3 0.29217877094972067 0.18097447795823665 0.0329608938547486 0.02320185614849188