0 0.5810439560439561 0.008561643835616438 0.025824175824175823 0.017123287671232876
0 0.734065934065934 0.1735159817351598 0.06208791208791209 0.01598173515981735
1 0.7178571428571429 0.0091324200913242 0.18736263736263736 0.0182648401826484
1 0.39725274725274723 0.3789954337899543 0.15604395604395604 0.3242009132420091
1 0.5620879120879121 0.3789954337899543 0.15604395604395604 0.3242009132420091
1 0.7269230769230769 0.3789954337899543 0.15604395604395604 0.3242009132420091
1 0.19972527472527474 0.007990867579908675 0.07417582417582418 0.01598173515981735
2 0.42939560439560437 0.008561643835616438 0.3291208791208791 0.017123287671232876
2 0.492032967032967 0.0017123287671232876 0.008241758241758242 0.003424657534246575
3 0.5244505494505495 0.005707762557077625 0.08956043956043956 0.01141552511415525
3 0.3587912087912088 0.66324200913242 0.05714285714285714 0.021689497716894976
3 0.5236263736263737 0.617579908675799 0.05714285714285714 0.021689497716894976
3 0.6994505494505494 0.617579908675799 0.07912087912087912 0.021689497716894976
3 0.529945054945055 0.003424657534246575 0.06318681318681318 0.00684931506849315
3 0.529945054945055 0.003424657534246575 0.06318681318681318 0.00684931506849315
3 0.23516483516483516 0.2328767123287671 0.15274725274725276 0.03424657534246575
3 0.39725274725274723 0.708904109589041 0.13406593406593406 0.0410958904109589
3 0.5620879120879121 0.66324200913242 0.13406593406593406 0.0410958904109589
3 0.7269230769230769 0.66324200913242 0.13406593406593406 0.0410958904109589
3 0.3302197802197802 0.05365296803652968 0.024725274725274724 0.0228310502283105
3 0.36648351648351646 0.05365296803652968 0.027472527472527472 0.0228310502283105
3 0.41483516483516486 0.05365296803652968 0.04945054945054945 0.0228310502283105
3 0.45879120879120877 0.05365296803652968 0.019230769230769232 0.0228310502283105
3 0.49065934065934064 0.05365296803652968 0.024725274725274724 0.0228310502283105
3 0.5236263736263737 0.05365296803652968 0.02142857142857143 0.0228310502283105
3 0.1945054945054945 0.5365296803652968 0.07142857142857142 0.02054794520547945
3 0.1686813186813187 0.6255707762557078 0.01978021978021978 0.02054794520547945
3 0.2032967032967033 0.7146118721461188 0.08956043956043956 0.02054794520547945
3 0.17582417582417584 0.8036529680365296 0.03406593406593406 0.02054794520547945
3 0.17637362637362639 0.9200913242009132 0.03571428571428571 0.02054794520547945
3 0.2379120879120879 0.5365296803652968 0.00989010989010989 0.02054794520547945
3 0.18956043956043955 0.6255707762557078 0.01703296703296703 0.02054794520547945
3 0.26153846153846155 0.7146118721461188 0.020879120879120878 0.02054794520547945
3 0.2076923076923077 0.8036529680365296 0.023626373626373626 0.02054794520547945
3 0.1912087912087912 0.8310502283105022 0.012637362637362638 0.02054794520547945
3 0.20384615384615384 0.9200913242009132 0.013186813186813187 0.02054794520547945
3 0.19835164835164834 0.0365296803652968 0.06318681318681318 0.0228310502283105
3 0.19395604395604396 0.05821917808219178 0.06318681318681318 0.0228310502283105
3 0.19945054945054946 0.1632420091324201 0.08131868131868132 0.0228310502283105
3 0.27582417582417584 0.1632420091324201 0.05054945054945055 0.0228310502283105
3 0.2032967032967033 0.1860730593607306 0.08901098901098901 0.0228310502283105
3 0.27362637362637365 0.1860730593607306 0.03241758241758242 0.0228310502283105