0 0.7180667433831991 0.13636363636363635 0.06501726121979287 0.01674641148325359
1 0.34349827387802073 0.3014354066985646 0.09205983889528194 0.19138755980861244
1 0.34349827387802073 0.5418660287081339 0.09205983889528194 0.19138755980861244
1 0.34349827387802073 0.7822966507177034 0.09205983889528194 0.19138755980861244
3 0.44476409666283084 0.5717703349282297 0.08285385500575373 0.022727272727272728
3 0.4574223245109321 0.7906698564593302 0.10817031070195628 0.022727272727272728
3 0.1956271576524741 0.14952153110047847 0.15995397008055237 0.07177033492822966
3 0.5834292289988493 0.23684210526315788 0.36075949367088606 0.06220095693779904
3 0.5834292289988493 0.46172248803827753 0.36075949367088606 0.03110047846889952
3 0.5834292289988493 0.7021531100478469 0.36075949367088606 0.03110047846889952
3 0.5834292289988493 0.9425837320574163 0.36075949367088606 0.03110047846889952
3 0.29516685845799767 0.011961722488038277 0.026467203682393557 0.023923444976076555
3 0.33342922899884925 0.011961722488038277 0.029344073647871116 0.023923444976076555
3 0.3840621403912543 0.011961722488038277 0.0523590333716916 0.023923444976076555
3 0.4298043728423475 0.011961722488038277 0.020713463751438434 0.023923444976076555
3 0.46317606444188725 0.011961722488038277 0.026467203682393557 0.023923444976076555
3 0.49769850402761795 0.011961722488038277 0.023014959723820484 0.023923444976076555
3 0.15304948216340622 0.48564593301435405 0.07479861910241657 0.0215311004784689
3 0.1472957422324511 0.5789473684210527 0.06386651323360185 0.0215311004784689
3 0.15592635212888378 0.6076555023923444 0.0805523590333717 0.0215311004784689
3 0.14211737629459148 0.6363636363636364 0.05293440736478711 0.0215311004784689
3 0.17318757192174913 0.6650717703349283 0.11565017261219793 0.0215311004784689
3 0.16052934407364788 0.69377990430622 0.0903337169159954 0.0215311004784689
3 0.17031070195627157 0.722488038277512 0.10989643268124281 0.0215311004784689
3 0.12658227848101267 0.7511961722488039 0.02186421173762946 0.0215311004784689
3 0.1720368239355581 0.7799043062200957 0.11277330264672036 0.0215311004784689
3 0.16398158803222093 0.8086124401913876 0.09723820483314154 0.0215311004784689
3 0.12600690448791715 0.9342105263157895 0.020713463751438434 0.0215311004784689
3 0.20713463751438435 0.48564593301435405 0.02819332566168009 0.0215311004784689
3 0.19792865362485615 0.5789473684210527 0.03164556962025317 0.0215311004784689
3 0.21576524741081704 0.6076555023923444 0.0333716915995397 0.0215311004784689
3 0.18814729574223246 0.6363636363636364 0.0333716915995397 0.0215311004784689
3 0.2474108170310702 0.6650717703349283 0.02704257767548907 0.0215311004784689
3 0.2238204833141542 0.69377990430622 0.03049482163406214 0.0215311004784689
3 0.2422324510932106 0.722488038277512 0.02704257767548907 0.0215311004784689
3 0.15592635212888378 0.7511961722488039 0.03049482163406214 0.0215311004784689
3 0.24568469505178367 0.7799043062200957 0.02761795166858458 0.0215311004784689
3 0.22727272727272727 0.8086124401913876 0.023014959723820484 0.0215311004784689
3 0.15535097813578827 0.9342105263157895 0.03279631760644419 0.0215311004784689
3 0.1570771001150748 0.0029904306220095694 0.0667433831990794 0.005980861244019139
3 0.1524741081703107 0.01555023923444976 0.0661680092059839 0.023923444976076555