0 0.5856741573033708 0.012266355140186916 0.026404494382022473 0.02453271028037383
0 0.7421348314606742 0.18457943925233644 0.06348314606741573 0.016355140186915886
1 0.7255617977528089 0.012850467289719626 0.19157303370786516 0.02570093457943925
1 0.37640449438202245 0.34579439252336447 0.0898876404494382 0.18691588785046728
1 0.37640449438202245 0.580607476635514 0.0898876404494382 0.18691588785046728
1 0.37640449438202245 0.8154205607476636 0.0898876404494382 0.18691588785046728
1 0.19578651685393259 0.011682242990654205 0.07584269662921349 0.02336448598130841
2 0.4306179775280899 0.012266355140186916 0.3365168539325843 0.02453271028037383
2 0.4485955056179775 0.005257009345794392 0.008426966292134831 0.010514018691588784
3 0.5047752808988764 0.009345794392523364 0.13764044943820225 0.018691588785046728
3 0.4752808988764045 0.6098130841121495 0.08089887640449438 0.02219626168224299
3 0.48764044943820223 0.8235981308411215 0.10561797752808989 0.02219626168224299
3 0.5103932584269663 0.007009345794392523 0.11067415730337078 0.014018691588785047
3 0.5103932584269663 0.007009345794392523 0.11067415730337078 0.014018691588785047
3 0.23202247191011235 0.19742990654205608 0.15617977528089888 0.07009345794392523
3 0.6106741573033708 0.2827102803738318 0.35224719101123597 0.06074766355140187
3 0.6106741573033708 0.5023364485981309 0.35224719101123597 0.030373831775700934
3 0.6106741573033708 0.7371495327102804 0.35224719101123597 0.030373831775700934
3 0.6106741573033708 0.9719626168224299 0.35224719101123597 0.030373831775700934
3 0.3292134831460674 0.06191588785046729 0.025280898876404494 0.02336448598130841
3 0.36629213483146067 0.06191588785046729 0.028089887640449437 0.02336448598130841
3 0.4157303370786517 0.06191588785046729 0.05056179775280899 0.02336448598130841
3 0.4606741573033708 0.06191588785046729 0.019662921348314606 0.02336448598130841
3 0.49325842696629213 0.06191588785046729 0.025280898876404494 0.02336448598130841
3 0.5269662921348315 0.06191588785046729 0.021910112359550562 0.02336448598130841
3 0.1904494382022472 0.5257009345794392 0.07303370786516854 0.02102803738317757
3 0.18483146067415732 0.616822429906542 0.062359550561797754 0.02102803738317757
3 0.19325842696629214 0.6448598130841121 0.07865168539325842 0.02102803738317757
3 0.1797752808988764 0.6728971962616822 0.051685393258426963 0.02102803738317757
3 0.2101123595505618 0.7009345794392523 0.11292134831460675 0.02102803738317757
3 0.19775280898876405 0.7289719626168224 0.08820224719101123 0.02102803738317757
3 0.20730337078651687 0.7570093457943925 0.10730337078651686 0.02102803738317757
3 0.1646067415730337 0.7850467289719626 0.021348314606741574 0.02102803738317757
3 0.20898876404494382 0.8130841121495327 0.1101123595505618 0.02102803738317757
3 0.20112359550561798 0.8411214953271028 0.0949438202247191 0.02102803738317757
3 0.16404494382022472 0.9637850467289719 0.020224719101123594 0.02102803738317757
3 0.24325842696629213 0.5257009345794392 0.02752808988764045 0.02102803738317757
3 0.23426966292134832 0.616822429906542 0.03089887640449438 0.02102803738317757
3 0.251685393258427 0.6448598130841121 0.03258426966292135 0.02102803738317757
3 0.2247191011235955 0.6728971962616822 0.03258426966292135 0.02102803738317757
3 0.28258426966292133 0.7009345794392523 0.026404494382022473 0.02102803738317757
3 0.2595505617977528 0.7289719626168224 0.029775280898876405 0.02102803738317757
3 0.27752808988764044 0.7570093457943925 0.026404494382022473 0.02102803738317757
3 0.19325842696629214 0.7850467289719626 0.029775280898876405 0.02102803738317757
3 0.2808988764044944 0.8130841121495327 0.02696629213483146 0.02102803738317757
3 0.26292134831460673 0.8411214953271028 0.02247191011235955 0.02102803738317757
3 0.19269662921348316 0.9637850467289719 0.03202247191011236 0.02102803738317757
3 0.1943820224719101 0.04439252336448598 0.06460674157303371 0.02336448598130841
3 0.1898876404494382 0.06658878504672897 0.06460674157303371 0.02336448598130841