0 0.584375 0.02918918918918919 0.023958333333333335 0.04216216216216216
0 0.7296875 0.1989189189189189 0.058854166666666666 0.015135135135135135
1 0.7140625 0.03027027027027027 0.17708333333333334 0.04216216216216216
1 0.41041666666666665 0.3935135135135135 0.14791666666666667 0.307027027027027
1 0.5666666666666667 0.3935135135135135 0.14791666666666667 0.307027027027027
1 0.7229166666666667 0.3935135135135135 0.14791666666666667 0.307027027027027
1 0.22291666666666668 0.03027027027027027 0.06979166666666667 0.036756756756756756
2 0.440625 0.02918918918918919 0.31145833333333334 0.04216216216216216
2 0.4864583333333333 0.02918918918918919 0.007291666666666667 0.015135135135135135
3 0.5239583333333333 0.03027027027027027 0.09791666666666667 0.02810810810810811
3 0.384375 0.6378378378378379 0.075 0.02054054054054054
3 0.41041666666666665 0.7091891891891892 0.12708333333333333 0.014054054054054054
3 0.5302083333333333 0.6194594594594595 0.05416666666666667 0.02054054054054054
3 0.696875 0.6194594594594595 0.075 0.02054054054054054
3 0.5291666666666667 0.02918918918918919 0.07291666666666667 0.021621621621621623
3 0.5291666666666667 0.02918918918918919 0.07291666666666667 0.021621621621621623
3 0.25677083333333334 0.23351351351351352 0.14479166666666668 0.032432432432432434
3 0.41041666666666665 0.6810810810810811 0.12708333333333333 0.03891891891891892
3 0.5666666666666667 0.6627027027027027 0.12708333333333333 0.03891891891891892
3 0.7229166666666667 0.6627027027027027 0.12708333333333333 0.03891891891891892
3 0.346875 0.08540540540540541 0.0234375 0.021621621621621623
3 0.38125 0.08540540540540541 0.026041666666666668 0.021621621621621623
3 0.4270833333333333 0.08540540540540541 0.046875 0.021621621621621623
3 0.46875 0.08540540540540541 0.018229166666666668 0.021621621621621623
3 0.49895833333333334 0.08540540540540541 0.0234375 0.021621621621621623
3 0.5302083333333333 0.08540540540540541 0.0203125 0.021621621621621623
3 0.21822916666666667 0.5210810810810811 0.06770833333333333 0.01945945945945946
3 0.2359375 0.6054054054054054 0.10364583333333334 0.01945945945945946
3 0.2265625 0.6313513513513513 0.084375 0.01945945945945946
3 0.225 0.6572972972972972 0.08177083333333333 0.01945945945945946
3 0.20885416666666667 0.6832432432432433 0.04895833333333333 0.01945945945945946
3 0.2171875 0.7091891891891892 0.065625 0.01945945945945946
3 0.22291666666666668 0.7351351351351352 0.07760416666666667 0.01945945945945946
3 0.23125 0.7610810810810811 0.09427083333333333 0.01945945945945946
3 0.21822916666666667 0.787027027027027 0.06822916666666666 0.01945945945945946
3 0.21770833333333334 0.812972972972973 0.06666666666666667 0.01945945945945946
3 0.19375 0.9264864864864865 0.01875 0.01945945945945946
3 0.26510416666666664 0.5210810810810811 0.021354166666666667 0.01945945945945946
3 0.303125 0.6054054054054054 0.025 0.01945945945945946
3 0.284375 0.6313513513513513 0.0265625 0.01945945945945946
3 0.28125 0.6572972972972972 0.024479166666666666 0.01945945945945946
3 0.2484375 0.6832432432432433 0.023958333333333335 0.01945945945945946
3 0.2635416666666667 0.7091891891891892 0.022395833333333334 0.01945945945945946
3 0.27760416666666665 0.7351351351351352 0.026041666666666668 0.01945945945945946
3 0.2916666666666667 0.7610810810810811 0.019791666666666666 0.01945945945945946
3 0.265625 0.787027027027027 0.021354166666666667 0.01945945945945946
3 0.2640625 0.812972972972973 0.019791666666666666 0.01945945945945946
3 0.21875 0.9264864864864865 0.026041666666666668 0.01945945945945946
3 0.221875 0.06918918918918919 0.059895833333333336 0.021621621621621623
3 0.21770833333333334 0.08972972972972973 0.059895833333333336 0.021621621621621623
3 0.22291666666666668 0.1891891891891892 0.07708333333333334 0.021621621621621623