0 0.6062841530054645 0.01417233560090703 0.025683060109289616 0.02834467120181406
0 0.7584699453551913 0.1836734693877551 0.06174863387978142 0.015873015873015872
1 0.7423497267759562 0.01473922902494331 0.18633879781420765 0.02947845804988662
1 0.42349726775956287 0.3877551020408163 0.1551912568306011 0.3219954648526077
1 0.587431693989071 0.3877551020408163 0.1551912568306011 0.3219954648526077
1 0.7513661202185792 0.3877551020408163 0.1551912568306011 0.3219954648526077
1 0.22704918032786886 0.013605442176870748 0.07377049180327869 0.027210884353741496
2 0.45546448087431696 0.01417233560090703 0.3273224043715847 0.02834467120181406
2 0.5210382513661203 0.007369614512471655 0.00819672131147541 0.01473922902494331
3 0.5516393442622951 0.011337868480725623 0.08579234972677596 0.022675736961451247
3 0.38524590163934425 0.6700680272108843 0.05683060109289618 0.021541950113378686
3 0.5601092896174863 0.6247165532879818 0.07868852459016394 0.021541950113378686
3 0.7240437158469946 0.6247165532879818 0.07868852459016394 0.021541950113378686
3 0.557103825136612 0.009070294784580499 0.059562841530054644 0.018140589569160998
3 0.557103825136612 0.009070294784580499 0.059562841530054644 0.018140589569160998
3 0.26229508196721313 0.24263038548752835 0.15191256830601094 0.034013605442176874
3 0.42349726775956287 0.7154195011337868 0.13333333333333333 0.04081632653061224
3 0.587431693989071 0.6700680272108843 0.13333333333333333 0.04081632653061224
3 0.7513661202185792 0.6700680272108843 0.13333333333333333 0.04081632653061224
3 0.35683060109289616 0.06462585034013606 0.02459016393442623 0.022675736961451247
3 0.39289617486338796 0.06462585034013606 0.0273224043715847 0.022675736961451247
3 0.44098360655737706 0.06462585034013606 0.04918032786885246 0.022675736961451247
3 0.4846994535519126 0.06462585034013606 0.01912568306010929 0.022675736961451247
3 0.5163934426229508 0.06462585034013606 0.02459016393442623 0.022675736961451247
3 0.5491803278688525 0.06462585034013606 0.021311475409836064 0.022675736961451247
3 0.22185792349726777 0.54421768707483 0.07103825136612021 0.02040816326530612
3 0.21584699453551912 0.6326530612244898 0.059562841530054644 0.02040816326530612
3 0.20382513661202187 0.6598639455782312 0.034972677595628415 0.02040816326530612
3 0.20218579234972678 0.6870748299319728 0.03169398907103825 0.02040816326530612
3 0.20382513661202187 0.7142857142857143 0.03551912568306011 0.02040816326530612
3 0.20382513661202187 0.7414965986394558 0.034972677595628415 0.02040816326530612
3 0.19562841530054645 0.7687074829931972 0.018579234972677595 0.02040816326530612
3 0.19617486338797815 0.8571428571428571 0.019672131147540985 0.02040816326530612
3 0.23060109289617486 0.9455782312925171 0.08907103825136611 0.02040816326530612
3 0.2677595628415301 0.54421768707483 0.015846994535519125 0.02040816326530612
3 0.26010928961748636 0.6326530612244898 0.02185792349726776 0.02040816326530612
3 0.2371584699453552 0.6598639455782312 0.025136612021857924 0.02040816326530612
3 0.23169398907103825 0.6870748299319728 0.02185792349726776 0.02040816326530612
3 0.2355191256830601 0.7142857142857143 0.022404371584699455 0.02040816326530612
3 0.23169398907103825 0.7414965986394558 0.014207650273224045 0.02040816326530612
3 0.21530054644808744 0.7687074829931972 0.015846994535519125 0.02040816326530612
3 0.21967213114754097 0.8571428571428571 0.022404371584699455 0.02040816326530612
3 0.2896174863387978 0.9455782312925171 0.022950819672131147 0.02040816326530612
3 0.22568306010928962 0.047619047619047616 0.06284153005464481 0.022675736961451247
3 0.22131147540983606 0.0691609977324263 0.06284153005464481 0.022675736961451247
3 0.226775956284153 0.17346938775510204 0.08087431693989071 0.022675736961451247
3 0.30273224043715846 0.17346938775510204 0.05027322404371585 0.022675736961451247
3 0.23060109289617486 0.1961451247165533 0.08852459016393442 0.022675736961451247