0 0.5940677966101695 0.007042253521126761 0.02655367231638418 0.014084507042253521
0 0.751412429378531 0.13615023474178403 0.06384180790960452 0.01643192488262911
1 0.7347457627118644 0.007629107981220657 0.19265536723163842 0.015258215962441314
1 0.40508474576271186 0.3474178403755869 0.16045197740112993 0.3333333333333333
1 0.5745762711864407 0.3474178403755869 0.16045197740112993 0.3333333333333333
1 0.7440677966101695 0.3474178403755869 0.16045197740112993 0.3333333333333333
1 0.2019774011299435 0.006455399061032864 0.07627118644067797 0.012910798122065728
2 0.43813559322033896 0.007042253521126761 0.3384180790960452 0.014084507042253521
3 0.535593220338983 0.004107981220657277 0.09152542372881356 0.008215962441314555
3 0.3768361581920904 0.6126760563380281 0.08135593220338982 0.022300469483568074
3 0.5350282485875706 0.6596244131455399 0.05875706214689266 0.022300469483568074
3 0.715819209039548 0.5927230046948356 0.08135593220338982 0.022300469483568074
3 0.2384180790960452 0.22065727699530516 0.15706214689265538 0.035211267605633804
3 0.40508474576271186 0.6596244131455399 0.13785310734463277 0.04225352112676056
3 0.5745762711864407 0.7065727699530516 0.13785310734463277 0.04225352112676056
3 0.7440677966101695 0.6396713615023474 0.13785310734463277 0.04225352112676056
3 0.3361581920903955 0.051643192488262914 0.025423728813559324 0.023474178403755867
3 0.3734463276836158 0.051643192488262914 0.02824858757062147 0.023474178403755867
3 0.4231638418079096 0.051643192488262914 0.05084745762711865 0.023474178403755867
3 0.46836158192090394 0.051643192488262914 0.01977401129943503 0.023474178403755867
3 0.5011299435028248 0.051643192488262914 0.025423728813559324 0.023474178403755867
3 0.5350282485875706 0.051643192488262914 0.022033898305084745 0.023474178403755867
3 0.19661016949152543 0.5328638497652582 0.07344632768361582 0.02112676056338028
3 0.17005649717514124 0.6244131455399061 0.020338983050847456 0.02112676056338028
3 0.20564971751412428 0.715962441314554 0.09209039548022599 0.02112676056338028
3 0.17740112994350282 0.8075117370892019 0.03502824858757062 0.02112676056338028
3 0.17796610169491525 0.9272300469483568 0.03672316384180791 0.02112676056338028
3 0.24180790960451978 0.5328638497652582 0.011864406779661017 0.02112676056338028
3 0.19152542372881357 0.6244131455399061 0.01694915254237288 0.02112676056338028
3 0.2621468926553672 0.715962441314554 0.015254237288135594 0.02112676056338028
3 0.20903954802259886 0.8075117370892019 0.021468926553672316 0.02112676056338028
3 0.19322033898305085 0.8356807511737089 0.012429378531073447 0.02112676056338028
3 0.207909604519774 0.9272300469483568 0.01694915254237288 0.02112676056338028
3 0.20056497175141244 0.03403755868544601 0.06497175141242938 0.023474178403755867
3 0.196045197740113 0.056338028169014086 0.06497175141242938 0.023474178403755867
3 0.2016949152542373 0.1255868544600939 0.08361581920903954 0.023474178403755867
3 0.280225988700565 0.1255868544600939 0.0519774011299435 0.023474178403755867
3 0.20564971751412428 0.14906103286384975 0.09152542372881356 0.023474178403755867
3 0.27796610169491526 0.14906103286384975 0.03333333333333333 0.023474178403755867
3 0.17796610169491525 0.17253521126760563 0.03615819209039548 0.023474178403755867