0 0.5917245370370371 0.01141826923076923 0.027199074074074073 0.02283653846153846
0 0.7528935185185185 0.14783653846153846 0.06539351851851852 0.016826923076923076
1 0.7358217592592593 0.01201923076923077 0.19733796296296297 0.02403846153846154
1 0.39814814814814814 0.3641826923076923 0.16435185185185186 0.34134615384615385
1 0.5717592592592593 0.3641826923076923 0.16435185185185186 0.34134615384615385
1 0.7453703703703703 0.3641826923076923 0.16435185185185186 0.34134615384615385
1 0.19010416666666666 0.010817307692307692 0.078125 0.021634615384615384
2 0.4320023148148148 0.01141826923076923 0.34664351851851855 0.02283653846153846
2 0.49855324074074076 0.004206730769230769 0.008680555555555556 0.008413461538461538
3 0.5318287037037037 0.008413461538461538 0.09375 0.016826923076923076
3 0.36921296296296297 0.6358173076923077 0.08333333333333333 0.02283653846153846
3 0.53125 0.6838942307692307 0.06018518518518518 0.02283653846153846
3 0.7164351851851852 0.6153846153846154 0.08333333333333333 0.02283653846153846
3 0.5376157407407407 0.006009615384615385 0.06597222222222222 0.01201923076923077
3 0.5376157407407407 0.006009615384615385 0.06597222222222222 0.01201923076923077
3 0.22743055555555555 0.234375 0.16087962962962962 0.036057692307692304
3 0.39814814814814814 0.6838942307692307 0.1412037037037037 0.04326923076923077
3 0.5717592592592593 0.7319711538461539 0.1412037037037037 0.04326923076923077
3 0.7453703703703703 0.6634615384615384 0.1412037037037037 0.04326923076923077
3 0.3275462962962963 0.06129807692307692 0.026041666666666668 0.02403846153846154
3 0.36574074074074076 0.06129807692307692 0.028935185185185185 0.02403846153846154
3 0.4166666666666667 0.06129807692307692 0.052083333333333336 0.02403846153846154
3 0.46296296296296297 0.06129807692307692 0.02025462962962963 0.02403846153846154
3 0.4965277777777778 0.06129807692307692 0.026041666666666668 0.02403846153846154
3 0.53125 0.06129807692307692 0.022569444444444444 0.02403846153846154
3 0.18460648148148148 0.5540865384615384 0.07523148148148148 0.021634615384615384
3 0.1574074074074074 0.6478365384615384 0.020833333333333332 0.021634615384615384
3 0.19386574074074073 0.7415865384615384 0.0943287037037037 0.021634615384615384
3 0.16493055555555555 0.8353365384615384 0.03587962962962963 0.021634615384615384
3 0.16550925925925927 0.9579326923076923 0.03761574074074074 0.021634615384615384
3 0.2309027777777778 0.5540865384615384 0.012152777777777778 0.021634615384615384
3 0.17939814814814814 0.6478365384615384 0.017361111111111112 0.021634615384615384
3 0.2517361111111111 0.7415865384615384 0.015625 0.021634615384615384
3 0.19733796296296297 0.8353365384615384 0.02199074074074074 0.021634615384615384
3 0.18113425925925927 0.8641826923076923 0.01273148148148148 0.021634615384615384
3 0.19618055555555555 0.9579326923076923 0.017361111111111112 0.021634615384615384
3 0.1886574074074074 0.04326923076923077 0.06655092592592593 0.02403846153846154
3 0.1840277777777778 0.06610576923076923 0.06655092592592593 0.02403846153846154
3 0.18981481481481483 0.13701923076923078 0.08564814814814815 0.02403846153846154
3 0.27025462962962965 0.13701923076923078 0.05324074074074074 0.02403846153846154
3 0.19386574074074073 0.16105769230769232 0.09375 0.02403846153846154
3 0.2679398148148148 0.16105769230769232 0.03414351851851852 0.02403846153846154
3 0.16550925925925927 0.18509615384615385 0.037037037037037035 0.02403846153846154