0 0.5702185792349727 0.012471655328798186 0.025683060109289616 0.024943310657596373
0 0.6759562841530055 0.9875283446712018 0.1355191256830601 0.02040816326530612
1 0.7062841530054644 0.013038548752834467 0.18633879781420765 0.026077097505668934
1 0.17923497267759564 0.16439909297052155 0.05245901639344262 0.07936507936507936
1 0.17540983606557378 0.3469387755102041 0.024043715846994537 0.049886621315192746
1 0.3836065573770492 0.6292517006802721 0.3650273224043716 0.5306122448979592
1 0.17540983606557378 0.41496598639455784 0.024043715846994537 0.049886621315192746
1 0.17540983606557378 0.48299319727891155 0.024043715846994537 0.049886621315192746
1 0.17540983606557378 0.5510204081632653 0.024043715846994537 0.049886621315192746
1 0.17540983606557378 0.6190476190476191 0.024043715846994537 0.049886621315192746
1 0.17540983606557378 0.6870748299319728 0.024043715846994537 0.049886621315192746
1 0.17540983606557378 0.7551020408163265 0.024043715846994537 0.049886621315192746
1 0.17540983606557378 0.8231292517006803 0.024043715846994537 0.049886621315192746
1 0.6213114754098361 0.8684807256235828 0.024043715846994537 0.049886621315192746
1 0.19098360655737706 0.011904761904761904 0.07377049180327869 0.023809523809523808
2 0.41939890710382516 0.012471655328798186 0.3273224043715847 0.024943310657596373
3 0.666120218579235 0.6111111111111112 0.11639344262295082 0.02040816326530612
3 0.6950819672131148 0.7834467120181405 0.1737704918032787 0.023809523809523808
3 0.6808743169398908 0.8775510204081632 0.07759562841530054 0.02040816326530612
3 0.17540983606557378 0.36507936507936506 0.0273224043715847 0.024943310657596373
3 0.17540983606557378 0.4331065759637188 0.0273224043715847 0.024943310657596373
3 0.17540983606557378 0.5011337868480725 0.0273224043715847 0.024943310657596373
3 0.17540983606557378 0.5691609977324263 0.0273224043715847 0.024943310657596373
3 0.17540983606557378 0.63718820861678 0.0273224043715847 0.024943310657596373
3 0.17540983606557378 0.7052154195011338 0.0273224043715847 0.024943310657596373
3 0.17540983606557378 0.7732426303854876 0.0273224043715847 0.024943310657596373
3 0.17540983606557378 0.8412698412698413 0.0273224043715847 0.024943310657596373
3 0.17540983606557378 0.36507936507936506 0.0273224043715847 0.024943310657596373
3 0.17540983606557378 0.4331065759637188 0.0273224043715847 0.024943310657596373
3 0.17540983606557378 0.5011337868480725 0.0273224043715847 0.024943310657596373
3 0.17540983606557378 0.5691609977324263 0.0273224043715847 0.024943310657596373
3 0.17540983606557378 0.63718820861678 0.0273224043715847 0.024943310657596373
3 0.17540983606557378 0.7052154195011338 0.0273224043715847 0.024943310657596373
3 0.17540983606557378 0.7732426303854876 0.0273224043715847 0.024943310657596373
3 0.17540983606557378 0.8412698412698413 0.0273224043715847 0.024943310657596373
3 0.6846994535519125 0.41836734693877553 0.153551912568306 0.08503401360544217
3 0.7032786885245902 0.68140589569161 0.15737704918032788 0.022675736961451247
3 0.7032786885245902 0.7052154195011338 0.15737704918032788 0.02040816326530612
3 0.6808743169398908 0.8571428571428571 0.07759562841530054 0.01927437641723356
3 0.6404371584699453 0.9433106575963719 0.06448087431693988 0.022675736961451247
3 0.32076502732240436 0.061224489795918366 0.02459016393442623 0.022675736961451247
3 0.35683060109289616 0.061224489795918366 0.0273224043715847 0.022675736961451247
3 0.40491803278688526 0.061224489795918366 0.04918032786885246 0.022675736961451247
3 0.4486338797814208 0.061224489795918366 0.01912568306010929 0.022675736961451247
3 0.48032786885245904 0.061224489795918366 0.02459016393442623 0.022675736961451247
3 0.5131147540983606 0.061224489795918366 0.021311475409836064 0.022675736961451247
3 0.18961748633879782 0.04421768707482993 0.06284153005464481 0.022675736961451247
3 0.18524590163934426 0.06575963718820861 0.06284153005464481 0.022675736961451247
3 0.23114754098360657 0.2698412698412698 0.00546448087431694 0.015873015873015872
3 0.2972677595628415 0.2698412698412698 0.10710382513661203 0.015873015873015872
3 0.41202185792349727 0.2698412698412698 0.10273224043715846 0.015873015873015872
3 0.48797814207650275 0.2698412698412698 0.030601092896174863 0.015873015873015872
3 0.5273224043715847 0.2698412698412698 0.027868852459016394 0.015873015873015872
3 0.5655737704918032 0.2698412698412698 0.029508196721311476 0.015873015873015872