0 0.18722222222222223 0.27367205542725176 0.011111111111111112 0.023094688221709007
0 0.24055555555555555 0.918013856812933 0.013333333333333334 0.02771362586605081
0 0.7333333333333333 0.11431870669745958 0.06277777777777778 0.016166281755196306
1 0.3927777777777778 0.32217090069284066 0.15777777777777777 0.3279445727482679
1 0.5594444444444444 0.32217090069284066 0.15777777777777777 0.3279445727482679
1 0.7261111111111112 0.32217090069284066 0.15777777777777777 0.3279445727482679
2 0.16833333333333333 0.9157043879907621 0.034444444444444444 0.028868360277136258
2 0.2127777777777778 0.9157043879907621 0.034444444444444444 0.028868360277136258
3 0.34444444444444444 0.5612009237875288 0.03944444444444444 0.016166281755196306
3 0.5311111111111111 0.6096997690531177 0.07888888888888888 0.021939953810623556
3 0.6977777777777778 0.5635103926096998 0.07888888888888888 0.021939953810623556
3 0.16833333333333333 0.918013856812933 0.03333333333333333 0.03579676674364896
3 0.2127777777777778 0.918013856812933 0.03333333333333333 0.03579676674364896
3 0.16833333333333333 0.918013856812933 0.03333333333333333 0.03579676674364896
3 0.2127777777777778 0.918013856812933 0.03333333333333333 0.03579676674364896
3 0.2288888888888889 0.197459584295612 0.15444444444444444 0.03464203233256351
3 0.3927777777777778 0.6039260969976905 0.13555555555555557 0.04157043879907621
3 0.5594444444444444 0.6558891454965358 0.13555555555555557 0.04157043879907621
3 0.7261111111111112 0.6096997690531177 0.13555555555555557 0.04157043879907621
3 0.325 0.03117782909930716 0.025 0.023094688221709007
3 0.3616666666666667 0.03117782909930716 0.027777777777777776 0.023094688221709007
3 0.41055555555555556 0.03117782909930716 0.05 0.023094688221709007
3 0.455 0.03117782909930716 0.019444444444444445 0.023094688221709007
3 0.4872222222222222 0.03117782909930716 0.025 0.023094688221709007
3 0.5205555555555555 0.03117782909930716 0.021666666666666667 0.023094688221709007
3 0.18777777777777777 0.5646651270207852 0.07222222222222222 0.020785219399538105
3 0.1661111111111111 0.6547344110854504 0.029444444444444443 0.020785219399538105
3 0.16166666666666665 0.6824480369515011 0.020555555555555556 0.020785219399538105
3 0.18 0.710161662817552 0.05722222222222222 0.020785219399538105
3 0.16777777777777778 0.7378752886836027 0.03222222222222222 0.020785219399538105
3 0.17444444444444446 0.8279445727482679 0.04611111111111111 0.020785219399538105
3 0.16277777777777777 0.8556581986143187 0.02277777777777778 0.020785219399538105
3 0.16777777777777778 0.8833718244803695 0.03277777777777778 0.020785219399538105
3 0.23166666666666666 0.5646651270207852 0.01 0.020785219399538105
3 0.18944444444444444 0.6547344110854504 0.010555555555555556 0.020785219399538105
3 0.18166666666666667 0.6824480369515011 0.012222222222222223 0.020785219399538105
3 0.21833333333333332 0.710161662817552 0.012777777777777779 0.020785219399538105
3 0.1922222222222222 0.7378752886836027 0.01 0.020785219399538105
3 0.20722222222222222 0.8279445727482679 0.012222222222222223 0.020785219399538105
3 0.18388888888888888 0.8556581986143187 0.012777777777777779 0.020785219399538105
3 0.1938888888888889 0.8833718244803695 0.012777777777777779 0.020785219399538105
3 0.19166666666666668 0.013856812933025405 0.06388888888888888 0.023094688221709007
3 0.18722222222222223 0.03579676674364896 0.06388888888888888 0.023094688221709007
3 0.19277777777777777 0.10392609699769054 0.08222222222222222 0.023094688221709007
3 0.27 0.10392609699769054 0.051111111111111114 0.023094688221709007
3 0.18666666666666668 0.12702078521939955 0.07 0.023094688221709007
3 0.21888888888888888 0.13856812933025403 0.135 0.046189376443418015
3 0.20055555555555554 0.15011547344110854 0.016666666666666666 0.023094688221709007