0 0.5852941176470589 0.017222222222222222 0.025133689839572194 0.034444444444444444
0 0.7342245989304813 0.15 0.06042780748663101 0.015555555555555555
1 0.7184491978609626 0.017777777777777778 0.18235294117647058 0.035555555555555556
1 0.40641711229946526 0.35 0.1518716577540107 0.31555555555555553
1 0.5668449197860963 0.35 0.1518716577540107 0.31555555555555553
1 0.7272727272727273 0.35 0.1518716577540107 0.31555555555555553
1 0.4066844919786096 0.8427777777777777 0.15240641711229946 0.31222222222222223
1 0.5671122994652407 0.8427777777777777 0.15240641711229946 0.31222222222222223
1 0.7275401069518717 0.8427777777777777 0.15240641711229946 0.31222222222222223
1 0.2141711229946524 0.016666666666666666 0.07219251336898395 0.03333333333333333
2 0.4377005347593583 0.017222222222222222 0.32032085561497325 0.034444444444444444
2 0.4844919786096257 0.012222222222222223 0.0074866310160427805 0.015555555555555555
3 0.5232620320855615 0.014444444444444444 0.10106951871657754 0.028888888888888888
3 0.3689839572192513 0.5822222222222222 0.05561497326203209 0.021111111111111112
3 0.5502673796791444 0.5822222222222222 0.09732620320855614 0.021111111111111112
3 0.6898395721925134 0.5822222222222222 0.05561497326203209 0.021111111111111112
3 0.5283422459893048 0.012222222222222223 0.0748663101604278 0.022222222222222223
3 0.5283422459893048 0.012222222222222223 0.0748663101604278 0.022222222222222223
3 0.24866310160427807 0.18555555555555556 0.14866310160427806 0.03333333333333333
3 0.40641711229946526 0.6266666666666667 0.1304812834224599 0.04
3 0.5668449197860963 0.6266666666666667 0.1304812834224599 0.04
3 0.7272727272727273 0.6266666666666667 0.1304812834224599 0.04
3 0.3411764705882353 0.07 0.02406417112299465 0.022222222222222223
3 0.3764705882352941 0.07 0.026737967914438502 0.022222222222222223
3 0.4235294117647059 0.07 0.0481283422459893 0.022222222222222223
3 0.4663101604278075 0.07 0.01871657754010695 0.022222222222222223
3 0.49732620320855614 0.07 0.02406417112299465 0.022222222222222223
3 0.5294117647058824 0.07 0.02085561497326203 0.022222222222222223
3 0.20909090909090908 0.4811111111111111 0.06951871657754011 0.02
3 0.2160427807486631 0.5677777777777778 0.0839572192513369 0.02
3 0.21764705882352942 0.5944444444444444 0.08663101604278074 0.02
3 0.20802139037433154 0.6211111111111111 0.06737967914438503 0.02
3 0.20909090909090908 0.6477777777777778 0.07005347593582888 0.02
3 0.22727272727272727 0.6744444444444444 0.10641711229946524 0.02
3 0.22245989304812835 0.7011111111111111 0.09679144385026738 0.02
3 0.21390374331550802 0.7277777777777777 0.07967914438502674 0.02
3 0.19946524064171123 0.7544444444444445 0.05026737967914439 0.02
3 0.19572192513368983 0.7811111111111111 0.0427807486631016 0.02
3 0.1839572192513369 0.8977777777777778 0.019251336898395723 0.02
3 0.21764705882352942 0.9844444444444445 0.08716577540106951 0.02
3 0.25133689839572193 0.4811111111111111 0.009625668449197862 0.02
3 0.2695187165775401 0.5677777777777778 0.016042780748663103 0.02
3 0.2732620320855615 0.5944444444444444 0.019786096256684493 0.02
3 0.25240641711229944 0.6211111111111111 0.016042780748663103 0.02
3 0.2550802139037433 0.6477777777777778 0.016577540106951873 0.02
3 0.2903743315508021 0.6744444444444444 0.013903743315508022 0.02
3 0.2802139037433155 0.7011111111111111 0.011764705882352941 0.02
3 0.2625668449197861 0.7277777777777777 0.011764705882352941 0.02
3 0.232620320855615 0.7544444444444445 0.010160427807486631 0.02
3 0.22406417112299465 0.7811111111111111 0.0074866310160427805 0.02
3 0.20588235294117646 0.8977777777777778 0.019786096256684493 0.02
3 0.2716577540106952 0.9844444444444445 0.015508021390374332 0.02
3 0.21283422459893048 0.05333333333333334 0.06149732620320856 0.022222222222222223
3 0.20855614973262032 0.07444444444444444 0.06149732620320856 0.022222222222222223
3 0.21390374331550802 0.14 0.07914438502673797 0.022222222222222223
3 0.28823529411764703 0.14 0.04919786096256684 0.022222222222222223