0 0.585752688172043 0.013950892857142858 0.025268817204301075 0.027901785714285716
0 0.7354838709677419 0.14397321428571427 0.06075268817204301 0.015625
1 0.7196236559139785 0.014508928571428572 0.18333333333333332 0.029017857142857144
1 0.40591397849462363 0.34486607142857145 0.15268817204301074 0.3169642857142857
1 0.5672043010752689 0.34486607142857145 0.15268817204301074 0.3169642857142857
1 0.728494623655914 0.34486607142857145 0.15268817204301074 0.3169642857142857
1 0.40618279569892474 0.8409598214285714 0.1532258064516129 0.3158482142857143
1 0.5674731182795699 0.8409598214285714 0.1532258064516129 0.3158482142857143
1 0.728763440860215 0.8409598214285714 0.1532258064516129 0.3158482142857143
1 0.21263440860215055 0.013392857142857142 0.07258064516129033 0.026785714285714284
2 0.4373655913978495 0.013950892857142858 0.32204301075268815 0.027901785714285716
2 0.4846774193548387 0.007254464285714286 0.008064516129032258 0.014508928571428572
3 0.5233870967741936 0.011160714285714286 0.10161290322580645 0.022321428571428572
3 0.3682795698924731 0.578125 0.05591397849462366 0.021205357142857144
3 0.5505376344086022 0.578125 0.0978494623655914 0.021205357142857144
3 0.6908602150537635 0.578125 0.05591397849462366 0.021205357142857144
3 0.5287634408602151 0.008928571428571428 0.07580645161290323 0.017857142857142856
3 0.5287634408602151 0.008928571428571428 0.07580645161290323 0.017857142857142856
3 0.24731182795698925 0.1796875 0.14946236559139786 0.033482142857142856
3 0.40591397849462363 0.6227678571428571 0.13118279569892474 0.04017857142857143
3 0.5672043010752689 0.6227678571428571 0.13118279569892474 0.04017857142857143
3 0.728494623655914 0.6227678571428571 0.13118279569892474 0.04017857142857143
3 0.3403225806451613 0.06361607142857142 0.024193548387096774 0.022321428571428572
3 0.3758064516129032 0.06361607142857142 0.026881720430107527 0.022321428571428572
3 0.42311827956989245 0.06361607142857142 0.04838709677419355 0.022321428571428572
3 0.4661290322580645 0.06361607142857142 0.01881720430107527 0.022321428571428572
3 0.49731182795698925 0.06361607142857142 0.024193548387096774 0.022321428571428572
3 0.5295698924731183 0.06361607142857142 0.020967741935483872 0.022321428571428572
3 0.2075268817204301 0.4765625 0.06989247311827956 0.020089285714285716
3 0.21451612903225806 0.5636160714285714 0.08440860215053764 0.020089285714285716
3 0.2161290322580645 0.5904017857142857 0.08709677419354839 0.020089285714285716
3 0.2064516129032258 0.6171875 0.06774193548387097 0.020089285714285716
3 0.2075268817204301 0.6439732142857143 0.07043010752688172 0.020089285714285716
3 0.22580645161290322 0.6707589285714286 0.10698924731182796 0.020089285714285716
3 0.22096774193548388 0.6975446428571429 0.09731182795698924 0.020089285714285716
3 0.21236559139784947 0.7243303571428571 0.08010752688172043 0.020089285714285716
3 0.1978494623655914 0.7511160714285714 0.05053763440860215 0.020089285714285716
3 0.19408602150537635 0.7779017857142857 0.043010752688172046 0.020089285714285716
3 0.18225806451612903 0.8950892857142857 0.01935483870967742 0.020089285714285716
3 0.2161290322580645 0.9821428571428571 0.08763440860215053 0.020089285714285716
3 0.25 0.4765625 0.00967741935483871 0.020089285714285716
3 0.2682795698924731 0.5636160714285714 0.016129032258064516 0.020089285714285716
3 0.27204301075268816 0.5904017857142857 0.01989247311827957 0.020089285714285716
3 0.2510752688172043 0.6171875 0.016129032258064516 0.020089285714285716
3 0.2537634408602151 0.6439732142857143 0.016666666666666666 0.020089285714285716
3 0.289247311827957 0.6707589285714286 0.013978494623655914 0.020089285714285716
3 0.27903225806451615 0.6975446428571429 0.011827956989247311 0.020089285714285716
3 0.26129032258064516 0.7243303571428571 0.011827956989247311 0.020089285714285716
3 0.23118279569892472 0.7511160714285714 0.01021505376344086 0.020089285714285716
3 0.22258064516129034 0.7779017857142857 0.007526881720430108 0.020089285714285716
3 0.20430107526881722 0.8950892857142857 0.01989247311827957 0.020089285714285716
3 0.27043010752688174 0.9821428571428571 0.015591397849462365 0.020089285714285716
3 0.21129032258064517 0.046875 0.06182795698924731 0.022321428571428572
3 0.20698924731182797 0.06808035714285714 0.06182795698924731 0.022321428571428572
3 0.21236559139784947 0.13392857142857142 0.07956989247311828 0.022321428571428572
3 0.2870967741935484 0.13392857142857142 0.04946236559139785 0.022321428571428572