0 0.5831578947368421 0.0262582056892779 0.024210526315789474 0.04266958424507659
0 0.73 0.16192560175054704 0.05947368421052632 0.015317286652078774
1 0.7142105263157895 0.02735229759299781 0.17894736842105263 0.04266958424507659
1 0.4073684210526316 0.3588621444201313 0.14947368421052631 0.31072210065645517
1 0.5652631578947368 0.3588621444201313 0.14947368421052631 0.31072210065645517
1 0.7231578947368421 0.3588621444201313 0.14947368421052631 0.31072210065645517
1 0.4076315789473684 0.8446389496717724 0.15 0.3085339168490153
1 0.5655263157894737 0.8446389496717724 0.15 0.3085339168490153
1 0.723421052631579 0.8446389496717724 0.15 0.3085339168490153
1 0.21789473684210525 0.02735229759299781 0.07052631578947369 0.037199124726477024
2 0.4378947368421053 0.0262582056892779 0.31473684210526315 0.04266958424507659
2 0.4842105263157895 0.0262582056892779 0.007368421052631579 0.015317286652078774
3 0.5221052631578947 0.02735229759299781 0.09894736842105263 0.028446389496717725
3 0.3705263157894737 0.587527352297593 0.05473684210526316 0.020787746170678335
3 0.5489473684210526 0.587527352297593 0.09578947368421052 0.020787746170678335
3 0.6863157894736842 0.587527352297593 0.05473684210526316 0.020787746170678335
3 0.5273684210526316 0.0262582056892779 0.07368421052631578 0.02188183807439825
3 0.5273684210526316 0.0262582056892779 0.07368421052631578 0.02188183807439825
3 0.2521052631578947 0.19693654266958424 0.1463157894736842 0.03282275711159737
3 0.4073684210526316 0.6312910284463895 0.12842105263157894 0.03938730853391685
3 0.5652631578947368 0.6312910284463895 0.12842105263157894 0.03938730853391685
3 0.7231578947368421 0.6312910284463895 0.12842105263157894 0.03938730853391685
3 0.3431578947368421 0.08315098468271334 0.02368421052631579 0.02188183807439825
3 0.3778947368421053 0.08315098468271334 0.02631578947368421 0.02188183807439825
3 0.4242105263157895 0.08315098468271334 0.04736842105263158 0.02188183807439825
3 0.4663157894736842 0.08315098468271334 0.018421052631578946 0.02188183807439825
3 0.4968421052631579 0.08315098468271334 0.02368421052631579 0.02188183807439825
3 0.5284210526315789 0.08315098468271334 0.020526315789473684 0.02188183807439825
3 0.2131578947368421 0.487964989059081 0.06842105263157895 0.019693654266958426
3 0.22 0.5733041575492341 0.08263157894736842 0.019693654266958426
3 0.22157894736842104 0.5995623632385121 0.08526315789473685 0.019693654266958426
3 0.21210526315789474 0.6258205689277899 0.06631578947368422 0.019693654266958426
3 0.2131578947368421 0.6520787746170679 0.06894736842105263 0.019693654266958426
3 0.23105263157894737 0.6783369803063457 0.10473684210526316 0.019693654266958426
3 0.22631578947368422 0.7045951859956237 0.09526315789473684 0.019693654266958426
3 0.21789473684210525 0.7308533916849015 0.07842105263157895 0.019693654266958426
3 0.2036842105263158 0.7571115973741794 0.049473684210526316 0.019693654266958426
3 0.2 0.7833698030634574 0.042105263157894736 0.019693654266958426
3 0.18842105263157893 0.8982494529540481 0.018947368421052633 0.019693654266958426
3 0.22157894736842104 0.9835886214442013 0.08578947368421053 0.019693654266958426
3 0.25473684210526315 0.487964989059081 0.009473684210526316 0.019693654266958426
3 0.27263157894736845 0.5733041575492341 0.015789473684210527 0.019693654266958426
3 0.27631578947368424 0.5995623632385121 0.019473684210526317 0.019693654266958426
3 0.2557894736842105 0.6258205689277899 0.015789473684210527 0.019693654266958426
3 0.25842105263157894 0.6520787746170679 0.01631578947368421 0.019693654266958426
3 0.2931578947368421 0.6783369803063457 0.01368421052631579 0.019693654266958426
3 0.2831578947368421 0.7045951859956237 0.011578947368421053 0.019693654266958426
3 0.2657894736842105 0.7308533916849015 0.011578947368421053 0.019693654266958426
3 0.2363157894736842 0.7571115973741794 0.01 0.019693654266958426
3 0.22789473684210526 0.7833698030634574 0.007368421052631579 0.019693654266958426
3 0.21 0.8982494529540481 0.019473684210526317 0.019693654266958426
3 0.27473684210526317 0.9835886214442013 0.015263157894736841 0.019693654266958426
3 0.2168421052631579 0.06673960612691467 0.060526315789473685 0.02188183807439825
3 0.21263157894736842 0.087527352297593 0.060526315789473685 0.02188183807439825
3 0.21789473684210525 0.15207877461706784 0.07789473684210527 0.02188183807439825
3 0.2910526315789474 0.15207877461706784 0.04842105263157895 0.02188183807439825