0 0.5463176064441887 0.008971291866028708 0.02704257767548907 0.017942583732057416
0 0.7065592635212888 0.1423444976076555 0.06501726121979287 0.01674641148325359
1 0.6895857307249712 0.009569377990430622 0.1962025316455696 0.019138755980861243
1 0.3538550057537399 0.3576555023923445 0.16340621403912542 0.3397129186602871
1 0.5264672036823935 0.3576555023923445 0.16340621403912542 0.3397129186602871
1 0.6990794016110472 0.3576555023923445 0.16340621403912542 0.3397129186602871
1 0.3541426927502877 0.8594497607655502 0.16398158803222093 0.27870813397129185
1 0.5267548906789413 0.8594497607655502 0.16398158803222093 0.27870813397129185
1 0.6993670886075949 0.8594497607655502 0.16398158803222093 0.27870813397129185
1 0.14700805523590335 0.008373205741626795 0.07767548906789414 0.01674641148325359
2 0.3875143843498274 0.008971291866028708 0.34464902186421176 0.017942583732057416
2 0.42031070195627157 0.0017942583732057417 0.00863060989643268 0.0035885167464114833
3 0.4700805523590334 0.005980861244019139 0.12658227848101267 0.011961722488038277
3 0.3245109321058688 0.6076555023923444 0.08170310701956271 0.022727272727272728
3 0.49712313003452246 0.6076555023923444 0.08170310701956271 0.022727272727272728
3 0.6490218642117376 0.6052631578947368 0.040851553509781355 0.01674641148325359
3 0.47583429228998847 0.0035885167464114833 0.09896432681242807 0.007177033492822967
3 0.47583429228998847 0.0035885167464114833 0.09896432681242807 0.007177033492822967
3 0.18411967779056387 0.2284688995215311 0.15995397008055237 0.03588516746411483
3 0.3538550057537399 0.6555023923444976 0.14039125431530494 0.0430622009569378
3 0.5264672036823935 0.6555023923444976 0.14039125431530494 0.0430622009569378
3 0.6990794016110472 0.638755980861244 0.14039125431530494 0.0215311004784689
3 0.2836593785960875 0.056220095693779906 0.025891829689298044 0.023923444976076555
3 0.32163406214039125 0.056220095693779906 0.028768699654775604 0.023923444976076555
3 0.3722669735327963 0.056220095693779906 0.05178365937859609 0.023923444976076555
3 0.41829689298043726 0.056220095693779906 0.020138089758342925 0.023923444976076555
3 0.451668584579977 0.056220095693779906 0.025891829689298044 0.023923444976076555
3 0.4861910241657077 0.056220095693779906 0.02243958573072497 0.023923444976076555
3 0.14154200230149597 0.45454545454545453 0.07479861910241657 0.0215311004784689
3 0.1144994246260069 0.5478468899521531 0.020713463751438434 0.0215311004784689
3 0.15074798619102417 0.6411483253588517 0.09378596087456847 0.0215311004784689
3 0.12197928653624857 0.7344497607655502 0.03567318757192175 0.0215311004784689
3 0.12255466052934408 0.8277511961722488 0.037399309551208286 0.0215311004784689
3 0.11565017261219793 0.9210526315789473 0.023014959723820484 0.0215311004784689
3 0.11565017261219793 0.9497607655502392 0.023014959723820484 0.0215311004784689
3 0.1846950517836594 0.45454545454545453 0.005753739930955121 0.0215311004784689
3 0.13636363636363635 0.5478468899521531 0.01726121979286536 0.0215311004784689
3 0.20713463751438435 0.6411483253588517 0.012658227848101266 0.0215311004784689
3 0.1518987341772152 0.7344497607655502 0.017836593785960874 0.0215311004784689
3 0.15074798619102417 0.8277511961722488 0.013233601841196778 0.0215311004784689
3 0.13924050632911392 0.9210526315789473 0.017836593785960874 0.0215311004784689
3 0.13751438434982738 0.9497607655502392 0.015535097813578827 0.0215311004784689
3 0.14556962025316456 0.03827751196172249 0.0661680092059839 0.023923444976076555
3 0.14096662830840045 0.061004784688995214 0.0661680092059839 0.023923444976076555
3 0.14672036823935558 0.13157894736842105 0.08515535097813579 0.023923444976076555
3 0.22669735327963175 0.13157894736842105 0.05293440736478711 0.023923444976076555
3 0.15592635212888378 0.15550239234449761 0.10414269275028769 0.023923444976076555
3 0.17894131185270426 0.1674641148325359 0.14959723820483314 0.04784688995215311