0 0.5932065217391305 0.0208803611738149 0.025543478260869567 0.0417607223476298
0 0.696195652173913 0.8950338600451467 0.13043478260869565 0.020316027088036117
0 0.717391304347826 0.9593679458239278 0.17282608695652174 0.05417607223476298
1 0.7285326086956522 0.02144469525959368 0.18532608695652175 0.04288939051918736
1 0.20054347826086957 0.24830699774266365 0.02391304347826087 0.04966139954853273
1 0.4076086956521739 0.5293453724604966 0.3630434782608696 0.5282167042889391
1 0.20054347826086957 0.3160270880361174 0.02391304347826087 0.04966139954853273
1 0.20054347826086957 0.3837471783295711 0.02391304347826087 0.04966139954853273
1 0.20054347826086957 0.45146726862302483 0.02391304347826087 0.04966139954853273
1 0.20054347826086957 0.5191873589164786 0.02391304347826087 0.04966139954853273
1 0.20054347826086957 0.5869074492099323 0.02391304347826087 0.04966139954853273
1 0.20054347826086957 0.654627539503386 0.02391304347826087 0.04966139954853273
1 0.20054347826086957 0.7223476297968398 0.02391304347826087 0.04966139954853273
1 0.2157608695652174 0.020316027088036117 0.07282608695652174 0.03837471783295711
2 0.44320652173913044 0.0208803611738149 0.32554347826086955 0.0417607223476298
3 0.6701086956521739 0.4650112866817156 0.07880434782608696 0.020316027088036117
3 0.717391304347826 0.7065462753950339 0.17282608695652174 0.023702031602708805
3 0.6798913043478261 0.7934537246049661 0.0983695652173913 0.020316027088036117
3 0.20054347826086957 0.26636568848758463 0.02717391304347826 0.024830699774266364
3 0.20054347826086957 0.3340857787810384 0.02717391304347826 0.024830699774266364
3 0.20054347826086957 0.4018058690744921 0.02717391304347826 0.024830699774266364
3 0.20054347826086957 0.46952595936794583 0.02717391304347826 0.024830699774266364
3 0.20054347826086957 0.5372460496613995 0.02717391304347826 0.024830699774266364
3 0.20054347826086957 0.6049661399548533 0.02717391304347826 0.024830699774266364
3 0.20054347826086957 0.672686230248307 0.02717391304347826 0.024830699774266364
3 0.20054347826086957 0.7404063205417607 0.02717391304347826 0.024830699774266364
3 0.20054347826086957 0.26636568848758463 0.02717391304347826 0.024830699774266364
3 0.20054347826086957 0.3340857787810384 0.02717391304347826 0.024830699774266364
3 0.20054347826086957 0.4018058690744921 0.02717391304347826 0.024830699774266364
3 0.20054347826086957 0.46952595936794583 0.02717391304347826 0.024830699774266364
3 0.20054347826086957 0.5372460496613995 0.02717391304347826 0.024830699774266364
3 0.20054347826086957 0.6049661399548533 0.02717391304347826 0.024830699774266364
3 0.20054347826086957 0.672686230248307 0.02717391304347826 0.024830699774266364
3 0.20054347826086957 0.7404063205417607 0.02717391304347826 0.024830699774266364
3 0.7070652173913043 0.3194130925507901 0.15271739130434783 0.08465011286681716
3 0.7255434782608695 0.5349887133182845 0.1565217391304348 0.022573363431151242
3 0.7244565217391304 0.6049661399548533 0.15815217391304348 0.022573363431151242
3 0.7244565217391304 0.628668171557562 0.15815217391304348 0.020316027088036117
3 0.6798913043478261 0.7731376975169301 0.0983695652173913 0.019187358916478554
3 0.6630434782608695 0.8510158013544018 0.0641304347826087 0.022573363431151242
3 0.3451086956521739 0.07787810383747178 0.024456521739130436 0.022573363431151242
3 0.3809782608695652 0.07787810383747178 0.02717391304347826 0.022573363431151242
3 0.42880434782608695 0.07787810383747178 0.04891304347826087 0.022573363431151242
3 0.4722826086956522 0.07787810383747178 0.019021739130434784 0.022573363431151242
3 0.503804347826087 0.07787810383747178 0.024456521739130436 0.022573363431151242
3 0.5364130434782609 0.07787810383747178 0.021195652173913043 0.022573363431151242
3 0.21467391304347827 0.060948081264108354 0.0625 0.022573363431151242
3 0.21032608695652175 0.08239277652370203 0.0625 0.022573363431151242
3 0.2847826086956522 0.17720090293453725 0.08043478260869565 0.01580135440180587
3 0.35978260869565215 0.17720090293453725 0.05 0.01580135440180587
3 0.4380434782608696 0.17720090293453725 0.08804347826086957 0.01580135440180587
3 0.5081521739130435 0.17720090293453725 0.03260869565217391 0.01580135440180587
3 0.5516304347826086 0.17720090293453725 0.035326086956521736 0.01580135440180587