0 0.6375858123569794 0.007125890736342043 0.02688787185354691 0.014251781472684086
0 0.7969107551487414 0.1377672209026128 0.06464530892448513 0.0166270783847981
1 0.7800343249427918 0.007719714964370546 0.1950800915331808 0.015439429928741092
1 0.4462242562929062 0.3515439429928741 0.16247139588100687 0.33729216152019004
1 0.6178489702517163 0.3515439429928741 0.16247139588100687 0.33729216152019004
1 0.7894736842105263 0.3515439429928741 0.16247139588100687 0.33729216152019004
1 0.24056064073226543 0.006532066508313539 0.07723112128146453 0.013064133016627079
2 0.47969107551487417 0.007125890736342043 0.3426773455377574 0.014251781472684086
3 0.5855263157894737 0.004156769596199525 0.07951945080091533 0.00831353919239905
3 0.5778032036613272 0.5997624703087886 0.059496567505720827 0.022565320665083134
3 0.7608695652173914 0.6472684085510689 0.08237986270022883 0.022565320665083134
3 0.27745995423340963 0.1995249406175772 0.15903890160183065 0.035629453681710214
3 0.4462242562929062 0.6104513064133017 0.13958810068649885 0.04275534441805225
3 0.6178489702517163 0.6472684085510689 0.13958810068649885 0.04275534441805225
3 0.7894736842105263 0.6947743467933492 0.13958810068649885 0.04275534441805225
3 0.37643020594965676 0.052256532066508314 0.02574370709382151 0.023752969121140142
3 0.41418764302059496 0.052256532066508314 0.028604118993135013 0.023752969121140142
3 0.4645308924485126 0.052256532066508314 0.05148741418764302 0.023752969121140142
3 0.5102974828375286 0.052256532066508314 0.02002288329519451 0.023752969121140142
3 0.5434782608695652 0.052256532066508314 0.02574370709382151 0.023752969121140142
3 0.5778032036613272 0.052256532066508314 0.02231121281464531 0.023752969121140142
3 0.2351258581235698 0.5154394299287411 0.07437070938215103 0.021377672209026127
3 0.20823798627002288 0.6080760095011877 0.020594965675057208 0.021377672209026127
3 0.244279176201373 0.7007125890736342 0.09324942791762014 0.021377672209026127
3 0.21567505720823799 0.7933491686460807 0.03546910755148741 0.021377672209026127
3 0.21624713958810068 0.9144893111638955 0.03718535469107551 0.021377672209026127
3 0.2791762013729977 0.5154394299287411 0.008009153318077803 0.021377672209026127
3 0.2288329519450801 0.6080760095011877 0.015446224256292907 0.021377672209026127
3 0.30434782608695654 0.7007125890736342 0.02116704805491991 0.021377672209026127
3 0.2477116704805492 0.7933491686460807 0.021739130434782608 0.021377672209026127
3 0.2305491990846682 0.8218527315914489 0.010869565217391304 0.021377672209026127
3 0.2465675057208238 0.9144893111638955 0.017162471395881007 0.021377672209026127
3 0.2391304347826087 0.0344418052256532 0.06578947368421052 0.023752969121140142
3 0.2345537757437071 0.057007125890736345 0.06578947368421052 0.023752969121140142
3 0.2402745995423341 0.12707838479809977 0.08466819221967964 0.023752969121140142
3 0.3197940503432494 0.12707838479809977 0.05263157894736842 0.023752969121140142
3 0.2545766590389016 0.1508313539192399 0.11384439359267734 0.023752969121140142
3 0.33352402745995424 0.1508313539192399 0.02345537757437071 0.023752969121140142