0 0.7797752808988764 0.10981308411214953 0.06348314606741573 0.016355140186915886
1 0.4353932584269663 0.32009345794392524 0.15955056179775282 0.3317757009345794
1 0.6039325842696629 0.32009345794392524 0.15955056179775282 0.3317757009345794
1 0.7724719101123596 0.32009345794392524 0.15955056179775282 0.3317757009345794
1 0.4356741573033708 0.8364485981308412 0.1601123595505618 0.3247663551401869
1 0.6042134831460674 0.8364485981308412 0.1601123595505618 0.3247663551401869
1 0.7727528089887641 0.8364485981308412 0.1601123595505618 0.3247663551401869
3 0.3960674157303371 0.5642523364485982 0.058426966292134834 0.02219626168224299
3 0.5646067415730337 0.5642523364485982 0.058426966292134834 0.02219626168224299
3 0.7331460674157303 0.5642523364485982 0.058426966292134834 0.02219626168224299
3 0.2696629213483146 0.1705607476635514 0.15617977528089888 0.035046728971962614
3 0.4353932584269663 0.610981308411215 0.13707865168539327 0.04205607476635514
3 0.6039325842696629 0.610981308411215 0.13707865168539327 0.04205607476635514
3 0.7724719101123596 0.610981308411215 0.13707865168539327 0.04205607476635514
3 0.3668539325842697 0.02570093457943925 0.025280898876404494 0.02336448598130841
3 0.40393258426966294 0.02570093457943925 0.028089887640449437 0.02336448598130841
3 0.4533707865168539 0.02570093457943925 0.05056179775280899 0.02336448598130841
3 0.498314606741573 0.02570093457943925 0.019662921348314606 0.02336448598130841
3 0.5308988764044944 0.02570093457943925 0.025280898876404494 0.02336448598130841
3 0.5646067415730337 0.02570093457943925 0.021910112359550562 0.02336448598130841
3 0.22808988764044943 0.48130841121495327 0.07303370786516854 0.02102803738317757
3 0.20786516853932585 0.572429906542056 0.03258426966292135 0.02102803738317757
3 0.20842696629213484 0.6004672897196262 0.034269662921348316 0.02102803738317757
3 0.20449438202247192 0.6285046728971962 0.026404494382022473 0.02102803738317757
3 0.20168539325842696 0.6565420560747663 0.020224719101123594 0.02102803738317757
3 0.20674157303370785 0.6845794392523364 0.030337078651685393 0.02102803738317757
3 0.21910112359550563 0.7126168224299065 0.0550561797752809 0.02102803738317757
3 0.21910112359550563 0.7406542056074766 0.0550561797752809 0.02102803738317757
3 0.199438202247191 0.7686915887850467 0.016292134831460674 0.02102803738317757
3 0.2140449438202247 0.7967289719626168 0.04550561797752809 0.02102803738317757
3 0.20168539325842696 0.919392523364486 0.020224719101123594 0.02102803738317757
3 0.27584269662921346 0.48130841121495327 0.016853932584269662 0.02102803738317757
3 0.2410112359550562 0.572429906542056 0.02752808988764045 0.02102803738317757
3 0.2410112359550562 0.6004672897196262 0.02359550561797753 0.02102803738317757
3 0.23258426966292134 0.6285046728971962 0.023033707865168538 0.02102803738317757
3 0.22696629213483147 0.6565420560747663 0.02359550561797753 0.02102803738317757
3 0.23370786516853934 0.6845794392523364 0.016853932584269662 0.02102803738317757
3 0.25674157303370787 0.7126168224299065 0.015168539325842697 0.02102803738317757
3 0.25674157303370787 0.7406542056074766 0.014606741573033709 0.02102803738317757
3 0.21685393258426966 0.7686915887850467 0.012921348314606741 0.02102803738317757
3 0.24606741573033708 0.7967289719626168 0.012359550561797753 0.02102803738317757
3 0.2258426966292135 0.919392523364486 0.023033707865168538 0.02102803738317757
3 0.23202247191011235 0.010514018691588784 0.0651685393258427 0.02102803738317757
3 0.22752808988764045 0.030373831775700934 0.06460674157303371 0.02336448598130841
3 0.23314606741573032 0.09929906542056074 0.08314606741573034 0.02336448598130841
3 0.3112359550561798 0.09929906542056074 0.051685393258426963 0.02336448598130841
3 0.23707865168539327 0.12266355140186916 0.09101123595505618 0.02336448598130841
3 0.30280898876404494 0.12266355140186916 0.020224719101123594 0.02336448598130841