0 0.7462600690448792 0.1255980861244019 0.06501726121979287 0.01674641148325359
1 0.39355581127733025 0.3409090909090909 0.16340621403912542 0.3397129186602871
1 0.5661680092059839 0.3409090909090909 0.16340621403912542 0.3397129186602871
1 0.7387802071346375 0.3409090909090909 0.16340621403912542 0.3397129186602871
1 0.39384349827387805 0.8510765550239234 0.16398158803222093 0.29545454545454547
1 0.5664556962025317 0.8510765550239234 0.16398158803222093 0.29545454545454547
1 0.7390678941311852 0.8510765550239234 0.16398158803222093 0.29545454545454547
3 0.3532796317606444 0.5909090909090909 0.05983889528193326 0.022727272727272728
3 0.525891829689298 0.5909090909090909 0.05983889528193326 0.022727272727272728
3 0.6985040276179517 0.5909090909090909 0.05983889528193326 0.022727272727272728
3 0.2238204833141542 0.18779904306220097 0.15995397008055237 0.03588516746411483
3 0.39355581127733025 0.638755980861244 0.14039125431530494 0.0430622009569378
3 0.5661680092059839 0.638755980861244 0.14039125431530494 0.0430622009569378
3 0.7387802071346375 0.638755980861244 0.14039125431530494 0.0430622009569378
3 0.3233601841196778 0.039473684210526314 0.025891829689298044 0.023923444976076555
3 0.3613348676639816 0.039473684210526314 0.028768699654775604 0.023923444976076555
3 0.41196777905638665 0.039473684210526314 0.05178365937859609 0.023923444976076555
3 0.4579976985040276 0.039473684210526314 0.020138089758342925 0.023923444976076555
3 0.49136939010356734 0.039473684210526314 0.025891829689298044 0.023923444976076555
3 0.525891829689298 0.039473684210526314 0.02243958573072497 0.023923444976076555
3 0.1812428078250863 0.5059808612440191 0.07479861910241657 0.0215311004784689
3 0.16052934407364788 0.5992822966507177 0.0333716915995397 0.0215311004784689
3 0.1611047180667434 0.6279904306220095 0.035097813578826235 0.0215311004784689
3 0.1570771001150748 0.6566985645933014 0.02704257767548907 0.0215311004784689
3 0.15420023014959724 0.6854066985645934 0.020713463751438434 0.0215311004784689
3 0.15937859608745686 0.7141148325358851 0.031070195627157654 0.0215311004784689
3 0.1720368239355581 0.742822966507177 0.05638665132336018 0.0215311004784689
3 0.1720368239355581 0.7715311004784688 0.05638665132336018 0.0215311004784689
3 0.1518987341772152 0.8002392344497608 0.01668584579976985 0.0215311004784689
3 0.1668584579976985 0.8289473684210527 0.04660529344073648 0.0215311004784689
3 0.15420023014959724 0.9545454545454546 0.020713463751438434 0.0215311004784689
3 0.23014959723820483 0.5059808612440191 0.01726121979286536 0.0215311004784689
3 0.19447640966628307 0.5992822966507177 0.02819332566168009 0.0215311004784689
3 0.19447640966628307 0.6279904306220095 0.024165707710011506 0.0215311004784689
3 0.1858457997698504 0.6566985645933014 0.023590333716915997 0.0215311004784689
3 0.18009205983889529 0.6854066985645934 0.024165707710011506 0.0215311004784689
3 0.18699654775604144 0.7141148325358851 0.01726121979286536 0.0215311004784689
3 0.21058688147295743 0.742822966507177 0.015535097813578827 0.0215311004784689
3 0.21058688147295743 0.7715311004784688 0.014959723820483314 0.0215311004784689
3 0.16973532796317606 0.8002392344497608 0.013233601841196778 0.0215311004784689
3 0.1996547756041427 0.8289473684210527 0.012658227848101266 0.0215311004784689
3 0.17894131185270426 0.9545454545454546 0.023590333716915997 0.0215311004784689
3 0.1852704257767549 0.0215311004784689 0.0661680092059839 0.023923444976076555
3 0.1806674338319908 0.04425837320574163 0.0661680092059839 0.023923444976076555
3 0.18642117376294592 0.11483253588516747 0.08515535097813579 0.023923444976076555
3 0.2663981588032221 0.11483253588516747 0.05293440736478711 0.023923444976076555
3 0.1904487917146145 0.13875598086124402 0.09321058688147296 0.023923444976076555
3 0.25776754890678943 0.13875598086124402 0.020713463751438434 0.023923444976076555