0 0.1915995397008055 0.28588516746411485 0.011507479861910242 0.023923444976076555
0 0.7698504027617952 0.12081339712918661 0.06501726121979287 0.01674641148325359
1 0.41714614499424624 0.3361244019138756 0.16340621403912542 0.3397129186602871
1 0.5897583429228999 0.3361244019138756 0.16340621403912542 0.3397129186602871
1 0.7623705408515535 0.3361244019138756 0.16340621403912542 0.3397129186602871
3 0.3878020713463751 0.5861244019138756 0.08170310701956271 0.022727272727272728
3 0.5604142692750288 0.5861244019138756 0.08170310701956271 0.022727272727272728
3 0.7330264672036824 0.6339712918660287 0.08170310701956271 0.022727272727272728
3 0.2474108170310702 0.2069377990430622 0.15995397008055237 0.03588516746411483
3 0.41714614499424624 0.6339712918660287 0.14039125431530494 0.0430622009569378
3 0.5897583429228999 0.6339712918660287 0.14039125431530494 0.0430622009569378
3 0.7623705408515535 0.6818181818181818 0.14039125431530494 0.0430622009569378
3 0.3469505178365938 0.034688995215311005 0.025891829689298044 0.023923444976076555
3 0.3849252013808976 0.034688995215311005 0.028768699654775604 0.023923444976076555
3 0.43555811277330264 0.034688995215311005 0.05178365937859609 0.023923444976076555
3 0.4815880322209436 0.034688995215311005 0.020138089758342925 0.023923444976076555
3 0.5149597238204833 0.034688995215311005 0.025891829689298044 0.023923444976076555
3 0.549482163406214 0.034688995215311005 0.02243958573072497 0.023923444976076555
3 0.2048331415420023 0.5873205741626795 0.07479861910241657 0.0215311004784689
3 0.18239355581127734 0.680622009569378 0.03049482163406214 0.0215311004784689
3 0.19677790563866512 0.7093301435406698 0.059263521288837745 0.0215311004784689
3 0.17779056386651323 0.7380382775119617 0.021288837744533946 0.0215311004784689
3 0.2048331415420023 0.7667464114832536 0.07537399309551208 0.0215311004784689
3 0.1904487917146145 0.7954545454545454 0.04660529344073648 0.0215311004784689
3 0.18411967779056387 0.8241626794258373 0.0333716915995397 0.0215311004784689
3 0.1806674338319908 0.8528708133971292 0.02704257767548907 0.0215311004784689
3 0.1915995397008055 0.881578947368421 0.048906789413118525 0.0215311004784689
3 0.1812428078250863 0.9102870813397129 0.02761795166858458 0.0215311004784689
3 0.24798619102416572 0.5873205741626795 0.005753739930955121 0.0215311004784689
3 0.21001150747986191 0.680622009569378 0.017836593785960874 0.0215311004784689
3 0.23647871116225547 0.7093301435406698 0.012658227848101266 0.0215311004784689
3 0.1962025316455696 0.7380382775119617 0.00805523590333717 0.0215311004784689
3 0.24971231300345226 0.7667464114832536 0.00805523590333717 0.0215311004784689
3 0.22094361334867663 0.7954545454545454 0.00805523590333717 0.0215311004784689
3 0.20655926352128884 0.8241626794258373 0.005753739930955121 0.0215311004784689
3 0.2008055235903337 0.8528708133971292 0.006329113924050633 0.0215311004784689
3 0.22209436133486765 0.881578947368421 0.005753739930955121 0.0215311004784689
3 0.2008055235903337 0.9102870813397129 0.005753739930955121 0.0215311004784689
3 0.2088607594936709 0.01674641148325359 0.0661680092059839 0.023923444976076555
3 0.2042577675489068 0.039473684210526314 0.0661680092059839 0.023923444976076555
3 0.21001150747986191 0.11004784688995216 0.08515535097813579 0.023923444976076555
3 0.2899884925201381 0.11004784688995216 0.05293440736478711 0.023923444976076555
3 0.20368239355581128 0.1339712918660287 0.07249712313003452 0.023923444976076555
3 0.23705408515535098 0.145933014354067 0.13981588032220943 0.04784688995215311
3 0.2180667433831991 0.15789473684210525 0.01726121979286536 0.023923444976076555