0 0.59 0.024070021881838075 0.024210526315789474 0.04266958424507659
0 0.6921052631578948 0.8555798687089715 0.13052631578947368 0.019693654266958426
0 0.7105263157894737 0.9179431072210066 0.16736842105263158 0.0525164113785558
0 0.7107894736842105 0.975929978118162 0.16789473684210526 0.045951859956236324
1 0.7210526315789474 0.02516411378555799 0.17894736842105263 0.04266958424507659
1 0.21 0.2461706783369803 0.023157894736842106 0.04814004376367615
1 0.4105263157894737 0.5185995623632386 0.35157894736842105 0.5120350109409191
1 0.21 0.31181619256017507 0.023157894736842106 0.04814004376367615
1 0.21 0.3774617067833698 0.023157894736842106 0.04814004376367615
1 0.21 0.4431072210065646 0.023157894736842106 0.04814004376367615
1 0.21 0.5087527352297593 0.023157894736842106 0.04814004376367615
1 0.22473684210526315 0.02516411378555799 0.07052631578947369 0.037199124726477024
2 0.44473684210526315 0.024070021881838075 0.31473684210526315 0.04266958424507659
3 0.68 0.5010940919037199 0.10631578947368421 0.019693654266958426
3 0.6731578947368421 0.7571115973741794 0.09263157894736843 0.019693654266958426
3 0.21 0.2636761487964989 0.02631578947368421 0.024070021881838075
3 0.21 0.3293216630196937 0.02631578947368421 0.024070021881838075
3 0.21 0.3949671772428884 0.02631578947368421 0.024070021881838075
3 0.21 0.46061269146608314 0.02631578947368421 0.024070021881838075
3 0.21 0.526258205689278 0.02631578947368421 0.024070021881838075
3 0.21 0.2636761487964989 0.02631578947368421 0.024070021881838075
3 0.21 0.3293216630196937 0.02631578947368421 0.024070021881838075
3 0.21 0.3949671772428884 0.02631578947368421 0.024070021881838075
3 0.21 0.46061269146608314 0.02631578947368421 0.024070021881838075
3 0.21 0.526258205689278 0.02631578947368421 0.024070021881838075
3 0.7005263157894737 0.3150984682713348 0.14789473684210527 0.08205689277899343
3 0.718421052631579 0.5689277899343544 0.15157894736842106 0.02188183807439825
3 0.7173684210526315 0.6367614879649891 0.1531578947368421 0.02188183807439825
3 0.7173684210526315 0.6597374179431073 0.1531578947368421 0.019693654266958426
3 0.6731578947368421 0.737417943107221 0.09263157894736843 0.018599562363238512
3 0.6578947368421053 0.812910284463895 0.06210526315789474 0.02188183807439825
3 0.35 0.08096280087527352 0.02368421052631579 0.02188183807439825
3 0.38473684210526315 0.08096280087527352 0.02631578947368421 0.02188183807439825
3 0.43105263157894735 0.08096280087527352 0.04736842105263158 0.02188183807439825
3 0.4731578947368421 0.08096280087527352 0.018421052631578946 0.02188183807439825
3 0.5036842105263157 0.08096280087527352 0.02368421052631579 0.02188183807439825
3 0.5352631578947369 0.08096280087527352 0.020526315789473684 0.02188183807439825
3 0.2236842105263158 0.06455142231947483 0.060526315789473685 0.02188183807439825
3 0.21947368421052632 0.08533916849015317 0.060526315789473685 0.02188183807439825
3 0.25526315789473686 0.1772428884026258 0.005263157894736842 0.015317286652078774
3 0.29157894736842105 0.1772428884026258 0.04842105263157895 0.015317286652078774
3 0.36736842105263157 0.1772428884026258 0.08526315789473685 0.015317286652078774
3 0.42894736842105263 0.1772428884026258 0.018947368421052633 0.015317286652078774
3 0.4573684210526316 0.1772428884026258 0.019473684210526317 0.015317286652078774
3 0.4926315789473684 0.1772428884026258 0.032105263157894734 0.015317286652078774