0 0.71875 0.08052884615384616 0.06539351851851852 0.016826923076923076
1 0.36400462962962965 0.296875 0.16435185185185186 0.34134615384615385
1 0.5376157407407407 0.296875 0.16435185185185186 0.34134615384615385
1 0.7112268518518519 0.296875 0.16435185185185186 0.34134615384615385
3 0.6608796296296297 0.5456730769230769 0.041087962962962965 0.016826923076923076
3 0.19328703703703703 0.18509615384615385 0.16087962962962962 0.07211538461538461
3 0.36400462962962965 0.6069711538461539 0.1412037037037037 0.04326923076923077
3 0.5376157407407407 0.5588942307692307 0.1412037037037037 0.04326923076923077
3 0.7112268518518519 0.5901442307692307 0.1412037037037037 0.04326923076923077
3 0.2934027777777778 0.003605769230769231 0.02662037037037037 0.007211538461538462
3 0.33188657407407407 0.003605769230769231 0.029513888888888888 0.007211538461538462
3 0.3828125 0.003605769230769231 0.052662037037037035 0.007211538461538462
3 0.4288194444444444 0.003605769230769231 0.020833333333333332 0.007211538461538462
3 0.46238425925925924 0.003605769230769231 0.02662037037037037 0.007211538461538462
3 0.49710648148148145 0.003605769230769231 0.023148148148148147 0.007211538461538462
3 0.1232638888888889 0.5228365384615384 0.020833333333333332 0.021634615384615384
3 0.1597222222222222 0.6165865384615384 0.0943287037037037 0.021634615384615384
3 0.13078703703703703 0.7103365384615384 0.03587962962962963 0.021634615384615384
3 0.13136574074074073 0.8329326923076923 0.03761574074074074 0.021634615384615384
3 0.1244212962962963 0.9266826923076923 0.023148148148148147 0.021634615384615384
3 0.1244212962962963 0.9555288461538461 0.023148148148148147 0.021634615384615384
3 0.14293981481481483 0.5228365384615384 0.01273148148148148 0.021634615384615384
3 0.2175925925925926 0.6165865384615384 0.015625 0.021634615384615384
3 0.1597222222222222 0.7103365384615384 0.015625 0.021634615384615384
3 0.14467592592592593 0.7391826923076923 0.008680555555555556 0.021634615384615384
3 0.1597222222222222 0.8329326923076923 0.01273148148148148 0.021634615384615384
3 0.14814814814814814 0.9266826923076923 0.017939814814814815 0.021634615384615384
3 0.14467592592592593 0.9555288461538461 0.012152777777777778 0.021634615384615384
3 0.14988425925925927 0.006009615384615385 0.06712962962962964 0.01201923076923077
3 0.1556712962962963 0.06971153846153846 0.08564814814814815 0.02403846153846154
3 0.2361111111111111 0.06971153846153846 0.05324074074074074 0.02403846153846154
3 0.1701388888888889 0.09375 0.11516203703703703 0.02403846153846154
3 0.18518518518518517 0.10576923076923077 0.14467592592592593 0.04807692307692308
3 0.1909722222222222 0.11778846153846154 0.03935185185185185 0.02403846153846154