0 0.5821052631578948 0.028446389496717725 0.024210526315789474 0.04266958424507659
0 0.6905263157894737 0.9245076586433261 0.1436842105263158 0.019693654266958426
1 0.7131578947368421 0.02954048140043764 0.17894736842105263 0.04266958424507659
1 0.20210526315789473 0.25054704595185995 0.023157894736842106 0.04814004376367615
1 0.4026315789473684 0.5229759299781181 0.35157894736842105 0.5120350109409191
1 0.20210526315789473 0.3161925601750547 0.023157894736842106 0.04814004376367615
1 0.20210526315789473 0.38183807439824946 0.023157894736842106 0.04814004376367615
1 0.20210526315789473 0.4474835886214442 0.023157894736842106 0.04814004376367615
1 0.20210526315789473 0.513129102844639 0.023157894736842106 0.04814004376367615
1 0.20210526315789473 0.5787746170678337 0.023157894736842106 0.04814004376367615
1 0.20210526315789473 0.6444201312910285 0.023157894736842106 0.04814004376367615
1 0.20210526315789473 0.7100656455142232 0.023157894736842106 0.04814004376367615
1 0.2168421052631579 0.02954048140043764 0.07052631578947369 0.037199124726477024
2 0.4368421052631579 0.028446389496717725 0.31473684210526315 0.04266958424507659
3 0.6568421052631579 0.5700218818380745 0.07631578947368421 0.019693654266958426
3 0.6678947368421052 0.8260393873085339 0.09789473684210526 0.019693654266958426
3 0.6973684210526315 0.9507658643326039 0.1568421052631579 0.015317286652078774
3 0.20210526315789473 0.26805251641137856 0.02631578947368421 0.024070021881838075
3 0.20210526315789473 0.3336980306345733 0.02631578947368421 0.024070021881838075
3 0.20210526315789473 0.3993435448577681 0.02631578947368421 0.024070021881838075
3 0.20210526315789473 0.4649890590809628 0.02631578947368421 0.024070021881838075
3 0.20210526315789473 0.5306345733041575 0.02631578947368421 0.024070021881838075
3 0.20210526315789473 0.5962800875273523 0.02631578947368421 0.024070021881838075
3 0.20210526315789473 0.661925601750547 0.02631578947368421 0.024070021881838075
3 0.20210526315789473 0.7275711159737418 0.02631578947368421 0.024070021881838075
3 0.20210526315789473 0.26805251641137856 0.02631578947368421 0.024070021881838075
3 0.20210526315789473 0.3336980306345733 0.02631578947368421 0.024070021881838075
3 0.20210526315789473 0.3993435448577681 0.02631578947368421 0.024070021881838075
3 0.20210526315789473 0.4649890590809628 0.02631578947368421 0.024070021881838075
3 0.20210526315789473 0.5306345733041575 0.02631578947368421 0.024070021881838075
3 0.20210526315789473 0.5962800875273523 0.02631578947368421 0.024070021881838075
3 0.20210526315789473 0.661925601750547 0.02631578947368421 0.024070021881838075
3 0.20210526315789473 0.7275711159737418 0.02631578947368421 0.024070021881838075
3 0.6926315789473684 0.3610503282275711 0.14789473684210527 0.16411378555798686
3 0.7105263157894737 0.637855579868709 0.15157894736842106 0.02188183807439825
3 0.7094736842105264 0.7056892778993435 0.1531578947368421 0.02188183807439825
3 0.7094736842105264 0.7286652078774617 0.1531578947368421 0.019693654266958426
3 0.6678947368421052 0.8063457330415755 0.09789473684210526 0.018599562363238512
3 0.65 0.8818380743982495 0.06210526315789474 0.02188183807439825
3 0.34210526315789475 0.08533916849015317 0.02368421052631579 0.02188183807439825
3 0.37684210526315787 0.08533916849015317 0.02631578947368421 0.02188183807439825
3 0.4231578947368421 0.08533916849015317 0.04736842105263158 0.02188183807439825
3 0.4652631578947368 0.08533916849015317 0.018421052631578946 0.02188183807439825
3 0.4957894736842105 0.08533916849015317 0.02368421052631579 0.02188183807439825
3 0.5273684210526316 0.08533916849015317 0.020526315789473684 0.02188183807439825
3 0.21578947368421053 0.06892778993435449 0.060526315789473685 0.02188183807439825
3 0.21157894736842106 0.08971553610503283 0.060526315789473685 0.02188183807439825
3 0.2836842105263158 0.18161925601750548 0.07789473684210527 0.015317286652078774
3 0.3563157894736842 0.18161925601750548 0.04842105263157895 0.015317286652078774
3 0.4321052631578947 0.18161925601750548 0.08526315789473685 0.015317286652078774
3 0.5121052631578947 0.18161925601750548 0.05631578947368421 0.015317286652078774
3 0.578421052631579 0.18161925601750548 0.057368421052631575 0.015317286652078774