0 0.597027027027027 0.01905829596412556 0.025405405405405406 0.03811659192825112
0 0.7475675675675676 0.1547085201793722 0.06108108108108108 0.01569506726457399
1 0.7316216216216216 0.01961883408071749 0.18432432432432433 0.03923766816143498
1 0.41621621621621624 0.35650224215246634 0.1535135135135135 0.3183856502242152
1 0.5783783783783784 0.35650224215246634 0.1535135135135135 0.3183856502242152
1 0.7405405405405405 0.35650224215246634 0.1535135135135135 0.3183856502242152
1 0.2218918918918919 0.018497757847533634 0.07297297297297298 0.03699551569506727
2 0.4478378378378378 0.01905829596412556 0.3237837837837838 0.03811659192825112
2 0.49513513513513513 0.01569506726457399 0.0075675675675675675 0.01569506726457399
3 0.534054054054054 0.016816143497757848 0.10162162162162162 0.02914798206278027
3 0.3783783783783784 0.5908071748878924 0.05621621621621622 0.021300448430493273
3 0.5405405405405406 0.5908071748878924 0.05621621621621622 0.021300448430493273
3 0.7135135135135136 0.6098654708520179 0.07783783783783783 0.021300448430493273
3 0.5394594594594595 0.01569506726457399 0.07567567567567568 0.02242152466367713
3 0.5394594594594595 0.01569506726457399 0.07567567567567568 0.02242152466367713
3 0.25675675675675674 0.1905829596412556 0.15027027027027026 0.033632286995515695
3 0.41621621621621624 0.6356502242152466 0.1318918918918919 0.04035874439461883
3 0.5783783783783784 0.6356502242152466 0.1318918918918919 0.04035874439461883
3 0.7405405405405405 0.6547085201793722 0.1318918918918919 0.04035874439461883
3 0.35027027027027025 0.07399103139013453 0.024324324324324326 0.02242152466367713
3 0.38594594594594595 0.07399103139013453 0.02702702702702703 0.02242152466367713
3 0.4335135135135135 0.07399103139013453 0.04864864864864865 0.02242152466367713
3 0.47675675675675677 0.07399103139013453 0.01891891891891892 0.02242152466367713
3 0.5081081081081081 0.07399103139013453 0.024324324324324326 0.02242152466367713
3 0.5405405405405406 0.07399103139013453 0.02108108108108108 0.02242152466367713
3 0.23513513513513515 0.48878923766816146 0.10756756756756757 0.020179372197309416
3 0.22378378378378377 0.515695067264574 0.08486486486486486 0.020179372197309416
3 0.2254054054054054 0.5426008968609866 0.08756756756756756 0.020179372197309416
3 0.21567567567567567 0.5695067264573991 0.0681081081081081 0.020179372197309416
3 0.22162162162162163 0.5964125560538116 0.08054054054054054 0.020179372197309416
3 0.21621621621621623 0.6233183856502242 0.06918918918918919 0.020179372197309416
3 0.23027027027027028 0.6502242152466368 0.09783783783783784 0.020179372197309416
3 0.20702702702702702 0.6771300448430493 0.05081081081081081 0.020179372197309416
3 0.21675675675675676 0.7040358744394619 0.07081081081081081 0.020179372197309416
3 0.19135135135135134 0.8217488789237668 0.01945945945945946 0.020179372197309416
3 0.2254054054054054 0.9091928251121076 0.08810810810810811 0.020179372197309416
3 0.19864864864864865 0.9927130044843049 0.03405405405405405 0.01233183856502242
3 0.3016216216216216 0.48878923766816146 0.01945945945945946 0.020179372197309416
3 0.27675675675675676 0.515695067264574 0.014594594594594595 0.020179372197309416
3 0.2789189189189189 0.5426008968609866 0.014594594594594595 0.020179372197309416
3 0.2594594594594595 0.5695067264573991 0.014594594594594595 0.020179372197309416
3 0.2718918918918919 0.5964125560538116 0.014594594594594595 0.020179372197309416
3 0.2594594594594595 0.6233183856502242 0.011351351351351352 0.020179372197309416
3 0.28864864864864864 0.6502242152466368 0.012432432432432432 0.020179372197309416
3 0.24216216216216216 0.6771300448430493 0.012972972972972972 0.020179372197309416
3 0.25891891891891894 0.7040358744394619 0.0075675675675675675 0.020179372197309416
3 0.21081081081081082 0.8217488789237668 0.014054054054054054 0.020179372197309416
3 0.2827027027027027 0.9091928251121076 0.02054054054054054 0.020179372197309416
3 0.22837837837837838 0.9927130044843049 0.02 0.01233183856502242
3 0.22054054054054054 0.05717488789237668 0.062162162162162166 0.02242152466367713
3 0.21621621621621623 0.07847533632286996 0.062162162162162166 0.02242152466367713
3 0.22162162162162163 0.1446188340807175 0.08 0.02242152466367713
3 0.2967567567567568 0.1446188340807175 0.04972972972972973 0.02242152466367713