0 0.5624309392265193 0.026376146788990827 0.02541436464088398 0.04472477064220184
0 0.7165745856353591 0.20642201834862386 0.062430939226519336 0.016055045871559634
1 0.7 0.027522935779816515 0.1878453038674033 0.04472477064220184
1 0.3569060773480663 0.3646788990825688 0.08839779005524862 0.1834862385321101
1 0.3569060773480663 0.5951834862385321 0.08839779005524862 0.1834862385321101
1 0.3569060773480663 0.8256880733944955 0.08839779005524862 0.1834862385321101
1 0.17900552486187846 0.027522935779816515 0.07403314917127071 0.0389908256880734
2 0.40994475138121544 0.026376146788990827 0.33038674033149174 0.04472477064220184
2 0.4276243093922652 0.026376146788990827 0.0077348066298342545 0.016055045871559634
3 0.48287292817679556 0.027522935779816515 0.13480662983425415 0.02981651376146789
3 0.587292817679558 0.5412844036697247 0.34640883977900555 0.016055045871559634
3 0.45414364640883975 0.6192660550458715 0.07955801104972375 0.021788990825688075
3 0.44640883977900553 0.8337155963302753 0.06464088397790055 0.021788990825688075
3 0.48839779005524864 0.026376146788990827 0.10828729281767956 0.022935779816513763
3 0.48839779005524864 0.026376146788990827 0.10828729281767956 0.022935779816513763
3 0.2149171270718232 0.2190366972477064 0.15359116022099448 0.06880733944954129
3 0.587292817679558 0.30275229357798167 0.34640883977900555 0.05963302752293578
3 0.587292817679558 0.518348623853211 0.34640883977900555 0.02981651376146789
3 0.587292817679558 0.7488532110091743 0.34640883977900555 0.02981651376146789
3 0.587292817679558 0.9793577981651376 0.34640883977900555 0.02981651376146789
3 0.3104972375690608 0.0860091743119266 0.024861878453038673 0.022935779816513763
3 0.3469613259668508 0.0860091743119266 0.027624309392265192 0.022935779816513763
3 0.39558011049723757 0.0860091743119266 0.049723756906077346 0.022935779816513763
3 0.4397790055248619 0.0860091743119266 0.019337016574585635 0.022935779816513763
3 0.4718232044198895 0.0860091743119266 0.024861878453038673 0.022935779816513763
3 0.5049723756906077 0.0860091743119266 0.02154696132596685 0.022935779816513763
3 0.17403314917127072 0.5412844036697247 0.0718232044198895 0.020642201834862386
3 0.1685082872928177 0.6307339449541285 0.06132596685082873 0.020642201834862386
3 0.17679558011049723 0.658256880733945 0.07734806629834254 0.020642201834862386
3 0.16353591160220995 0.6857798165137615 0.05082872928176796 0.020642201834862386
3 0.19337016574585636 0.713302752293578 0.11104972375690608 0.020642201834862386
3 0.18121546961325966 0.7614678899082569 0.0867403314917127 0.020642201834862386
3 0.14861878453038674 0.7889908256880734 0.020994475138121547 0.020642201834862386
3 0.19060773480662985 0.8165137614678899 0.10552486187845304 0.020642201834862386
3 0.19226519337016573 0.8440366972477065 0.10828729281767956 0.020642201834862386
3 0.18453038674033148 0.8715596330275229 0.09337016574585635 0.020642201834862386
3 0.14834254143646408 0.9902522935779816 0.020441988950276244 0.017201834862385322
3 0.22375690607734808 0.5412844036697247 0.022099447513812154 0.020642201834862386
3 0.21823204419889503 0.6307339449541285 0.032044198895027624 0.020642201834862386
3 0.23259668508287293 0.658256880733945 0.029281767955801105 0.020642201834862386
3 0.20662983425414364 0.6857798165137615 0.02983425414364641 0.020642201834862386
3 0.1574585635359116 0.7339449541284404 0.032044198895027624 0.020642201834862386
3 0.2408839779005525 0.7614678899082569 0.02707182320441989 0.020642201834862386
3 0.17734806629834254 0.7889908256880734 0.02983425414364641 0.020642201834862386
3 0.261878453038674 0.8165137614678899 0.02983425414364641 0.020642201834862386
3 0.26243093922651933 0.8440366972477065 0.025966850828729283 0.020642201834862386
3 0.24751381215469614 0.8715596330275229 0.026519337016574586 0.020642201834862386
3 0.17651933701657457 0.9902522935779816 0.03149171270718232 0.017201834862385322
3 0.17790055248618786 0.06880733944954129 0.06353591160220995 0.022935779816513763
3 0.1734806629834254 0.09059633027522936 0.06353591160220995 0.022935779816513763