0 0.5716340621403913 0.011961722488038277 0.02704257767548907 0.023923444976076555
0 0.6829689298043728 0.90311004784689 0.1432681242807825 0.0215311004784689
0 0.7033947065592635 0.9706937799043063 0.18354430379746836 0.056220095693779906
1 0.7149021864211738 0.012559808612440191 0.1962025316455696 0.025119617224880382
1 0.15592635212888378 0.24282296650717702 0.02531645569620253 0.05263157894736842
1 0.3751438434982739 0.5406698564593302 0.38434982738780205 0.5598086124401914
1 0.15592635212888378 0.3145933014354067 0.02531645569620253 0.05263157894736842
1 0.15592635212888378 0.38636363636363635 0.02531645569620253 0.05263157894736842
1 0.15592635212888378 0.458133971291866 0.02531645569620253 0.05263157894736842
1 0.15592635212888378 0.5299043062200957 0.02531645569620253 0.05263157894736842
1 0.17232451093210588 0.011363636363636364 0.07767548906789414 0.022727272727272728
2 0.41283084004602993 0.011961722488038277 0.34464902186421176 0.023923444976076555
3 0.6720368239355581 0.4916267942583732 0.12140391254315305 0.0215311004784689
3 0.6622554660529344 0.7954545454545454 0.10184119677790564 0.0215311004784689
3 0.15592635212888378 0.2619617224880383 0.028768699654775604 0.02631578947368421
3 0.15592635212888378 0.33373205741626794 0.028768699654775604 0.02631578947368421
3 0.15592635212888378 0.4055023923444976 0.028768699654775604 0.02631578947368421
3 0.15592635212888378 0.4772727272727273 0.028768699654775604 0.02631578947368421
3 0.15592635212888378 0.5490430622009569 0.028768699654775604 0.02631578947368421
3 0.15592635212888378 0.2619617224880383 0.028768699654775604 0.02631578947368421
3 0.15592635212888378 0.33373205741626794 0.028768699654775604 0.02631578947368421
3 0.15592635212888378 0.4055023923444976 0.028768699654775604 0.02631578947368421
3 0.15592635212888378 0.4772727272727273 0.028768699654775604 0.02631578947368421
3 0.15592635212888378 0.5490430622009569 0.028768699654775604 0.02631578947368421
3 0.692174913693901 0.3181818181818182 0.1616800920598389 0.08971291866028708
3 0.7117376294591484 0.5657894736842105 0.16570771001150747 0.023923444976076555
3 0.7117376294591484 0.5909090909090909 0.16570771001150747 0.0215311004784689
3 0.7105868814729575 0.6638755980861244 0.167433831990794 0.023923444976076555
3 0.7105868814729575 0.6889952153110048 0.167433831990794 0.0215311004784689
3 0.6622554660529344 0.7739234449760766 0.10184119677790564 0.02033492822966507
3 0.6455696202531646 0.8564593301435407 0.06789413118527042 0.023923444976076555
3 0.30897583429229 0.06220095693779904 0.025891829689298044 0.023923444976076555
3 0.3469505178365938 0.06220095693779904 0.028768699654775604 0.023923444976076555
3 0.39758342922899886 0.06220095693779904 0.05178365937859609 0.023923444976076555
3 0.4436133486766398 0.06220095693779904 0.020138089758342925 0.023923444976076555
3 0.4769850402761795 0.06220095693779904 0.025891829689298044 0.023923444976076555
3 0.5115074798619103 0.06220095693779904 0.02243958573072497 0.023923444976076555
3 0.17088607594936708 0.04425837320574163 0.0661680092059839 0.023923444976076555
3 0.16628308400460298 0.06698564593301436 0.0661680092059839 0.023923444976076555
3 0.2054085155350978 0.1674641148325359 0.005753739930955121 0.01674641148325359
3 0.24510932105868816 0.1674641148325359 0.05293440736478711 0.01674641148325359
3 0.32796317606444186 0.1674641148325359 0.09321058688147296 0.01674641148325359
3 0.3952819332566168 0.1674641148325359 0.020713463751438434 0.01674641148325359
3 0.42635212888377444 0.1674641148325359 0.021288837744533946 0.01674641148325359
3 0.46490218642117376 0.1674641148325359 0.035097813578826235 0.01674641148325359