0 0.5622905027932961 0.014501160092807424 0.026256983240223464 0.029002320185614848
0 0.7178770949720671 0.14965197215777262 0.06312849162011173 0.016241299303944315
1 0.7013966480446927 0.015081206496519721 0.19050279329608938 0.030162412993039442
1 0.3754189944134078 0.35846867749419953 0.15865921787709497 0.3294663573085847
1 0.5430167597765363 0.35846867749419953 0.15865921787709497 0.3294663573085847
1 0.7106145251396648 0.35846867749419953 0.15865921787709497 0.3294663573085847
1 0.17458100558659218 0.013921113689095127 0.07541899441340782 0.027842227378190254
2 0.4081005586592179 0.014501160092807424 0.3346368715083799 0.029002320185614848
2 0.4572625698324022 0.0075406032482598605 0.008379888268156424 0.015081206496519721
3 0.49748603351955306 0.01160092807424594 0.10558659217877095 0.02320185614849188
3 0.35810055865921786 0.6009280742459396 0.10167597765363129 0.022041763341067284
3 0.3754189944134078 0.6774941995359629 0.13631284916201117 0.015081206496519721
3 0.5039106145251396 0.6009280742459396 0.05810055865921788 0.022041763341067284
3 0.6715083798882682 0.6009280742459396 0.05810055865921788 0.022041763341067284
3 0.503072625698324 0.009280742459396751 0.07877094972067039 0.018561484918793503
3 0.503072625698324 0.009280742459396751 0.07877094972067039 0.018561484918793503
3 0.2106145251396648 0.18677494199535963 0.1553072625698324 0.03480278422273782
3 0.3754189944134078 0.6473317865429234 0.13631284916201117 0.04176334106728538
3 0.5430167597765363 0.6473317865429234 0.13631284916201117 0.04176334106728538
3 0.7106145251396648 0.6473317865429234 0.13631284916201117 0.04176334106728538
3 0.30726256983240224 0.06612529002320186 0.025139664804469275 0.02320185614849188
3 0.34413407821229053 0.06612529002320186 0.027932960893854747 0.02320185614849188
3 0.39329608938547483 0.06612529002320186 0.05027932960893855 0.02320185614849188
3 0.43798882681564244 0.06612529002320186 0.019553072625698324 0.02320185614849188
3 0.47039106145251397 0.06612529002320186 0.025139664804469275 0.02320185614849188
3 0.5039106145251396 0.06612529002320186 0.021787709497206705 0.02320185614849188
3 0.16927374301675976 0.4953596287703016 0.07262569832402235 0.02088167053364269
3 0.16815642458100558 0.58584686774942 0.07039106145251396 0.02088167053364269
3 0.17653631284916202 0.6136890951276102 0.08770949720670392 0.02088167053364269
3 0.1782122905027933 0.6415313225058005 0.09050279329608939 0.02088167053364269
3 0.17430167597765364 0.6693735498839907 0.08324022346368715 0.02088167053364269
3 0.15921787709497207 0.697215777262181 0.05251396648044693 0.02088167053364269
3 0.1424581005586592 0.7250580046403712 0.01899441340782123 0.02088167053364269
3 0.1430167597765363 0.8155452436194895 0.02011173184357542 0.02088167053364269
3 0.1782122905027933 0.9060324825986079 0.09106145251396648 0.02088167053364269
3 0.1505586592178771 0.9924593967517401 0.03519553072625698 0.012761020881670533
3 0.21452513966480447 0.4953596287703016 0.012290502793296089 0.02088167053364269
3 0.21675977653631284 0.58584686774942 0.021787709497206705 0.02088167053364269
3 0.2324022346368715 0.6136890951276102 0.01675977653631285 0.02088167053364269
3 0.2346368715083799 0.6415313225058005 0.017318435754189943 0.02088167053364269
3 0.22290502793296088 0.6693735498839907 0.00782122905027933 0.02088167053364269
3 0.19162011173184357 0.697215777262181 0.006145251396648044 0.02088167053364269
3 0.16312849162011173 0.7250580046403712 0.017318435754189943 0.02088167053364269
3 0.16424581005586592 0.8155452436194895 0.01675977653631285 0.02088167053364269
3 0.23798882681564246 0.9060324825986079 0.022905027932960894 0.02088167053364269
3 0.1824022346368715 0.9924593967517401 0.022905027932960894 0.012761020881670533
3 0.17318435754189945 0.048723897911832945 0.06424581005586592 0.02320185614849188
3 0.16871508379888267 0.07076566125290024 0.06424581005586592 0.02320185614849188
3 0.17430167597765364 0.13921113689095127 0.08268156424581005 0.02320185614849188
3 0.2519553072625698 0.13921113689095127 0.05139664804469274 0.02320185614849188