1 0.20705346985210465 0.14184397163120568 0.05460750853242321 0.08274231678486997
1 0.2030716723549488 0.3321513002364066 0.02502844141069397 0.05200945626477541
1 0.4197952218430034 0.6264775413711584 0.3799772468714448 0.5531914893617021
1 0.2030716723549488 0.4030732860520095 0.02502844141069397 0.05200945626477541
1 0.2030716723549488 0.4739952718676123 0.02502844141069397 0.05200945626477541
1 0.2030716723549488 0.5449172576832151 0.02502844141069397 0.05200945626477541
3 0.7070534698521047 0.5780141843971631 0.10693970420932879 0.02127659574468085
3 0.7440273037542662 0.8546099290780141 0.18088737201365188 0.024822695035460994
3 0.6922639362912401 0.9456264775413712 0.07792946530147896 0.02127659574468085
3 0.2030716723549488 0.35106382978723405 0.02844141069397042 0.026004728132387706
3 0.2030716723549488 0.4219858156028369 0.02844141069397042 0.026004728132387706
3 0.2030716723549488 0.4929078014184397 0.02844141069397042 0.026004728132387706
3 0.2030716723549488 0.5638297872340425 0.02844141069397042 0.026004728132387706
3 0.2030716723549488 0.35106382978723405 0.02844141069397042 0.026004728132387706
3 0.2030716723549488 0.4219858156028369 0.02844141069397042 0.026004728132387706
3 0.2030716723549488 0.4929078014184397 0.02844141069397042 0.026004728132387706
3 0.2030716723549488 0.5638297872340425 0.02844141069397042 0.026004728132387706
3 0.7332195676905574 0.39243498817966904 0.15984072810011377 0.0591016548463357
3 0.7525597269624573 0.6513002364066194 0.16382252559726962 0.02364066193853428
3 0.7525597269624573 0.6761229314420804 0.16382252559726962 0.02127659574468085
3 0.7514220705346986 0.74822695035461 0.16552901023890784 0.02364066193853428
3 0.7514220705346986 0.7730496453900709 0.16552901023890784 0.02127659574468085
3 0.6922639362912401 0.9243498817966903 0.07792946530147896 0.02009456264775414
3 0.6874288964732651 0.9964539007092199 0.0676905574516496 0.004728132387706856
3 0.3543799772468714 0.034278959810874705 0.025597269624573378 0.02364066193853428
3 0.3919226393629124 0.034278959810874705 0.02844141069397042 0.02364066193853428
3 0.44197952218430037 0.034278959810874705 0.051194539249146756 0.02364066193853428
3 0.48748577929465303 0.034278959810874705 0.019908987485779295 0.02364066193853428
3 0.5204778156996587 0.034278959810874705 0.025597269624573378 0.02364066193853428
3 0.5546075085324232 0.034278959810874705 0.02218430034129693 0.02364066193853428
3 0.21786120591581343 0.016548463356973995 0.06541524459613197 0.02364066193853428
3 0.21331058020477817 0.03900709219858156 0.06541524459613197 0.02364066193853428
3 0.3003412969283277 0.25177304964539005 0.08418657565415244 0.016548463356973995
3 0.378839590443686 0.25177304964539005 0.05233219567690557 0.016548463356973995
3 0.4709897610921502 0.25177304964539005 0.11319681456200227 0.016548463356973995
3 0.5574516496018203 0.25177304964539005 0.038680318543799774 0.016548463356973995
3 0.6023890784982935 0.25177304964539005 0.030716723549488054 0.016548463356973995