0 0.6339590443686007 0.02186761229314421 0.026734926052332197 0.04373522458628842
1 0.7755972696245734 0.022458628841607566 0.19397042093287828 0.04491725768321513
1 0.22696245733788395 0.18912529550827423 0.05460750853242321 0.08274231678486997
1 0.2229806598407281 0.37943262411347517 0.02502844141069397 0.05200945626477541
1 0.4397042093287827 0.6737588652482269 0.3799772468714448 0.5531914893617021
1 0.2229806598407281 0.450354609929078 0.02502844141069397 0.05200945626477541
1 0.2229806598407281 0.5212765957446809 0.02502844141069397 0.05200945626477541
1 0.2229806598407281 0.5921985815602837 0.02502844141069397 0.05200945626477541
1 0.23890784982935154 0.02127659574468085 0.07622298065984073 0.04018912529550828
2 0.47696245733788395 0.02186761229314421 0.34072810011376564 0.04373522458628842
3 0.726962457337884 0.6252955082742316 0.10693970420932879 0.02127659574468085
3 0.7639362912400455 0.9018912529550828 0.18088737201365188 0.024822695035460994
3 0.7121729237770194 0.9905437352245863 0.07849829351535836 0.016548463356973995
3 0.2229806598407281 0.3983451536643026 0.02844141069397042 0.026004728132387706
3 0.2229806598407281 0.46926713947990545 0.02844141069397042 0.026004728132387706
3 0.2229806598407281 0.5401891252955082 0.02844141069397042 0.026004728132387706
3 0.2229806598407281 0.6111111111111112 0.02844141069397042 0.026004728132387706
3 0.2229806598407281 0.3983451536643026 0.02844141069397042 0.026004728132387706
3 0.2229806598407281 0.46926713947990545 0.02844141069397042 0.026004728132387706
3 0.2229806598407281 0.5401891252955082 0.02844141069397042 0.026004728132387706
3 0.2229806598407281 0.6111111111111112 0.02844141069397042 0.026004728132387706
3 0.7531285551763367 0.4397163120567376 0.15984072810011377 0.0591016548463357
3 0.7724687144482366 0.6985815602836879 0.16382252559726962 0.02364066193853428
3 0.7724687144482366 0.723404255319149 0.16382252559726962 0.02127659574468085
3 0.7713310580204779 0.7955082742316785 0.16552901023890784 0.02364066193853428
3 0.7713310580204779 0.8203309692671394 0.16552901023890784 0.02127659574468085
3 0.7121729237770194 0.9716312056737588 0.07792946530147896 0.02009456264775414
3 0.3742889647326507 0.08156028368794327 0.025597269624573378 0.02364066193853428
3 0.4118316268486917 0.08156028368794327 0.02844141069397042 0.02364066193853428
3 0.46188850967007966 0.08156028368794327 0.051194539249146756 0.02364066193853428
3 0.5073947667804323 0.08156028368794327 0.019908987485779295 0.02364066193853428
3 0.540386803185438 0.08156028368794327 0.025597269624573378 0.02364066193853428
3 0.5745164960182025 0.08156028368794327 0.02218430034129693 0.02364066193853428
3 0.23777019340159272 0.06382978723404255 0.06541524459613197 0.02364066193853428
3 0.23321956769055746 0.08628841607565012 0.06541524459613197 0.02364066193853428
3 0.32025028441410697 0.2990543735224586 0.08418657565415244 0.016548463356973995
3 0.3987485779294653 0.2990543735224586 0.05233219567690557 0.016548463356973995
3 0.4908987485779295 0.2990543735224586 0.11319681456200227 0.016548463356973995
3 0.5773606370875995 0.2990543735224586 0.038680318543799774 0.016548463356973995
3 0.6222980659840728 0.2990543735224586 0.030716723549488054 0.016548463356973995