0 0.5871584699453551 0.022108843537414966 0.025683060109289616 0.04421768707482993
0 0.20546448087431693 0.35600907029478457 0.01092896174863388 0.022675736961451247
0 0.739344262295082 0.19954648526077098 0.06174863387978142 0.015873015873015872
1 0.7229508196721312 0.022675736961451247 0.18579234972677597 0.04421768707482993
1 0.40437158469945356 0.4036281179138322 0.1551912568306011 0.3219954648526077
1 0.5683060109289617 0.4036281179138322 0.1551912568306011 0.3219954648526077
1 0.73224043715847 0.4036281179138322 0.1551912568306011 0.3219954648526077
1 0.20765027322404372 0.022675736961451247 0.073224043715847 0.03854875283446712
2 0.43633879781420765 0.022108843537414966 0.3273224043715847 0.04421768707482993
2 0.4967213114754098 0.021541950113378686 0.007650273224043716 0.015873015873015872
3 0.5295081967213114 0.022675736961451247 0.09016393442622951 0.02947845804988662
3 0.366120218579235 0.6405895691609977 0.05683060109289618 0.021541950113378686
3 0.7043715846994536 0.6405895691609977 0.07759562841530054 0.021541950113378686
3 0.5349726775956284 0.021541950113378686 0.06393442622950819 0.022675736961451247
3 0.5349726775956284 0.021541950113378686 0.06393442622950819 0.022675736961451247
3 0.24316939890710382 0.2811791383219955 0.15191256830601094 0.034013605442176874
3 0.40437158469945356 0.6859410430839002 0.13333333333333333 0.04081632653061224
3 0.5683060109289617 0.6802721088435374 0.13333333333333333 0.04081632653061224
3 0.73224043715847 0.6859410430839002 0.13333333333333333 0.04081632653061224
3 0.3377049180327869 0.08049886621315193 0.02459016393442623 0.022675736961451247
3 0.3737704918032787 0.08049886621315193 0.0273224043715847 0.022675736961451247
3 0.42185792349726775 0.08049886621315193 0.04918032786885246 0.022675736961451247
3 0.46557377049180326 0.08049886621315193 0.01912568306010929 0.022675736961451247
3 0.4972677595628415 0.08049886621315193 0.02459016393442623 0.022675736961451247
3 0.5300546448087432 0.08049886621315193 0.021311475409836064 0.022675736961451247
3 0.20273224043715846 0.6417233560090703 0.07103825136612021 0.02040816326530612
3 0.17704918032786884 0.7301587301587301 0.019672131147540985 0.02040816326530612
3 0.21147540983606558 0.81859410430839 0.08907103825136611 0.02040816326530612
3 0.18415300546448088 0.9070294784580499 0.033879781420765025 0.02040816326530612
3 0.24699453551912567 0.6417233560090703 0.012021857923497269 0.02040816326530612
3 0.19781420765027322 0.7301587301587301 0.01639344262295082 0.02040816326530612
3 0.26939890710382514 0.81859410430839 0.020765027322404372 0.02040816326530612
3 0.21530054644808744 0.9070294784580499 0.022404371584699455 0.02040816326530612
3 0.1994535519125683 0.9342403628117913 0.012021857923497269 0.02040816326530612
3 0.20655737704918034 0.06349206349206349 0.06284153005464481 0.022675736961451247
3 0.20218579234972678 0.08503401360544217 0.06284153005464481 0.022675736961451247
3 0.20765027322404372 0.1893424036281179 0.08087431693989071 0.022675736961451247
3 0.2836065573770492 0.1893424036281179 0.05027322404371585 0.022675736961451247
3 0.22131147540983606 0.21201814058956917 0.1087431693989071 0.022675736961451247
3 0.18579234972677597 0.23469387755102042 0.03715846994535519 0.022675736961451247