0 0.584375 0.02918918918918919 0.023958333333333335 0.04216216216216216
0 0.7296875 0.1989189189189189 0.058854166666666666 0.015135135135135135
0 0.7796875 0.27675675675675676 0.01875 0.03891891891891892
1 0.7140625 0.03027027027027027 0.17708333333333334 0.04216216216216216
1 0.390625 0.3481081081081081 0.08333333333333333 0.17297297297297298
1 0.390625 0.5654054054054054 0.08333333333333333 0.17297297297297298
1 0.390625 0.7827027027027027 0.08333333333333333 0.17297297297297298
1 0.22291666666666668 0.03027027027027027 0.06979166666666667 0.036756756756756756
2 0.440625 0.02918918918918919 0.31145833333333334 0.04216216216216216
2 0.4322916666666667 0.02918918918918919 0.007291666666666667 0.015135135135135135
3 0.496875 0.03027027027027027 0.15208333333333332 0.02810810810810811
3 0.47239583333333335 0.572972972972973 0.05520833333333333 0.02054054054054054
3 0.6078125 0.7318918918918919 0.3265625 0.015135135135135135
3 0.4630208333333333 0.841081081081081 0.03697916666666667 0.015135135135135135
3 0.5020833333333333 0.02918918918918919 0.12708333333333333 0.021621621621621623
3 0.5020833333333333 0.02918918918918919 0.12708333333333333 0.021621621621621623
3 0.25677083333333334 0.24972972972972973 0.14479166666666668 0.06486486486486487
3 0.6078125 0.2756756756756757 0.3265625 0.02810810810810811
3 0.6078125 0.492972972972973 0.3265625 0.02810810810810811
3 0.6078125 0.7102702702702702 0.3265625 0.02810810810810811
3 0.6078125 0.9275675675675675 0.3265625 0.02810810810810811
3 0.346875 0.08540540540540541 0.0234375 0.021621621621621623
3 0.38125 0.08540540540540541 0.026041666666666668 0.021621621621621623
3 0.4270833333333333 0.08540540540540541 0.046875 0.021621621621621623
3 0.46875 0.08540540540540541 0.018229166666666668 0.021621621621621623
3 0.49895833333333334 0.08540540540540541 0.0234375 0.021621621621621623
3 0.5302083333333333 0.08540540540540541 0.0203125 0.021621621621621623
3 0.21822916666666667 0.5535135135135135 0.06770833333333333 0.01945945945945946
3 0.2078125 0.6378378378378379 0.046875 0.01945945945945946
3 0.23333333333333334 0.6637837837837838 0.09791666666666667 0.01945945945945946
3 0.20104166666666667 0.6897297297297297 0.033854166666666664 0.01945945945945946
3 0.1953125 0.7156756756756757 0.021875 0.01945945945945946
3 0.20208333333333334 0.7416216216216216 0.0359375 0.01945945945945946
3 0.20104166666666667 0.7675675675675676 0.03333333333333333 0.01945945945945946
3 0.21875 0.7935135135135135 0.06927083333333334 0.01945945945945946
3 0.19322916666666667 0.8194594594594594 0.017708333333333333 0.01945945945945946
3 0.19375 0.9037837837837838 0.01875 0.01945945945945946
3 0.20208333333333334 0.9881081081081081 0.035416666666666666 0.01945945945945946
3 0.2630208333333333 0.5535135135135135 0.0171875 0.01945945945945946
3 0.24583333333333332 0.6378378378378379 0.022916666666666665 0.01945945945945946
3 0.29583333333333334 0.6637837837837838 0.022395833333333334 0.01945945945945946
3 0.234375 0.6897297297297297 0.026041666666666668 0.01945945945945946
3 0.221875 0.7156756756756757 0.025520833333333333 0.01945945945945946
3 0.23333333333333334 0.7416216216216216 0.020833333333333332 0.01945945945945946
3 0.23020833333333332 0.7675675675675676 0.019791666666666666 0.01945945945945946
3 0.26458333333333334 0.7935135135135135 0.0171875 0.01945945945945946
3 0.2125 0.8194594594594594 0.016145833333333335 0.01945945945945946
3 0.21822916666666667 0.9037837837837838 0.025520833333333333 0.01945945945945946
3 0.22916666666666666 0.9881081081081081 0.013541666666666667 0.01945945945945946
3 0.221875 0.06918918918918919 0.059895833333333336 0.021621621621621623
3 0.21770833333333334 0.08972972972972973 0.059895833333333336 0.021621621621621623
3 0.22291666666666668 0.1891891891891892 0.07708333333333334 0.021621621621621623