0 0.5758101851851852 0.026442307692307692 0.02662037037037037 0.046875
0 0.7372685185185185 0.17548076923076922 0.06539351851851852 0.016826923076923076
1 0.7199074074074074 0.027644230769230768 0.19675925925925927 0.046875
1 0.38252314814814814 0.3918269230769231 0.16435185185185186 0.34134615384615385
1 0.5561342592592593 0.3918269230769231 0.16435185185185186 0.34134615384615385
1 0.7297453703703703 0.3918269230769231 0.16435185185185186 0.34134615384615385
1 0.17418981481481483 0.027644230769230768 0.0775462962962963 0.040865384615384616
2 0.41608796296296297 0.026442307692307692 0.3460648148148148 0.046875
2 0.4982638888888889 0.026442307692307692 0.008101851851851851 0.016826923076923076
3 0.5243055555555556 0.027644230769230768 0.0775462962962963 0.03125
3 0.35358796296296297 0.6634615384615384 0.08333333333333333 0.02283653846153846
3 0.515625 0.6911057692307693 0.06018518518518518 0.02283653846153846
3 0.7008101851851852 0.6430288461538461 0.08333333333333333 0.02283653846153846
3 0.5300925925925926 0.026442307692307692 0.04976851851851852 0.02403846153846154
3 0.5300925925925926 0.026442307692307692 0.04976851851851852 0.02403846153846154
3 0.21180555555555555 0.2620192307692308 0.16087962962962962 0.036057692307692304
3 0.38252314814814814 0.7115384615384616 0.1412037037037037 0.04326923076923077
3 0.5561342592592593 0.7391826923076923 0.1412037037037037 0.04326923076923077
3 0.7297453703703703 0.6911057692307693 0.1412037037037037 0.04326923076923077
3 0.3119212962962963 0.0889423076923077 0.026041666666666668 0.02403846153846154
3 0.35011574074074076 0.0889423076923077 0.028935185185185185 0.02403846153846154
3 0.4010416666666667 0.0889423076923077 0.052083333333333336 0.02403846153846154
3 0.44733796296296297 0.0889423076923077 0.02025462962962963 0.02403846153846154
3 0.4809027777777778 0.0889423076923077 0.026041666666666668 0.02403846153846154
3 0.515625 0.0889423076923077 0.022569444444444444 0.02403846153846154
3 0.14756944444444445 0.5817307692307693 0.03298611111111111 0.021634615384615384
3 0.1423611111111111 0.6105769230769231 0.02199074074074074 0.021634615384615384
3 0.16087962962962962 0.6394230769230769 0.05960648148148148 0.021634615384615384
3 0.14351851851851852 0.6682692307692307 0.024305555555555556 0.021634615384615384
3 0.15625 0.6971153846153846 0.04976851851851852 0.021634615384615384
3 0.14467592592592593 0.7259615384615384 0.027199074074074073 0.021634615384615384
3 0.1417824074074074 0.7548076923076923 0.020833333333333332 0.021634615384615384
3 0.14814814814814814 0.7836538461538461 0.03356481481481482 0.021634615384615384
3 0.14641203703703703 0.8125 0.03009259259259259 0.021634615384615384
3 0.1417824074074074 0.90625 0.020833333333333332 0.021634615384615384
3 0.17824074074074073 0.9939903846153846 0.09490740740740741 0.009615384615384616
3 0.1736111111111111 0.5817307692307693 0.013310185185185185 0.021634615384615384
3 0.16261574074074073 0.6105769230769231 0.01273148148148148 0.021634615384615384
3 0.1996527777777778 0.6394230769230769 0.010416666666666666 0.021634615384615384
3 0.16435185185185186 0.6682692307692307 0.010416666666666666 0.021634615384615384
3 0.1886574074074074 0.6971153846153846 0.008680555555555556 0.021634615384615384
3 0.16608796296296297 0.7259615384615384 0.008680555555555556 0.021634615384615384
3 0.1597222222222222 0.7548076923076923 0.008101851851851851 0.021634615384615384
3 0.1724537037037037 0.7836538461538461 0.008680555555555556 0.021634615384615384
3 0.16782407407407407 0.8125 0.00636574074074074 0.021634615384615384
3 0.16319444444444445 0.90625 0.01678240740740741 0.021634615384615384
3 0.23668981481481483 0.9939903846153846 0.017361111111111112 0.009615384615384616
3 0.1730324074074074 0.07091346153846154 0.06655092592592593 0.02403846153846154
3 0.1684027777777778 0.09375 0.06655092592592593 0.02403846153846154
3 0.17418981481481483 0.16466346153846154 0.08564814814814815 0.02403846153846154
3 0.25462962962962965 0.16466346153846154 0.05324074074074074 0.02403846153846154
3 0.15856481481481483 0.18870192307692307 0.05439814814814815 0.02403846153846154
3 0.2309027777777778 0.18870192307692307 0.06886574074074074 0.02403846153846154
3 0.1417824074074074 0.2127403846153846 0.02141203703703704 0.02403846153846154