0 0.6150837988826816 0.031322505800464036 0.02569832402234637 0.04524361948955916
0 0.770949720670391 0.1751740139211137 0.06312849162011173 0.016241299303944315
1 0.7541899441340782 0.03248259860788863 0.18994413407821228 0.04524361948955916
1 0.42849162011173186 0.3839907192575406 0.15865921787709497 0.3294663573085847
1 0.5960893854748603 0.3839907192575406 0.15865921787709497 0.3294663573085847
1 0.7636871508379889 0.3839907192575406 0.15865921787709497 0.3294663573085847
1 0.22737430167597766 0.03248259860788863 0.07486033519553073 0.03944315545243619
2 0.46089385474860334 0.031322505800464036 0.3340782122905028 0.04524361948955916
2 0.5402234636871508 0.031322505800464036 0.00782122905027933 0.016241299303944315
3 0.5653631284916201 0.03248259860788863 0.07486033519553073 0.030162412993039442
3 0.4005586592178771 0.6461716937354989 0.08044692737430167 0.022041763341067284
3 0.5569832402234637 0.6728538283062645 0.05810055865921788 0.022041763341067284
3 0.7357541899441341 0.6264501160092807 0.08044692737430167 0.022041763341067284
3 0.5709497206703911 0.031322505800464036 0.048044692737430165 0.02320185614849188
3 0.5709497206703911 0.031322505800464036 0.048044692737430165 0.02320185614849188
3 0.2636871508379888 0.25870069605568446 0.1553072625698324 0.03480278422273782
3 0.42849162011173186 0.6925754060324826 0.13631284916201117 0.04176334106728538
3 0.5960893854748603 0.7192575406032483 0.13631284916201117 0.04176334106728538
3 0.7636871508379889 0.6728538283062645 0.13631284916201117 0.04176334106728538
3 0.36033519553072624 0.09164733178654293 0.025139664804469275 0.02320185614849188
3 0.3972067039106145 0.09164733178654293 0.027932960893854747 0.02320185614849188
3 0.4463687150837989 0.09164733178654293 0.05027932960893855 0.02320185614849188
3 0.4910614525139665 0.09164733178654293 0.019553072625698324 0.02320185614849188
3 0.523463687150838 0.09164733178654293 0.025139664804469275 0.02320185614849188
3 0.5569832402234637 0.09164733178654293 0.021787709497206705 0.02320185614849188
3 0.2016759776536313 0.5672853828306265 0.031843575418994415 0.02088167053364269
3 0.19664804469273742 0.5951276102088167 0.021229050279329607 0.02088167053364269
3 0.21452513966480447 0.622969837587007 0.057541899441340784 0.02088167053364269
3 0.19776536312849163 0.6508120649651972 0.02346368715083799 0.02088167053364269
3 0.2100558659217877 0.6786542923433875 0.048044692737430165 0.02088167053364269
3 0.19888268156424582 0.7064965197215777 0.026256983240223464 0.02088167053364269
3 0.19608938547486032 0.734338747099768 0.02011173184357542 0.02088167053364269
3 0.2022346368715084 0.7621809744779582 0.03240223463687151 0.02088167053364269
3 0.2005586592178771 0.7900232018561485 0.02905027932960894 0.02088167053364269
3 0.19608938547486032 0.8805104408352669 0.02011173184357542 0.02088167053364269
3 0.23128491620111732 0.9709976798143851 0.09106145251396648 0.02088167053364269
3 0.22681564245810057 0.5672853828306265 0.012849162011173185 0.02088167053364269
3 0.21620111731843575 0.5951276102088167 0.012290502793296089 0.02088167053364269
3 0.2519553072625698 0.622969837587007 0.01005586592178771 0.02088167053364269
3 0.21787709497206703 0.6508120649651972 0.01005586592178771 0.02088167053364269
3 0.24134078212290502 0.6786542923433875 0.008379888268156424 0.02088167053364269
3 0.21955307262569831 0.7064965197215777 0.008379888268156424 0.02088167053364269
3 0.21340782122905028 0.734338747099768 0.00782122905027933 0.02088167053364269
3 0.22569832402234638 0.7621809744779582 0.008379888268156424 0.02088167053364269
3 0.2212290502793296 0.7900232018561485 0.006145251396648044 0.02088167053364269
3 0.21675977653631284 0.8805104408352669 0.016201117318435754 0.02088167053364269
3 0.2877094972067039 0.9709976798143851 0.016201117318435754 0.02088167053364269
3 0.22625698324022347 0.07424593967517401 0.06424581005586592 0.02320185614849188
3 0.2217877094972067 0.0962877030162413 0.06424581005586592 0.02320185614849188
3 0.22737430167597766 0.16473317865429235 0.08268156424581005 0.02320185614849188
3 0.30502793296089387 0.16473317865429235 0.05139664804469274 0.02320185614849188
3 0.2122905027932961 0.18793503480278423 0.05251396648044693 0.02320185614849188
3 0.28212290502793297 0.18793503480278423 0.0664804469273743 0.02320185614849188
3 0.19608938547486032 0.2111368909512761 0.020670391061452513 0.02320185614849188