0 0.6030054644808743 0.01927437641723356 0.025683060109289616 0.03854875283446712
0 0.7551912568306011 0.1564625850340136 0.06174863387978142 0.015873015873015872
1 0.7390710382513661 0.01984126984126984 0.18633879781420765 0.03968253968253968
1 0.4202185792349727 0.36054421768707484 0.1551912568306011 0.3219954648526077
1 0.5841530054644809 0.36054421768707484 0.1551912568306011 0.3219954648526077
1 0.7480874316939891 0.36054421768707484 0.1551912568306011 0.3219954648526077
1 0.22377049180327868 0.01870748299319728 0.07377049180327869 0.03741496598639456
2 0.4521857923497268 0.01927437641723356 0.3273224043715847 0.03854875283446712
2 0.5174863387978142 0.015873015873015872 0.007650273224043716 0.015873015873015872
3 0.5480874316939891 0.017006802721088437 0.08524590163934426 0.02947845804988662
3 0.3923497267759563 0.6179138321995464 0.07759562841530054 0.021541950113378686
3 0.5562841530054645 0.5975056689342404 0.07759562841530054 0.021541950113378686
3 0.7202185792349727 0.5975056689342404 0.07759562841530054 0.021541950113378686
3 0.553551912568306 0.015873015873015872 0.05901639344262295 0.022675736961451247
3 0.553551912568306 0.015873015873015872 0.05901639344262295 0.022675736961451247
3 0.25901639344262295 0.21541950113378686 0.15191256830601094 0.034013605442176874
3 0.4202185792349727 0.6530612244897959 0.13333333333333333 0.02040816326530612
3 0.5841530054644809 0.6326530612244898 0.13333333333333333 0.02040816326530612
3 0.7480874316939891 0.6326530612244898 0.13333333333333333 0.02040816326530612
3 0.35355191256830604 0.07482993197278912 0.02459016393442623 0.022675736961451247
3 0.38961748633879784 0.07482993197278912 0.0273224043715847 0.022675736961451247
3 0.4377049180327869 0.07482993197278912 0.04918032786885246 0.022675736961451247
3 0.4814207650273224 0.07482993197278912 0.01912568306010929 0.022675736961451247
3 0.5131147540983606 0.07482993197278912 0.02459016393442623 0.022675736961451247
3 0.5459016393442623 0.07482993197278912 0.021311475409836064 0.022675736961451247
3 0.2185792349726776 0.5170068027210885 0.07103825136612021 0.02040816326530612
3 0.19289617486338798 0.6054421768707483 0.019672131147540985 0.02040816326530612
3 0.2273224043715847 0.6938775510204082 0.08907103825136611 0.02040816326530612
3 0.2 0.782312925170068 0.033879781420765025 0.02040816326530612
3 0.2005464480874317 0.8979591836734694 0.03551912568306011 0.02040816326530612
3 0.19398907103825136 0.9863945578231292 0.02185792349726776 0.02040816326530612
3 0.260655737704918 0.5170068027210885 0.007650273224043716 0.02040816326530612
3 0.21256830601092896 0.6054421768707483 0.014207650273224045 0.02040816326530612
3 0.2830601092896175 0.6938775510204082 0.01639344262295082 0.02040816326530612
3 0.2284153005464481 0.782312925170068 0.016939890710382512 0.02040816326530612
3 0.21420765027322405 0.8095238095238095 0.010382513661202186 0.02040816326530612
3 0.226775956284153 0.8979591836734694 0.011475409836065573 0.02040816326530612
3 0.21639344262295082 0.9863945578231292 0.016939890710382512 0.02040816326530612
3 0.22240437158469945 0.05782312925170068 0.06284153005464481 0.022675736961451247
3 0.2180327868852459 0.07936507936507936 0.06284153005464481 0.022675736961451247
3 0.22349726775956283 0.14625850340136054 0.08087431693989071 0.022675736961451247
3 0.2994535519125683 0.14625850340136054 0.05027322404371585 0.022675736961451247
3 0.2087431693989071 0.1689342403628118 0.05136612021857923 0.022675736961451247
3 0.260655737704918 0.1689342403628118 0.03224043715846994 0.022675736961451247