0 0.5725806451612904 0.025669642857142856 0.024731182795698924 0.04352678571428571
0 0.7225806451612903 0.1640625 0.06075268817204301 0.015625
1 0.7064516129032258 0.026785714285714284 0.1827956989247312 0.04352678571428571
1 0.39301075268817204 0.36495535714285715 0.15268817204301074 0.3169642857142857
1 0.5543010752688172 0.36495535714285715 0.15268817204301074 0.3169642857142857
1 0.7155913978494624 0.36495535714285715 0.15268817204301074 0.3169642857142857
1 0.19946236559139785 0.026785714285714284 0.07204301075268817 0.03794642857142857
2 0.4241935483870968 0.025669642857142856 0.32150537634408605 0.04352678571428571
2 0.48870967741935484 0.025669642857142856 0.007526881720430108 0.015625
3 0.5188172043010753 0.026785714285714284 0.08387096774193549 0.029017857142857144
3 0.3655913978494624 0.6183035714285714 0.07634408602150537 0.021205357142857144
3 0.5268817204301075 0.5982142857142857 0.07634408602150537 0.021205357142857144
3 0.6881720430107527 0.5982142857142857 0.07634408602150537 0.021205357142857144
3 0.5241935483870968 0.025669642857142856 0.05806451612903226 0.022321428571428572
3 0.5241935483870968 0.025669642857142856 0.05806451612903226 0.022321428571428572
3 0.23440860215053763 0.22209821428571427 0.14946236559139786 0.033482142857142856
3 0.39301075268817204 0.6529017857142857 0.13118279569892474 0.020089285714285716
3 0.5543010752688172 0.6328125 0.13118279569892474 0.020089285714285716
3 0.7155913978494624 0.6328125 0.13118279569892474 0.020089285714285716
3 0.32741935483870965 0.08370535714285714 0.024193548387096774 0.022321428571428572
3 0.3629032258064516 0.08370535714285714 0.026881720430107527 0.022321428571428572
3 0.41021505376344086 0.08370535714285714 0.04838709677419355 0.022321428571428572
3 0.4532258064516129 0.08370535714285714 0.01881720430107527 0.022321428571428572
3 0.48440860215053766 0.08370535714285714 0.024193548387096774 0.022321428571428572
3 0.5166666666666667 0.08370535714285714 0.020967741935483872 0.022321428571428572
3 0.19462365591397848 0.5189732142857143 0.06989247311827956 0.020089285714285716
3 0.1693548387096774 0.6060267857142857 0.01935483870967742 0.020089285714285716
3 0.2032258064516129 0.6930803571428571 0.08763440860215053 0.020089285714285716
3 0.17634408602150536 0.7801339285714286 0.03333333333333333 0.020089285714285716
3 0.17688172043010753 0.8939732142857143 0.03494623655913978 0.020089285714285716
3 0.17043010752688173 0.9810267857142857 0.021505376344086023 0.020089285714285716
3 0.2360215053763441 0.5189732142857143 0.007526881720430108 0.020089285714285716
3 0.18870967741935485 0.6060267857142857 0.013978494623655914 0.020089285714285716
3 0.25806451612903225 0.6930803571428571 0.016129032258064516 0.020089285714285716
3 0.20430107526881722 0.7801339285714286 0.016666666666666666 0.020089285714285716
3 0.19032258064516128 0.8069196428571429 0.01021505376344086 0.020089285714285716
3 0.20268817204301076 0.8939732142857143 0.01129032258064516 0.020089285714285716
3 0.1924731182795699 0.9810267857142857 0.016666666666666666 0.020089285714285716
3 0.19838709677419356 0.06696428571428571 0.06182795698924731 0.022321428571428572
3 0.19408602150537635 0.08816964285714286 0.06182795698924731 0.022321428571428572
3 0.19946236559139785 0.15401785714285715 0.07956989247311828 0.022321428571428572
3 0.27419354838709675 0.15401785714285715 0.04946236559139785 0.022321428571428572
3 0.18494623655913978 0.17633928571428573 0.05053763440860215 0.022321428571428572
3 0.2360215053763441 0.17633928571428573 0.031720430107526884 0.022321428571428572