0 0.6008196721311475 0.022108843537414966 0.025683060109289616 0.04421768707482993
0 0.27377049180327867 0.23242630385487528 0.01092896174863388 0.022675736961451247
0 0.7530054644808744 0.1621315192743764 0.06174863387978142 0.015873015873015872
1 0.7366120218579235 0.022675736961451247 0.18579234972677597 0.04421768707482993
1 0.39726775956284155 0.31859410430839 0.08743169398907104 0.18140589569160998
1 0.39726775956284155 0.546485260770975 0.08743169398907104 0.18140589569160998
1 0.39726775956284155 0.7743764172335601 0.08743169398907104 0.18140589569160998
1 0.22131147540983606 0.022675736961451247 0.073224043715847 0.03854875283446712
2 0.45 0.022108843537414966 0.3273224043715847 0.04421768707482993
3 0.4830601092896175 0.34807256235827666 0.05792349726775956 0.021541950113378686
3 0.4830601092896175 0.5839002267573696 0.05792349726775956 0.021541950113378686
3 0.4830601092896175 0.8038548752834467 0.05792349726775956 0.021541950113378686
3 0.6251366120218579 0.9489795918367347 0.34262295081967215 0.015873015873015872
3 0.2568306010928962 0.15759637188208617 0.15191256830601094 0.034013605442176874
3 0.6251366120218579 0.24263038548752835 0.34262295081967215 0.02947845804988662
3 0.6251366120218579 0.4852607709750567 0.34262295081967215 0.05895691609977324
3 0.6251366120218579 0.6984126984126984 0.34262295081967215 0.02947845804988662
3 0.6251366120218579 0.9263038548752834 0.34262295081967215 0.02947845804988662
3 0.3513661202185792 0.08049886621315193 0.02459016393442623 0.022675736961451247
3 0.387431693989071 0.08049886621315193 0.0273224043715847 0.022675736961451247
3 0.4355191256830601 0.08049886621315193 0.04918032786885246 0.022675736961451247
3 0.4792349726775956 0.08049886621315193 0.01912568306010929 0.022675736961451247
3 0.5109289617486339 0.08049886621315193 0.02459016393442623 0.022675736961451247
3 0.5437158469945356 0.08049886621315193 0.021311475409836064 0.022675736961451247
3 0.21639344262295082 0.518140589569161 0.07103825136612021 0.02040816326530612
3 0.20601092896174864 0.6065759637188208 0.05027322404371585 0.02040816326530612
3 0.226775956284153 0.6337868480725624 0.09234972677595628 0.02040816326530612
3 0.2278688524590164 0.6609977324263039 0.09398907103825137 0.02040816326530612
3 0.22513661202185792 0.6882086167800453 0.08852459016393442 0.02040816326530612
3 0.21202185792349726 0.7154195011337868 0.06284153005464481 0.02040816326530612
3 0.1912568306010929 0.7426303854875284 0.021311475409836064 0.02040816326530612
3 0.21092896174863388 0.7698412698412699 0.060655737704918035 0.02040816326530612
3 0.22021857923497268 0.7970521541950113 0.07868852459016394 0.02040816326530612
3 0.21202185792349726 0.8242630385487528 0.06284153005464481 0.02040816326530612
3 0.1907103825136612 0.9433106575963719 0.019672131147540985 0.02040816326530612
3 0.26284153005464483 0.518140589569161 0.01639344262295082 0.02040816326530612
3 0.2453551912568306 0.6065759637188208 0.022950819672131147 0.02040816326530612
3 0.28469945355191256 0.6337868480725624 0.018032786885245903 0.02040816326530612
3 0.28469945355191256 0.6609977324263039 0.014754098360655738 0.02040816326530612
3 0.28032786885245903 0.6882086167800453 0.016939890710382512 0.02040816326530612
3 0.2546448087431694 0.7154195011337868 0.01639344262295082 0.02040816326530612
3 0.21366120218579235 0.7426303854875284 0.016939890710382512 0.02040816326530612
3 0.25245901639344265 0.7698412698412699 0.01639344262295082 0.02040816326530612
3 0.26939890710382514 0.7970521541950113 0.014754098360655738 0.02040816326530612
3 0.25519125683060107 0.8242630385487528 0.01639344262295082 0.02040816326530612
3 0.21420765027322405 0.9433106575963719 0.022404371584699455 0.02040816326530612
3 0.22021857923497268 0.06349206349206349 0.06284153005464481 0.022675736961451247
3 0.21584699453551912 0.08503401360544217 0.06284153005464481 0.022675736961451247