0 0.5804232804232804 0.026373626373626374 0.02433862433862434 0.04285714285714286
0 0.19523809523809524 0.23076923076923078 0.010582010582010581 0.02197802197802198
0 0.728042328042328 0.16263736263736264 0.059788359788359786 0.015384615384615385
1 0.7121693121693121 0.027472527472527472 0.17989417989417988 0.04285714285714286
1 0.3835978835978836 0.3142857142857143 0.08465608465608465 0.17582417582417584
1 0.3835978835978836 0.5351648351648352 0.08465608465608465 0.17582417582417584
1 0.3835978835978836 0.756043956043956 0.08465608465608465 0.17582417582417584
1 0.21322751322751324 0.027472527472527472 0.07089947089947089 0.03736263736263736
2 0.4343915343915344 0.026373626373626374 0.3164021164021164 0.04285714285714286
3 0.4777777777777778 0.321978021978022 0.07883597883597884 0.020879120879120878
3 0.4777777777777778 0.5428571428571428 0.07883597883597884 0.020879120879120878
3 0.4777777777777778 0.7846153846153846 0.07883597883597884 0.020879120879120878
3 0.6042328042328042 0.9252747252747253 0.33174603174603173 0.015384615384615385
3 0.24761904761904763 0.15824175824175823 0.14708994708994708 0.03296703296703297
3 0.6042328042328042 0.24065934065934066 0.33174603174603173 0.02857142857142857
3 0.6042328042328042 0.46153846153846156 0.33174603174603173 0.02857142857142857
3 0.6042328042328042 0.6824175824175824 0.33174603174603173 0.02857142857142857
3 0.6042328042328042 0.9032967032967033 0.33174603174603173 0.02857142857142857
3 0.33915343915343915 0.08351648351648351 0.023809523809523808 0.02197802197802198
3 0.37407407407407406 0.08351648351648351 0.026455026455026454 0.02197802197802198
3 0.42063492063492064 0.08351648351648351 0.047619047619047616 0.02197802197802198
3 0.46296296296296297 0.08351648351648351 0.018518518518518517 0.02197802197802198
3 0.4936507936507937 0.08351648351648351 0.023809523809523808 0.02197802197802198
3 0.5253968253968254 0.08351648351648351 0.020634920634920634 0.02197802197802198
3 0.20846560846560847 0.5076923076923077 0.06878306878306878 0.01978021978021978
3 0.1984126984126984 0.5934065934065934 0.04867724867724868 0.01978021978021978
3 0.21851851851851853 0.6197802197802198 0.08941798941798942 0.01978021978021978
3 0.18412698412698414 0.6461538461538462 0.020634920634920634 0.01978021978021978
3 0.20634920634920634 0.6725274725274726 0.06507936507936508 0.01978021978021978
3 0.19576719576719576 0.6989010989010989 0.043915343915343914 0.01978021978021978
3 0.20423280423280424 0.7252747252747253 0.06084656084656084 0.01978021978021978
3 0.20793650793650795 0.7516483516483516 0.06825396825396825 0.01978021978021978
3 0.20423280423280424 0.778021978021978 0.06084656084656084 0.01978021978021978
3 0.21957671957671956 0.8043956043956044 0.091005291005291 0.01978021978021978
3 0.1835978835978836 0.9197802197802197 0.01904761904761905 0.01978021978021978
3 0.25026455026455025 0.5076923076923077 0.009523809523809525 0.01978021978021978
3 0.23333333333333334 0.5934065934065934 0.015873015873015872 0.01978021978021978
3 0.2714285714285714 0.6197802197802198 0.011111111111111112 0.01978021978021978
3 0.2037037037037037 0.6461538461538462 0.01216931216931217 0.01978021978021978
3 0.24761904761904763 0.6725274725274726 0.01216931216931217 0.01978021978021978
3 0.2253968253968254 0.6989010989010989 0.009523809523809525 0.01978021978021978
3 0.24285714285714285 0.7252747252747253 0.010052910052910053 0.01978021978021978
3 0.24973544973544973 0.7516483516483516 0.009523809523809525 0.01978021978021978
3 0.24232804232804234 0.778021978021978 0.009523809523809525 0.01978021978021978
3 0.2714285714285714 0.8043956043956044 0.007407407407407408 0.01978021978021978
3 0.20264550264550266 0.9197802197802197 0.013756613756613757 0.01978021978021978
3 0.21216931216931217 0.06703296703296703 0.06084656084656084 0.02197802197802198
3 0.20793650793650795 0.08791208791208792 0.06084656084656084 0.02197802197802198