0 0.24594907407407407 0.1622596153846154 0.011574074074074073 0.02403846153846154
0 0.7708333333333334 0.078125 0.06539351851851852 0.016826923076923076
0 0.8553240740740741 0.16826923076923078 0.018518518518518517 0.038461538461538464
1 0.3524305555555556 0.16947115384615385 0.031828703703703706 0.06610576923076923
1 0.6128472222222222 0.16947115384615385 0.031828703703703706 0.06610576923076923
1 0.7430555555555556 0.16947115384615385 0.031828703703703706 0.06610576923076923
1 0.3940972222222222 0.35216346153846156 0.09259259259259259 0.19230769230769232
1 0.3940972222222222 0.59375 0.09259259259259259 0.19230769230769232
1 0.3940972222222222 0.8353365384615384 0.09259259259259259 0.19230769230769232
3 0.6354166666666666 0.2956730769230769 0.3628472222222222 0.016826923076923076
3 0.4849537037037037 0.37740384615384615 0.061342592592592594 0.02283653846153846
3 0.6354166666666666 0.5372596153846154 0.3628472222222222 0.016826923076923076
3 0.49594907407407407 0.6189903846153846 0.08333333333333333 0.02283653846153846
3 0.6354166666666666 0.7788461538461539 0.3628472222222222 0.016826923076923076
3 0.49594907407407407 0.8605769230769231 0.08333333333333333 0.02283653846153846
3 0.24537037037037038 0.0829326923076923 0.16087962962962962 0.036057692307692304
3 0.6354166666666666 0.27163461538461536 0.3628472222222222 0.03125
3 0.6354166666666666 0.5132211538461539 0.3628472222222222 0.03125
3 0.6354166666666666 0.7548076923076923 0.3628472222222222 0.03125
3 0.6354166666666666 0.9897836538461539 0.36342592592592593 0.018028846153846152
3 0.4114583333333333 0.15504807692307693 0.07523148148148148 0.02283653846153846
3 0.5416666666666666 0.15504807692307693 0.07523148148148148 0.02283653846153846
3 0.671875 0.15504807692307693 0.07523148148148148 0.02283653846153846
3 0.8020833333333334 0.15504807692307693 0.07523148148148148 0.02283653846153846
3 0.3454861111111111 0.007211538461538462 0.02662037037037037 0.014423076923076924
3 0.3839699074074074 0.007211538461538462 0.029513888888888888 0.014423076923076924
3 0.4348958333333333 0.007211538461538462 0.052662037037037035 0.014423076923076924
3 0.4809027777777778 0.007211538461538462 0.020833333333333332 0.014423076923076924
3 0.5144675925925926 0.007211538461538462 0.02662037037037037 0.014423076923076924
3 0.5491898148148148 0.007211538461538462 0.023148148148148147 0.014423076923076924
3 0.19155092592592593 0.4651442307692308 0.05324074074074074 0.021634615384615384
3 0.20081018518518517 0.49399038461538464 0.07233796296296297 0.021634615384615384
3 0.20949074074074073 0.5228365384615384 0.08912037037037036 0.021634615384615384
3 0.17592592592592593 0.5516826923076923 0.022569444444444444 0.021634615384615384
3 0.21469907407407407 0.5805288461538461 0.09953703703703703 0.021634615384615384
3 0.21180555555555555 0.609375 0.09375 0.021634615384615384
3 0.19791666666666666 0.6382211538461539 0.06655092592592593 0.021634615384615384
3 0.2175925925925926 0.6670673076923077 0.10532407407407407 0.021634615384615384
3 0.17592592592592593 0.6959134615384616 0.02199074074074074 0.021634615384615384
3 0.1753472222222222 0.8221153846153846 0.020833333333333332 0.021634615384615384
3 0.21180555555555555 0.9158653846153846 0.0943287037037037 0.021634615384615384
3 0.22916666666666666 0.4651442307692308 0.01678240740740741 0.021634615384615384
3 0.2465277777777778 0.49399038461538464 0.01273148148148148 0.021634615384615384
3 0.265625 0.5228365384615384 0.016203703703703703 0.021634615384615384
3 0.19733796296296297 0.5516826923076923 0.01273148148148148 0.021634615384615384
3 0.27372685185185186 0.5805288461538461 0.01273148148148148 0.021634615384615384
3 0.2673611111111111 0.609375 0.012152777777777778 0.021634615384615384
3 0.24131944444444445 0.6382211538461539 0.013310185185185185 0.021634615384615384
3 0.2795138888888889 0.6670673076923077 0.01273148148148148 0.021634615384615384
3 0.19675925925925927 0.6959134615384616 0.013310185185185185 0.021634615384615384
3 0.19733796296296297 0.8221153846153846 0.017361111111111112 0.021634615384615384
3 0.27025462962962965 0.9158653846153846 0.01678240740740741 0.021634615384615384
3 0.2019675925925926 0.009615384615384616 0.06712962962962964 0.019230769230769232