0 0.5897368421052631 0.021334792122538294 0.024736842105263158 0.04266958424507659
0 0.25894736842105265 0.22428884026258206 0.010526315789473684 0.02188183807439825
0 0.7363157894736843 0.14770240700218817 0.05947368421052632 0.015317286652078774
0 0.8131578947368421 0.22975929978118162 0.016842105263157894 0.0350109409190372
1 0.7205263157894737 0.02188183807439825 0.17894736842105263 0.04266958424507659
1 0.35578947368421054 0.23085339168490154 0.02894736842105263 0.060175054704595186
1 0.5926315789473684 0.23085339168490154 0.02894736842105263 0.060175054704595186
1 0.7110526315789474 0.23085339168490154 0.02894736842105263 0.060175054704595186
1 0.3936842105263158 0.3971553610503282 0.08421052631578947 0.175054704595186
1 0.3936842105263158 0.6170678336980306 0.08421052631578947 0.175054704595186
1 0.3936842105263158 0.8369803063457331 0.08421052631578947 0.175054704595186
1 0.22421052631578947 0.02188183807439825 0.07052631578947369 0.037199124726477024
2 0.4444736842105263 0.021334792122538294 0.31526315789473686 0.04266958424507659
2 0.48473684210526313 0.020787746170678335 0.007368421052631579 0.015317286652078774
3 0.5252631578947369 0.02188183807439825 0.10473684210526316 0.028446389496717725
3 0.6131578947368421 0.34573304157549234 0.33 0.015317286652078774
3 0.4763157894736842 0.4201312910284464 0.05578947368421053 0.020787746170678335
3 0.6131578947368421 0.5656455142231948 0.33 0.015317286652078774
3 0.4863157894736842 0.6400437636761488 0.07578947368421053 0.020787746170678335
3 0.6131578947368421 0.7855579868708972 0.33 0.015317286652078774
3 0.4863157894736842 0.8599562363238512 0.07578947368421053 0.020787746170678335
3 0.5305263157894737 0.020787746170678335 0.07947368421052632 0.02188183807439825
3 0.5305263157894737 0.020787746170678335 0.07947368421052632 0.02188183807439825
3 0.25842105263157894 0.15207877461706784 0.1463157894736842 0.03282275711159737
3 0.6131578947368421 0.3238512035010941 0.33 0.028446389496717725
3 0.6131578947368421 0.5437636761487965 0.33 0.028446389496717725
3 0.6131578947368421 0.7636761487964989 0.33 0.028446389496717725
3 0.6131578947368421 0.9835886214442013 0.33 0.028446389496717725
3 0.4094736842105263 0.21772428884026257 0.06842105263157895 0.020787746170678335
3 0.5278947368421053 0.21772428884026257 0.06842105263157895 0.020787746170678335
3 0.6463157894736842 0.21772428884026257 0.06842105263157895 0.020787746170678335
3 0.7647368421052632 0.21772428884026257 0.06842105263157895 0.020787746170678335
3 0.3494736842105263 0.07768052516411379 0.02368421052631579 0.02188183807439825
3 0.38421052631578945 0.07768052516411379 0.02631578947368421 0.02188183807439825
3 0.4305263157894737 0.07768052516411379 0.04736842105263158 0.02188183807439825
3 0.4726315789473684 0.07768052516411379 0.018421052631578946 0.02188183807439825
3 0.5031578947368421 0.07768052516411379 0.02368421052631579 0.02188183807439825
3 0.5347368421052632 0.07768052516411379 0.020526315789473684 0.02188183807439825
3 0.2094736842105263 0.5 0.04842105263157895 0.019693654266958426
3 0.21789473684210525 0.526258205689278 0.06578947368421052 0.019693654266958426
3 0.22578947368421054 0.5525164113785558 0.08105263157894736 0.019693654266958426
3 0.19526315789473683 0.5787746170678337 0.020526315789473684 0.019693654266958426
3 0.2305263157894737 0.6050328227571116 0.09052631578947369 0.019693654266958426
3 0.22789473684210526 0.6312910284463895 0.08526315789473685 0.019693654266958426
3 0.21526315789473685 0.6575492341356673 0.060526315789473685 0.019693654266958426
3 0.2331578947368421 0.6838074398249453 0.09578947368421052 0.019693654266958426
3 0.19526315789473683 0.7100656455142232 0.02 0.019693654266958426
3 0.19473684210526315 0.824945295404814 0.018947368421052633 0.019693654266958426
3 0.22789473684210526 0.9102844638949672 0.08578947368421053 0.019693654266958426
3 0.24368421052631578 0.5 0.015263157894736841 0.019693654266958426
3 0.2594736842105263 0.526258205689278 0.011578947368421053 0.019693654266958426
3 0.2768421052631579 0.5525164113785558 0.014736842105263158 0.019693654266958426
3 0.21473684210526317 0.5787746170678337 0.011578947368421053 0.019693654266958426
3 0.28421052631578947 0.6050328227571116 0.011578947368421053 0.019693654266958426
3 0.27842105263157896 0.6312910284463895 0.011052631578947368 0.019693654266958426
3 0.25473684210526315 0.6575492341356673 0.012105263157894737 0.019693654266958426
3 0.2894736842105263 0.6838074398249453 0.011578947368421053 0.019693654266958426
3 0.21421052631578946 0.7100656455142232 0.012105263157894737 0.019693654266958426
3 0.21473684210526317 0.824945295404814 0.015789473684210527 0.019693654266958426
3 0.2810526315789474 0.9102844638949672 0.015263157894736841 0.019693654266958426
3 0.2231578947368421 0.061269146608315096 0.060526315789473685 0.02188183807439825
3 0.21894736842105264 0.08205689277899343 0.060526315789473685 0.02188183807439825