0 0.5865937859608745 0.020933014354066987 0.02704257767548907 0.041866028708133975
0 0.7468354430379747 0.16626794258373206 0.06501726121979287 0.01674641148325359
1 0.729861910241657 0.0215311004784689 0.1962025316455696 0.0430622009569378
1 0.3941311852704258 0.3815789473684211 0.16340621403912542 0.3397129186602871
1 0.5667433831990794 0.3815789473684211 0.16340621403912542 0.3397129186602871
1 0.739355581127733 0.3815789473684211 0.16340621403912542 0.3397129186602871
1 0.18728423475258918 0.02033492822966507 0.07767548906789414 0.04066985645933014
2 0.4277905638665132 0.020933014354066987 0.34464902186421176 0.041866028708133975
2 0.4781357882623705 0.017942583732057416 0.00805523590333717 0.01674641148325359
3 0.5195627157652474 0.019138755980861243 0.10817031070195628 0.03110047846889952
3 0.3538550057537399 0.6519138755980861 0.05983889528193326 0.022727272727272728
3 0.5264672036823935 0.631578947368421 0.05983889528193326 0.022727272727272728
3 0.6990794016110472 0.6519138755980861 0.05983889528193326 0.022727272727272728
3 0.5253164556962026 0.017942583732057416 0.0805523590333717 0.023923444976076555
3 0.5253164556962026 0.017942583732057416 0.0805523590333717 0.023923444976076555
3 0.2243958573072497 0.20454545454545456 0.15995397008055237 0.03588516746411483
3 0.3941311852704258 0.6997607655502392 0.14039125431530494 0.0430622009569378
3 0.5667433831990794 0.6794258373205742 0.14039125431530494 0.0430622009569378
3 0.739355581127733 0.6997607655502392 0.14039125431530494 0.0430622009569378
3 0.3239355581127733 0.08014354066985646 0.025891829689298044 0.023923444976076555
3 0.3619102416570771 0.08014354066985646 0.028768699654775604 0.023923444976076555
3 0.41254315304948214 0.08014354066985646 0.05178365937859609 0.023923444976076555
3 0.45857307249712315 0.08014354066985646 0.020138089758342925 0.023923444976076555
3 0.4919447640966628 0.08014354066985646 0.025891829689298044 0.023923444976076555
3 0.5264672036823935 0.08014354066985646 0.02243958573072497 0.023923444976076555
3 0.18181818181818182 0.5227272727272727 0.07479861910241657 0.0215311004784689
3 0.19102416570771003 0.6160287081339713 0.09321058688147296 0.0215311004784689
3 0.20138089758342922 0.6447368421052632 0.1144994246260069 0.0215311004784689
3 0.1892980437284235 0.6734449760765551 0.0903337169159954 0.0215311004784689
3 0.1714614499424626 0.7021531100478469 0.05408515535097814 0.0215311004784689
3 0.1806674338319908 0.7308612440191388 0.07249712313003452 0.0215311004784689
3 0.18699654775604144 0.7595693779904307 0.0857307249712313 0.0215311004784689
3 0.18181818181818182 0.7882775119617225 0.07537399309551208 0.0215311004784689
3 0.167433831990794 0.8169856459330144 0.04602991944764097 0.0215311004784689
3 0.15420023014959724 0.8456937799043063 0.019562715765247412 0.0215311004784689
3 0.15477560414269276 0.9389952153110048 0.020713463751438434 0.0215311004784689
3 0.22957422324510932 0.5227272727272727 0.014959723820483314 0.0215311004784689
3 0.25316455696202533 0.6160287081339713 0.02531645569620253 0.0215311004784689
3 0.2727272727272727 0.6447368421052632 0.02186421173762946 0.0215311004784689
3 0.24568469505178367 0.6734449760765551 0.015535097813578827 0.0215311004784689
3 0.21001150747986191 0.7021531100478469 0.01611047180667434 0.0215311004784689
3 0.22784810126582278 0.7308612440191388 0.01611047180667434 0.0215311004784689
3 0.238204833141542 0.7595693779904307 0.01093210586881473 0.0215311004784689
3 0.22669735327963175 0.7882775119617225 0.00805523590333717 0.0215311004784689
3 0.19792865362485615 0.8169856459330144 0.00863060989643268 0.0215311004784689
3 0.17894131185270426 0.8456937799043063 0.024165707710011506 0.0215311004784689
3 0.17779056386651323 0.9389952153110048 0.020138089758342925 0.0215311004784689
3 0.1858457997698504 0.06220095693779904 0.0661680092059839 0.023923444976076555
3 0.1812428078250863 0.08492822966507177 0.0661680092059839 0.023923444976076555
3 0.18699654775604144 0.15550239234449761 0.08515535097813579 0.023923444976076555
3 0.2669735327963176 0.15550239234449761 0.05293440736478711 0.023923444976076555