0 0.5989304812834224 0.025555555555555557 0.02459893048128342 0.043333333333333335
0 0.7481283422459893 0.16333333333333333 0.06042780748663101 0.015555555555555555
1 0.7320855614973262 0.02666666666666667 0.18181818181818182 0.043333333333333335
1 0.4203208556149733 0.36333333333333334 0.1518716577540107 0.31555555555555553
1 0.5807486631016042 0.36333333333333334 0.1518716577540107 0.31555555555555553
1 0.7411764705882353 0.36333333333333334 0.1518716577540107 0.31555555555555553
1 0.22780748663101605 0.02666666666666667 0.07165775401069518 0.03777777777777778
2 0.45133689839572194 0.025555555555555557 0.31978609625668447 0.043333333333333335
2 0.44010695187165777 0.025555555555555557 0.0074866310160427805 0.015555555555555555
3 0.5074866310160427 0.02666666666666667 0.1588235294117647 0.028888888888888888
3 0.38288770053475935 0.5955555555555555 0.05561497326203209 0.021111111111111112
3 0.6946524064171123 0.6377777777777778 0.03796791443850268 0.015555555555555555
3 0.5128342245989305 0.025555555555555557 0.13315508021390374 0.022222222222222223
3 0.5128342245989305 0.025555555555555557 0.13315508021390374 0.022222222222222223
3 0.2625668449197861 0.22111111111111112 0.14866310160427806 0.03333333333333333
3 0.4203208556149733 0.63 0.1304812834224599 0.02
3 0.5807486631016042 0.6055555555555555 0.1304812834224599 0.04
3 0.7411764705882353 0.6788888888888889 0.1304812834224599 0.04
3 0.35508021390374334 0.08333333333333333 0.02406417112299465 0.022222222222222223
3 0.39037433155080214 0.08333333333333333 0.026737967914438502 0.022222222222222223
3 0.4374331550802139 0.08333333333333333 0.0481283422459893 0.022222222222222223
3 0.4802139037433155 0.08333333333333333 0.01871657754010695 0.022222222222222223
3 0.5112299465240642 0.08333333333333333 0.02406417112299465 0.022222222222222223
3 0.5433155080213904 0.08333333333333333 0.02085561497326203 0.022222222222222223
3 0.2229946524064171 0.4311111111111111 0.06951871657754011 0.02
3 0.22032085561497325 0.5177777777777778 0.06470588235294118 0.02
3 0.23422459893048128 0.5444444444444444 0.09197860962566845 0.02
3 0.23850267379679144 0.5711111111111111 0.10053475935828877 0.02
3 0.21336898395721926 0.5977777777777777 0.05080213903743316 0.02
3 0.20481283422459892 0.6244444444444445 0.033155080213903745 0.02
3 0.2160427807486631 0.6511111111111111 0.05614973262032086 0.02
3 0.2197860962566845 0.6777777777777778 0.06310160427807486 0.02
3 0.23155080213903742 0.7044444444444444 0.08716577540106951 0.02
3 0.2106951871657754 0.7311111111111112 0.044919786096256686 0.02
3 0.19786096256684493 0.8477777777777777 0.019251336898395723 0.02
3 0.23155080213903742 0.9344444444444444 0.08716577540106951 0.02
3 0.26524064171122996 0.4311111111111111 0.009625668449197862 0.02
3 0.26684491978609626 0.5177777777777778 0.0213903743315508 0.02
3 0.28823529411764703 0.5444444444444444 0.011229946524064172 0.02
3 0.2962566844919786 0.5711111111111111 0.009625668449197862 0.02
3 0.24705882352941178 0.5977777777777777 0.010160427807486631 0.02
3 0.23048128342245988 0.6244444444444445 0.01229946524064171 0.02
3 0.25240641711229944 0.6511111111111111 0.010160427807486631 0.02
3 0.25882352941176473 0.6777777777777778 0.009625668449197862 0.02
3 0.2823529411764706 0.7044444444444444 0.0074866310160427805 0.02
3 0.24010695187165776 0.7311111111111112 0.0074866310160427805 0.02
3 0.21711229946524063 0.8477777777777777 0.013903743315508022 0.02
3 0.28502673796791445 0.9344444444444444 0.013903743315508022 0.02
3 0.2267379679144385 0.06666666666666667 0.06149732620320856 0.022222222222222223
3 0.22245989304812835 0.08777777777777777 0.06149732620320856 0.022222222222222223
3 0.22780748663101605 0.15333333333333332 0.07914438502673797 0.022222222222222223
3 0.2497326203208556 0.16444444444444445 0.12299465240641712 0.044444444444444446