0 0.5852777777777778 0.01905311778290993 0.026111111111111113 0.03810623556581986
0 0.2361111111111111 0.27136258660508084 0.011111111111111112 0.023094688221709007
0 0.74 0.1489607390300231 0.06277777777777778 0.016166281755196306
0 0.8211111111111111 0.23556581986143188 0.017777777777777778 0.03695150115473441
1 0.7236111111111111 0.019630484988452657 0.18944444444444444 0.03926096997690531
1 0.3383333333333333 0.23672055427251731 0.030555555555555555 0.06351039260969978
1 0.4633333333333333 0.23672055427251731 0.030555555555555555 0.06351039260969978
1 0.5883333333333334 0.23672055427251731 0.030555555555555555 0.06351039260969978
1 0.37833333333333335 0.4122401847575058 0.08888888888888889 0.18475750577367206
1 0.37833333333333335 0.6443418013856813 0.08888888888888889 0.18475750577367206
1 0.37833333333333335 0.8764434180138568 0.08888888888888889 0.18475750577367206
1 0.19972222222222222 0.018475750577367205 0.075 0.03695150115473441
2 0.43194444444444446 0.01905311778290993 0.3327777777777778 0.03810623556581986
2 0.47444444444444445 0.015011547344110854 0.0077777777777777776 0.016166281755196306
3 0.5172222222222222 0.016166281755196306 0.11055555555555556 0.03002309468822171
3 0.61 0.3995381062355658 0.34833333333333333 0.016166281755196306
3 0.46555555555555556 0.4780600461893764 0.058888888888888886 0.021939953810623556
3 0.61 0.5900692840646651 0.34833333333333333 0.016166281755196306
3 0.45555555555555555 0.663972286374134 0.03944444444444444 0.016166281755196306
3 0.61 0.8221709006928406 0.34833333333333333 0.016166281755196306
3 0.46555555555555556 0.9006928406466512 0.058888888888888886 0.021939953810623556
3 0.5227777777777778 0.015011547344110854 0.08388888888888889 0.023094688221709007
3 0.5227777777777778 0.015011547344110854 0.08388888888888889 0.023094688221709007
3 0.23555555555555555 0.1951501154734411 0.15444444444444444 0.03464203233256351
3 0.61 0.37644341801385683 0.34833333333333333 0.03002309468822171
3 0.61 0.5669745958429562 0.34833333333333333 0.03002309468822171
3 0.61 0.7990762124711316 0.34833333333333333 0.03002309468822171
3 0.395 0.2228637413394919 0.07222222222222222 0.021939953810623556
3 0.52 0.2228637413394919 0.07222222222222222 0.021939953810623556
3 0.645 0.2228637413394919 0.07222222222222222 0.021939953810623556
3 0.77 0.2228637413394919 0.07222222222222222 0.021939953810623556
3 0.33166666666666667 0.07505773672055427 0.025 0.023094688221709007
3 0.36833333333333335 0.07505773672055427 0.027777777777777776 0.023094688221709007
3 0.4172222222222222 0.07505773672055427 0.05 0.023094688221709007
3 0.46166666666666667 0.07505773672055427 0.019444444444444445 0.023094688221709007
3 0.4938888888888889 0.07505773672055427 0.025 0.023094688221709007
3 0.5272222222222223 0.07505773672055427 0.021666666666666667 0.023094688221709007
3 0.1922222222222222 0.5623556581986143 0.06777777777777778 0.020785219399538105
3 0.19833333333333333 0.5900692840646651 0.08 0.020785219399538105
3 0.19333333333333333 0.6177829099307159 0.07 0.020785219399538105
3 0.1988888888888889 0.6454965357967667 0.08166666666666667 0.020785219399538105
3 0.2011111111111111 0.6732101616628176 0.08611111111111111 0.020785219399538105
3 0.195 0.7009237875288684 0.07388888888888889 0.020785219399538105
3 0.16833333333333333 0.7909930715935335 0.02 0.020785219399538105
3 0.20333333333333334 0.8810623556581986 0.09055555555555556 0.020785219399538105
3 0.17555555555555555 0.9711316397228638 0.034444444444444444 0.020785219399538105
3 0.23555555555555555 0.5623556581986143 0.012222222222222223 0.020785219399538105
3 0.245 0.5900692840646651 0.0077777777777777776 0.020785219399538105
3 0.235 0.6177829099307159 0.0077777777777777776 0.020785219399538105
3 0.2461111111111111 0.6454965357967667 0.006111111111111111 0.020785219399538105
3 0.25 0.6732101616628176 0.005555555555555556 0.020785219399538105
3 0.23777777777777778 0.7009237875288684 0.005555555555555556 0.020785219399538105
3 0.18555555555555556 0.7909930715935335 0.009444444444444445 0.020785219399538105
3 0.2577777777777778 0.8810623556581986 0.012222222222222223 0.020785219399538105
3 0.20222222222222222 0.9711316397228638 0.012777777777777779 0.020785219399538105
3 0.18916666666666668 0.99364896073903 0.008333333333333333 0.010392609699769052
3 0.19833333333333333 0.057736720554272515 0.06388888888888888 0.023094688221709007
3 0.1938888888888889 0.07967667436489607 0.06388888888888888 0.023094688221709007
3 0.19 0.14780600461893764 0.06388888888888888 0.023094688221709007