0 0.2008055235903337 0.23923444976076555 0.011507479861910242 0.023923444976076555
0 0.7226697353279632 0.11244019138755981 0.06501726121979287 0.01674641148325359
0 0.806674338319908 0.2021531100478469 0.018411967779056387 0.03827751196172249
1 0.3066743383199079 0.20334928229665072 0.03164556962025317 0.06578947368421052
1 0.4361334867663982 0.20334928229665072 0.03164556962025317 0.06578947368421052
1 0.5655926352128884 0.20334928229665072 0.03164556962025317 0.06578947368421052
1 0.34810126582278483 0.38516746411483255 0.09205983889528194 0.19138755980861244
1 0.34810126582278483 0.6255980861244019 0.09205983889528194 0.19138755980861244
1 0.34810126582278483 0.8660287081339713 0.09205983889528194 0.19138755980861244
3 0.5880322209436134 0.37200956937799046 0.36075949367088606 0.01674641148325359
3 0.43843498273878023 0.4533492822966507 0.06098964326812428 0.022727272727272728
3 0.5880322209436134 0.569377990430622 0.36075949367088606 0.01674641148325359
3 0.428078250863061 0.645933014354067 0.040851553509781355 0.01674641148325359
3 0.5880322209436134 0.8098086124401914 0.36075949367088606 0.01674641148325359
3 0.43843498273878023 0.8911483253588517 0.06098964326812428 0.022727272727272728
3 0.2002301495972382 0.16028708133971292 0.15995397008055237 0.03588516746411483
3 0.5880322209436134 0.3480861244019139 0.36075949367088606 0.03110047846889952
3 0.5880322209436134 0.5454545454545454 0.36075949367088606 0.03110047846889952
3 0.5880322209436134 0.7858851674641149 0.36075949367088606 0.03110047846889952
3 0.36536248561565016 0.18899521531100477 0.07479861910241657 0.022727272727272728
3 0.4948216340621404 0.18899521531100477 0.07479861910241657 0.022727272727272728
3 0.6242807825086306 0.18899521531100477 0.07479861910241657 0.022727272727272728
3 0.7537399309551208 0.18899521531100477 0.07479861910241657 0.022727272727272728
3 0.2997698504027618 0.03588516746411483 0.025891829689298044 0.023923444976076555
3 0.3377445339470656 0.03588516746411483 0.028768699654775604 0.023923444976076555
3 0.38837744533947066 0.03588516746411483 0.05178365937859609 0.023923444976076555
3 0.4344073647871116 0.03588516746411483 0.020138089758342925 0.023923444976076555
3 0.46777905638665135 0.03588516746411483 0.025891829689298044 0.023923444976076555
3 0.502301495972382 0.03588516746411483 0.02243958573072497 0.023923444976076555
3 0.15535097813578827 0.5406698564593302 0.07019562715765247 0.0215311004784689
3 0.1616800920598389 0.569377990430622 0.08285385500575373 0.0215311004784689
3 0.1565017261219793 0.5980861244019139 0.07249712313003452 0.0215311004784689
3 0.1622554660529344 0.6267942583732058 0.08457997698504027 0.0215311004784689
3 0.16455696202531644 0.6555023923444976 0.08918296892980437 0.0215311004784689
3 0.15822784810126583 0.6842105263157895 0.07652474108170311 0.0215311004784689
3 0.13060989643268126 0.777511961722488 0.020713463751438434 0.0215311004784689
3 0.1668584579976985 0.8708133971291866 0.09378596087456847 0.0215311004784689
3 0.1380897583429229 0.9641148325358851 0.03567318757192175 0.0215311004784689
3 0.2002301495972382 0.5406698564593302 0.012658227848101266 0.0215311004784689
3 0.21001150747986191 0.569377990430622 0.00805523590333717 0.0215311004784689
3 0.1996547756041427 0.5980861244019139 0.00805523590333717 0.0215311004784689
3 0.21116225546605294 0.6267942583732058 0.006329113924050633 0.0215311004784689
3 0.21518987341772153 0.6555023923444976 0.005753739930955121 0.0215311004784689
3 0.20253164556962025 0.6842105263157895 0.005753739930955121 0.0215311004784689
3 0.14844649021864212 0.777511961722488 0.009781357882623706 0.0215311004784689
3 0.22324510932105868 0.8708133971291866 0.012658227848101266 0.0215311004784689
3 0.16570771001150747 0.9641148325358851 0.013233601841196778 0.0215311004784689
3 0.15218642117376294 0.9904306220095693 0.00863060989643268 0.01674641148325359
3 0.1616800920598389 0.017942583732057416 0.0661680092059839 0.023923444976076555
3 0.1570771001150748 0.04066985645933014 0.0661680092059839 0.023923444976076555
3 0.15304948216340622 0.11124401913875598 0.0661680092059839 0.023923444976076555