0 0.598087431693989 0.01417233560090703 0.025683060109289616 0.02834467120181406
0 0.7502732240437159 0.14625850340136054 0.06174863387978142 0.015873015873015872
1 0.7341530054644809 0.01473922902494331 0.18633879781420765 0.02947845804988662
1 0.3945355191256831 0.30272108843537415 0.08743169398907104 0.18140589569160998
1 0.3945355191256831 0.5306122448979592 0.08743169398907104 0.18140589569160998
1 0.3945355191256831 0.7585034013605442 0.08743169398907104 0.18140589569160998
1 0.21885245901639344 0.013605442176870748 0.07377049180327869 0.027210884353741496
2 0.44726775956284154 0.01417233560090703 0.3273224043715847 0.02834467120181406
2 0.4784153005464481 0.007369614512471655 0.00819672131147541 0.01473922902494331
3 0.5256830601092897 0.011337868480725623 0.12021857923497267 0.022675736961451247
3 0.48032786885245904 0.31065759637188206 0.05792349726775956 0.021541950113378686
3 0.48032786885245904 0.5793650793650794 0.05792349726775956 0.021541950113378686
3 0.6224043715846994 0.7052154195011338 0.34262295081967215 0.015873015873015872
3 0.4704918032786885 0.7777777777777778 0.03879781420765027 0.015873015873015872
3 0.48060109289617486 0.9909297052154195 0.058469945355191254 0.015873015873015872
3 0.5311475409836065 0.009070294784580499 0.09398907103825137 0.018140589569160998
3 0.5311475409836065 0.009070294784580499 0.09398907103825137 0.018140589569160998
3 0.2540983606557377 0.18253968253968253 0.15191256830601094 0.034013605442176874
3 0.6224043715846994 0.22675736961451248 0.34262295081967215 0.02947845804988662
3 0.6224043715846994 0.4954648526077097 0.34262295081967215 0.02947845804988662
3 0.6224043715846994 0.6825396825396826 0.34262295081967215 0.02947845804988662
3 0.6224043715846994 0.9104308390022676 0.34262295081967215 0.02947845804988662
3 0.34863387978142074 0.06462585034013606 0.02459016393442623 0.022675736961451247
3 0.3846994535519126 0.06462585034013606 0.0273224043715847 0.022675736961451247
3 0.43278688524590164 0.06462585034013606 0.04918032786885246 0.022675736961451247
3 0.47650273224043715 0.06462585034013606 0.01912568306010929 0.022675736961451247
3 0.5081967213114754 0.06462585034013606 0.02459016393442623 0.022675736961451247
3 0.5409836065573771 0.06462585034013606 0.021311475409836064 0.022675736961451247
3 0.21366120218579235 0.48412698412698413 0.07103825136612021 0.02040816326530612
3 0.21147540983606558 0.572562358276644 0.06666666666666667 0.02040816326530612
3 0.2103825136612022 0.5997732426303855 0.06502732240437159 0.02040816326530612
3 0.21475409836065573 0.626984126984127 0.073224043715847 0.02040816326530612
3 0.22896174863387977 0.6541950113378685 0.10163934426229508 0.02040816326530612
3 0.18743169398907103 0.68140589569161 0.018579234972677595 0.02040816326530612
3 0.18797814207650274 0.7698412698412699 0.019672131147540985 0.02040816326530612
3 0.22240437158469945 0.8582766439909297 0.08907103825136611 0.02040816326530612
3 0.19508196721311474 0.9467120181405896 0.033879781420765025 0.02040816326530612
3 0.25792349726775954 0.48412698412698413 0.012021857923497269 0.02040816326530612
3 0.2562841530054645 0.572562358276644 0.01639344262295082 0.02040816326530612
3 0.25136612021857924 0.5997732426303855 0.010382513661202186 0.02040816326530612
3 0.25846994535519124 0.626984126984127 0.00819672131147541 0.02040816326530612
3 0.28688524590163933 0.6541950113378685 0.007650273224043716 0.02040816326530612
3 0.20327868852459016 0.68140589569161 0.007650273224043716 0.02040816326530612
3 0.20765027322404372 0.7698412698412699 0.014754098360655738 0.02040816326530612
3 0.27759562841530055 0.8582766439909297 0.015846994535519125 0.02040816326530612
3 0.22349726775956283 0.9467120181405896 0.01639344262295082 0.02040816326530612
3 0.2081967213114754 0.9739229024943311 0.00819672131147541 0.02040816326530612
3 0.2174863387978142 0.047619047619047616 0.06284153005464481 0.022675736961451247
3 0.21311475409836064 0.0691609977324263 0.06284153005464481 0.022675736961451247
3 0.20928961748633879 0.1360544217687075 0.06284153005464481 0.022675736961451247
3 0.28469945355191256 0.1360544217687075 0.06666666666666667 0.022675736961451247