0 0.2449438202247191 0.3189252336448598 0.011235955056179775 0.02336448598130841
0 0.7544943820224719 0.19509345794392524 0.06348314606741573 0.016355140186915886
0 0.8365168539325842 0.2827102803738318 0.017977528089887642 0.037383177570093455
1 0.34831460674157305 0.2838785046728972 0.03089887640449438 0.06425233644859812
1 0.4747191011235955 0.2838785046728972 0.03089887640449438 0.06425233644859812
1 0.601123595505618 0.2838785046728972 0.03089887640449438 0.06425233644859812
1 0.7275280898876404 0.2838785046728972 0.03089887640449438 0.06425233644859812
1 0.3887640449438202 0.4614485981308411 0.0898876404494382 0.18691588785046728
1 0.3887640449438202 0.6962616822429907 0.0898876404494382 0.18691588785046728
3 0.6230337078651685 0.40654205607476634 0.35224719101123597 0.016355140186915886
3 0.4887640449438202 0.48598130841121495 0.08370786516853933 0.02219626168224299
3 0.6230337078651685 0.6413551401869159 0.35224719101123597 0.016355140186915886
3 0.4887640449438202 0.7207943925233645 0.08370786516853933 0.02219626168224299
3 0.6230337078651685 0.8761682242990654 0.35224719101123597 0.016355140186915886
3 0.47696629213483144 0.955607476635514 0.05955056179775281 0.02219626168224299
3 0.2443820224719101 0.24182242990654207 0.15617977528089888 0.035046728971962614
3 0.6230337078651685 0.38317757009345793 0.35224719101123597 0.030373831775700934
3 0.6230337078651685 0.6179906542056075 0.35224719101123597 0.030373831775700934
3 0.6230337078651685 0.852803738317757 0.35224719101123597 0.030373831775700934
3 0.40561797752808987 0.26985981308411217 0.07303370786516854 0.02219626168224299
3 0.5320224719101123 0.26985981308411217 0.07303370786516854 0.02219626168224299
3 0.6584269662921348 0.26985981308411217 0.07303370786516854 0.02219626168224299
3 0.7848314606741573 0.26985981308411217 0.07303370786516854 0.02219626168224299
3 0.3415730337078652 0.015186915887850467 0.025280898876404494 0.02336448598130841
3 0.37865168539325844 0.015186915887850467 0.028089887640449437 0.02336448598130841
3 0.4280898876404494 0.015186915887850467 0.05056179775280899 0.02336448598130841
3 0.4730337078651685 0.015186915887850467 0.019662921348314606 0.02336448598130841
3 0.5056179775280899 0.015186915887850467 0.025280898876404494 0.02336448598130841
3 0.5393258426966292 0.015186915887850467 0.021910112359550562 0.02336448598130841
3 0.17640449438202246 0.6133177570093458 0.020786516853932586 0.02102803738317757
3 0.17584269662921348 0.6413551401869159 0.019101123595505618 0.02102803738317757
3 0.17640449438202246 0.7324766355140186 0.020224719101123594 0.02102803738317757
3 0.21179775280898877 0.8235981308411215 0.09157303370786517 0.02102803738317757
3 0.18370786516853932 0.9147196261682243 0.0348314606741573 0.02102803738317757
3 0.19662921348314608 0.6133177570093458 0.012921348314606741 0.02102803738317757
3 0.1943820224719101 0.6413551401869159 0.012921348314606741 0.02102803738317757
3 0.19325842696629214 0.7324766355140186 0.007865168539325843 0.02102803738317757
3 0.26685393258426965 0.8235981308411215 0.012359550561797753 0.02102803738317757
3 0.21235955056179776 0.9147196261682243 0.015730337078651686 0.02102803738317757
3 0.19719101123595506 0.9427570093457944 0.007865168539325843 0.02102803738317757
3 0.20674157303370785 0.005257009345794392 0.0651685393258427 0.010514018691588784
3 0.20224719101123595 0.01985981308411215 0.06460674157303371 0.02336448598130841
3 0.2095505617977528 0.1939252336448598 0.08651685393258426 0.02336448598130841