0 0.5772727272727273 0.01611111111111111 0.025133689839572194 0.03222222222222222
0 0.2411764705882353 0.3566666666666667 0.0106951871657754 0.022222222222222223
0 0.7262032085561497 0.2388888888888889 0.06042780748663101 0.015555555555555555
0 0.8042780748663102 0.32222222222222224 0.017112299465240642 0.035555555555555556
1 0.710427807486631 0.016666666666666666 0.18235294117647058 0.03333333333333333
1 0.339572192513369 0.3233333333333333 0.029411764705882353 0.06111111111111111
1 0.45989304812834225 0.3233333333333333 0.029411764705882353 0.06111111111111111
1 0.5802139037433155 0.3233333333333333 0.029411764705882353 0.06111111111111111
1 0.7005347593582888 0.3233333333333333 0.029411764705882353 0.06111111111111111
1 0.3780748663101604 0.4922222222222222 0.0855614973262032 0.17777777777777778
1 0.3780748663101604 0.7155555555555555 0.0855614973262032 0.17777777777777778
1 0.20614973262032085 0.015555555555555555 0.07219251336898395 0.03111111111111111
2 0.42967914438502675 0.01611111111111111 0.32032085561497325 0.03222222222222222
2 0.47058823529411764 0.01 0.0074866310160427805 0.015555555555555555
3 0.5117647058823529 0.013333333333333334 0.10695187165775401 0.02666666666666667
3 0.6010695187165775 0.44 0.3352941176470588 0.015555555555555555
3 0.4732620320855615 0.5155555555555555 0.07967914438502674 0.021111111111111112
3 0.6010695187165775 0.6633333333333333 0.3352941176470588 0.015555555555555555
3 0.4732620320855615 0.7388888888888889 0.07967914438502674 0.021111111111111112
3 0.6010695187165775 0.8866666666666667 0.3352941176470588 0.015555555555555555
3 0.46203208556149733 0.9622222222222222 0.05668449197860963 0.021111111111111112
3 0.5171122994652406 0.011111111111111112 0.08128342245989305 0.022222222222222223
3 0.5171122994652406 0.011111111111111112 0.08128342245989305 0.022222222222222223
3 0.24064171122994651 0.2833333333333333 0.14866310160427806 0.03333333333333333
3 0.6010695187165775 0.4177777777777778 0.3352941176470588 0.028888888888888888
3 0.6010695187165775 0.6411111111111111 0.3352941176470588 0.028888888888888888
3 0.6010695187165775 0.8644444444444445 0.3352941176470588 0.028888888888888888
3 0.3941176470588235 0.31 0.06951871657754011 0.021111111111111112
3 0.5144385026737968 0.31 0.06951871657754011 0.021111111111111112
3 0.6347593582887701 0.31 0.06951871657754011 0.021111111111111112
3 0.7550802139037434 0.31 0.06951871657754011 0.021111111111111112
3 0.3331550802139037 0.06777777777777778 0.02406417112299465 0.022222222222222223
3 0.3684491978609626 0.06777777777777778 0.026737967914438502 0.022222222222222223
3 0.41550802139037435 0.06777777777777778 0.0481283422459893 0.022222222222222223
3 0.45828877005347596 0.06777777777777778 0.01871657754010695 0.022222222222222223
3 0.4893048128342246 0.06777777777777778 0.02406417112299465 0.022222222222222223
3 0.5213903743315508 0.06777777777777778 0.02085561497326203 0.022222222222222223
3 0.17593582887700535 0.6366666666666667 0.019786096256684493 0.02
3 0.1754010695187166 0.6633333333333333 0.01818181818181818 0.02
3 0.17593582887700535 0.75 0.019251336898395723 0.02
3 0.20962566844919786 0.8366666666666667 0.08716577540106951 0.02
3 0.18288770053475936 0.9233333333333333 0.033155080213903745 0.02
3 0.19518716577540107 0.6366666666666667 0.01229946524064171 0.02
3 0.193048128342246 0.6633333333333333 0.01229946524064171 0.02
3 0.19197860962566846 0.75 0.0074866310160427805 0.02
3 0.2620320855614973 0.8366666666666667 0.011764705882352941 0.02
3 0.21016042780748664 0.9233333333333333 0.014973262032085561 0.02
3 0.19572192513368983 0.95 0.0074866310160427805 0.02
3 0.20481283422459892 0.051111111111111114 0.06149732620320856 0.022222222222222223
3 0.20053475935828877 0.07222222222222222 0.06149732620320856 0.022222222222222223
3 0.20748663101604278 0.23777777777777778 0.08235294117647059 0.022222222222222223