0 0.6311149032992036 0.0070921985815602835 0.026734926052332197 0.014184397163120567
0 0.27360637087599543 0.35933806146572106 0.011376564277588168 0.02364066193853428
0 0.7895335608646189 0.23404255319148937 0.06427758816837315 0.016548463356973995
0 0.8725824800910125 0.32269503546099293 0.01820250284414107 0.037825059101654845
1 0.7727531285551763 0.0076832151300236405 0.19397042093287828 0.015366430260047281
1 0.3782707622298066 0.32387706855791965 0.03128555176336746 0.06501182033096926
1 0.5062571103526735 0.32387706855791965 0.03128555176336746 0.06501182033096926
1 0.6342434584755404 0.32387706855791965 0.03128555176336746 0.06501182033096926
1 0.7622298065984073 0.32387706855791965 0.03128555176336746 0.06501182033096926
1 0.419226393629124 0.5035460992907801 0.09101251422070535 0.18912529550827423
1 0.419226393629124 0.7411347517730497 0.09101251422070535 0.18912529550827423
1 0.2363481228668942 0.0065011820330969266 0.07679180887372014 0.013002364066193853
2 0.47411831626848694 0.0070921985815602835 0.34072810011376564 0.014184397163120567
3 0.5614334470989761 0.004137115839243499 0.11376564277588168 0.008274231678486997
3 0.6564277588168373 0.44799054373522457 0.35665529010238906 0.016548463356973995
3 0.5204778156996587 0.5283687943262412 0.08475540386803185 0.022458628841607566
3 0.6564277588168373 0.6855791962174941 0.35665529010238906 0.016548463356973995
3 0.5204778156996587 0.7659574468085106 0.08475540386803185 0.022458628841607566
3 0.6564277588168373 0.9231678486997635 0.35665529010238906 0.016548463356973995
3 0.5088168373151308 0.9952718676122931 0.0608646188850967 0.0070921985815602835
3 0.27303754266211605 0.28132387706855794 0.15813424345847554 0.03546099290780142
3 0.6564277588168373 0.4243498817966903 0.35665529010238906 0.030732860520094562
3 0.6564277588168373 0.6619385342789598 0.35665529010238906 0.030732860520094562
3 0.6564277588168373 0.8995271867612293 0.35665529010238906 0.030732860520094562
3 0.43629124004550623 0.30969267139479906 0.07394766780432309 0.022458628841607566
3 0.5642775881683731 0.30969267139479906 0.07394766780432309 0.022458628841607566
3 0.6922639362912401 0.30969267139479906 0.07394766780432309 0.022458628841607566
3 0.820250284414107 0.30969267139479906 0.07394766780432309 0.022458628841607566
3 0.3714448236632537 0.05200945626477541 0.025597269624573378 0.02364066193853428
3 0.40898748577929467 0.05200945626477541 0.02844141069397042 0.02364066193853428
3 0.4590443686006826 0.05200945626477541 0.051194539249146756 0.02364066193853428
3 0.5045506257110353 0.05200945626477541 0.019908987485779295 0.02364066193853428
3 0.537542662116041 0.05200945626477541 0.025597269624573378 0.02364066193853428
3 0.5716723549488054 0.05200945626477541 0.02218430034129693 0.02364066193853428
3 0.20420932878270762 0.6572104018912529 0.02104664391353811 0.02127659574468085
3 0.2036405005688282 0.6855791962174941 0.019340159271899887 0.02127659574468085
3 0.20420932878270762 0.7777777777777778 0.020477815699658702 0.02127659574468085
3 0.24004550625711035 0.8699763593380615 0.09271899886234357 0.02127659574468085
3 0.21160409556313994 0.9621749408983451 0.03526734926052332 0.02127659574468085
3 0.22468714448236632 0.6572104018912529 0.013083048919226393 0.02127659574468085
3 0.2224118316268487 0.6855791962174941 0.013083048919226393 0.02127659574468085
3 0.22127417519908987 0.7777777777777778 0.007963594994311717 0.02127659574468085
3 0.29579067121729236 0.8699763593380615 0.012514220705346985 0.02127659574468085
3 0.24061433447098976 0.9621749408983451 0.015927189988623434 0.02127659574468085
3 0.22554038680318544 0.9893617021276596 0.008532423208191127 0.018912529550827423
3 0.23492605233219568 0.034278959810874705 0.06541524459613197 0.02364066193853428
3 0.23037542662116042 0.05673758865248227 0.06541524459613197 0.02364066193853428
3 0.23777019340159272 0.23286052009456265 0.0875995449374289 0.02364066193853428