0 0.584375 0.02918918918918919 0.023958333333333335 0.04216216216216216
0 0.7296875 0.26054054054054054 0.058854166666666666 0.015135135135135135
1 0.7140625 0.03027027027027027 0.17708333333333334 0.04216216216216216
1 0.390625 0.4097297297297297 0.08333333333333333 0.17297297297297298
1 0.390625 0.6270270270270271 0.08333333333333333 0.17297297297297298
1 0.390625 0.8443243243243244 0.08333333333333333 0.17297297297297298
1 0.22291666666666668 0.03027027027027027 0.06979166666666667 0.036756756756756756
2 0.440625 0.02918918918918919 0.31145833333333334 0.04216216216216216
2 0.4744791666666667 0.02918918918918919 0.007291666666666667 0.015135135135135135
3 0.5177083333333333 0.03027027027027027 0.10989583333333333 0.02810810810810811
3 0.4822916666666667 0.6345945945945946 0.075 0.02054054054054054
3 0.4822916666666667 0.8518918918918919 0.075 0.02054054054054054
3 0.5229166666666667 0.02918918918918919 0.08489583333333334 0.021621621621621623
3 0.5229166666666667 0.02918918918918919 0.08489583333333334 0.021621621621621623
3 0.25677083333333334 0.2951351351351351 0.14479166666666668 0.032432432432432434
3 0.6078125 0.3372972972972973 0.3265625 0.02810810810810811
3 0.6078125 0.5545945945945946 0.3265625 0.02810810810810811
3 0.6078125 0.7718918918918919 0.3265625 0.02810810810810811
3 0.346875 0.08540540540540541 0.0234375 0.021621621621621623
3 0.38125 0.08540540540540541 0.026041666666666668 0.021621621621621623
3 0.4270833333333333 0.08540540540540541 0.046875 0.021621621621621623
3 0.46875 0.08540540540540541 0.018229166666666668 0.021621621621621623
3 0.49895833333333334 0.08540540540540541 0.0234375 0.021621621621621623
3 0.5302083333333333 0.08540540540540541 0.0203125 0.021621621621621623
3 0.21822916666666667 0.5827027027027027 0.06770833333333333 0.01945945945945946
3 0.19791666666666666 0.667027027027027 0.027083333333333334 0.01945945945945946
3 0.221875 0.692972972972973 0.075 0.01945945945945946
3 0.22239583333333332 0.7189189189189189 0.0765625 0.01945945945945946
3 0.19427083333333334 0.7448648648648649 0.0203125 0.01945945945945946
3 0.21510416666666668 0.7708108108108108 0.06145833333333333 0.01945945945945946
3 0.21927083333333333 0.7967567567567567 0.06979166666666667 0.01945945945945946
3 0.22135416666666666 0.8227027027027027 0.07395833333333333 0.01945945945945946
3 0.1984375 0.8486486486486486 0.028645833333333332 0.01945945945945946
3 0.20729166666666668 0.8745945945945945 0.04583333333333333 0.01945945945945946
3 0.19375 0.9881081081081081 0.01875 0.01945945945945946
3 0.259375 0.5827027027027027 0.009375 0.01945945945945946
3 0.22447916666666667 0.667027027027027 0.021354166666666667 0.01945945945945946
3 0.2677083333333333 0.692972972972973 0.011458333333333333 0.01945945945945946
3 0.26875 0.7189189189189189 0.0109375 0.01945945945945946
3 0.21302083333333333 0.7448648648648649 0.011458333333333333 0.01945945945945946
3 0.253125 0.7708108108108108 0.009375 0.01945945945945946
3 0.26197916666666665 0.7967567567567567 0.009895833333333333 0.01945945945945946
3 0.26458333333333334 0.8227027027027027 0.007291666666666667 0.01945945945945946
3 0.21927083333333333 0.8486486486486486 0.007291666666666667 0.01945945945945946
3 0.23645833333333333 0.8745945945945945 0.007291666666666667 0.01945945945945946
3 0.215625 0.9881081081081081 0.019791666666666666 0.01945945945945946
3 0.221875 0.06918918918918919 0.059895833333333336 0.021621621621621623
3 0.21770833333333334 0.08972972972972973 0.059895833333333336 0.021621621621621623
3 0.2140625 0.2508108108108108 0.059895833333333336 0.021621621621621623