0 0.47554038680318544 0.44089834515366433 0.005688282138794084 0.01182033096926714
0 0.4869169510807736 0.44089834515366433 0.0034129692832764505 0.0070921985815602835
1 0.4857792946530148 0.26004728132387706 0.9050056882821388 0.39952718676122934
1 0.25369738339021614 0.6229314420803782 0.21843003412969283 0.28368794326241137
1 0.4812286689419795 0.6229314420803782 0.21843003412969283 0.28368794326241137
1 0.7087599544937428 0.6229314420803782 0.21843003412969283 0.28368794326241137
1 0.3108646188850967 0.9048463356973995 0.33276450511945393 0.1879432624113475
1 0.6521615472127418 0.9048463356973995 0.33276450511945393 0.1879432624113475
3 0.25369738339021614 0.7635933806146572 0.16382252559726962 0.02364066193853428
3 0.4812286689419795 0.7635933806146572 0.16382252559726962 0.02364066193853428
3 0.7087599544937428 0.7635933806146572 0.16382252559726962 0.02364066193853428
3 0.3191126279863481 0.03546099290780142 0.025597269624573378 0.02364066193853428
3 0.35665529010238906 0.03546099290780142 0.02844141069397042 0.02364066193853428
3 0.40671217292377704 0.03546099290780142 0.051194539249146756 0.02364066193853428
3 0.4522184300341297 0.03546099290780142 0.019908987485779295 0.02364066193853428
3 0.4852104664391354 0.03546099290780142 0.025597269624573378 0.02364066193853428
3 0.5193401592718999 0.03546099290780142 0.02218430034129693 0.02364066193853428
3 0.1825938566552901 0.01773049645390071 0.06541524459613197 0.02364066193853428
3 0.17804323094425484 0.04018912529550828 0.06541524459613197 0.02364066193853428