1 0.5016759776536313 0.1368909512761021 0.8938547486033519 0.16241299303944315
1 0.2782122905027933 0.4617169373549884 0.21452513966480447 0.27842227378190254
1 0.5016759776536313 0.4617169373549884 0.21452513966480447 0.27842227378190254
1 0.7251396648044692 0.4617169373549884 0.21452513966480447 0.27842227378190254
1 0.5016759776536313 0.7424593967517401 0.6614525139664804 0.191415313225058
1 0.44581005586592176 0.9385150812064965 0.055865921787709494 0.11600928074245939
3 0.5016759776536313 0.2900232018561485 0.6614525139664804 0.05568445475638051
3 0.2782122905027933 0.5997679814385151 0.16089385474860335 0.02320185614849188
3 0.5016759776536313 0.5997679814385151 0.16089385474860335 0.02320185614849188
3 0.7251396648044692 0.5997679814385151 0.16089385474860335 0.02320185614849188
3 0.3424581005586592 0.031322505800464036 0.025139664804469275 0.02320185614849188
3 0.3793296089385475 0.031322505800464036 0.027932960893854747 0.02320185614849188
3 0.42849162011173186 0.031322505800464036 0.05027932960893855 0.02320185614849188
3 0.4731843575418994 0.031322505800464036 0.019553072625698324 0.02320185614849188
3 0.505586592178771 0.031322505800464036 0.025139664804469275 0.02320185614849188
3 0.5391061452513967 0.031322505800464036 0.021787709497206705 0.02320185614849188
3 0.20837988826815643 0.013921113689095127 0.06424581005586592 0.02320185614849188
3 0.20391061452513967 0.03596287703016241 0.06424581005586592 0.02320185614849188