0 0.6122950819672132 0.020975056689342405 0.025683060109289616 0.04195011337868481
0 0.21420765027322405 0.373015873015873 0.01092896174863388 0.022675736961451247
0 0.7644808743169399 0.2619047619047619 0.06174863387978142 0.015873015873015872
1 0.7483606557377049 0.021541950113378686 0.18633879781420765 0.04308390022675737
1 0.4087431693989071 0.41836734693877553 0.08743169398907104 0.18140589569160998
1 0.4087431693989071 0.6462585034013606 0.08743169398907104 0.18140589569160998
1 0.4087431693989071 0.8741496598639455 0.08743169398907104 0.18140589569160998
1 0.23278688524590163 0.02040816326530612 0.073224043715847 0.03854875283446712
2 0.46147540983606555 0.020975056689342405 0.3273224043715847 0.04195011337868481
2 0.4967213114754098 0.01927437641723356 0.007650273224043716 0.015873015873015872
3 0.5420765027322404 0.02040816326530612 0.11530054644808743 0.02947845804988662
3 0.5169398907103825 0.42630385487528344 0.10273224043715846 0.021541950113378686
3 0.5060109289617486 0.6541950113378685 0.0814207650273224 0.021541950113378686
3 0.5169398907103825 0.8820861678004536 0.10273224043715846 0.021541950113378686
3 0.5475409836065573 0.01927437641723356 0.08907103825136611 0.022675736961451247
3 0.5475409836065573 0.01927437641723356 0.08907103825136611 0.022675736961451247
3 0.2683060109289617 0.2981859410430839 0.15191256830601094 0.034013605442176874
3 0.6366120218579235 0.3424036281179138 0.34262295081967215 0.02947845804988662
3 0.6366120218579235 0.5702947845804989 0.34262295081967215 0.02947845804988662
3 0.6366120218579235 0.7981859410430839 0.34262295081967215 0.02947845804988662
3 0.3628415300546448 0.0782312925170068 0.02459016393442623 0.022675736961451247
3 0.3989071038251366 0.0782312925170068 0.0273224043715847 0.022675736961451247
3 0.44699453551912566 0.0782312925170068 0.04918032786885246 0.022675736961451247
3 0.4907103825136612 0.0782312925170068 0.01912568306010929 0.022675736961451247
3 0.5224043715846994 0.0782312925170068 0.02459016393442623 0.022675736961451247
3 0.5551912568306011 0.0782312925170068 0.021311475409836064 0.022675736961451247
3 0.2098360655737705 0.6587301587301587 0.03551912568306011 0.02040816326530612
3 0.2360655737704918 0.6859410430839002 0.08743169398907104 0.02040816326530612
3 0.20218579234972678 0.7743764172335601 0.019672131147540985 0.02040816326530612
3 0.2366120218579235 0.86281179138322 0.08907103825136611 0.02040816326530612
3 0.20710382513661202 0.9512471655328798 0.029508196721311476 0.02040816326530612
3 0.20710382513661202 0.9784580498866213 0.029508196721311476 0.02040816326530612
3 0.2355191256830601 0.6587301587301587 0.009836065573770493 0.02040816326530612
3 0.285792349726776 0.6859410430839002 0.006010928961748634 0.02040816326530612
3 0.21967213114754097 0.7743764172335601 0.010382513661202186 0.02040816326530612
3 0.2890710382513661 0.86281179138322 0.009836065573770493 0.02040816326530612
3 0.2284153005464481 0.9512471655328798 0.007650273224043716 0.02040816326530612
3 0.2284153005464481 0.9784580498866213 0.007650273224043716 0.02040816326530612
3 0.23169398907103825 0.061224489795918366 0.06284153005464481 0.022675736961451247
3 0.2273224043715847 0.08276643990929705 0.06284153005464481 0.022675736961451247
3 0.22349726775956283 0.25170068027210885 0.06284153005464481 0.022675736961451247