0 0.5936170212765958 0.02869757174392936 0.02446808510638298 0.04304635761589404
0 0.2702127659574468 0.8211920529801324 0.01276595744680851 0.026490066225165563
0 0.7420212765957447 0.46909492273730685 0.0601063829787234 0.01545253863134658
1 0.726063829787234 0.029801324503311258 0.18085106382978725 0.04304635761589404
1 0.41595744680851066 0.6677704194260485 0.15106382978723404 0.31346578366445915
1 0.575531914893617 0.6677704194260485 0.15106382978723404 0.31346578366445915
1 0.7351063829787234 0.6677704194260485 0.15106382978723404 0.31346578366445915
1 0.22446808510638297 0.029801324503311258 0.07127659574468086 0.037527593818984545
2 0.44680851063829785 0.02869757174392936 0.3180851063829787 0.04304635761589404
2 0.48617021276595745 0.02869757174392936 0.007446808510638298 0.01545253863134658
2 0.20106382978723406 0.8189845474613686 0.03297872340425532 0.02759381898454746
2 0.24361702127659574 0.8189845474613686 0.03297872340425532 0.02759381898454746
3 0.5281914893617021 0.029801324503311258 0.1074468085106383 0.02869757174392936
3 0.5335106382978724 0.02869757174392936 0.08191489361702127 0.02207505518763797
3 0.20106382978723406 0.8211920529801324 0.031914893617021274 0.03421633554083885
3 0.24361702127659574 0.8211920529801324 0.031914893617021274 0.03421633554083885
3 0.5335106382978724 0.02869757174392936 0.08191489361702127 0.02207505518763797
3 0.20106382978723406 0.8211920529801324 0.031914893617021274 0.03421633554083885
3 0.24361702127659574 0.8211920529801324 0.031914893617021274 0.03421633554083885
3 0.2590425531914894 0.5684326710816777 0.1478723404255319 0.06622516556291391
3 0.41595744680851066 0.9271523178807947 0.12978723404255318 0.039735099337748346
3 0.575531914893617 0.9271523178807947 0.12978723404255318 0.039735099337748346
3 0.7351063829787234 0.9271523178807947 0.12978723404255318 0.039735099337748346
3 0.35106382978723405 0.08609271523178808 0.023936170212765957 0.02207505518763797
3 0.3861702127659574 0.08609271523178808 0.026595744680851064 0.02207505518763797
3 0.4329787234042553 0.08609271523178808 0.047872340425531915 0.02207505518763797
3 0.475531914893617 0.08609271523178808 0.018617021276595744 0.02207505518763797
3 0.5063829787234042 0.08609271523178808 0.023936170212765957 0.02207505518763797
3 0.5382978723404256 0.08609271523178808 0.02074468085106383 0.02207505518763797
3 0.21063829787234042 0.7086092715231788 0.05159574468085106 0.019867549668874173
3 0.21063829787234042 0.7350993377483444 0.05159574468085106 0.019867549668874173
3 0.21170212765957447 0.7615894039735099 0.05319148936170213 0.019867549668874173
3 0.21170212765957447 0.7880794701986755 0.05319148936170213 0.019867549668874173
3 0.19946808510638298 0.9139072847682119 0.02872340425531915 0.019867549668874173
3 0.19361702127659575 0.9403973509933775 0.01702127659574468 0.019867549668874173
3 0.21914893617021278 0.9668874172185431 0.06861702127659575 0.019867549668874173
3 0.20957446808510638 0.9911699779249448 0.05 0.01545253863134658
3 0.24574468085106382 0.7086092715231788 0.011702127659574468 0.019867549668874173
3 0.24414893617021277 0.7350993377483444 0.010106382978723405 0.019867549668874173
3 0.24521276595744682 0.7615894039735099 0.007978723404255319 0.019867549668874173
3 0.24521276595744682 0.7880794701986755 0.007978723404255319 0.019867549668874173
3 0.22234042553191488 0.9139072847682119 0.011702127659574468 0.019867549668874173
3 0.21117021276595746 0.9403973509933775 0.01223404255319149 0.019867549668874173
3 0.2622340425531915 0.9668874172185431 0.011702127659574468 0.019867549668874173
3 0.24335106382978725 0.9911699779249448 0.01223404255319149 0.01545253863134658
3 0.22340425531914893 0.0695364238410596 0.061170212765957445 0.02207505518763797
3 0.21914893617021278 0.09050772626931568 0.061170212765957445 0.02207505518763797
3 0.21329787234042552 0.4845474613686534 0.05638297872340425 0.02207505518763797
3 0.24468085106382978 0.4955849889624724 0.1196808510638298 0.04415011037527594
3 0.26063829787234044 0.5066225165562914 0.06808510638297872 0.02207505518763797
3 0.31382978723404253 0.5066225165562914 0.018085106382978722 0.02207505518763797