0 0.5808743169398907 0.02947845804988662 0.025136612021857924 0.04421768707482993
0 0.1830601092896175 0.3832199546485261 0.01092896174863388 0.022675736961451247
0 0.7333333333333333 0.272108843537415 0.06174863387978142 0.015873015873015872
1 0.7169398907103826 0.030612244897959183 0.18579234972677597 0.04421768707482993
1 0.37759562841530053 0.42857142857142855 0.08743169398907104 0.18140589569160998
1 0.20163934426229507 0.030612244897959183 0.073224043715847 0.03854875283446712
2 0.43005464480874317 0.02947845804988662 0.326775956284153 0.04421768707482993
2 0.43989071038251365 0.02947845804988662 0.007650273224043716 0.015873015873015872
3 0.49836065573770494 0.030612244897959183 0.14098360655737704 0.02947845804988662
3 0.48579234972677593 0.45691609977324266 0.10273224043715846 0.021541950113378686
3 0.5688524590163935 0.5634920634920635 0.4530054644808743 0.018140589569160998
3 0.5038251366120219 0.02947845804988662 0.11475409836065574 0.022675736961451247
3 0.5038251366120219 0.02947845804988662 0.11475409836065574 0.022675736961451247
3 0.2371584699453552 0.30839002267573695 0.15191256830601094 0.034013605442176874
3 0.6054644808743169 0.3526077097505669 0.34262295081967215 0.02947845804988662
3 0.33169398907103825 0.08843537414965986 0.02459016393442623 0.022675736961451247
3 0.36775956284153005 0.08843537414965986 0.0273224043715847 0.022675736961451247
3 0.4158469945355191 0.08843537414965986 0.04918032786885246 0.022675736961451247
3 0.45956284153005467 0.08843537414965986 0.01912568306010929 0.022675736961451247
3 0.4912568306010929 0.08843537414965986 0.02459016393442623 0.022675736961451247
3 0.5240437158469945 0.08843537414965986 0.021311475409836064 0.022675736961451247
3 0.20546448087431693 0.6689342403628118 0.08907103825136611 0.02040816326530612
3 0.17650273224043717 0.7573696145124716 0.03114754098360656 0.02040816326530612
3 0.18469945355191256 0.7845804988662132 0.046994535519125684 0.02040816326530612
3 0.18469945355191256 0.8117913832199547 0.047540983606557376 0.02040816326530612
3 0.17814207650273223 0.8390022675736961 0.03442622950819672 0.02040816326530612
3 0.19453551912568307 0.8662131519274376 0.06666666666666667 0.02040816326530612
3 0.19453551912568307 0.8934240362811792 0.06666666666666667 0.02040816326530612
3 0.25573770491803277 0.6689342403628118 0.00546448087431694 0.02040816326530612
3 0.2005464480874317 0.07142857142857142 0.06284153005464481 0.022675736961451247
3 0.19617486338797815 0.09297052154195011 0.06284153005464481 0.022675736961451247
3 0.20546448087431693 0.2619047619047619 0.08852459016393442 0.022675736961451247