0 0.6391782407407407 0.022235576923076924 0.027199074074074073 0.04447115384615385
0 0.27546296296296297 0.3954326923076923 0.011574074074074073 0.02403846153846154
0 0.8003472222222222 0.26802884615384615 0.06539351851851852 0.016826923076923076
0 0.8848379629629629 0.3581730769230769 0.018518518518518517 0.038461538461538464
1 0.7832754629629629 0.02283653846153846 0.19733796296296297 0.04567307692307692
1 0.3819444444444444 0.359375 0.031828703703703706 0.06610576923076923
1 0.5121527777777778 0.359375 0.031828703703703706 0.06610576923076923
1 0.6423611111111112 0.359375 0.031828703703703706 0.06610576923076923
1 0.7725694444444444 0.359375 0.031828703703703706 0.06610576923076923
1 0.4236111111111111 0.5420673076923077 0.09259259259259259 0.19230769230769232
1 0.4236111111111111 0.7836538461538461 0.09259259259259259 0.19230769230769232
1 0.23726851851851852 0.021634615384615384 0.0775462962962963 0.040865384615384616
2 0.47945601851851855 0.022235576923076924 0.34664351851851855 0.04447115384615385
2 0.5237268518518519 0.020432692307692308 0.008101851851851851 0.016826923076923076
3 0.5682870370370371 0.021634615384615384 0.11516203703703703 0.03125
3 0.6649305555555556 0.4855769230769231 0.3628472222222222 0.016826923076923076
3 0.5254629629629629 0.5673076923076923 0.08333333333333333 0.02283653846153846
3 0.6649305555555556 0.7271634615384616 0.3628472222222222 0.016826923076923076
3 0.5254629629629629 0.8088942307692307 0.08333333333333333 0.02283653846153846
3 0.6649305555555556 0.96875 0.3628472222222222 0.016826923076923076
3 0.5740740740740741 0.020432692307692308 0.08738425925925926 0.02403846153846154
3 0.5740740740740741 0.020432692307692308 0.08738425925925926 0.02403846153846154
3 0.27488425925925924 0.3161057692307692 0.16087962962962962 0.036057692307692304
3 0.6649305555555556 0.46153846153846156 0.3628472222222222 0.03125
3 0.6649305555555556 0.703125 0.3628472222222222 0.03125
3 0.6649305555555556 0.9447115384615384 0.3628472222222222 0.03125
3 0.4409722222222222 0.3449519230769231 0.07523148148148148 0.02283653846153846
3 0.5711805555555556 0.3449519230769231 0.07523148148148148 0.02283653846153846
3 0.7013888888888888 0.3449519230769231 0.07523148148148148 0.02283653846153846
3 0.8315972222222222 0.3449519230769231 0.07523148148148148 0.02283653846153846
3 0.375 0.0829326923076923 0.026041666666666668 0.02403846153846154
3 0.4131944444444444 0.0829326923076923 0.028935185185185185 0.02403846153846154
3 0.46412037037037035 0.0829326923076923 0.052083333333333336 0.02403846153846154
3 0.5104166666666666 0.0829326923076923 0.02025462962962963 0.02403846153846154
3 0.5439814814814815 0.0829326923076923 0.026041666666666668 0.02403846153846154
3 0.5787037037037037 0.0829326923076923 0.022569444444444444 0.02403846153846154
3 0.25 0.6057692307692307 0.1111111111111111 0.021634615384615384
3 0.2494212962962963 0.6346153846153846 0.11053240740740741 0.021634615384615384
3 0.2181712962962963 0.6634615384615384 0.048032407407407406 0.021634615384615384
3 0.2048611111111111 0.7572115384615384 0.020833333333333332 0.021634615384615384
3 0.24131944444444445 0.8509615384615384 0.0943287037037037 0.021634615384615384
3 0.21238425925925927 0.9447115384615384 0.03587962962962963 0.021634615384615384
3 0.3148148148148148 0.6057692307692307 0.01273148148148148 0.021634615384615384
3 0.3130787037037037 0.6346153846153846 0.01099537037037037 0.021634615384615384
3 0.2494212962962963 0.6634615384615384 0.008101851851851851 0.021634615384615384
3 0.22453703703703703 0.7572115384615384 0.01273148148148148 0.021634615384615384
3 0.296875 0.8509615384615384 0.010416666666666666 0.021634615384615384
3 0.24016203703703703 0.9447115384615384 0.013310185185185185 0.021634615384615384
3 0.2361111111111111 0.06490384615384616 0.06655092592592593 0.02403846153846154
3 0.23148148148148148 0.08774038461538461 0.06655092592592593 0.02403846153846154
3 0.24131944444444445 0.2668269230769231 0.09375 0.02403846153846154