0 0.5743243243243243 0.020179372197309416 0.025405405405405406 0.04035874439461883
0 0.23459459459459459 0.36771300448430494 0.010810810810810811 0.02242152466367713
0 0.7248648648648649 0.24887892376681614 0.06108108108108108 0.01569506726457399
0 0.8037837837837838 0.3329596412556054 0.017297297297297298 0.03587443946188341
1 0.7089189189189189 0.020739910313901346 0.18432432432432433 0.04147982062780269
1 0.33405405405405403 0.33408071748878926 0.02972972972972973 0.061659192825112105
1 0.4556756756756757 0.33408071748878926 0.02972972972972973 0.061659192825112105
1 0.5772972972972973 0.33408071748878926 0.02972972972972973 0.061659192825112105
1 0.6989189189189189 0.33408071748878926 0.02972972972972973 0.061659192825112105
1 0.372972972972973 0.5044843049327354 0.08648648648648649 0.17937219730941703
1 0.372972972972973 0.7298206278026906 0.08648648648648649 0.17937219730941703
1 0.1989189189189189 0.01905829596412556 0.07243243243243243 0.03811659192825112
2 0.4251351351351351 0.020179372197309416 0.3237837837837838 0.04035874439461883
2 0.4664864864864865 0.017937219730941704 0.0075675675675675675 0.01569506726457399
3 0.5081081081081081 0.01905829596412556 0.10756756756756757 0.02914798206278027
3 0.5983783783783784 0.4517937219730942 0.3389189189189189 0.01569506726457399
3 0.4681081081081081 0.5280269058295964 0.07783783783783783 0.021300448430493273
3 0.5983783783783784 0.6771300448430493 0.3389189189189189 0.01569506726457399
3 0.4681081081081081 0.7533632286995515 0.07783783783783783 0.021300448430493273
3 0.5983783783783784 0.9024663677130045 0.3389189189189189 0.01569506726457399
3 0.4681081081081081 0.9786995515695067 0.07783783783783783 0.021300448430493273
3 0.5135135135135135 0.017937219730941704 0.08162162162162162 0.02242152466367713
3 0.5135135135135135 0.017937219730941704 0.08162162162162162 0.02242152466367713
3 0.23405405405405405 0.2937219730941704 0.15027027027027026 0.033632286995515695
3 0.5983783783783784 0.42937219730941706 0.3389189189189189 0.02914798206278027
3 0.5983783783783784 0.6547085201793722 0.3389189189189189 0.02914798206278027
3 0.5983783783783784 0.8800448430493274 0.3389189189189189 0.02914798206278027
3 0.3891891891891892 0.32062780269058294 0.07027027027027027 0.021300448430493273
3 0.5108108108108108 0.32062780269058294 0.07027027027027027 0.021300448430493273
3 0.6324324324324324 0.32062780269058294 0.07027027027027027 0.021300448430493273
3 0.754054054054054 0.32062780269058294 0.07027027027027027 0.021300448430493273
3 0.32756756756756755 0.07623318385650224 0.024324324324324326 0.02242152466367713
3 0.36324324324324325 0.07623318385650224 0.02702702702702703 0.02242152466367713
3 0.41081081081081083 0.07623318385650224 0.04864864864864865 0.02242152466367713
3 0.4540540540540541 0.07623318385650224 0.01891891891891892 0.02242152466367713
3 0.4854054054054054 0.07623318385650224 0.024324324324324326 0.02242152466367713
3 0.5178378378378379 0.07623318385650224 0.02108108108108108 0.02242152466367713
3 0.21081081081081082 0.5639013452914798 0.10378378378378378 0.020179372197309416
3 0.21027027027027026 0.5908071748878924 0.10324324324324324 0.020179372197309416
3 0.1810810810810811 0.6177130044843049 0.044864864864864865 0.020179372197309416
3 0.16864864864864865 0.7051569506726457 0.01945945945945946 0.020179372197309416
3 0.20270270270270271 0.7926008968609866 0.08810810810810811 0.020179372197309416
3 0.17567567567567569 0.8800448430493274 0.03351351351351351 0.020179372197309416
3 0.17621621621621622 0.9674887892376681 0.03513513513513514 0.020179372197309416
3 0.27135135135135136 0.5639013452914798 0.011891891891891892 0.020179372197309416
3 0.26972972972972975 0.5908071748878924 0.01027027027027027 0.020179372197309416
3 0.21027027027027026 0.6177130044843049 0.0075675675675675675 0.020179372197309416
3 0.18702702702702703 0.7051569506726457 0.011891891891891892 0.020179372197309416
3 0.2545945945945946 0.7926008968609866 0.00972972972972973 0.020179372197309416
3 0.20162162162162162 0.8800448430493274 0.012432432432432432 0.020179372197309416
3 0.20162162162162162 0.9674887892376681 0.00972972972972973 0.020179372197309416
3 0.19783783783783784 0.05941704035874439 0.062162162162162166 0.02242152466367713
3 0.1935135135135135 0.08071748878923767 0.062162162162162166 0.02242152466367713
3 0.20270270270270271 0.24775784753363228 0.08756756756756756 0.02242152466367713