0 0.23966480446927374 0.34106728538283065 0.0111731843575419 0.02320185614849188
0 0.7463687150837989 0.21809744779582366 0.06312849162011173 0.016241299303944315
0 0.8279329608938547 0.3051044083526682 0.017877094972067038 0.037122969837587005
1 0.3424581005586592 0.3062645011600928 0.030726256983240222 0.06380510440835267
1 0.4681564245810056 0.3062645011600928 0.030726256983240222 0.06380510440835267
1 0.593854748603352 0.3062645011600928 0.030726256983240222 0.06380510440835267
1 0.7195530726256983 0.3062645011600928 0.030726256983240222 0.06380510440835267
1 0.38268156424581007 0.48259860788863107 0.0893854748603352 0.18561484918793503
1 0.38268156424581007 0.7157772621809745 0.0893854748603352 0.18561484918793503
3 0.6156424581005586 0.4280742459396752 0.35027932960893854 0.016241299303944315
3 0.4810055865921788 0.5069605568445475 0.08044692737430167 0.022041763341067284
3 0.6156424581005586 0.6612529002320185 0.35027932960893854 0.016241299303944315
3 0.4810055865921788 0.740139211136891 0.08044692737430167 0.022041763341067284
3 0.6156424581005586 0.894431554524362 0.35027932960893854 0.016241299303944315
3 0.4810055865921788 0.9733178654292344 0.08044692737430167 0.022041763341067284
3 0.23910614525139665 0.26450116009280744 0.1553072625698324 0.03480278422273782
3 0.6156424581005586 0.4048723897911833 0.35027932960893854 0.030162412993039442
3 0.6156424581005586 0.6380510440835266 0.35027932960893854 0.030162412993039442
3 0.6156424581005586 0.87122969837587 0.35027932960893854 0.030162412993039442
3 0.3994413407821229 0.2923433874709977 0.07262569832402235 0.022041763341067284
3 0.5251396648044693 0.2923433874709977 0.07262569832402235 0.022041763341067284
3 0.6508379888268156 0.2923433874709977 0.07262569832402235 0.022041763341067284
3 0.776536312849162 0.2923433874709977 0.07262569832402235 0.022041763341067284
3 0.3357541899441341 0.03944315545243619 0.025139664804469275 0.02320185614849188
3 0.37262569832402237 0.03944315545243619 0.027932960893854747 0.02320185614849188
3 0.42178770949720673 0.03944315545243619 0.05027932960893855 0.02320185614849188
3 0.4664804469273743 0.03944315545243619 0.019553072625698324 0.02320185614849188
3 0.4988826815642458 0.03944315545243619 0.025139664804469275 0.02320185614849188
3 0.5324022346368715 0.03944315545243619 0.021787709497206705 0.02320185614849188
3 0.21508379888268156 0.5440835266821346 0.10726256983240223 0.02088167053364269
3 0.21452513966480447 0.5719257540603249 0.10670391061452514 0.02088167053364269
3 0.18435754189944134 0.5997679814385151 0.04636871508379888 0.02088167053364269
3 0.17150837988826817 0.6902552204176334 0.02011173184357542 0.02088167053364269
3 0.20670391061452514 0.7807424593967517 0.09106145251396648 0.02088167053364269
3 0.1787709497206704 0.87122969837587 0.034636871508379886 0.02088167053364269
3 0.1793296089385475 0.9617169373549884 0.036312849162011177 0.02088167053364269
3 0.2776536312849162 0.5440835266821346 0.012290502793296089 0.02088167053364269
3 0.2759776536312849 0.5719257540603249 0.010614525139664804 0.02088167053364269
3 0.21452513966480447 0.5997679814385151 0.00782122905027933 0.02088167053364269
3 0.19050279329608938 0.6902552204176334 0.012290502793296089 0.02088167053364269
3 0.26033519553072626 0.7807424593967517 0.01005586592178771 0.02088167053364269
3 0.20558659217877095 0.87122969837587 0.012849162011173185 0.02088167053364269
3 0.20558659217877095 0.9617169373549884 0.01005586592178771 0.02088167053364269
3 0.2016759776536313 0.022041763341067284 0.06424581005586592 0.02320185614849188
3 0.1972067039106145 0.04408352668213457 0.06424581005586592 0.02320185614849188
3 0.20670391061452514 0.21693735498839908 0.09050279329608939 0.02320185614849188