0 0.7906178489702517 0.11401425178147269 0.06464530892448513 0.0166270783847981
1 0.4399313501144165 0.32779097387173395 0.16247139588100687 0.33729216152019004
1 0.6115560640732265 0.32779097387173395 0.16247139588100687 0.33729216152019004
1 0.7831807780320366 0.32779097387173395 0.16247139588100687 0.33729216152019004
1 0.44021739130434784 0.8432304038004751 0.16304347826086957 0.31116389548693585
1 0.6118421052631579 0.8432304038004751 0.16304347826086957 0.31116389548693585
1 0.7834668192219679 0.8432304038004751 0.16304347826086957 0.31116389548693585
3 0.3998855835240275 0.5760095011876485 0.059496567505720827 0.022565320665083134
3 0.5715102974828375 0.5760095011876485 0.059496567505720827 0.022565320665083134
3 0.7431350114416476 0.5760095011876485 0.059496567505720827 0.022565320665083134
3 0.2711670480549199 0.15201900237529692 0.15903890160183065 0.035629453681710214
3 0.4399313501144165 0.6235154394299287 0.13958810068649885 0.04275534441805225
3 0.6115560640732265 0.6235154394299287 0.13958810068649885 0.04275534441805225
3 0.7831807780320366 0.6235154394299287 0.13958810068649885 0.04275534441805225
3 0.37013729977116705 0.028503562945368172 0.02574370709382151 0.023752969121140142
3 0.40789473684210525 0.028503562945368172 0.028604118993135013 0.023752969121140142
3 0.4582379862700229 0.028503562945368172 0.05148741418764302 0.023752969121140142
3 0.5040045766590389 0.028503562945368172 0.02002288329519451 0.023752969121140142
3 0.5371853546910755 0.028503562945368172 0.02574370709382151 0.023752969121140142
3 0.5715102974828375 0.028503562945368172 0.02231121281464531 0.023752969121140142
3 0.2288329519450801 0.4679334916864608 0.07437070938215103 0.021377672209026127
3 0.23684210526315788 0.5605700712589073 0.09038901601830664 0.021377672209026127
3 0.2048054919908467 0.5890736342042755 0.02688787185354691 0.021377672209026127
3 0.20881006864988558 0.6175771971496437 0.03489702517162471 0.021377672209026127
3 0.2339816933638444 0.6460807600950119 0.08466819221967964 0.021377672209026127
3 0.20766590389016018 0.6745843230403801 0.03260869565217391 0.021377672209026127
3 0.2414187643020595 0.7030878859857482 0.09954233409610984 0.021377672209026127
3 0.2299771167048055 0.7315914489311164 0.07723112128146453 0.021377672209026127
3 0.20137299771167047 0.7600950118764845 0.019450800915331808 0.021377672209026127
3 0.20194508009153317 0.8527315914489311 0.020594965675057208 0.021377672209026127
3 0.2379862700228833 0.9453681710213777 0.09324942791762014 0.021377672209026127
3 0.2751716247139588 0.4679334916864608 0.012585812356979404 0.021377672209026127
3 0.2974828375286041 0.5605700712589073 0.02402745995423341 0.021377672209026127
3 0.2288329519450801 0.5890736342042755 0.014874141876430207 0.021377672209026127
3 0.2379862700228833 0.6175771971496437 0.017734553775743706 0.021377672209026127
3 0.28604118993135014 0.6460807600950119 0.012585812356979404 0.021377672209026127
3 0.2334096109839817 0.6745843230403801 0.012585812356979404 0.021377672209026127
3 0.2986270022883295 0.7030878859857482 0.008581235697940504 0.021377672209026127
3 0.2751716247139588 0.7315914489311164 0.007437070938215103 0.021377672209026127
3 0.2202517162471396 0.7600950118764845 0.012585812356979404 0.021377672209026127
3 0.2231121281464531 0.8527315914489311 0.016590389016018305 0.021377672209026127
3 0.2963386727688787 0.9453681710213777 0.017162471395881007 0.021377672209026127
3 0.232837528604119 0.011876484560570071 0.06636155606407322 0.023752969121140142
3 0.22826086956521738 0.0332541567695962 0.06578947368421052 0.023752969121140142
3 0.2408466819221968 0.10332541567695962 0.09839816933638444 0.023752969121140142