0 0.7536312849162011 0.11948955916473318 0.06312849162011173 0.016241299303944315
1 0.4111731843575419 0.32830626450116007 0.15865921787709497 0.3294663573085847
1 0.5787709497206703 0.32830626450116007 0.15865921787709497 0.3294663573085847
1 0.7463687150837989 0.32830626450116007 0.15865921787709497 0.3294663573085847
1 0.41145251396648047 0.8393271461716937 0.15921787709497207 0.3190255220417633
1 0.579050279329609 0.8393271461716937 0.15921787709497207 0.3190255220417633
1 0.7466480446927374 0.8393271461716937 0.15921787709497207 0.3190255220417633
3 0.37206703910614525 0.5707656612529002 0.05810055865921788 0.022041763341067284
3 0.5396648044692738 0.5707656612529002 0.05810055865921788 0.022041763341067284
3 0.7072625698324022 0.5707656612529002 0.05810055865921788 0.022041763341067284
3 0.24636871508379887 0.15661252900232017 0.1553072625698324 0.03480278422273782
3 0.4111731843575419 0.617169373549884 0.13631284916201117 0.04176334106728538
3 0.5787709497206703 0.617169373549884 0.13631284916201117 0.04176334106728538
3 0.7463687150837989 0.617169373549884 0.13631284916201117 0.04176334106728538
3 0.34301675977653634 0.03596287703016241 0.025139664804469275 0.02320185614849188
3 0.37988826815642457 0.03596287703016241 0.027932960893854747 0.02320185614849188
3 0.42905027932960893 0.03596287703016241 0.05027932960893855 0.02320185614849188
3 0.47374301675977654 0.03596287703016241 0.019553072625698324 0.02320185614849188
3 0.506145251396648 0.03596287703016241 0.025139664804469275 0.02320185614849188
3 0.5396648044692738 0.03596287703016241 0.021787709497206705 0.02320185614849188
3 0.20502793296089386 0.4651972157772622 0.07262569832402235 0.02088167053364269
3 0.21284916201117318 0.5556844547563805 0.08826815642458101 0.02088167053364269
3 0.18156424581005587 0.5835266821345708 0.026256983240223464 0.02088167053364269
3 0.18547486033519553 0.611368909512761 0.03407821229050279 0.02088167053364269
3 0.2100558659217877 0.6392111368909513 0.08268156424581005 0.02088167053364269
3 0.18435754189944134 0.6670533642691415 0.031843575418994415 0.02088167053364269
3 0.21731843575418994 0.6948955916473318 0.09720670391061452 0.02088167053364269
3 0.20614525139664805 0.722737819025522 0.07541899441340782 0.02088167053364269
3 0.1782122905027933 0.7505800464037123 0.01899441340782123 0.02088167053364269
3 0.1787709497206704 0.8410672853828306 0.02011173184357542 0.02088167053364269
3 0.21396648044692737 0.931554524361949 0.09106145251396648 0.02088167053364269
3 0.25027932960893856 0.4651972157772622 0.012290502793296089 0.02088167053364269
3 0.27206703910614527 0.5556844547563805 0.02346368715083799 0.02088167053364269
3 0.20502793296089386 0.5835266821345708 0.01452513966480447 0.02088167053364269
3 0.21396648044692737 0.611368909512761 0.017318435754189943 0.02088167053364269
3 0.2608938547486033 0.6392111368909513 0.012290502793296089 0.02088167053364269
3 0.20949720670391062 0.6670533642691415 0.012290502793296089 0.02088167053364269
3 0.27318435754189946 0.6948955916473318 0.008379888268156424 0.02088167053364269
3 0.25027932960893856 0.722737819025522 0.007262569832402235 0.02088167053364269
3 0.19664804469273742 0.7505800464037123 0.012290502793296089 0.02088167053364269
3 0.19944134078212292 0.8410672853828306 0.016201117318435754 0.02088167053364269
3 0.2709497206703911 0.931554524361949 0.01675977653631285 0.02088167053364269
3 0.20893854748603352 0.018561484918793503 0.06424581005586592 0.02320185614849188
3 0.20446927374301677 0.04060324825986079 0.06424581005586592 0.02320185614849188
3 0.21675977653631284 0.10904872389791183 0.09608938547486033 0.02320185614849188