0 0.5747252747252747 0.023972602739726026 0.025274725274725275 0.04452054794520548
1 0.7115384615384616 0.02511415525114155 0.18681318681318682 0.04452054794520548
1 0.4807692307692308 0.1872146118721461 0.8791208791208791 0.1598173515981735
1 0.260989010989011 0.5068493150684932 0.210989010989011 0.273972602739726
1 0.4807692307692308 0.5068493150684932 0.210989010989011 0.273972602739726
1 0.7005494505494505 0.5068493150684932 0.210989010989011 0.273972602739726
1 0.21428571428571427 0.8242009132420092 0.1010989010989011 0.21232876712328766
1 0.4258241758241758 0.769406392694064 0.054945054945054944 0.1141552511415525
1 0.5439560439560439 0.8242009132420092 0.1010989010989011 0.21232876712328766
1 0.7554945054945055 0.769406392694064 0.054945054945054944 0.1141552511415525
1 0.1934065934065934 0.02511415525114155 0.07362637362637363 0.03881278538812785
2 0.4230769230769231 0.023972602739726026 0.32857142857142857 0.04452054794520548
3 0.31978021978021975 0.8698630136986302 0.07637362637362638 0.01598173515981735
3 0.4258241758241758 0.9337899543378996 0.1010989010989011 0.01598173515981735
3 0.6494505494505495 0.8698630136986302 0.07637362637362638 0.01598173515981735
3 0.7554945054945055 0.9337899543378996 0.1010989010989011 0.01598173515981735
3 0.4807692307692308 0.3378995433789954 0.6505494505494506 0.0547945205479452
3 0.260989010989011 0.6426940639269406 0.15824175824175823 0.0228310502283105
3 0.4807692307692308 0.6426940639269406 0.15824175824175823 0.0228310502283105
3 0.7005494505494505 0.6426940639269406 0.15824175824175823 0.0228310502283105
3 0.31978021978021975 0.8127853881278538 0.07637362637362638 0.0639269406392694
3 0.4258241758241758 0.8835616438356164 0.08461538461538462 0.0273972602739726
3 0.6494505494505495 0.8127853881278538 0.07637362637362638 0.0639269406392694
3 0.7554945054945055 0.8835616438356164 0.08461538461538462 0.0547945205479452
3 0.3241758241758242 0.08333333333333333 0.024725274725274724 0.0228310502283105
3 0.36043956043956044 0.08333333333333333 0.027472527472527472 0.0228310502283105
3 0.4087912087912088 0.08333333333333333 0.04945054945054945 0.0228310502283105
3 0.45274725274725275 0.08333333333333333 0.019230769230769232 0.0228310502283105
3 0.4846153846153846 0.08333333333333333 0.024725274725274724 0.0228310502283105
3 0.5175824175824176 0.08333333333333333 0.02142857142857143 0.0228310502283105
3 0.19230769230769232 0.06621004566210045 0.06318681318681318 0.0228310502283105
3 0.1879120879120879 0.08789954337899543 0.06318681318681318 0.0228310502283105