1 0.46678321678321677 0.1271186440677966 0.9324009324009324 0.1694915254237288
1 0.23368298368298368 0.4661016949152542 0.22377622377622378 0.29055690072639223
1 0.46678321678321677 0.4661016949152542 0.22377622377622378 0.29055690072639223
1 0.6998834498834499 0.4661016949152542 0.22377622377622378 0.29055690072639223
1 0.18414918414918416 0.8026634382566586 0.10722610722610723 0.22518159806295399
1 0.4085081585081585 0.7445520581113801 0.05827505827505827 0.12106537530266344
1 0.5337995337995338 0.8026634382566586 0.10722610722610723 0.22518159806295399
1 0.7581585081585082 0.7445520581113801 0.05827505827505827 0.12106537530266344
3 0.29603729603729606 0.851089588377724 0.08100233100233101 0.01694915254237288
3 0.4085081585081585 0.9188861985472155 0.10722610722610723 0.01694915254237288
3 0.6456876456876457 0.851089588377724 0.08100233100233101 0.01694915254237288
3 0.7581585081585082 0.9188861985472155 0.10722610722610723 0.01694915254237288
3 0.46678321678321677 0.28692493946731235 0.6899766899766899 0.05811138014527845
3 0.23368298368298368 0.6101694915254238 0.16783216783216784 0.024213075060532687
3 0.46678321678321677 0.6101694915254238 0.16783216783216784 0.024213075060532687
3 0.6998834498834499 0.6101694915254238 0.16783216783216784 0.024213075060532687
3 0.29603729603729606 0.7905569007263923 0.08100233100233101 0.06779661016949153
3 0.4085081585081585 0.8656174334140436 0.08974358974358974 0.029055690072639227
3 0.6456876456876457 0.7905569007263923 0.08100233100233101 0.06779661016949153
3 0.7581585081585082 0.8656174334140436 0.08974358974358974 0.05811138014527845
3 0.3006993006993007 0.01694915254237288 0.026223776223776224 0.024213075060532687
3 0.33916083916083917 0.01694915254237288 0.029137529137529136 0.024213075060532687
3 0.39044289044289043 0.01694915254237288 0.05244755244755245 0.024213075060532687
3 0.4370629370629371 0.01694915254237288 0.020396270396270396 0.024213075060532687
3 0.47086247086247085 0.01694915254237288 0.026223776223776224 0.024213075060532687
3 0.5058275058275058 0.01694915254237288 0.022727272727272728 0.024213075060532687
3 0.16083916083916083 0.006053268765133172 0.0675990675990676 0.012106537530266344
3 0.1561771561771562 0.021791767554479417 0.06701631701631702 0.024213075060532687