0 0.21888888888888888 0.23787528868360278 0.011111111111111112 0.023094688221709007
0 0.7227777777777777 0.11547344110854503 0.06277777777777778 0.016166281755196306
0 0.8038888888888889 0.20207852193995382 0.017777777777777778 0.03695150115473441
1 0.3211111111111111 0.20323325635103925 0.030555555555555555 0.06351039260969978
1 0.4461111111111111 0.20323325635103925 0.030555555555555555 0.06351039260969978
1 0.5711111111111111 0.20323325635103925 0.030555555555555555 0.06351039260969978
1 0.38222222222222224 0.42725173210161665 0.15777777777777777 0.3279445727482679
1 0.5488888888888889 0.42725173210161665 0.15777777777777777 0.3279445727482679
1 0.7155555555555555 0.42725173210161665 0.15777777777777777 0.3279445727482679
3 0.35444444444444445 0.6685912240184757 0.08 0.021939953810623556
3 0.38222222222222224 0.7448036951501155 0.13555555555555557 0.015011547344110854
3 0.51 0.6685912240184757 0.057777777777777775 0.021939953810623556
3 0.5488888888888889 0.7448036951501155 0.13555555555555557 0.015011547344110854
3 0.6766666666666666 0.6685912240184757 0.057777777777777775 0.021939953810623556
3 0.7155555555555555 0.7448036951501155 0.13555555555555557 0.015011547344110854
3 0.21833333333333332 0.16166281755196305 0.15444444444444444 0.03464203233256351
3 0.38222222222222224 0.7147806004618937 0.13555555555555557 0.04157043879907621
3 0.5488888888888889 0.7147806004618937 0.13555555555555557 0.04157043879907621
3 0.7155555555555555 0.7147806004618937 0.13555555555555557 0.04157043879907621
3 0.37777777777777777 0.18937644341801385 0.07222222222222222 0.021939953810623556
3 0.5027777777777778 0.18937644341801385 0.07222222222222222 0.021939953810623556
3 0.6277777777777778 0.18937644341801385 0.07222222222222222 0.021939953810623556
3 0.7527777777777778 0.18937644341801385 0.07222222222222222 0.021939953810623556
3 0.31444444444444447 0.04157043879907621 0.025 0.023094688221709007
3 0.3511111111111111 0.04157043879907621 0.027777777777777776 0.023094688221709007
3 0.4 0.04157043879907621 0.05 0.023094688221709007
3 0.4444444444444444 0.04157043879907621 0.019444444444444445 0.023094688221709007
3 0.4766666666666667 0.04157043879907621 0.025 0.023094688221709007
3 0.51 0.04157043879907621 0.021666666666666667 0.023094688221709007
3 0.185 0.5288683602771362 0.08777777777777777 0.020785219399538105
3 0.15777777777777777 0.5565819861431871 0.03388888888888889 0.020785219399538105
3 0.1511111111111111 0.6466512702078522 0.02 0.020785219399538105
3 0.18611111111111112 0.7367205542725174 0.09055555555555556 0.020785219399538105
3 0.15833333333333333 0.8267898383371824 0.034444444444444444 0.020785219399538105
3 0.15888888888888889 0.9445727482678984 0.03611111111111111 0.020785219399538105
3 0.23833333333333334 0.5288683602771362 0.012777777777777779 0.020785219399538105
3 0.18055555555555555 0.5565819861431871 0.005555555555555556 0.020785219399538105
3 0.16944444444444445 0.6466512702078522 0.011666666666666667 0.020785219399538105
3 0.23944444444444443 0.7367205542725174 0.01 0.020785219399538105
3 0.185 0.8267898383371824 0.012777777777777779 0.020785219399538105
3 0.17166666666666666 0.8545034642032333 0.0077777777777777776 0.020785219399538105
3 0.18555555555555556 0.9445727482678984 0.011666666666666667 0.020785219399538105
3 0.1811111111111111 0.02424942263279446 0.06388888888888888 0.023094688221709007
3 0.17666666666666667 0.046189376443418015 0.06388888888888888 0.023094688221709007
3 0.18888888888888888 0.11431870669745958 0.09555555555555556 0.023094688221709007