0 0.5720430107526882 0.027901785714285716 0.024731182795698924 0.04352678571428571
0 0.23440860215053763 0.27566964285714285 0.010752688172043012 0.022321428571428572
0 0.7220430107526882 0.15736607142857142 0.06075268817204301 0.015625
0 0.8005376344086022 0.24107142857142858 0.017204301075268817 0.03571428571428571
1 0.7059139784946237 0.029017857142857144 0.1827956989247312 0.04352678571428571
1 0.3333333333333333 0.2421875 0.02956989247311828 0.06138392857142857
1 0.4543010752688172 0.2421875 0.02956989247311828 0.06138392857142857
1 0.5752688172043011 0.2421875 0.02956989247311828 0.06138392857142857
1 0.3924731182795699 0.45870535714285715 0.15268817204301074 0.3169642857142857
1 0.553763440860215 0.45870535714285715 0.15268817204301074 0.3169642857142857
1 0.7150537634408602 0.45870535714285715 0.15268817204301074 0.3169642857142857
1 0.1989247311827957 0.029017857142857144 0.07204301075268817 0.03794642857142857
2 0.4236559139784946 0.027901785714285716 0.32150537634408605 0.04352678571428571
2 0.4650537634408602 0.027901785714285716 0.007526881720430108 0.015625
3 0.5064516129032258 0.029017857142857144 0.10698924731182796 0.029017857142857144
3 0.3655913978494624 0.6919642857142857 0.07741935483870968 0.021205357142857144
3 0.3924731182795699 0.765625 0.13118279569892474 0.014508928571428572
3 0.5161290322580645 0.6919642857142857 0.05591397849462366 0.021205357142857144
3 0.553763440860215 0.765625 0.13118279569892474 0.014508928571428572
3 0.6774193548387096 0.6919642857142857 0.05591397849462366 0.021205357142857144
3 0.7150537634408602 0.765625 0.13118279569892474 0.014508928571428572
3 0.5118279569892473 0.027901785714285716 0.08118279569892473 0.022321428571428572
3 0.5118279569892473 0.027901785714285716 0.08118279569892473 0.022321428571428572
3 0.23387096774193547 0.20200892857142858 0.14946236559139786 0.033482142857142856
3 0.3924731182795699 0.7366071428571429 0.13118279569892474 0.04017857142857143
3 0.553763440860215 0.7366071428571429 0.13118279569892474 0.04017857142857143
3 0.7150537634408602 0.7366071428571429 0.13118279569892474 0.04017857142857143
3 0.3881720430107527 0.22879464285714285 0.06989247311827956 0.021205357142857144
3 0.5091397849462366 0.22879464285714285 0.06989247311827956 0.021205357142857144
3 0.6301075268817204 0.22879464285714285 0.06989247311827956 0.021205357142857144
3 0.7510752688172043 0.22879464285714285 0.06989247311827956 0.021205357142857144
3 0.32688172043010755 0.0859375 0.024193548387096774 0.022321428571428572
3 0.36236559139784946 0.0859375 0.026881720430107527 0.022321428571428572
3 0.4096774193548387 0.0859375 0.04838709677419355 0.022321428571428572
3 0.45268817204301076 0.0859375 0.01881720430107527 0.022321428571428572
3 0.4838709677419355 0.0859375 0.024193548387096774 0.022321428571428572
3 0.5161290322580645 0.0859375 0.020967741935483872 0.022321428571428572
3 0.20161290322580644 0.5569196428571429 0.08494623655913978 0.020089285714285716
3 0.17526881720430107 0.5837053571428571 0.032795698924731186 0.020089285714285716
3 0.16881720430107527 0.6707589285714286 0.01935483870967742 0.020089285714285716
3 0.20268817204301076 0.7578125 0.08763440860215053 0.020089285714285716
3 0.17580645161290323 0.8448660714285714 0.03333333333333333 0.020089285714285716
3 0.17634408602150536 0.9587053571428571 0.03494623655913978 0.020089285714285716
3 0.2532258064516129 0.5569196428571429 0.012365591397849462 0.020089285714285716
3 0.19731182795698926 0.5837053571428571 0.005376344086021506 0.020089285714285716
3 0.18655913978494623 0.6707589285714286 0.01129032258064516 0.020089285714285716
3 0.2543010752688172 0.7578125 0.00967741935483871 0.020089285714285716
3 0.20161290322580644 0.8448660714285714 0.012365591397849462 0.020089285714285716
3 0.18870967741935485 0.8716517857142857 0.007526881720430108 0.020089285714285716
3 0.2021505376344086 0.9587053571428571 0.01129032258064516 0.020089285714285716
3 0.1978494623655914 0.06919642857142858 0.06182795698924731 0.022321428571428572
3 0.1935483870967742 0.09040178571428571 0.06182795698924731 0.022321428571428572
3 0.2053763440860215 0.15625 0.09247311827956989 0.022321428571428572