0 0.584375 0.02918918918918919 0.023958333333333335 0.04216216216216216
1 0.7140625 0.03027027027027027 0.17708333333333334 0.04216216216216216
1 0.4953125 0.1837837837837838 0.8333333333333334 0.15135135135135136
1 0.2609375 0.4864864864864865 0.14791666666666667 0.2594594594594595
1 0.4171875 0.4864864864864865 0.14791666666666667 0.2594594594594595
1 0.5734375 0.4864864864864865 0.14791666666666667 0.2594594594594595
1 0.7296875 0.4864864864864865 0.14791666666666667 0.2594594594594595
1 0.4953125 0.7481081081081081 0.6166666666666667 0.1783783783783784
1 0.7557291666666667 0.9308108108108109 0.052083333333333336 0.10810810810810811
1 0.22291666666666668 0.03027027027027027 0.06979166666666667 0.036756756756756756
2 0.440625 0.02918918918918919 0.31145833333333334 0.04216216216216216
3 0.4953125 0.3264864864864865 0.6166666666666667 0.05189189189189189
3 0.2609375 0.6151351351351352 0.12291666666666666 0.021621621621621623
3 0.4171875 0.6151351351351352 0.12291666666666666 0.021621621621621623
3 0.5734375 0.6151351351351352 0.12291666666666666 0.021621621621621623
3 0.7296875 0.6151351351351352 0.12291666666666666 0.021621621621621623
3 0.4010416666666667 0.9697297297297297 0.15416666666666667 0.03891891891891892
3 0.6552083333333333 0.9718918918918918 0.07239583333333334 0.03027027027027027
3 0.346875 0.08540540540540541 0.0234375 0.021621621621621623
3 0.38125 0.08540540540540541 0.026041666666666668 0.021621621621621623
3 0.4270833333333333 0.08540540540540541 0.046875 0.021621621621621623
3 0.46875 0.08540540540540541 0.018229166666666668 0.021621621621621623
3 0.49895833333333334 0.08540540540540541 0.0234375 0.021621621621621623
3 0.5302083333333333 0.08540540540540541 0.0203125 0.021621621621621623
3 0.221875 0.06918918918918919 0.059895833333333336 0.021621621621621623
3 0.21770833333333334 0.08972972972972973 0.059895833333333336 0.021621621621621623