0 0.5811475409836065 0.017006802721088437 0.025683060109289616 0.034013605442176874
0 0.7333333333333333 0.1893424036281179 0.06174863387978142 0.015873015873015872
1 0.7172131147540983 0.017573696145124718 0.18633879781420765 0.035147392290249435
1 0.3983606557377049 0.3934240362811791 0.1551912568306011 0.3219954648526077
1 0.5622950819672131 0.3934240362811791 0.1551912568306011 0.3219954648526077
1 0.7262295081967213 0.3934240362811791 0.1551912568306011 0.3219954648526077
1 0.20191256830601093 0.016439909297052153 0.07377049180327869 0.032879818594104306
2 0.430327868852459 0.017006802721088437 0.3273224043715847 0.034013605442176874
2 0.44043715846994536 0.011337868480725623 0.007650273224043716 0.015873015873015872
3 0.49836065573770494 0.01417233560090703 0.14098360655737704 0.02834467120181406
3 0.36010928961748634 0.6757369614512472 0.05683060109289618 0.021541950113378686
3 0.5147540983606558 0.6281179138321995 0.03879781420765027 0.015873015873015872
3 0.6989071038251367 0.6303854875283447 0.07868852459016394 0.021541950113378686
3 0.5038251366120219 0.011337868480725623 0.11420765027322405 0.022675736961451247
3 0.5038251366120219 0.011337868480725623 0.11420765027322405 0.022675736961451247
3 0.2371584699453552 0.24263038548752835 0.15191256830601094 0.06802721088435375
3 0.3983606557377049 0.7210884353741497 0.13333333333333333 0.04081632653061224
3 0.5622950819672131 0.6700680272108843 0.13333333333333333 0.04081632653061224
3 0.7262295081967213 0.6757369614512472 0.13333333333333333 0.04081632653061224
3 0.33169398907103825 0.07029478458049887 0.02459016393442623 0.022675736961451247
3 0.36775956284153005 0.07029478458049887 0.0273224043715847 0.022675736961451247
3 0.4158469945355191 0.07029478458049887 0.04918032786885246 0.022675736961451247
3 0.45956284153005467 0.07029478458049887 0.01912568306010929 0.022675736961451247
3 0.4912568306010929 0.07029478458049887 0.02459016393442623 0.022675736961451247
3 0.5240437158469945 0.07029478458049887 0.021311475409836064 0.022675736961451247
3 0.19672131147540983 0.5612244897959183 0.07103825136612021 0.02040816326530612
3 0.17103825136612022 0.6496598639455783 0.019672131147540985 0.02040816326530612
3 0.17759562841530055 0.6768707482993197 0.03278688524590164 0.02040816326530612
3 0.17650273224043717 0.7040816326530612 0.03114754098360656 0.02040816326530612
3 0.1901639344262295 0.7312925170068028 0.058469945355191254 0.02040816326530612
3 0.18961748633879782 0.7585034013605442 0.05737704918032787 0.02040816326530612
3 0.2103825136612022 0.7857142857142857 0.09836065573770492 0.02040816326530612
3 0.17486338797814208 0.8129251700680272 0.027868852459016394 0.02040816326530612
3 0.1819672131147541 0.8401360544217688 0.041530054644808745 0.02040816326530612
3 0.17486338797814208 0.8673469387755102 0.027868852459016394 0.02040816326530612
3 0.17103825136612022 0.9863945578231292 0.019672131147540985 0.02040816326530612
3 0.2448087431693989 0.5612244897959183 0.020218579234972677 0.02040816326530612
3 0.19836065573770492 0.6496598639455783 0.029508196721311476 0.02040816326530612
3 0.20928961748633879 0.6768707482993197 0.025683060109289616 0.02040816326530612
3 0.20710382513661202 0.7040816326530612 0.02459016393442623 0.02040816326530612
3 0.23224043715846995 0.7312925170068028 0.020218579234972677 0.02040816326530612
3 0.23278688524590163 0.7585034013605442 0.02185792349726776 0.02040816326530612
3 0.27377049180327867 0.7857142857142857 0.022404371584699455 0.02040816326530612
3 0.20273224043715846 0.8129251700680272 0.022404371584699455 0.02040816326530612
3 0.21584699453551912 0.8401360544217688 0.020218579234972677 0.02040816326530612
3 0.20163934426229507 0.8673469387755102 0.020218579234972677 0.02040816326530612
3 0.19672131147540983 0.9863945578231292 0.026775956284153007 0.02040816326530612
3 0.2005464480874317 0.05328798185941043 0.06284153005464481 0.022675736961451247
3 0.19617486338797815 0.07482993197278912 0.06284153005464481 0.022675736961451247
3 0.20163934426229507 0.17913832199546487 0.08087431693989071 0.022675736961451247
3 0.27759562841530055 0.17913832199546487 0.05027322404371585 0.022675736961451247