0 0.586096256684492 0.024444444444444446 0.02459893048128342 0.043333333333333335
0 0.7352941176470589 0.1988888888888889 0.06042780748663101 0.015555555555555555
1 0.7192513368983957 0.025555555555555557 0.18181818181818182 0.043333333333333335
1 0.40748663101604277 0.3988888888888889 0.1518716577540107 0.31555555555555553
1 0.5679144385026738 0.3988888888888889 0.1518716577540107 0.31555555555555553
1 0.7283422459893049 0.3988888888888889 0.1518716577540107 0.31555555555555553
1 0.21497326203208555 0.025555555555555557 0.07165775401069518 0.03777777777777778
2 0.4385026737967914 0.024444444444444446 0.31978609625668447 0.043333333333333335
2 0.4486631016042781 0.024444444444444446 0.0074866310160427805 0.015555555555555555
3 0.5053475935828877 0.025555555555555557 0.1374331550802139 0.028888888888888888
3 0.3700534759358289 0.6755555555555556 0.05561497326203209 0.021111111111111112
3 0.5213903743315508 0.6288888888888889 0.03796791443850268 0.015555555555555555
3 0.7016042780748664 0.6311111111111111 0.07700534759358289 0.021111111111111112
3 0.5106951871657754 0.024444444444444446 0.11176470588235295 0.022222222222222223
3 0.5106951871657754 0.024444444444444446 0.11176470588235295 0.022222222222222223
3 0.2497326203208556 0.2511111111111111 0.14866310160427806 0.06666666666666667
3 0.40748663101604277 0.72 0.1304812834224599 0.04
3 0.5679144385026738 0.67 0.1304812834224599 0.04
3 0.7283422459893049 0.6755555555555556 0.1304812834224599 0.04
3 0.3422459893048128 0.08222222222222222 0.02406417112299465 0.022222222222222223
3 0.3775401069518717 0.08222222222222222 0.026737967914438502 0.022222222222222223
3 0.42459893048128344 0.08222222222222222 0.0481283422459893 0.022222222222222223
3 0.46737967914438505 0.08222222222222222 0.01871657754010695 0.022222222222222223
3 0.4983957219251337 0.08222222222222222 0.02406417112299465 0.022222222222222223
3 0.5304812834224599 0.08222222222222222 0.02085561497326203 0.022222222222222223
3 0.21016042780748664 0.5633333333333334 0.06951871657754011 0.02
3 0.18502673796791444 0.65 0.019251336898395723 0.02
3 0.19144385026737967 0.6766666666666666 0.03208556149732621 0.02
3 0.19037433155080213 0.7033333333333334 0.03048128342245989 0.02
3 0.20374331550802138 0.73 0.0572192513368984 0.02
3 0.20320855614973263 0.7566666666666667 0.05614973262032086 0.02
3 0.2235294117647059 0.7833333333333333 0.0962566844919786 0.02
3 0.18877005347593584 0.81 0.02727272727272727 0.02
3 0.19572192513368983 0.8366666666666667 0.040641711229946524 0.02
3 0.18877005347593584 0.8633333333333333 0.02727272727272727 0.02
3 0.18502673796791444 0.98 0.019251336898395723 0.02
3 0.2572192513368984 0.5633333333333334 0.019786096256684493 0.02
3 0.21176470588235294 0.65 0.028877005347593583 0.02
3 0.22245989304812835 0.6766666666666666 0.025133689839572194 0.02
3 0.22032085561497325 0.7033333333333334 0.02406417112299465 0.02
3 0.2449197860962567 0.73 0.019786096256684493 0.02
3 0.24545454545454545 0.7566666666666667 0.0213903743315508 0.02
3 0.28556149732620323 0.7833333333333333 0.021925133689839574 0.02
3 0.2160427807486631 0.81 0.021925133689839574 0.02
3 0.2288770053475936 0.8366666666666667 0.019786096256684493 0.02
3 0.21497326203208555 0.8633333333333333 0.019786096256684493 0.02
3 0.21016042780748664 0.98 0.026203208556149733 0.02
3 0.21390374331550802 0.06555555555555556 0.06149732620320856 0.022222222222222223
3 0.20962566844919786 0.08666666666666667 0.06149732620320856 0.022222222222222223
3 0.21497326203208555 0.18888888888888888 0.07914438502673797 0.022222222222222223
3 0.2893048128342246 0.18888888888888888 0.04919786096256684 0.022222222222222223