0 0.5851063829787234 0.02869757174392936 0.02446808510638298 0.04304635761589404
0 0.7335106382978723 0.20198675496688742 0.0601063829787234 0.01545253863134658
1 0.7175531914893617 0.029801324503311258 0.18085106382978725 0.04304635761589404
1 0.4074468085106383 0.40066225165562913 0.15106382978723404 0.31346578366445915
1 0.5670212765957446 0.40066225165562913 0.15106382978723404 0.31346578366445915
1 0.7265957446808511 0.40066225165562913 0.15106382978723404 0.31346578366445915
1 0.21595744680851064 0.029801324503311258 0.07127659574468086 0.037527593818984545
2 0.43829787234042555 0.02869757174392936 0.3180851063829787 0.04304635761589404
2 0.502127659574468 0.02869757174392936 0.007446808510638298 0.01545253863134658
3 0.5319148936170213 0.029801324503311258 0.08297872340425531 0.02869757174392936
3 0.3627659574468085 0.6754966887417219 0.040957446808510635 0.02097130242825607
3 0.5223404255319148 0.6313465783664459 0.040957446808510635 0.02097130242825607
3 0.6819148936170213 0.6501103752759382 0.040957446808510635 0.02097130242825607
3 0.5372340425531915 0.02869757174392936 0.0574468085106383 0.02207505518763797
3 0.5372340425531915 0.02869757174392936 0.0574468085106383 0.02207505518763797
3 0.25053191489361704 0.25938189845474613 0.1478723404255319 0.033112582781456956
3 0.4074468085106383 0.7196467991169978 0.12978723404255318 0.039735099337748346
3 0.5670212765957446 0.6754966887417219 0.12978723404255318 0.039735099337748346
3 0.7265957446808511 0.6942604856512141 0.12978723404255318 0.039735099337748346
3 0.3425531914893617 0.08609271523178808 0.023936170212765957 0.02207505518763797
3 0.3776595744680851 0.08609271523178808 0.026595744680851064 0.02207505518763797
3 0.42446808510638295 0.08609271523178808 0.047872340425531915 0.02207505518763797
3 0.46702127659574466 0.08609271523178808 0.018617021276595744 0.02207505518763797
3 0.4978723404255319 0.08609271523178808 0.023936170212765957 0.02207505518763797
3 0.5297872340425532 0.08609271523178808 0.02074468085106383 0.02207505518763797
3 0.21117021276595746 0.5529801324503312 0.06914893617021277 0.019867549668874173
3 0.2053191489361702 0.6390728476821192 0.05797872340425532 0.019867549668874173
3 0.19361702127659575 0.6655629139072847 0.03404255319148936 0.019867549668874173
3 0.1920212765957447 0.6920529801324503 0.030851063829787233 0.019867549668874173
3 0.19361702127659575 0.7185430463576159 0.034574468085106384 0.019867549668874173
3 0.19361702127659575 0.7450331125827815 0.03404255319148936 0.019867549668874173
3 0.18563829787234043 0.7715231788079471 0.018085106382978722 0.019867549668874173
3 0.18617021276595744 0.8576158940397351 0.019148936170212766 0.019867549668874173
3 0.1946808510638298 0.9437086092715232 0.036170212765957444 0.019867549668874173
3 0.21968085106382979 0.9701986754966887 0.08670212765957447 0.019867549668874173
3 0.25585106382978723 0.5529801324503312 0.015425531914893617 0.019867549668874173
3 0.2473404255319149 0.6390728476821192 0.019148936170212766 0.019867549668874173
3 0.22606382978723405 0.6655629139072847 0.02446808510638298 0.019867549668874173
3 0.21914893617021278 0.6920529801324503 0.018617021276595744 0.019867549668874173
3 0.225 0.7185430463576159 0.022340425531914895 0.019867549668874173
3 0.22180851063829787 0.7450331125827815 0.01648936170212766 0.019867549668874173
3 0.2047872340425532 0.7715231788079471 0.015425531914893617 0.019867549668874173
3 0.20797872340425533 0.8576158940397351 0.019680851063829788 0.019867549668874173
3 0.2276595744680851 0.9437086092715232 0.02446808510638298 0.019867549668874173
3 0.2781914893617021 0.9701986754966887 0.02446808510638298 0.019867549668874173
3 0.2148936170212766 0.0695364238410596 0.061170212765957445 0.02207505518763797
3 0.21063829787234042 0.09050772626931568 0.061170212765957445 0.02207505518763797
3 0.21595744680851064 0.19205298013245034 0.07872340425531915 0.02207505518763797
3 0.2898936170212766 0.19205298013245034 0.04893617021276596 0.02207505518763797
3 0.21968085106382979 0.2141280353200883 0.08617021276595745 0.02207505518763797