0 0.6088397790055249 0.028669724770642203 0.02541436464088398 0.04472477064220184
0 0.2729281767955801 0.8222477064220184 0.013259668508287293 0.027522935779816515
0 0.7629834254143646 0.17087155963302753 0.062430939226519336 0.016055045871559634
1 0.7464088397790055 0.02981651376146789 0.1878453038674033 0.04472477064220184
1 0.40331491712707185 0.3291284403669725 0.08839779005524862 0.1834862385321101
1 0.40331491712707185 0.5596330275229358 0.08839779005524862 0.1834862385321101
1 0.40331491712707185 0.7901376146788991 0.08839779005524862 0.1834862385321101
1 0.225414364640884 0.02981651376146789 0.07403314917127071 0.0389908256880734
2 0.456353591160221 0.028669724770642203 0.33038674033149174 0.04472477064220184
2 0.5027624309392266 0.028669724770642203 0.0077348066298342545 0.016055045871559634
2 0.2011049723756906 0.819954128440367 0.03425414364640884 0.028669724770642203
2 0.24530386740331492 0.819954128440367 0.03425414364640884 0.028669724770642203
3 0.543646408839779 0.02981651376146789 0.10607734806629834 0.02981651376146789
3 0.549171270718232 0.028669724770642203 0.07955801104972375 0.022935779816513763
3 0.2011049723756906 0.8222477064220184 0.03314917127071823 0.03555045871559633
3 0.24530386740331492 0.8222477064220184 0.03314917127071823 0.03555045871559633
3 0.549171270718232 0.028669724770642203 0.07955801104972375 0.022935779816513763
3 0.2011049723756906 0.8222477064220184 0.03314917127071823 0.03555045871559633
3 0.24530386740331492 0.8222477064220184 0.03314917127071823 0.03555045871559633
3 0.2613259668508287 0.25344036697247707 0.15359116022099448 0.034403669724770644
3 0.6337016574585635 0.29357798165137616 0.34640883977900555 0.02981651376146789
3 0.6337016574585635 0.4827981651376147 0.34640883977900555 0.02981651376146789
3 0.6337016574585635 0.713302752293578 0.34640883977900555 0.02981651376146789
3 0.6337016574585635 0.9438073394495413 0.34640883977900555 0.02981651376146789
3 0.3569060773480663 0.08830275229357798 0.024861878453038673 0.022935779816513763
3 0.39337016574585637 0.08830275229357798 0.027624309392265192 0.022935779816513763
3 0.4419889502762431 0.08830275229357798 0.049723756906077346 0.022935779816513763
3 0.4861878453038674 0.08830275229357798 0.019337016574585635 0.022935779816513763
3 0.518232044198895 0.08830275229357798 0.024861878453038673 0.022935779816513763
3 0.5513812154696133 0.08830275229357798 0.02154696132596685 0.022935779816513763
3 0.22044198895027625 0.38188073394495414 0.0718232044198895 0.020642201834862386
3 0.2143646408839779 0.4713302752293578 0.06022099447513812 0.020642201834862386
3 0.22044198895027625 0.4988532110091743 0.07237569060773481 0.020642201834862386
3 0.212707182320442 0.588302752293578 0.056353591160221 0.020642201834862386
3 0.20662983425414364 0.6158256880733946 0.044751381215469614 0.020642201834862386
3 0.19889502762430938 0.7052752293577982 0.028729281767955802 0.020642201834862386
3 0.20165745856353592 0.7327981651376146 0.03425414364640884 0.020642201834862386
3 0.2011049723756906 0.7603211009174312 0.03370165745856354 0.020642201834862386
3 0.212707182320442 0.7878440366972477 0.056353591160221 0.020642201834862386
3 0.1983425414364641 0.9185779816513762 0.027624309392265192 0.020642201834862386
3 0.19281767955801105 0.9461009174311926 0.016574585635359115 0.020642201834862386
3 0.19502762430939227 0.9736238532110092 0.020994475138121547 0.020642201834862386
3 0.19116022099447513 0.9948394495412844 0.014364640883977901 0.008027522935779817
3 0.26298342541436465 0.38188073394495414 0.0077348066298342545 0.020642201834862386
3 0.2591160220994475 0.4713302752293578 0.022651933701657457 0.020642201834862386
3 0.2668508287292818 0.4988532110091743 0.014364640883977901 0.020642201834862386
3 0.2541436464088398 0.588302752293578 0.019889502762430938 0.020642201834862386
3 0.24033149171270718 0.6158256880733946 0.016574585635359115 0.020642201834862386
3 0.22320441988950276 0.7052752293577982 0.014364640883977901 0.020642201834862386
3 0.22983425414364642 0.7327981651376146 0.016574585635359115 0.020642201834862386
3 0.23314917127071824 0.7603211009174312 0.023756906077348067 0.020642201834862386
3 0.2535911602209945 0.7878440366972477 0.020441988950276244 0.020642201834862386
3 0.22596685082872928 0.9185779816513762 0.02154696132596685 0.020642201834862386
3 0.212707182320442 0.9461009174311926 0.01712707182320442 0.020642201834862386
3 0.2160220994475138 0.9736238532110092 0.016022099447513812 0.020642201834862386
3 0.2096685082872928 0.9948394495412844 0.01712707182320442 0.008027522935779817
3 0.22430939226519336 0.07110091743119266 0.06353591160220995 0.022935779816513763
3 0.21988950276243094 0.09288990825688073 0.06353591160220995 0.022935779816513763
3 0.225414364640884 0.16055045871559634 0.08176795580110498 0.022935779816513763
3 0.2574585635359116 0.1720183486238532 0.1464088397790055 0.045871559633027525
3 0.261878453038674 0.1834862385321101 0.09171270718232044 0.022935779816513763
3 0.2110497237569061 0.20642201834862386 0.05303867403314917 0.022935779816513763