0 0.5663934426229508 0.007369614512471655 0.025683060109289616 0.01473922902494331
0 0.23387978142076501 0.7766439909297053 0.013114754098360656 0.027210884353741496
0 0.7185792349726776 0.1326530612244898 0.06174863387978142 0.015873015873015872
1 0.7024590163934427 0.007936507936507936 0.18633879781420765 0.015873015873015872
1 0.3628415300546448 0.2891156462585034 0.08743169398907104 0.18140589569160998
1 0.3628415300546448 0.5170068027210885 0.08743169398907104 0.18140589569160998
1 0.3628415300546448 0.7448979591836735 0.08743169398907104 0.18140589569160998
1 0.1871584699453552 0.006802721088435374 0.07377049180327869 0.013605442176870748
2 0.4155737704918033 0.007369614512471655 0.3273224043715847 0.01473922902494331
2 0.1628415300546448 0.7743764172335601 0.033879781420765025 0.02834467120181406
2 0.20655737704918034 0.7743764172335601 0.033879781420765025 0.02834467120181406
3 0.5019125683060109 0.0045351473922902496 0.10546448087431694 0.009070294784580499
3 0.5073770491803279 0.0022675736961451248 0.07923497267759563 0.0045351473922902496
3 0.1628415300546448 0.7766439909297053 0.03278688524590164 0.035147392290249435
3 0.20655737704918034 0.7766439909297053 0.03278688524590164 0.035147392290249435
3 0.5073770491803279 0.0022675736961451248 0.07923497267759563 0.0045351473922902496
3 0.1628415300546448 0.7766439909297053 0.03278688524590164 0.035147392290249435
3 0.20655737704918034 0.7766439909297053 0.03278688524590164 0.035147392290249435
3 0.22240437158469945 0.21428571428571427 0.15191256830601094 0.034013605442176874
3 0.5907103825136611 0.25396825396825395 0.34262295081967215 0.02947845804988662
3 0.5907103825136611 0.4410430839002268 0.34262295081967215 0.02947845804988662
3 0.5907103825136611 0.6689342403628118 0.34262295081967215 0.02947845804988662
3 0.5907103825136611 0.8968253968253969 0.34262295081967215 0.02947845804988662
3 0.31693989071038253 0.05102040816326531 0.02459016393442623 0.022675736961451247
3 0.35300546448087433 0.05102040816326531 0.0273224043715847 0.022675736961451247
3 0.4010928961748634 0.05102040816326531 0.04918032786885246 0.022675736961451247
3 0.4448087431693989 0.05102040816326531 0.01912568306010929 0.022675736961451247
3 0.47650273224043715 0.05102040816326531 0.02459016393442623 0.022675736961451247
3 0.5092896174863388 0.05102040816326531 0.021311475409836064 0.022675736961451247
3 0.1819672131147541 0.3412698412698413 0.07103825136612021 0.02040816326530612
3 0.17595628415300546 0.42970521541950113 0.059562841530054644 0.02040816326530612
3 0.1819672131147541 0.45691609977324266 0.0715846994535519 0.02040816326530612
3 0.17431693989071037 0.5453514739229025 0.05573770491803279 0.02040816326530612
3 0.16830601092896175 0.572562358276644 0.04426229508196721 0.02040816326530612
3 0.16065573770491803 0.6609977324263039 0.02841530054644809 0.02040816326530612
3 0.1633879781420765 0.6882086167800453 0.033879781420765025 0.02040816326530612
3 0.1628415300546448 0.7154195011337868 0.03333333333333333 0.02040816326530612
3 0.17431693989071037 0.7426303854875284 0.05573770491803279 0.02040816326530612
3 0.16010928961748633 0.8718820861678005 0.0273224043715847 0.02040816326530612
3 0.1546448087431694 0.8990929705215419 0.01639344262295082 0.02040816326530612
3 0.15683060109289618 0.9263038548752834 0.020765027322404372 0.02040816326530612
3 0.15300546448087432 0.953514739229025 0.01366120218579235 0.02040816326530612
3 0.17158469945355193 0.9807256235827665 0.05081967213114754 0.02040816326530612
3 0.22404371584699453 0.3412698412698413 0.007650273224043716 0.02040816326530612
3 0.22021857923497268 0.42970521541950113 0.022404371584699455 0.02040816326530612
3 0.2278688524590164 0.45691609977324266 0.014207650273224045 0.02040816326530612
3 0.21530054644808744 0.5453514739229025 0.019672131147540985 0.02040816326530612
3 0.20163934426229507 0.572562358276644 0.01639344262295082 0.02040816326530612
3 0.18469945355191256 0.6609977324263039 0.014207650273224045 0.02040816326530612
3 0.1912568306010929 0.6882086167800453 0.01639344262295082 0.02040816326530612
3 0.19453551912568307 0.7154195011337868 0.023497267759562842 0.02040816326530612
3 0.21475409836065573 0.7426303854875284 0.020218579234972677 0.02040816326530612
3 0.18743169398907103 0.8718820861678005 0.021311475409836064 0.02040816326530612
3 0.17431693989071037 0.8990929705215419 0.016939890710382512 0.02040816326530612
3 0.17759562841530055 0.9263038548752834 0.015846994535519125 0.02040816326530612
3 0.17103825136612022 0.953514739229025 0.01639344262295082 0.02040816326530612
3 0.20710382513661202 0.9807256235827665 0.014754098360655738 0.02040816326530612
3 0.18579234972677597 0.034013605442176874 0.06284153005464481 0.022675736961451247
3 0.1814207650273224 0.05555555555555555 0.06284153005464481 0.022675736961451247
3 0.18688524590163935 0.12244897959183673 0.08087431693989071 0.022675736961451247
3 0.2185792349726776 0.13378684807256236 0.1448087431693989 0.045351473922902494
3 0.22295081967213115 0.14512471655328799 0.0907103825136612 0.022675736961451247
3 0.1726775956284153 0.16780045351473924 0.05245901639344262 0.022675736961451247