0 0.6068681318681318 0.021118721461187213 0.025824175824175823 0.04223744292237443
0 0.27802197802197803 0.295662100456621 0.01098901098901099 0.0228310502283105
0 0.7598901098901099 0.16095890410958905 0.06208791208791209 0.01598173515981735
1 0.7436813186813187 0.021689497716894976 0.18736263736263736 0.04337899543378995
1 0.4230769230769231 0.3664383561643836 0.15604395604395604 0.3242009132420091
1 0.5879120879120879 0.3664383561643836 0.15604395604395604 0.3242009132420091
1 0.7527472527472527 0.3664383561643836 0.15604395604395604 0.3242009132420091
1 0.22527472527472528 0.02054794520547945 0.07362637362637363 0.03881278538812785
2 0.4552197802197802 0.021118721461187213 0.3291208791208791 0.04223744292237443
2 0.5208791208791209 0.019406392694063926 0.007692307692307693 0.01598173515981735
3 0.5516483516483517 0.02054794520547945 0.08571428571428572 0.02968036529680365
3 0.3769230769230769 0.6050228310502284 0.04230769230769231 0.021689497716894976
3 0.5417582417582417 0.6506849315068494 0.04230769230769231 0.021689497716894976
3 0.7065934065934066 0.6050228310502284 0.04230769230769231 0.021689497716894976
3 0.5571428571428572 0.019406392694063926 0.05934065934065934 0.0228310502283105
3 0.5571428571428572 0.019406392694063926 0.05934065934065934 0.0228310502283105
3 0.260989010989011 0.22031963470319635 0.15274725274725276 0.03424657534246575
3 0.4230769230769231 0.6506849315068494 0.13406593406593406 0.0410958904109589
3 0.5879120879120879 0.6963470319634704 0.13406593406593406 0.0410958904109589
3 0.7527472527472527 0.6506849315068494 0.13406593406593406 0.0410958904109589
3 0.35604395604395606 0.07876712328767123 0.024725274725274724 0.0228310502283105
3 0.3923076923076923 0.07876712328767123 0.027472527472527472 0.0228310502283105
3 0.44065934065934065 0.07876712328767123 0.04945054945054945 0.0228310502283105
3 0.4846153846153846 0.07876712328767123 0.019230769230769232 0.0228310502283105
3 0.5164835164835165 0.07876712328767123 0.024725274725274724 0.0228310502283105
3 0.5494505494505495 0.07876712328767123 0.02142857142857143 0.0228310502283105
3 0.22032967032967032 0.4954337899543379 0.07142857142857142 0.02054794520547945
3 0.2021978021978022 0.5844748858447488 0.03571428571428571 0.02054794520547945
3 0.21428571428571427 0.6118721461187214 0.05989010989010989 0.02054794520547945
3 0.2021978021978022 0.639269406392694 0.035164835164835165 0.02054794520547945
3 0.20054945054945056 0.6666666666666666 0.031868131868131866 0.02054794520547945
3 0.2021978021978022 0.6940639269406392 0.035164835164835165 0.02054794520547945
3 0.19395604395604396 0.7214611872146118 0.01868131868131868 0.02054794520547945
3 0.1945054945054945 0.8105022831050228 0.01978021978021978 0.02054794520547945
3 0.2021978021978022 0.8995433789954338 0.03571428571428571 0.02054794520547945
3 0.1956043956043956 0.9885844748858448 0.02197802197802198 0.02054794520547945
3 0.26373626373626374 0.4954337899543379 0.010439560439560439 0.02054794520547945
3 0.23351648351648352 0.5844748858447488 0.020879120879120878 0.02054794520547945
3 0.256043956043956 0.6118721461187214 0.01703296703296703 0.02054794520547945
3 0.2291208791208791 0.639269406392694 0.012087912087912088 0.02054794520547945
3 0.22417582417582418 0.6666666666666666 0.010439560439560439 0.02054794520547945
3 0.22637362637362637 0.6940639269406392 0.007142857142857143 0.02054794520547945
3 0.21208791208791208 0.7214611872146118 0.012087912087912088 0.02054794520547945
3 0.21483516483516482 0.8105022831050228 0.015934065934065933 0.02054794520547945
3 0.22967032967032966 0.8995433789954338 0.013736263736263736 0.02054794520547945
3 0.22032967032967032 0.9885844748858448 0.020879120879120878 0.02054794520547945
3 0.22417582417582418 0.06164383561643835 0.06318681318681318 0.0228310502283105
3 0.21978021978021978 0.08333333333333333 0.06318681318681318 0.0228310502283105
3 0.22527472527472528 0.1506849315068493 0.08131868131868132 0.0228310502283105
3 0.30164835164835163 0.1506849315068493 0.05054945054945055 0.0228310502283105
3 0.2291208791208791 0.1735159817351598 0.08901098901098901 0.0228310502283105
3 0.29945054945054944 0.1735159817351598 0.03241758241758242 0.0228310502283105