0 0.22655367231638418 0.2605633802816901 0.011299435028248588 0.023474178403755867
0 0.7220338983050848 0.12206572769953052 0.06384180790960452 0.01643192488262911
1 0.3757062146892655 0.3333333333333333 0.16045197740112993 0.3333333333333333
1 0.5451977401129944 0.3333333333333333 0.16045197740112993 0.3333333333333333
1 0.7146892655367232 0.3333333333333333 0.16045197740112993 0.3333333333333333
3 0.3282485875706215 0.5786384976525821 0.04350282485875706 0.022300469483568074
3 0.4977401129943503 0.6255868544600939 0.04350282485875706 0.022300469483568074
3 0.6672316384180791 0.5786384976525821 0.04350282485875706 0.022300469483568074
3 0.20903954802259886 0.18309859154929578 0.15706214689265538 0.035211267605633804
3 0.3757062146892655 0.6255868544600939 0.13785310734463277 0.04225352112676056
3 0.5451977401129944 0.6725352112676056 0.13785310734463277 0.04225352112676056
3 0.7146892655367232 0.6255868544600939 0.13785310734463277 0.04225352112676056
3 0.30677966101694915 0.03755868544600939 0.025423728813559324 0.023474178403755867
3 0.3440677966101695 0.03755868544600939 0.02824858757062147 0.023474178403755867
3 0.39378531073446327 0.03755868544600939 0.05084745762711865 0.023474178403755867
3 0.43898305084745765 0.03755868544600939 0.01977401129943503 0.023474178403755867
3 0.4717514124293785 0.03755868544600939 0.025423728813559324 0.023474178403755867
3 0.5056497175141242 0.03755868544600939 0.022033898305084745 0.023474178403755867
3 0.1672316384180791 0.465962441314554 0.07344632768361582 0.02112676056338028
3 0.14858757062146893 0.5575117370892019 0.03672316384180791 0.02112676056338028
3 0.16101694915254236 0.5856807511737089 0.061581920903954805 0.02112676056338028
3 0.14858757062146893 0.613849765258216 0.03615819209039548 0.02112676056338028
3 0.14689265536723164 0.642018779342723 0.0327683615819209 0.02112676056338028
3 0.14858757062146893 0.67018779342723 0.03615819209039548 0.02112676056338028
3 0.1401129943502825 0.6983568075117371 0.0192090395480226 0.02112676056338028
3 0.14067796610169492 0.789906103286385 0.020338983050847456 0.02112676056338028
3 0.14858757062146893 0.8814553990610329 0.03672316384180791 0.02112676056338028
3 0.14180790960451978 0.9730046948356808 0.022598870056497175 0.02112676056338028
3 0.14209039548022598 0.9947183098591549 0.023163841807909605 0.008215962441314555
3 0.211864406779661 0.465962441314554 0.010734463276836158 0.02112676056338028
3 0.1807909604519774 0.5575117370892019 0.021468926553672316 0.02112676056338028
3 0.20395480225988702 0.5856807511737089 0.01751412429378531 0.02112676056338028
3 0.17627118644067796 0.613849765258216 0.012429378531073447 0.02112676056338028
3 0.1711864406779661 0.642018779342723 0.010734463276836158 0.02112676056338028
3 0.17344632768361581 0.67018779342723 0.007344632768361582 0.02112676056338028
3 0.15875706214689267 0.6983568075117371 0.012429378531073447 0.02112676056338028
3 0.1615819209039548 0.789906103286385 0.01638418079096045 0.02112676056338028
3 0.1768361581920904 0.8814553990610329 0.014124293785310734 0.02112676056338028
3 0.1672316384180791 0.9730046948356808 0.021468926553672316 0.02112676056338028
3 0.16327683615819208 0.9947183098591549 0.015819209039548022 0.008215962441314555
3 0.1711864406779661 0.01995305164319249 0.06497175141242938 0.023474178403755867
3 0.16666666666666666 0.04225352112676056 0.06497175141242938 0.023474178403755867
3 0.17231638418079095 0.11150234741784038 0.08361581920903954 0.023474178403755867
3 0.25084745762711863 0.11150234741784038 0.0519774011299435 0.023474178403755867
3 0.17627118644067796 0.13497652582159625 0.09152542372881356 0.023474178403755867
3 0.24858757062146894 0.13497652582159625 0.03333333333333333 0.023474178403755867