0 0.624438202247191 0.011682242990654205 0.026404494382022473 0.02336448598130841
0 0.7808988764044944 0.18341121495327103 0.06348314606741573 0.016355140186915886
1 0.7643258426966292 0.012266355140186916 0.19157303370786516 0.02453271028037383
1 0.43651685393258427 0.39369158878504673 0.15955056179775282 0.3317757009345794
1 0.6050561797752809 0.39369158878504673 0.15955056179775282 0.3317757009345794
1 0.7735955056179775 0.39369158878504673 0.15955056179775282 0.3317757009345794
1 0.2345505617977528 0.011098130841121495 0.07584269662921349 0.02219626168224299
2 0.46938202247191013 0.011682242990654205 0.3365168539325843 0.02336448598130841
2 0.5339887640449438 0.004672897196261682 0.008426966292134831 0.009345794392523364
3 0.5662921348314607 0.008761682242990653 0.09101123595505618 0.017523364485981307
3 0.38932584269662923 0.6378504672897196 0.04325842696629213 0.02219626168224299
3 0.5578651685393259 0.6378504672897196 0.04325842696629213 0.02219626168224299
3 0.7264044943820225 0.6577102803738317 0.04325842696629213 0.02219626168224299
3 0.5719101123595506 0.006425233644859813 0.06404494382022471 0.012850467289719626
3 0.5719101123595506 0.006425233644859813 0.06404494382022471 0.012850467289719626
3 0.27078651685393257 0.2441588785046729 0.15617977528089888 0.035046728971962614
3 0.43651685393258427 0.6845794392523364 0.13707865168539327 0.04205607476635514
3 0.6050561797752809 0.6845794392523364 0.13707865168539327 0.04205607476635514
3 0.7735955056179775 0.6939252336448598 0.13707865168539327 0.02102803738317757
3 0.36797752808988765 0.06074766355140187 0.025280898876404494 0.02336448598130841
3 0.4050561797752809 0.06074766355140187 0.028089887640449437 0.02336448598130841
3 0.4544943820224719 0.06074766355140187 0.05056179775280899 0.02336448598130841
3 0.499438202247191 0.06074766355140187 0.019662921348314606 0.02336448598130841
3 0.5320224719101123 0.06074766355140187 0.025280898876404494 0.02336448598130841
3 0.5657303370786517 0.06074766355140187 0.021910112359550562 0.02336448598130841
3 0.2292134831460674 0.5549065420560748 0.07303370786516854 0.02102803738317757
3 0.20280898876404493 0.6460280373831776 0.020224719101123594 0.02102803738317757
3 0.21179775280898877 0.7371495327102804 0.038202247191011236 0.02102803738317757
3 0.23820224719101124 0.7651869158878505 0.09157303370786517 0.02102803738317757
3 0.2101123595505618 0.8563084112149533 0.0348314606741573 0.02102803738317757
3 0.21067415730337077 0.9754672897196262 0.03651685393258427 0.02102803738317757
3 0.27247191011235955 0.5549065420560748 0.007865168539325843 0.02102803738317757
3 0.2196629213483146 0.6460280373831776 0.007865168539325843 0.02102803738317757
3 0.24044943820224718 0.7371495327102804 0.014044943820224719 0.02102803738317757
3 0.2943820224719101 0.7651869158878505 0.014606741573033709 0.02102803738317757
3 0.23820224719101124 0.8563084112149533 0.015168539325842697 0.02102803738317757
3 0.22359550561797753 0.8843457943925234 0.008426966292134831 0.02102803738317757
3 0.23820224719101124 0.9754672897196262 0.012359550561797753 0.02102803738317757
3 0.23314606741573032 0.04322429906542056 0.06460674157303371 0.02336448598130841
3 0.22865168539325842 0.06542056074766354 0.06460674157303371 0.02336448598130841
3 0.23426966292134832 0.17289719626168223 0.08314606741573034 0.02336448598130841
3 0.31235955056179776 0.17289719626168223 0.051685393258426963 0.02336448598130841
3 0.23820224719101124 0.19626168224299065 0.09101123595505618 0.02336448598130841
3 0.3101123595505618 0.19626168224299065 0.03314606741573034 0.02336448598130841