0 0.6221910112359551 0.015186915887850467 0.026404494382022473 0.030373831775700934
0 0.7786516853932585 0.15186915887850466 0.06348314606741573 0.016355140186915886
1 0.7620786516853932 0.015771028037383176 0.19157303370786516 0.03154205607476635
1 0.43426966292134833 0.3621495327102804 0.15955056179775282 0.3317757009345794
1 0.602808988764045 0.3621495327102804 0.15955056179775282 0.3317757009345794
1 0.7713483146067416 0.3621495327102804 0.15955056179775282 0.3317757009345794
1 0.4345505617977528 0.8574766355140186 0.1601123595505618 0.2827102803738318
1 0.6030898876404495 0.8574766355140186 0.1601123595505618 0.2827102803738318
1 0.7716292134831461 0.8574766355140186 0.1601123595505618 0.2827102803738318
1 0.23230337078651686 0.014602803738317757 0.07584269662921349 0.029205607476635514
2 0.46713483146067414 0.015186915887850467 0.3365168539325843 0.030373831775700934
2 0.47780898876404493 0.008177570093457943 0.008426966292134831 0.016355140186915886
3 0.5370786516853933 0.012266355140186916 0.1449438202247191 0.02453271028037383
3 0.38707865168539324 0.6063084112149533 0.04325842696629213 0.02219626168224299
3 0.7241573033707865 0.6063084112149533 0.04325842696629213 0.02219626168224299
3 0.5426966292134832 0.009929906542056074 0.11797752808988764 0.01985981308411215
3 0.5426966292134832 0.009929906542056074 0.11797752808988764 0.01985981308411215
3 0.26853932584269663 0.21261682242990654 0.15617977528089888 0.035046728971962614
3 0.43426966292134833 0.6530373831775701 0.13707865168539327 0.04205607476635514
3 0.602808988764045 0.616822429906542 0.13707865168539327 0.04205607476635514
3 0.7713483146067416 0.6530373831775701 0.13707865168539327 0.04205607476635514
3 0.3657303370786517 0.06775700934579439 0.025280898876404494 0.02336448598130841
3 0.4028089887640449 0.06775700934579439 0.028089887640449437 0.02336448598130841
3 0.45224719101123595 0.06775700934579439 0.05056179775280899 0.02336448598130841
3 0.49719101123595505 0.06775700934579439 0.019662921348314606 0.02336448598130841
3 0.5297752808988764 0.06775700934579439 0.025280898876404494 0.02336448598130841
3 0.5634831460674158 0.06775700934579439 0.021910112359550562 0.02336448598130841
3 0.22696629213483147 0.5233644859813084 0.07303370786516854 0.02102803738317757
3 0.200561797752809 0.6144859813084113 0.020224719101123594 0.02102803738317757
3 0.2202247191011236 0.6425233644859814 0.060112359550561795 0.02102803738317757
3 0.23258426966292134 0.6705607476635514 0.0848314606741573 0.02102803738317757
3 0.20449438202247192 0.6985981308411215 0.028651685393258425 0.02102803738317757
3 0.20617977528089887 0.7266355140186916 0.03202247191011236 0.02102803738317757
3 0.2410112359550562 0.7546728971962616 0.10112359550561797 0.02102803738317757
3 0.20730337078651687 0.7827102803738317 0.033707865168539325 0.02102803738317757
3 0.21179775280898877 0.8107476635514018 0.04269662921348315 0.02102803738317757
3 0.2 0.8387850467289719 0.019101123595505618 0.02102803738317757
3 0.200561797752809 0.9299065420560748 0.020224719101123594 0.02102803738317757
3 0.2747191011235955 0.5233644859813084 0.016853932584269662 0.02102803738317757
3 0.2258426966292135 0.6144859813084113 0.025280898876404494 0.02102803738317757
3 0.26179775280898876 0.6425233644859814 0.016853932584269662 0.02102803738317757
3 0.28651685393258425 0.6705607476635514 0.016853932584269662 0.02102803738317757
3 0.22808988764044943 0.6985981308411215 0.012921348314606741 0.02102803738317757
3 0.23089887640449439 0.7266355140186916 0.011235955056179775 0.02102803738317757
3 0.30112359550561796 0.7546728971962616 0.012359550561797753 0.02102803738317757
3 0.23314606741573032 0.7827102803738317 0.012359550561797753 0.02102803738317757
3 0.2398876404494382 0.8107476635514018 0.007303370786516854 0.02102803738317757
3 0.22078651685393258 0.8387850467289719 0.016853932584269662 0.02102803738317757
3 0.2247191011235955 0.9299065420560748 0.02247191011235955 0.02102803738317757
3 0.23089887640449439 0.05023364485981308 0.06460674157303371 0.02336448598130841
3 0.22640449438202248 0.07242990654205607 0.06460674157303371 0.02336448598130841
3 0.23202247191011235 0.1413551401869159 0.08314606741573034 0.02336448598130841
3 0.3101123595505618 0.1413551401869159 0.051685393258426963 0.02336448598130841
3 0.23595505617977527 0.1647196261682243 0.09101123595505618 0.02336448598130841