0 0.75 0.11778290993071594 0.06277777777777778 0.016166281755196306
1 0.40944444444444444 0.325635103926097 0.15777777777777777 0.3279445727482679
1 0.5761111111111111 0.325635103926097 0.15777777777777777 0.3279445727482679
1 0.7427777777777778 0.325635103926097 0.15777777777777777 0.3279445727482679
3 0.36277777777777775 0.6131639722863741 0.042777777777777776 0.021939953810623556
3 0.5294444444444445 0.5669745958429562 0.042777777777777776 0.021939953810623556
3 0.6961111111111111 0.5877598152424942 0.042777777777777776 0.021939953810623556
3 0.24555555555555555 0.20092378752886836 0.15444444444444444 0.03464203233256351
3 0.40944444444444444 0.6593533487297921 0.13555555555555557 0.04157043879907621
3 0.5761111111111111 0.6131639722863741 0.13555555555555557 0.04157043879907621
3 0.7427777777777778 0.6339491916859122 0.13555555555555557 0.04157043879907621
3 0.3416666666666667 0.03464203233256351 0.025 0.023094688221709007
3 0.37833333333333335 0.03464203233256351 0.027777777777777776 0.023094688221709007
3 0.4272222222222222 0.03464203233256351 0.05 0.023094688221709007
3 0.4716666666666667 0.03464203233256351 0.019444444444444445 0.023094688221709007
3 0.5038888888888889 0.03464203233256351 0.025 0.023094688221709007
3 0.5372222222222223 0.03464203233256351 0.021666666666666667 0.023094688221709007
3 0.20444444444444446 0.41916859122401845 0.07222222222222222 0.020785219399538105
3 0.18611111111111112 0.5092378752886836 0.03611111111111111 0.020785219399538105
3 0.18944444444444444 0.5369515011547344 0.042222222222222223 0.020785219399538105
3 0.20666666666666667 0.5646651270207852 0.07722222222222222 0.020785219399538105
3 0.205 0.5923787528868361 0.07388888888888889 0.020785219399538105
3 0.17833333333333334 0.6824480369515011 0.02 0.020785219399538105
3 0.18722222222222223 0.7725173210161663 0.03777777777777778 0.020785219399538105
3 0.21333333333333335 0.8002309468822171 0.09055555555555556 0.020785219399538105
3 0.18555555555555556 0.8903002309468823 0.034444444444444444 0.020785219399538105
3 0.18611111111111112 0.9803695150115473 0.03611111111111111 0.020785219399538105
3 0.24722222222222223 0.41916859122401845 0.0077777777777777776 0.020785219399538105
3 0.21611111111111111 0.5092378752886836 0.016666666666666666 0.020785219399538105
3 0.21944444444444444 0.5369515011547344 0.012222222222222223 0.020785219399538105
3 0.2538888888888889 0.5646651270207852 0.01 0.020785219399538105
3 0.2477777777777778 0.5923787528868361 0.005555555555555556 0.020785219399538105
3 0.19722222222222222 0.6824480369515011 0.012222222222222223 0.020785219399538105
3 0.21444444444444444 0.7725173210161663 0.011666666666666667 0.020785219399538105
3 0.2688888888888889 0.8002309468822171 0.014444444444444444 0.020785219399538105
3 0.21444444444444444 0.8903002309468823 0.017222222222222222 0.020785219399538105
3 0.2127777777777778 0.9803695150115473 0.011666666666666667 0.020785219399538105
3 0.20833333333333334 0.017321016166281754 0.06388888888888888 0.023094688221709007
3 0.2038888888888889 0.03926096997690531 0.06388888888888888 0.023094688221709007
3 0.20944444444444443 0.10739030023094688 0.08222222222222222 0.023094688221709007
3 0.2866666666666667 0.10739030023094688 0.051111111111111114 0.023094688221709007
3 0.21333333333333335 0.13048498845265588 0.09 0.023094688221709007
3 0.23166666666666666 0.1420323325635104 0.12666666666666668 0.046189376443418015