0 0.584375 0.02918918918918919 0.023958333333333335 0.04216216216216216
0 0.7296875 0.16324324324324324 0.058854166666666666 0.015135135135135135
0 0.7796875 0.4616216216216216 0.01875 0.03891891891891892
0 0.2234375 0.20972972972972972 0.04635416666666667 0.04108108108108108
0 0.2864583333333333 0.20972972972972972 0.07552083333333333 0.04108108108108108
1 0.7140625 0.03027027027027027 0.17708333333333334 0.04216216216216216
1 0.390625 0.3124324324324324 0.08333333333333333 0.17297297297297298
1 0.390625 0.532972972972973 0.08333333333333333 0.17297297297297298
1 0.390625 0.7502702702702703 0.08333333333333333 0.17297297297297298
2 0.440625 0.02918918918918919 0.31145833333333334 0.04216216216216216
2 0.4546875 0.02918918918918919 0.007291666666666667 0.015135135135135135
3 0.1828125 0 0 0
3 0.22291666666666668 0.03027027027027027 0.06979166666666667 0.036756756756756756
3 0.6729166666666667 0.08540540540540541 0.057291666666666664 0.021621621621621623
3 0.71875 0.08540540540540541 0.034375 0.021621621621621623
3 0.7609375 0.08540540540540541 0.050520833333333334 0.021621621621621623
3 0.21770833333333334 0.07783783783783783 0.06927083333333334 0.043243243243243246
3 0.30520833333333336 0.08540540540540541 0.04114583333333333 0.021621621621621623
3 0.346875 0.08540540540540541 0.0234375 0.021621621621621623
3 0.38125 0.08540540540540541 0.026041666666666668 0.021621621621621623
3 0.4270833333333333 0.08540540540540541 0.046875 0.021621621621621623
3 0.46875 0.08540540540540541 0.018229166666666668 0.021621621621621623
3 0.49895833333333334 0.08540540540540541 0.0234375 0.021621621621621623
3 0.5302083333333333 0.08540540540540541 0.0203125 0.021621621621621623
3 0.7963541666666667 0.08324324324324324 0.013020833333333334 0.022702702702702703
3 0.7140625 0.03351351351351351 0.17708333333333334 0.04756756756756757
3 0.21822916666666667 0.1535135135135135 0.06822916666666666 0.021621621621621623
3 0.24114583333333334 0.1643243243243243 0.11354166666666667 0.043243243243243246
3 0.29322916666666665 0.32216216216216215 0.016666666666666666 0.017297297297297298
3 0.29322916666666665 0.3935135135135135 0.016666666666666666 0.017297297297297298
3 0.2265625 0.5070270270270271 0.08489583333333334 0.01945945945945946
3 0.21145833333333333 0.5913513513513513 0.05416666666666667 0.01945945945945946
3 0.20104166666666667 0.6172972972972973 0.033854166666666664 0.01945945945945946
3 0.20572916666666666 0.6432432432432432 0.043229166666666666 0.01945945945945946
3 0.2015625 0.6691891891891892 0.034895833333333334 0.01945945945945946
3 0.21041666666666667 0.7535135135135135 0.052083333333333336 0.01945945945945946
3 0.2109375 0.7794594594594595 0.053125 0.01945945945945946
3 0.20989583333333334 0.8054054054054054 0.0515625 0.01945945945945946
3 0.21354166666666666 0.8313513513513513 0.058333333333333334 0.01945945945945946
3 0.2046875 0.8572972972972973 0.040625 0.01945945945945946
3 0.2140625 0.8832432432432432 0.059895833333333336 0.01945945945945946
3 0.2125 0.9091891891891892 0.05625 0.01945945945945946
3 0.20260416666666667 0.9351351351351351 0.03697916666666667 0.01945945945945946
3 0.20625 0.961081081081081 0.044270833333333336 0.01945945945945946
3 0.19947916666666668 0.9886486486486487 0.03125 0.02054054054054054
3 0.7807291666666667 0.1654054054054054 0.008333333333333333 0.017297297297297298
3 0.7932291666666667 0.1654054054054054 0.008333333333333333 0.017297297297297298
3 0.390625 0.3124324324324324 0.08333333333333333 0.17297297297297298
3 0.6078125 0.2789189189189189 0.3265625 0.02810810810810811
3 0.390625 0.532972972972973 0.08333333333333333 0.17297297297297298
3 0.6078125 0.46054054054054056 0.3265625 0.02810810810810811
3 0.6078125 0.4821621621621622 0.3265625 0.015135135135135135
3 0.390625 0.7502702702702703 0.08333333333333333 0.17297297297297298
3 0.6078125 0.6778378378378378 0.3265625 0.02810810810810811
3 0.6078125 0.6994594594594594 0.3265625 0.015135135135135135
3 0.6078125 0.8951351351351351 0.3265625 0.02810810810810811
3 0.6078125 0.9167567567567567 0.3265625 0.015135135135135135
3 0.5078125 0.03027027027027027 0.1296875 0.02810810810810811
3 0.49375 0.3783783783783784 0.09791666666666667 0.02054054054054054
3 0.6078125 0.4821621621621622 0.3265625 0.015135135135135135
3 0.49375 0.5956756756756757 0.09791666666666667 0.02054054054054054
3 0.6078125 0.6994594594594594 0.3265625 0.015135135135135135
3 0.49375 0.812972972972973 0.09791666666666667 0.02054054054054054
3 0.6078125 0.9167567567567567 0.3265625 0.015135135135135135
3 0.5130208333333334 0.02918918918918919 0.1046875 0.021621621621621623
3 0.5130208333333334 0.02918918918918919 0.1046875 0.021621621621621623
3 0.25677083333333334 0.21945945945945947 0.14479166666666668 0.032432432432432434
3 0.6078125 0.2789189189189189 0.3265625 0.02810810810810811
3 0.6078125 0.46054054054054056 0.3265625 0.02810810810810811
3 0.6078125 0.6778378378378378 0.3265625 0.02810810810810811
3 0.6078125 0.8951351351351351 0.3265625 0.02810810810810811
3 0.26875 0.1545945945945946 0.13697916666666668 0.043243243243243246