0 0.6049488054607508 0.02009456264775414 0.026734926052332197 0.04018912529550828
0 0.7633674630261661 0.16312056737588654 0.06427758816837315 0.016548463356973995
0 0.6535836177474402 0.3203309692671395 0.036973833902161544 0.030732860520094562
0 0.6558589306029579 0.557919621749409 0.04152445961319681 0.030732860520094562
0 0.8179749715585893 0.4858156028368794 0.020477815699658702 0.0425531914893617
0 0.6843003412969283 0.7955082742316785 0.09783845278725825 0.030732860520094562
1 0.7465870307167235 0.020685579196217493 0.19397042093287828 0.041371158392434985
1 0.3930602957906712 0.3262411347517731 0.09101251422070535 0.18912529550827423
1 0.3930602957906712 0.5638297872340425 0.09101251422070535 0.18912529550827423
1 0.3930602957906712 0.8014184397163121 0.09101251422070535 0.18912529550827423
1 0.2101820250284414 0.01950354609929078 0.07679180887372014 0.03900709219858156
2 0.44795221843003413 0.02009456264775414 0.34072810011376564 0.04018912529550828
2 0.47042093287827075 0.016548463356973995 0.007963594994311717 0.016548463356973995
3 0.5250284414106939 0.01773049645390071 0.1342434584755404 0.030732860520094562
3 0.6228668941979523 0.3203309692671395 0.020477815699658702 0.02127659574468085
3 0.6228668941979523 0.557919621749409 0.020477815699658702 0.02127659574468085
3 0.6228668941979523 0.7955082742316785 0.020477815699658702 0.02127659574468085
3 0.5307167235494881 0.016548463356973995 0.10693970420932879 0.02364066193853428
3 0.5307167235494881 0.016548463356973995 0.10693970420932879 0.02364066193853428
3 0.24687144482366324 0.22458628841607564 0.15813424345847554 0.03546099290780142
3 0.6302616609783845 0.2470449172576832 0.35665529010238906 0.030732860520094562
3 0.6302616609783845 0.4846335697399527 0.35665529010238906 0.030732860520094562
3 0.6302616609783845 0.7222222222222222 0.35665529010238906 0.030732860520094562
3 0.6302616609783845 0.9598108747044918 0.35665529010238906 0.030732860520094562
3 0.3452787258248009 0.07801418439716312 0.025597269624573378 0.02364066193853428
3 0.38282138794084186 0.07801418439716312 0.02844141069397042 0.02364066193853428
3 0.4328782707622298 0.07801418439716312 0.051194539249146756 0.02364066193853428
3 0.47838452787258245 0.07801418439716312 0.019908987485779295 0.02364066193853428
3 0.5113765642775882 0.07801418439716312 0.025597269624573378 0.02364066193853428
3 0.5455062571103527 0.07801418439716312 0.02218430034129693 0.02364066193853428
3 0.20477815699658702 0.5390070921985816 0.07394766780432309 0.02127659574468085
3 0.20648464163822525 0.6312056737588653 0.07792946530147896 0.02127659574468085
3 0.19738339021615472 0.6595744680851063 0.05915813424345848 0.02127659574468085
3 0.2098976109215017 0.6879432624113475 0.08475540386803185 0.02127659574468085
3 0.20875995449374288 0.7163120567375887 0.08191126279863481 0.02127659574468085
3 0.21331058020477817 0.7446808510638298 0.09158134243458475 0.02127659574468085
3 0.20136518771331058 0.7730496453900709 0.0676905574516496 0.02127659574468085
3 0.1962457337883959 0.8014184397163121 0.05745164960182025 0.02127659574468085
3 0.2150170648464164 0.8297872340425532 0.09442548350398179 0.02127659574468085
3 0.18600682593856654 0.8581560283687943 0.03640500568828214 0.02127659574468085
3 0.17804323094425484 0.9822695035460993 0.020477815699658702 0.02127659574468085
3 0.25199089874857794 0.5390070921985816 0.01478953356086462 0.02127659574468085
3 0.2593856655290102 0.6312056737588653 0.02161547212741752 0.02127659574468085
3 0.24061433447098976 0.6595744680851063 0.020477815699658702 0.02127659574468085
3 0.2633674630261661 0.6879432624113475 0.016496018202502846 0.02127659574468085
3 0.25995449374288965 0.7163120567375887 0.01478953356086462 0.02127659574468085
3 0.26905574516496017 0.7446808510638298 0.013083048919226393 0.02127659574468085
3 0.24516496018202502 0.7730496453900709 0.012514220705346985 0.02127659574468085
3 0.23492605233219568 0.8014184397163121 0.013083048919226393 0.02127659574468085
3 0.2707622298065984 0.8297872340425532 0.011945392491467578 0.02127659574468085
3 0.21331058020477817 0.8581560283687943 0.012514220705346985 0.02127659574468085
3 0.19852104664391354 0.9822695035460993 0.01478953356086462 0.02127659574468085
3 0.20875995449374288 0.06028368794326241 0.06541524459613197 0.02364066193853428
3 0.20420932878270762 0.08274231678486997 0.06541524459613197 0.02364066193853428
3 0.2098976109215017 0.1524822695035461 0.08418657565415244 0.02364066193853428
3 0.2428896473265074 0.16430260047281323 0.15073947667804324 0.04728132387706856