0 0.6128415300546448 0.01417233560090703 0.025683060109289616 0.02834467120181406
0 0.23770491803278687 0.30272108843537415 0.01092896174863388 0.022675736961451247
0 0.7650273224043715 0.14625850340136054 0.06174863387978142 0.015873015873015872
1 0.7489071038251366 0.01473922902494331 0.18633879781420765 0.02947845804988662
1 0.43005464480874317 0.35034013605442177 0.1551912568306011 0.3219954648526077
1 0.5939890710382514 0.35034013605442177 0.1551912568306011 0.3219954648526077
1 0.7579234972677595 0.35034013605442177 0.1551912568306011 0.3219954648526077
1 0.2336065573770492 0.013605442176870748 0.07377049180327869 0.027210884353741496
2 0.46202185792349726 0.01417233560090703 0.3273224043715847 0.02834467120181406
2 0.5019125683060109 0.007369614512471655 0.00819672131147541 0.01473922902494331
3 0.5448087431693989 0.011337868480725623 0.11147540983606558 0.022675736961451247
3 0.3841530054644809 0.6326530612244898 0.04207650273224044 0.021541950113378686
3 0.5480874316939891 0.5873015873015873 0.04207650273224044 0.021541950113378686
3 0.7120218579234973 0.6077097505668935 0.04207650273224044 0.021541950113378686
3 0.5502732240437158 0.009070294784580499 0.08524590163934426 0.018140589569160998
3 0.5502732240437158 0.009070294784580499 0.08524590163934426 0.018140589569160998
3 0.26885245901639343 0.22789115646258504 0.15191256830601094 0.034013605442176874
3 0.43005464480874317 0.6780045351473923 0.13333333333333333 0.04081632653061224
3 0.5939890710382514 0.6326530612244898 0.13333333333333333 0.04081632653061224
3 0.7579234972677595 0.6530612244897959 0.13333333333333333 0.04081632653061224
3 0.3633879781420765 0.06462585034013606 0.02459016393442623 0.022675736961451247
3 0.3994535519125683 0.06462585034013606 0.0273224043715847 0.022675736961451247
3 0.44754098360655736 0.06462585034013606 0.04918032786885246 0.022675736961451247
3 0.4912568306010929 0.06462585034013606 0.01912568306010929 0.022675736961451247
3 0.5229508196721312 0.06462585034013606 0.02459016393442623 0.022675736961451247
3 0.5557377049180328 0.06462585034013606 0.021311475409836064 0.022675736961451247
3 0.2284153005464481 0.5011337868480725 0.07103825136612021 0.02040816326530612
3 0.20273224043715846 0.5895691609977324 0.019672131147540985 0.02040816326530612
3 0.2103825136612022 0.6780045351473923 0.03551912568306011 0.02040816326530612
3 0.20382513661202187 0.7664399092970522 0.02185792349726776 0.02040816326530612
3 0.20382513661202187 0.7936507936507936 0.02185792349726776 0.02040816326530612
3 0.2180327868852459 0.8820861678004536 0.05081967213114754 0.02040816326530612
3 0.22076502732240438 0.909297052154195 0.05628415300546448 0.02040816326530612
3 0.22459016393442624 0.9365079365079365 0.06393442622950819 0.02040816326530612
3 0.22513661202185792 0.963718820861678 0.06502732240437159 0.02040816326530612
3 0.27049180327868855 0.5011337868480725 0.007650273224043716 0.02040816326530612
3 0.2191256830601093 0.5895691609977324 0.007650273224043716 0.02040816326530612
3 0.2360655737704918 0.6780045351473923 0.009836065573770493 0.02040816326530612
3 0.22404371584699453 0.7664399092970522 0.012021857923497269 0.02040816326530612
3 0.22076502732240438 0.7936507936507936 0.007103825136612022 0.02040816326530612
3 0.25245901639344265 0.8820861678004536 0.012021857923497269 0.02040816326530612
3 0.25573770491803277 0.909297052154195 0.007650273224043716 0.02040816326530612
3 0.2633879781420765 0.9365079365079365 0.007650273224043716 0.02040816326530612
3 0.2639344262295082 0.963718820861678 0.006010928961748634 0.02040816326530612
3 0.23224043715846995 0.047619047619047616 0.06284153005464481 0.022675736961451247
3 0.2278688524590164 0.0691609977324263 0.06284153005464481 0.022675736961451247
3 0.23333333333333334 0.1360544217687075 0.08087431693989071 0.022675736961451247
3 0.3092896174863388 0.1360544217687075 0.05027322404371585 0.022675736961451247
3 0.2371584699453552 0.15873015873015872 0.08852459016393442 0.022675736961451247
3 0.25519125683060107 0.17006802721088435 0.12459016393442623 0.045351473922902494