0 0.5857142857142857 0.024175824175824177 0.02433862433862434 0.04285714285714286
0 0.7333333333333333 0.16043956043956045 0.059788359788359786 0.015384615384615385
1 0.7174603174603175 0.025274725274725275 0.17989417989417988 0.04285714285714286
1 0.408994708994709 0.35824175824175825 0.15026455026455027 0.3120879120879121
1 0.5677248677248677 0.35824175824175825 0.15026455026455027 0.3120879120879121
1 0.7264550264550265 0.35824175824175825 0.15026455026455027 0.3120879120879121
1 0.21851851851851853 0.025274725274725275 0.07089947089947089 0.03736263736263736
2 0.4396825396825397 0.024175824175824177 0.3164021164021164 0.04285714285714286
2 0.5074074074074074 0.024175824175824177 0.007407407407407408 0.015384615384615385
3 0.5349206349206349 0.025274725274725275 0.07830687830687831 0.02857142857142857
3 0.5232804232804232 0.5879120879120879 0.040740740740740744 0.020879120879120878
3 0.682010582010582 0.5879120879120879 0.040740740740740744 0.020879120879120878
3 0.5402116402116403 0.024175824175824177 0.05291005291005291 0.02197802197802198
3 0.5402116402116403 0.024175824175824177 0.05291005291005291 0.02197802197802198
3 0.2529100529100529 0.2175824175824176 0.14708994708994708 0.03296703296703297
3 0.408994708994709 0.6417582417582418 0.1291005291005291 0.03956043956043956
3 0.5677248677248677 0.6318681318681318 0.1291005291005291 0.03956043956043956
3 0.7264550264550265 0.6318681318681318 0.1291005291005291 0.03956043956043956
3 0.34444444444444444 0.08131868131868132 0.023809523809523808 0.02197802197802198
3 0.37936507936507935 0.08131868131868132 0.026455026455026454 0.02197802197802198
3 0.42592592592592593 0.08131868131868132 0.047619047619047616 0.02197802197802198
3 0.46825396825396826 0.08131868131868132 0.018518518518518517 0.02197802197802198
3 0.49894179894179896 0.08131868131868132 0.023809523809523808 0.02197802197802198
3 0.5306878306878307 0.08131868131868132 0.020634920634920634 0.02197802197802198
3 0.18888888888888888 0.42527472527472526 0.01904761904761905 0.01978021978021978
3 0.19735449735449737 0.510989010989011 0.03597883597883598 0.01978021978021978
3 0.2222222222222222 0.5373626373626373 0.08624338624338625 0.01978021978021978
3 0.19576719576719576 0.6230769230769231 0.0328042328042328 0.01978021978021978
3 0.1962962962962963 0.7087912087912088 0.03439153439153439 0.01978021978021978
3 0.18994708994708995 0.7945054945054945 0.021164021164021163 0.01978021978021978
3 0.18994708994708995 0.8208791208791208 0.021164021164021163 0.01978021978021978
3 0.2037037037037037 0.9065934065934066 0.049206349206349205 0.01978021978021978
3 0.20634920634920634 0.932967032967033 0.054497354497354496 0.01978021978021978
3 0.21005291005291005 0.9593406593406594 0.06190476190476191 0.01978021978021978
3 0.2105820105820106 0.9857142857142858 0.06296296296296296 0.01978021978021978
3 0.20582010582010582 0.42527472527472526 0.010052910052910053 0.01978021978021978
3 0.2216931216931217 0.510989010989011 0.007407407407407408 0.01978021978021978
3 0.27195767195767195 0.5373626373626373 0.007407407407407408 0.01978021978021978
3 0.22275132275132276 0.6230769230769231 0.014814814814814815 0.01978021978021978
3 0.2201058201058201 0.7087912087912088 0.007407407407407408 0.01978021978021978
3 0.20952380952380953 0.7945054945054945 0.01216931216931217 0.01978021978021978
3 0.20846560846560847 0.8208791208791208 0.011111111111111112 0.01978021978021978
3 0.23703703703703705 0.9065934065934066 0.01216931216931217 0.01978021978021978
3 0.24232804232804234 0.932967032967033 0.01216931216931217 0.01978021978021978
3 0.24867724867724866 0.9593406593406594 0.010052910052910053 0.01978021978021978
3 0.2492063492063492 0.9857142857142858 0.007407407407407408 0.01978021978021978
3 0.21746031746031746 0.06483516483516484 0.06084656084656084 0.02197802197802198
3 0.21322751322751324 0.08571428571428572 0.06084656084656084 0.02197802197802198
3 0.21851851851851853 0.15054945054945054 0.07830687830687831 0.02197802197802198
3 0.2920634920634921 0.15054945054945054 0.04867724867724868 0.02197802197802198
3 0.2222222222222222 0.17252747252747253 0.08571428571428572 0.02197802197802198
3 0.2878306878306878 0.17252747252747253 0.026455026455026454 0.02197802197802198