0 0.588421052631579 0.024070021881838075 0.024210526315789474 0.04266958424507659
0 0.7352631578947368 0.19584245076586435 0.05947368421052632 0.015317286652078774
1 0.7194736842105263 0.02516411378555799 0.17894736842105263 0.04266958424507659
1 0.4126315789473684 0.3927789934354486 0.14947368421052631 0.31072210065645517
1 0.5705263157894737 0.3927789934354486 0.14947368421052631 0.31072210065645517
1 0.728421052631579 0.3927789934354486 0.14947368421052631 0.31072210065645517
1 0.2231578947368421 0.02516411378555799 0.07052631578947369 0.037199124726477024
2 0.4431578947368421 0.024070021881838075 0.31473684210526315 0.04266958424507659
2 0.5105263157894737 0.024070021881838075 0.007368421052631579 0.015317286652078774
3 0.5378947368421053 0.02516411378555799 0.07789473684210527 0.028446389496717725
3 0.3684210526315789 0.6652078774617067 0.04052631578947368 0.020787746170678335
3 0.5263157894736842 0.6214442013129103 0.04052631578947368 0.020787746170678335
3 0.6842105263157895 0.6400437636761488 0.04052631578947368 0.020787746170678335
3 0.5431578947368421 0.024070021881838075 0.05263157894736842 0.02188183807439825
3 0.5431578947368421 0.024070021881838075 0.05263157894736842 0.02188183807439825
3 0.2573684210526316 0.2527352297592998 0.1463157894736842 0.03282275711159737
3 0.4126315789473684 0.7089715536105032 0.12842105263157894 0.03938730853391685
3 0.5705263157894737 0.6652078774617067 0.12842105263157894 0.03938730853391685
3 0.728421052631579 0.6838074398249453 0.12842105263157894 0.03938730853391685
3 0.34842105263157896 0.08096280087527352 0.02368421052631579 0.02188183807439825
3 0.3831578947368421 0.08096280087527352 0.02631578947368421 0.02188183807439825
3 0.42947368421052634 0.08096280087527352 0.04736842105263158 0.02188183807439825
3 0.47157894736842104 0.08096280087527352 0.018421052631578946 0.02188183807439825
3 0.5021052631578947 0.08096280087527352 0.02368421052631579 0.02188183807439825
3 0.5336842105263158 0.08096280087527352 0.020526315789473684 0.02188183807439825
3 0.21842105263157896 0.5437636761487965 0.06842105263157895 0.019693654266958426
3 0.1936842105263158 0.6291028446389497 0.018947368421052633 0.019693654266958426
3 0.20210526315789473 0.7144420131291028 0.035789473684210524 0.019693654266958426
3 0.2268421052631579 0.7407002188183808 0.08578947368421053 0.019693654266958426
3 0.2005263157894737 0.8260393873085339 0.03263157894736842 0.019693654266958426
3 0.20105263157894737 0.937636761487965 0.034210526315789476 0.019693654266958426
3 0.25842105263157894 0.5437636761487965 0.006842105263157895 0.019693654266958426
3 0.21210526315789474 0.6291028446389497 0.013157894736842105 0.019693654266958426
3 0.2305263157894737 0.7144420131291028 0.015789473684210527 0.019693654266958426
3 0.2805263157894737 0.7407002188183808 0.015789473684210527 0.019693654266958426
3 0.23 0.8260393873085339 0.02 0.019693654266958426
3 0.2131578947368421 0.8522975929978118 0.007894736842105263 0.019693654266958426
3 0.22789473684210526 0.937636761487965 0.014210526315789474 0.019693654266958426
3 0.22210526315789475 0.06455142231947483 0.060526315789473685 0.02188183807439825
3 0.21789473684210525 0.08533916849015317 0.060526315789473685 0.02188183807439825
3 0.2231578947368421 0.18599562363238512 0.07789473684210527 0.02188183807439825
3 0.2963157894736842 0.18599562363238512 0.04842105263157895 0.02188183807439825
3 0.2268421052631579 0.20787746170678337 0.08526315789473685 0.02188183807439825