0 0.5858638743455498 0.02717391304347826 0.024083769633507852 0.042391304347826085
0 0.7319371727748691 0.19782608695652174 0.059162303664921465 0.015217391304347827
1 0.7162303664921466 0.02826086956521739 0.17801047120418848 0.042391304347826085
1 0.4109947643979058 0.3934782608695652 0.1486910994764398 0.30869565217391304
1 0.5680628272251309 0.3934782608695652 0.1486910994764398 0.30869565217391304
1 0.725130890052356 0.3934782608695652 0.1486910994764398 0.30869565217391304
1 0.22251308900523561 0.02826086956521739 0.07015706806282722 0.03695652173913044
2 0.44136125654450264 0.02717391304347826 0.31308900523560207 0.042391304347826085
2 0.5083769633507853 0.02717391304347826 0.007329842931937173 0.015217391304347827
3 0.5356020942408377 0.02826086956521739 0.0774869109947644 0.02826086956521739
3 0.3670157068062827 0.6641304347826087 0.04031413612565445 0.020652173913043477
3 0.5240837696335079 0.6206521739130435 0.04031413612565445 0.020652173913043477
3 0.681151832460733 0.6391304347826087 0.04031413612565445 0.020652173913043477
3 0.5408376963350785 0.02717391304347826 0.05235602094240838 0.021739130434782608
3 0.5408376963350785 0.02717391304347826 0.05235602094240838 0.021739130434782608
3 0.25654450261780104 0.2543478260869565 0.14554973821989528 0.03260869565217391
3 0.4109947643979058 0.7076086956521739 0.12774869109947645 0.0391304347826087
3 0.5680628272251309 0.6641304347826087 0.12774869109947645 0.0391304347826087
3 0.725130890052356 0.6826086956521739 0.12774869109947645 0.0391304347826087
3 0.3471204188481675 0.08369565217391305 0.02356020942408377 0.021739130434782608
3 0.38167539267015704 0.08369565217391305 0.02617801047120419 0.021739130434782608
3 0.42774869109947644 0.08369565217391305 0.04712041884816754 0.021739130434782608
3 0.46963350785340313 0.08369565217391305 0.01832460732984293 0.021739130434782608
3 0.5 0.08369565217391305 0.02356020942408377 0.021739130434782608
3 0.5314136125654451 0.08369565217391305 0.020418848167539267 0.021739130434782608
3 0.21780104712041884 0.5434782608695652 0.06806282722513089 0.01956521739130435
3 0.1931937172774869 0.6282608695652174 0.018848167539267015 0.01956521739130435
3 0.20157068062827224 0.7130434782608696 0.0356020942408377 0.01956521739130435
3 0.2261780104712042 0.7391304347826086 0.08534031413612565 0.01956521739130435
3 0.2 0.8239130434782609 0.032460732984293195 0.01956521739130435
3 0.20052356020942408 0.9347826086956522 0.034031413612565446 0.01956521739130435
3 0.25759162303664923 0.5434782608695652 0.006806282722513089 0.01956521739130435
3 0.21151832460732983 0.6282608695652174 0.013089005235602094 0.01956521739130435
3 0.22984293193717278 0.7130434782608696 0.015706806282722512 0.01956521739130435
3 0.27958115183246074 0.7391304347826086 0.015706806282722512 0.01956521739130435
3 0.2293193717277487 0.8239130434782609 0.019895287958115182 0.01956521739130435
3 0.21256544502617802 0.85 0.007853403141361256 0.01956521739130435
3 0.22722513089005236 0.9347826086956522 0.014136125654450262 0.01956521739130435
3 0.22146596858638742 0.06739130434782609 0.060209424083769635 0.021739130434782608
3 0.21727748691099477 0.08804347826086957 0.060209424083769635 0.021739130434782608
3 0.22251308900523561 0.18804347826086956 0.0774869109947644 0.021739130434782608
3 0.29528795811518327 0.18804347826086956 0.048167539267015703 0.021739130434782608
3 0.2261780104712042 0.20978260869565218 0.08481675392670157 0.021739130434782608