0 0.584375 0.02918918918918919 0.023958333333333335 0.04216216216216216
0 0.22708333333333333 0.29081081081081084 0.010416666666666666 0.021621621621621623
0 0.2677083333333333 0.6486486486486487 0.0125 0.025945945945945945
0 0.7296875 0.16324324324324324 0.058854166666666666 0.015135135135135135
1 0.7140625 0.03027027027027027 0.17708333333333334 0.04216216216216216
1 0.41041666666666665 0.35783783783783785 0.14791666666666667 0.307027027027027
1 0.5666666666666667 0.35783783783783785 0.14791666666666667 0.307027027027027
1 0.7229166666666667 0.35783783783783785 0.14791666666666667 0.307027027027027
1 0.41041666666666665 0.8389189189189189 0.14791666666666667 0.307027027027027
1 0.5666666666666667 0.8389189189189189 0.14791666666666667 0.307027027027027
1 0.22291666666666668 0.03027027027027027 0.06979166666666667 0.036756756756756756
2 0.440625 0.02918918918918919 0.31145833333333334 0.04216216216216216
2 0.5072916666666667 0.02918918918918919 0.007291666666666667 0.015135135135135135
2 0.2 0.6464864864864864 0.03229166666666667 0.02702702702702703
2 0.24166666666666667 0.6464864864864864 0.03229166666666667 0.02702702702702703
3 0.534375 0.03027027027027027 0.07708333333333334 0.02810810810810811
3 0.36666666666666664 0.5837837837837838 0.04010416666666667 0.02054054054054054
3 0.5229166666666667 0.5837837837837838 0.04010416666666667 0.02054054054054054
3 0.6890625 0.5837837837837838 0.059895833333333336 0.02054054054054054
3 0.5395833333333333 0.02918918918918919 0.052083333333333336 0.021621621621621623
3 0.2 0.6486486486486487 0.03125 0.03351351351351351
3 0.24166666666666667 0.6486486486486487 0.03125 0.03351351351351351
3 0.5395833333333333 0.02918918918918919 0.052083333333333336 0.021621621621621623
3 0.2 0.6486486486486487 0.03125 0.03351351351351351
3 0.24166666666666667 0.6486486486486487 0.03125 0.03351351351351351
3 0.25677083333333334 0.21945945945945947 0.14479166666666668 0.032432432432432434
3 0.41041666666666665 0.6270270270270271 0.12708333333333333 0.03891891891891892
3 0.5666666666666667 0.6270270270270271 0.12708333333333333 0.03891891891891892
3 0.7229166666666667 0.6270270270270271 0.12708333333333333 0.03891891891891892
3 0.346875 0.08540540540540541 0.0234375 0.021621621621621623
3 0.38125 0.08540540540540541 0.026041666666666668 0.021621621621621623
3 0.4270833333333333 0.08540540540540541 0.046875 0.021621621621621623
3 0.46875 0.08540540540540541 0.018229166666666668 0.021621621621621623
3 0.49895833333333334 0.08540540540540541 0.0234375 0.021621621621621623
3 0.5302083333333333 0.08540540540540541 0.0203125 0.021621621621621623
3 0.19375 0.48 0.01875 0.01945945945945946
3 0.20729166666666668 0.5643243243243243 0.04583333333333333 0.01945945945945946
3 0.21145833333333333 0.5902702702702702 0.05416666666666667 0.01945945945945946
3 0.20833333333333334 0.6162162162162163 0.0484375 0.01945945945945946
3 0.203125 0.7394594594594595 0.03802083333333333 0.01945945945945946
3 0.21770833333333334 0.7654054054054054 0.0671875 0.01945945945945946
3 0.20833333333333334 0.7913513513513514 0.04791666666666667 0.01945945945945946
3 0.1921875 0.8172972972972973 0.016145833333333335 0.01945945945945946
3 0.20364583333333333 0.8432432432432433 0.03854166666666667 0.01945945945945946
3 0.19375 0.8691891891891892 0.019270833333333334 0.01945945945945946
3 0.2109375 0.8951351351351351 0.05364583333333333 0.01945945945945946
3 0.21510416666666668 0.9210810810810811 0.06145833333333333 0.01945945945945946
3 0.2109375 0.947027027027027 0.053125 0.01945945945945946
3 0.20260416666666667 0.972972972972973 0.03697916666666667 0.01945945945945946
3 0.209375 0.48 0.007291666666666667 0.01945945945945946
3 0.23541666666666666 0.5643243243243243 0.005208333333333333 0.01945945945945946
3 0.2453125 0.5902702702702702 0.0078125 0.01945945945945946
3 0.23958333333333334 0.6162162162162163 0.0078125 0.01945945945945946
3 0.221875 0.06918918918918919 0.059895833333333336 0.021621621621621623
3 0.21770833333333334 0.08972972972972973 0.059895833333333336 0.021621621621621623
3 0.22291666666666668 0.1535135135135135 0.07708333333333334 0.021621621621621623
3 0.2953125 0.1535135135135135 0.04791666666666667 0.021621621621621623
3 0.2265625 0.17513513513513512 0.084375 0.021621621621621623
3 0.2911458333333333 0.17513513513513512 0.026041666666666668 0.021621621621621623