0 0.5865789473684211 0.020787746170678335 0.024736842105263158 0.04157549234135667
0 0.7331578947368421 0.15536105032822758 0.05947368421052632 0.015317286652078774
1 0.7176315789473684 0.021334792122538294 0.1794736842105263 0.04266958424507659
1 0.4105263157894737 0.3522975929978118 0.14947368421052631 0.31072210065645517
1 0.5684210526315789 0.3522975929978118 0.14947368421052631 0.31072210065645517
1 0.7263157894736842 0.3522975929978118 0.14947368421052631 0.31072210065645517
1 0.4105263157894737 0.8391684901531729 0.14947368421052631 0.31072210065645517
1 0.5684210526315789 0.8391684901531729 0.14947368421052631 0.31072210065645517
1 0.7263157894736842 0.8391684901531729 0.14947368421052631 0.31072210065645517
1 0.22105263157894736 0.020787746170678335 0.07052631578947369 0.037199124726477024
2 0.4413157894736842 0.020787746170678335 0.31526315789473686 0.04157549234135667
2 0.5052631578947369 0.019693654266958426 0.007368421052631579 0.015317286652078774
3 0.5342105263157895 0.020787746170678335 0.08105263157894736 0.028446389496717725
3 0.3663157894736842 0.5809628008752735 0.04052631578947368 0.020787746170678335
3 0.5242105263157895 0.5809628008752735 0.04052631578947368 0.020787746170678335
3 0.6921052631578948 0.5809628008752735 0.060526315789473685 0.020787746170678335
3 0.5394736842105263 0.019693654266958426 0.05578947368421053 0.02188183807439825
3 0.5394736842105263 0.019693654266958426 0.05578947368421053 0.02188183807439825
3 0.25526315789473686 0.212253829321663 0.1463157894736842 0.03282275711159737
3 0.4105263157894737 0.62472647702407 0.12842105263157894 0.03938730853391685
3 0.5684210526315789 0.62472647702407 0.12842105263157894 0.03938730853391685
3 0.7263157894736842 0.62472647702407 0.12842105263157894 0.03938730853391685
3 0.3463157894736842 0.07658643326039387 0.02368421052631579 0.02188183807439825
3 0.38105263157894737 0.07658643326039387 0.02631578947368421 0.02188183807439825
3 0.42736842105263156 0.07658643326039387 0.04736842105263158 0.02188183807439825
3 0.4694736842105263 0.07658643326039387 0.018421052631578946 0.02188183807439825
3 0.5 0.07658643326039387 0.02368421052631579 0.02188183807439825
3 0.531578947368421 0.07658643326039387 0.020526315789473684 0.02188183807439825
3 0.2163157894736842 0.4190371991247265 0.06842105263157895 0.019693654266958426
3 0.19421052631578947 0.5043763676148797 0.024736842105263158 0.019693654266958426
3 0.19421052631578947 0.5306345733041575 0.024736842105263158 0.019693654266958426
3 0.19263157894736843 0.5568927789934355 0.02157894736842105 0.019693654266958426
3 0.20894736842105263 0.5831509846827133 0.05421052631578947 0.019693654266958426
3 0.20526315789473684 0.6094091903719913 0.04684210526315789 0.019693654266958426
3 0.19736842105263158 0.6356673960612691 0.03105263157894737 0.019693654266958426
3 0.19157894736842104 0.661925601750547 0.018947368421052633 0.019693654266958426
3 0.19105263157894736 0.688183807439825 0.017894736842105262 0.019693654266958426
3 0.19157894736842104 0.7735229759299781 0.018947368421052633 0.019693654266958426
3 0.2 0.8588621444201313 0.035789473684210524 0.019693654266958426
3 0.22473684210526315 0.8851203501094091 0.08578947368421053 0.019693654266958426
3 0.19894736842105262 0.9704595185995624 0.034210526315789476 0.019693654266958426
3 0.2557894736842105 0.4190371991247265 0.005263157894736842 0.019693654266958426
3 0.21421052631578946 0.5043763676148797 0.009473684210526316 0.019693654266958426
3 0.21368421052631578 0.5306345733041575 0.007894736842105263 0.019693654266958426
3 0.21052631578947367 0.5568927789934355 0.007368421052631579 0.019693654266958426
3 0.2431578947368421 0.5831509846827133 0.007368421052631579 0.019693654266958426
3 0.23578947368421052 0.6094091903719913 0.007894736842105263 0.019693654266958426
3 0.21894736842105264 0.6356673960612691 0.005789473684210527 0.019693654266958426
3 0.20684210526315788 0.661925601750547 0.005789473684210527 0.019693654266958426
3 0.20526315789473684 0.688183807439825 0.005789473684210527 0.019693654266958426
3 0.20684210526315788 0.7735229759299781 0.006842105263157895 0.019693654266958426
3 0.22526315789473683 0.8588621444201313 0.01 0.019693654266958426
3 0.27421052631578946 0.8851203501094091 0.007894736842105263 0.019693654266958426
3 0.22263157894736843 0.9704595185995624 0.007368421052631579 0.019693654266958426
3 0.22 0.060175054704595186 0.060526315789473685 0.02188183807439825
3 0.21578947368421053 0.08096280087527352 0.060526315789473685 0.02188183807439825
3 0.22105263157894736 0.14551422319474835 0.07789473684210527 0.02188183807439825
3 0.2942105263157895 0.14551422319474835 0.04842105263157895 0.02188183807439825
3 0.22473684210526315 0.1673960612691466 0.08526315789473685 0.02188183807439825
3 0.29157894736842105 0.1673960612691466 0.03 0.02188183807439825