0 0.5847368421052631 0.022975929978118162 0.024210526315789474 0.04266958424507659
0 0.2236842105263158 0.28774617067833697 0.010526315789473684 0.02188183807439825
0 0.7315789473684211 0.1586433260393873 0.05947368421052632 0.015317286652078774
1 0.7157894736842105 0.024070021881838075 0.17894736842105263 0.04266958424507659
1 0.38894736842105265 0.3096280087527352 0.08421052631578947 0.175054704595186
1 0.38894736842105265 0.5295404814004376 0.08421052631578947 0.175054704595186
1 0.38894736842105265 0.74945295404814 0.08421052631578947 0.175054704595186
1 0.21947368421052632 0.024070021881838075 0.07052631578947369 0.037199124726477024
2 0.4394736842105263 0.022975929978118162 0.31473684210526315 0.04266958424507659
2 0.5036842105263157 0.022975929978118162 0.007368421052631579 0.015317286652078774
3 0.5326315789473685 0.024070021881838075 0.08105263157894736 0.028446389496717725
3 0.46421052631578946 0.3172866520787746 0.041578947368421056 0.020787746170678335
3 0.46421052631578946 0.537199124726477 0.041578947368421056 0.020787746170678335
3 0.47421052631578947 0.7571115973741794 0.06157894736842105 0.020787746170678335
3 0.46421052631578946 0.9770240700218819 0.041578947368421056 0.020787746170678335
3 0.5378947368421053 0.022975929978118162 0.05578947368421053 0.02188183807439825
3 0.5378947368421053 0.022975929978118162 0.05578947368421053 0.02188183807439825
3 0.2536842105263158 0.21553610503282275 0.1463157894736842 0.03282275711159737
3 0.608421052631579 0.2363238512035011 0.33 0.028446389496717725
3 0.608421052631579 0.4562363238512035 0.33 0.028446389496717725
3 0.608421052631579 0.6761487964989059 0.33 0.028446389496717725
3 0.608421052631579 0.8960612691466083 0.33 0.028446389496717725
3 0.3447368421052632 0.07986870897155361 0.02368421052631579 0.02188183807439825
3 0.3794736842105263 0.07986870897155361 0.02631578947368421 0.02188183807439825
3 0.42578947368421055 0.07986870897155361 0.04736842105263158 0.02188183807439825
3 0.46789473684210525 0.07986870897155361 0.018421052631578946 0.02188183807439825
3 0.49842105263157893 0.07986870897155361 0.02368421052631579 0.02188183807439825
3 0.53 0.07986870897155361 0.020526315789473684 0.02188183807439825
3 0.21473684210526317 0.47921225382932164 0.06842105263157895 0.019693654266958426
3 0.19263157894736843 0.5645514223194749 0.024736842105263158 0.019693654266958426
3 0.2036842105263158 0.5908096280087527 0.04684210526315789 0.019693654266958426
3 0.19263157894736843 0.6170678336980306 0.024736842105263158 0.019693654266958426
3 0.19 0.7024070021881839 0.018947368421052633 0.019693654266958426
3 0.20473684210526316 0.787746170678337 0.04894736842105263 0.019693654266958426
3 0.21157894736842106 0.8140043763676149 0.06263157894736843 0.019693654266958426
3 0.21105263157894738 0.8402625820568927 0.06157894736842105 0.019693654266958426
3 0.2026315789473684 0.925601750547046 0.04421052631578947 0.019693654266958426
3 0.2073684210526316 0.9518599562363238 0.05368421052631579 0.019693654266958426
3 0.20526315789473684 0.9781181619256017 0.049473684210526316 0.019693654266958426
3 0.2542105263157895 0.47921225382932164 0.005263157894736842 0.019693654266958426
3 0.21157894736842106 0.5645514223194749 0.007368421052631579 0.019693654266958426
3 0.23421052631578948 0.5908096280087527 0.007894736842105263 0.019693654266958426
3 0.21210526315789474 0.6170678336980306 0.007894736842105263 0.019693654266958426
3 0.20578947368421052 0.7024070021881839 0.007368421052631579 0.019693654266958426
3 0.23526315789473684 0.787746170678337 0.006842105263157895 0.019693654266958426
3 0.25 0.8140043763676149 0.007894736842105263 0.019693654266958426
3 0.24736842105263157 0.8402625820568927 0.005789473684210527 0.019693654266958426
3 0.23157894736842105 0.925601750547046 0.007368421052631579 0.019693654266958426
3 0.24052631578947367 0.9518599562363238 0.007368421052631579 0.019693654266958426
3 0.2363157894736842 0.9781181619256017 0.007368421052631579 0.019693654266958426
3 0.21842105263157896 0.06345733041575492 0.060526315789473685 0.02188183807439825
3 0.21421052631578946 0.08424507658643327 0.060526315789473685 0.02188183807439825
3 0.21947368421052632 0.1487964989059081 0.07789473684210527 0.02188183807439825
3 0.2926315789473684 0.1487964989059081 0.04842105263157895 0.02188183807439825
3 0.2231578947368421 0.17067833698030635 0.08526315789473685 0.02188183807439825
3 0.29 0.17067833698030635 0.03 0.02188183807439825