0 0.600268817204301 0.020647321428571428 0.025268817204301075 0.041294642857142856
0 0.75 0.19419642857142858 0.06075268817204301 0.015625
1 0.7341397849462366 0.021205357142857144 0.18333333333333332 0.04241071428571429
1 0.4204301075268817 0.3950892857142857 0.15268817204301074 0.3169642857142857
1 0.5817204301075268 0.3950892857142857 0.15268817204301074 0.3169642857142857
1 0.7430107526881721 0.3950892857142857 0.15268817204301074 0.3169642857142857
1 0.22688172043010751 0.020089285714285716 0.07204301075268817 0.03794642857142857
2 0.45188172043010755 0.020647321428571428 0.32204301075268815 0.041294642857142856
2 0.4510752688172043 0.018973214285714284 0.007526881720430108 0.015625
3 0.5134408602150538 0.020089285714285716 0.1489247311827957 0.029017857142857144
3 0.37526881720430105 0.6473214285714286 0.04139784946236559 0.021205357142857144
3 0.5365591397849462 0.6283482142857143 0.04139784946236559 0.021205357142857144
3 0.6978494623655914 0.6473214285714286 0.04139784946236559 0.021205357142857144
3 0.5188172043010753 0.018973214285714284 0.12311827956989248 0.022321428571428572
3 0.5188172043010753 0.018973214285714284 0.12311827956989248 0.022321428571428572
3 0.2618279569892473 0.24665178571428573 0.14946236559139786 0.06696428571428571
3 0.4204301075268817 0.6919642857142857 0.13118279569892474 0.04017857142857143
3 0.5817204301075268 0.6729910714285714 0.13118279569892474 0.04017857142857143
3 0.7430107526881721 0.6919642857142857 0.13118279569892474 0.04017857142857143
3 0.3548387096774194 0.07700892857142858 0.024193548387096774 0.022321428571428572
3 0.3903225806451613 0.07700892857142858 0.026881720430107527 0.022321428571428572
3 0.4376344086021505 0.07700892857142858 0.04838709677419355 0.022321428571428572
3 0.4806451612903226 0.07700892857142858 0.01881720430107527 0.022321428571428572
3 0.5118279569892473 0.07700892857142858 0.024193548387096774 0.022321428571428572
3 0.5440860215053763 0.07700892857142858 0.020967741935483872 0.022321428571428572
3 0.22204301075268817 0.5602678571428571 0.06989247311827956 0.020089285714285716
3 0.22204301075268817 0.6473214285714286 0.06989247311827956 0.020089285714285716
3 0.23010752688172043 0.6741071428571429 0.08602150537634409 0.020089285714285716
3 0.21021505376344085 0.7008928571428571 0.046236559139784944 0.020089285714285716
3 0.21989247311827956 0.7276785714285714 0.06559139784946237 0.020089285714285716
3 0.2021505376344086 0.7544642857142857 0.030107526881720432 0.020089285714285716
3 0.22419354838709676 0.78125 0.07473118279569893 0.020089285714285716
3 0.20161290322580644 0.8080357142857143 0.02956989247311828 0.020089285714285716
3 0.20483870967741935 0.8348214285714286 0.035483870967741936 0.020089285714285716
3 0.2172043010752688 0.8616071428571429 0.060215053763440864 0.020089285714285716
3 0.1967741935483871 0.9787946428571429 0.01935483870967742 0.020089285714285716
3 0.26505376344086023 0.5602678571428571 0.01129032258064516 0.020089285714285716
3 0.2709677419354839 0.6473214285714286 0.021505376344086023 0.020089285714285716
3 0.2854838709677419 0.6741071428571429 0.01827956989247312 0.020089285714285716
3 0.24623655913978496 0.7008928571428571 0.01935483870967742 0.020089285714285716
3 0.2661290322580645 0.7276785714285714 0.020967741935483872 0.020089285714285716
3 0.2295698924731183 0.7544642857142857 0.01881720430107527 0.020089285714285716
3 0.27204301075268816 0.78125 0.014516129032258065 0.020089285714285716
3 0.22741935483870968 0.8080357142857143 0.015591397849462365 0.020089285714285716
3 0.23279569892473118 0.8348214285714286 0.015591397849462365 0.020089285714285716
3 0.2575268817204301 0.8616071428571429 0.013978494623655914 0.020089285714285716
3 0.21935483870967742 0.9787946428571429 0.020967741935483872 0.020089285714285716
3 0.22580645161290322 0.060267857142857144 0.06182795698924731 0.022321428571428572
3 0.221505376344086 0.08147321428571429 0.06182795698924731 0.022321428571428572
3 0.22688172043010751 0.18415178571428573 0.07956989247311828 0.022321428571428572
3 0.3016129032258065 0.18415178571428573 0.04946236559139785 0.022321428571428572