0 0.7162011173184357 0.14269141531322505 0.06312849162011173 0.016241299303944315
1 0.3525139664804469 0.302784222737819 0.0893854748603352 0.18561484918793503
1 0.3525139664804469 0.5359628770301624 0.0893854748603352 0.18561484918793503
1 0.3525139664804469 0.7691415313225058 0.0893854748603352 0.18561484918793503
3 0.4324022346368715 0.3329466357308585 0.044134078212290505 0.022041763341067284
3 0.4430167597765363 0.5440835266821346 0.06536312849162011 0.022041763341067284
3 0.4324022346368715 0.777262180974478 0.044134078212290505 0.022041763341067284
3 0.20893854748603352 0.20301624129930396 0.1553072625698324 0.03480278422273782
3 0.5854748603351956 0.22505800464037123 0.35027932960893854 0.030162412993039442
3 0.5854748603351956 0.4582366589327146 0.35027932960893854 0.030162412993039442
3 0.5854748603351956 0.691415313225058 0.35027932960893854 0.030162412993039442
3 0.5854748603351956 0.9245939675174014 0.35027932960893854 0.030162412993039442
3 0.30558659217877093 0.02088167053364269 0.025139664804469275 0.02320185614849188
3 0.3424581005586592 0.02088167053364269 0.027932960893854747 0.02320185614849188
3 0.3916201117318436 0.02088167053364269 0.05027932960893855 0.02320185614849188
3 0.4363128491620112 0.02088167053364269 0.019553072625698324 0.02320185614849188
3 0.46871508379888266 0.02088167053364269 0.025139664804469275 0.02320185614849188
3 0.5022346368715084 0.02088167053364269 0.021787709497206705 0.02320185614849188
3 0.16759776536312848 0.511600928074246 0.07262569832402235 0.02088167053364269
3 0.15307262569832403 0.6020881670533643 0.04357541899441341 0.02088167053364269
3 0.15307262569832403 0.6299303944315545 0.044134078212290505 0.02088167053364269
3 0.1659217877094972 0.6577726218097448 0.06983240223463687 0.02088167053364269
3 0.1787709497206704 0.685614849187935 0.09497206703910614 0.02088167053364269
3 0.14078212290502792 0.7134570765661253 0.01899441340782123 0.02088167053364269
3 0.14134078212290502 0.8039443155452436 0.02011173184357542 0.02088167053364269
3 0.15027932960893856 0.894431554524362 0.03798882681564246 0.02088167053364269
3 0.17653631284916202 0.9222737819025522 0.09106145251396648 0.02088167053364269
3 0.2122905027932961 0.511600928074246 0.011731843575418994 0.02088167053364269
3 0.188268156424581 0.6020881670533643 0.021229050279329607 0.02088167053364269
3 0.188268156424581 0.6299303944315545 0.02011173184357542 0.02088167053364269
3 0.21284916201117318 0.6577726218097448 0.01675977653631285 0.02088167053364269
3 0.23631284916201117 0.685614849187935 0.015083798882681564 0.02088167053364269
3 0.16033519553072625 0.7134570765661253 0.01452513966480447 0.02088167053364269
3 0.16256983240223463 0.8039443155452436 0.017318435754189943 0.02088167053364269
3 0.18212290502793296 0.894431554524362 0.020670391061452513 0.02088167053364269
3 0.23575418994413408 0.9222737819025522 0.021229050279329607 0.02088167053364269
3 0.17150837988826817 0.008120649651972157 0.06480446927374302 0.016241299303944315
3 0.1670391061452514 0.025522041763341066 0.06424581005586592 0.02320185614849188
3 0.17262569832402236 0.13225058004640372 0.08268156424581005 0.02320185614849188
3 0.25027932960893856 0.13225058004640372 0.05139664804469274 0.02320185614849188
3 0.18156424581005587 0.1554524361948956 0.1011173184357542 0.02320185614849188