0 0.629079254079254 0.015738498789346248 0.027389277389277388 0.031476997578692496
0 0.7913752913752914 0.15738498789346247 0.06585081585081586 0.01694915254237288
0 0.8473193473193473 0.48789346246973364 0.02097902097902098 0.043583535108958835
1 0.7741841491841492 0.016343825665859565 0.1987179487179487 0.03268765133171913
1 0.412004662004662 0.324455205811138 0.09324009324009325 0.1937046004842615
1 0.412004662004662 0.5677966101694916 0.09324009324009325 0.1937046004842615
1 0.412004662004662 0.8111380145278451 0.09324009324009325 0.1937046004842615
1 0.22465034965034966 0.01513317191283293 0.07867132867132867 0.03026634382566586
2 0.46824009324009325 0.015738498789346248 0.34906759906759904 0.031476997578692496
2 0.49155011655011654 0.00847457627118644 0.008741258741258742 0.01694915254237288
3 0.5474941724941725 0.012711864406779662 0.1381118881118881 0.025423728813559324
3 0.5533216783216783 0.010290556900726392 0.11013986013986014 0.020581113801452784
3 0.5533216783216783 0.010290556900726392 0.11013986013986014 0.020581113801452784
3 0.26223776223776224 0.22033898305084745 0.16200466200466201 0.03631961259079903
3 0.655011655011655 0.24334140435835352 0.36538461538461536 0.031476997578692496
3 0.655011655011655 0.48668280871670705 0.36538461538461536 0.031476997578692496
3 0.655011655011655 0.7300242130750605 0.36538461538461536 0.031476997578692496
3 0.655011655011655 0.9733656174334141 0.36538461538461536 0.031476997578692496
3 0.36305361305361306 0.07021791767554479 0.026223776223776224 0.024213075060532687
3 0.4015151515151515 0.07021791767554479 0.029137529137529136 0.024213075060532687
3 0.4527972027972028 0.07021791767554479 0.05244755244755245 0.024213075060532687
3 0.4994172494172494 0.07021791767554479 0.020396270396270396 0.024213075060532687
3 0.5332167832167832 0.07021791767554479 0.026223776223776224 0.024213075060532687
3 0.5681818181818182 0.07021791767554479 0.022727272727272728 0.024213075060532687
3 0.2191142191142191 0.5423728813559322 0.07575757575757576 0.021791767554479417
3 0.22319347319347319 0.6368038740920097 0.08391608391608392 0.021791767554479417
3 0.22785547785547786 0.6658595641646489 0.09382284382284382 0.021791767554479417
3 0.2296037296037296 0.6949152542372882 0.09673659673659674 0.021791767554479417
3 0.21037296037296038 0.7239709443099274 0.05827505827505827 0.021791767554479417
3 0.22377622377622378 0.7530266343825666 0.08566433566433566 0.021791767554479417
3 0.2296037296037296 0.7820823244552058 0.09673659673659674 0.021791767554479417
3 0.2057109557109557 0.8111380145278451 0.04895104895104895 0.021791767554479417
3 0.19114219114219114 0.8401937046004843 0.020396270396270396 0.021791767554479417
3 0.21212121212121213 0.8692493946731235 0.06177156177156177 0.021791767554479417
3 0.19201631701631702 0.9921307506053268 0.02156177156177156 0.013317191283292978
3 0.2663170163170163 0.5423728813559322 0.01282051282051282 0.021791767554479417
3 0.27972027972027974 0.6368038740920097 0.023892773892773892 0.021791767554479417
3 0.2896270396270396 0.6658595641646489 0.022144522144522144 0.021791767554479417
3 0.2931235431235431 0.6949152542372882 0.023310023310023312 0.021791767554479417
3 0.2517482517482518 0.7239709443099274 0.018065268065268064 0.021791767554479417
3 0.2762237762237762 0.7530266343825666 0.01282051282051282 0.021791767554479417
3 0.2872960372960373 0.7820823244552058 0.01282051282051282 0.021791767554479417
3 0.23892773892773891 0.8111380145278451 0.01048951048951049 0.021791767554479417
3 0.2092074592074592 0.8401937046004843 0.008158508158508158 0.021791767554479417
3 0.2505827505827506 0.8692493946731235 0.008741258741258742 0.021791767554479417
3 0.21416083916083917 0.9921307506053268 0.018065268065268064 0.013317191283292978
3 0.22319347319347319 0.05205811138014528 0.06701631701631702 0.024213075060532687
3 0.21853146853146854 0.07506053268765134 0.06701631701631702 0.024213075060532687
3 0.22435897435897437 0.14648910411622276 0.08624708624708624 0.024213075060532687
3 0.25815850815850816 0.1585956416464891 0.15442890442890442 0.048426150121065374