0 0.580939226519337 0.00974770642201835 0.025966850828729283 0.0194954128440367
0 0.7348066298342542 0.13876146788990826 0.062430939226519336 0.016055045871559634
0 0.7878453038674034 0.4518348623853211 0.019889502762430938 0.04128440366972477
0 0.6281767955801105 0.9827981651376146 0.03535911602209945 0.02981651376146789
1 0.7185082872928177 0.010321100917431193 0.18839779005524862 0.020642201834862386
1 0.3751381215469613 0.29701834862385323 0.08839779005524862 0.1834862385321101
1 0.3751381215469613 0.5275229357798165 0.08839779005524862 0.1834862385321101
1 0.3751381215469613 0.7580275229357798 0.08839779005524862 0.1834862385321101
1 0.19751381215469613 0.009174311926605505 0.07458563535911603 0.01834862385321101
2 0.42845303867403317 0.00974770642201835 0.330939226519337 0.0194954128440367
2 0.4505524861878453 0.0028669724770642203 0.008287292817679558 0.005733944954128441
3 0.5035911602209945 0.006880733944954129 0.130939226519337 0.013761467889908258
3 0.598342541436464 0.9827981651376146 0.019889502762430938 0.020642201834862386
3 0.5091160220994475 0.0045871559633027525 0.10441988950276243 0.009174311926605505
3 0.5091160220994475 0.0045871559633027525 0.10441988950276243 0.009174311926605505
3 0.23314917127071824 0.19839449541284404 0.15359116022099448 0.034403669724770644
3 0.605524861878453 0.22018348623853212 0.34640883977900555 0.02981651376146789
3 0.605524861878453 0.4506880733944954 0.34640883977900555 0.02981651376146789
3 0.605524861878453 0.6811926605504587 0.34640883977900555 0.02981651376146789
3 0.605524861878453 0.911697247706422 0.34640883977900555 0.02981651376146789
3 0.3287292817679558 0.05619266055045872 0.024861878453038673 0.022935779816513763
3 0.3651933701657459 0.05619266055045872 0.027624309392265192 0.022935779816513763
3 0.4138121546961326 0.05619266055045872 0.049723756906077346 0.022935779816513763
3 0.4580110497237569 0.05619266055045872 0.019337016574585635 0.022935779816513763
3 0.4900552486187845 0.05619266055045872 0.024861878453038673 0.022935779816513763
3 0.5232044198895027 0.05619266055045872 0.02154696132596685 0.022935779816513763
3 0.19226519337016573 0.5034403669724771 0.0718232044198895 0.020642201834862386
3 0.19613259668508287 0.5928899082568807 0.07955801104972375 0.020642201834862386
3 0.2005524861878453 0.6204128440366973 0.08895027624309393 0.020642201834862386
3 0.2022099447513812 0.6479357798165137 0.09171270718232044 0.020642201834862386
3 0.1839779005524862 0.6754587155963303 0.055248618784530384 0.020642201834862386
3 0.19668508287292819 0.7029816513761468 0.08121546961325966 0.020642201834862386
3 0.2022099447513812 0.7305045871559633 0.09171270718232044 0.020642201834862386
3 0.17955801104972377 0.7580275229357798 0.04640883977900553 0.020642201834862386
3 0.16574585635359115 0.7855504587155964 0.019337016574585635 0.020642201834862386
3 0.1856353591160221 0.8130733944954128 0.05856353591160221 0.020642201834862386
3 0.16629834254143647 0.9334862385321101 0.019889502762430938 0.020642201834862386
3 0.23701657458563535 0.5034403669724771 0.012154696132596685 0.020642201834862386
3 0.24972375690607734 0.5928899082568807 0.022651933701657457 0.020642201834862386
3 0.2591160220994475 0.6204128440366973 0.020994475138121547 0.020642201834862386
3 0.26243093922651933 0.6479357798165137 0.022099447513812154 0.020642201834862386
3 0.22320441988950276 0.6754587155963303 0.01712707182320442 0.020642201834862386
3 0.24640883977900552 0.7029816513761468 0.012154696132596685 0.020642201834862386
3 0.2569060773480663 0.7305045871559633 0.012154696132596685 0.020642201834862386
3 0.2110497237569061 0.7580275229357798 0.009944751381215469 0.020642201834862386
3 0.18287292817679557 0.7855504587155964 0.0077348066298342545 0.020642201834862386
3 0.22209944751381216 0.8130733944954128 0.008287292817679558 0.020642201834862386
3 0.18729281767955802 0.9334862385321101 0.016574585635359115 0.020642201834862386
3 0.19613259668508287 0.0389908256880734 0.06353591160220995 0.022935779816513763
3 0.19171270718232045 0.06077981651376147 0.06353591160220995 0.022935779816513763
3 0.19723756906077347 0.12844036697247707 0.08176795580110498 0.022935779816513763
3 0.2292817679558011 0.13990825688073394 0.1464088397790055 0.045871559633027525