0 0.5858638743455498 0.02608695652173913 0.024083769633507852 0.042391304347826085
0 0.7319371727748691 0.1608695652173913 0.059162303664921465 0.015217391304347827
0 0.7821989528795812 0.45760869565217394 0.018848167539267015 0.0391304347826087
0 0.6308900523560209 0.9608695652173913 0.033507853403141365 0.02826086956521739
1 0.7162303664921466 0.02717391304347826 0.17801047120418848 0.042391304347826085
1 0.3910994764397906 0.3108695652173913 0.08376963350785341 0.17391304347826086
1 0.3910994764397906 0.5293478260869565 0.08376963350785341 0.17391304347826086
1 0.3910994764397906 0.7478260869565218 0.08376963350785341 0.17391304347826086
1 0.22251308900523561 0.02717391304347826 0.07015706806282722 0.03695652173913044
2 0.44136125654450264 0.02608695652173913 0.31308900523560207 0.042391304347826085
2 0.46230366492146596 0.02608695652173913 0.007329842931937173 0.015217391304347827
3 0.512565445026178 0.02717391304347826 0.12356020942408377 0.02826086956521739
3 0.6026178010471204 0.9608695652173913 0.018848167539267015 0.01956521739130435
3 0.5178010471204189 0.02608695652173913 0.09842931937172775 0.021739130434782608
3 0.5178010471204189 0.02608695652173913 0.09842931937172775 0.021739130434782608
3 0.25654450261780104 0.21739130434782608 0.14554973821989528 0.03260869565217391
3 0.6094240837696335 0.23804347826086958 0.32827225130890053 0.02826086956521739
3 0.6094240837696335 0.45652173913043476 0.32827225130890053 0.02826086956521739
3 0.6094240837696335 0.675 0.32827225130890053 0.02826086956521739
3 0.6094240837696335 0.8934782608695652 0.32827225130890053 0.02826086956521739
3 0.3471204188481675 0.08260869565217391 0.02356020942408377 0.021739130434782608
3 0.38167539267015704 0.08260869565217391 0.02617801047120419 0.021739130434782608
3 0.42774869109947644 0.08260869565217391 0.04712041884816754 0.021739130434782608
3 0.46963350785340313 0.08260869565217391 0.01832460732984293 0.021739130434782608
3 0.5 0.08260869565217391 0.02356020942408377 0.021739130434782608
3 0.5314136125654451 0.08260869565217391 0.020418848167539267 0.021739130434782608
3 0.21780104712041884 0.5065217391304347 0.06806282722513089 0.01956521739130435
3 0.22146596858638742 0.591304347826087 0.07539267015706806 0.01956521739130435
3 0.2256544502617801 0.6173913043478261 0.08429319371727749 0.01956521739130435
3 0.22722513089005236 0.6434782608695652 0.08691099476439791 0.01956521739130435
3 0.2099476439790576 0.6695652173913044 0.05235602094240838 0.01956521739130435
3 0.22198952879581152 0.6956521739130435 0.07696335078534032 0.01956521739130435
3 0.22722513089005236 0.7217391304347827 0.08691099476439791 0.01956521739130435
3 0.20575916230366492 0.7478260869565218 0.04397905759162304 0.01956521739130435
3 0.19267015706806281 0.7739130434782608 0.01832460732984293 0.01956521739130435
3 0.21151832460732983 0.8 0.05549738219895288 0.01956521739130435
3 0.1931937172774869 0.9141304347826087 0.018848167539267015 0.01956521739130435
3 0.2602094240837696 0.5065217391304347 0.011518324607329843 0.01956521739130435
3 0.27225130890052357 0.591304347826087 0.021465968586387434 0.01956521739130435
3 0.281151832460733 0.6173913043478261 0.019895287958115182 0.01956521739130435
3 0.28429319371727746 0.6434782608695652 0.020942408376963352 0.01956521739130435
3 0.24712041884816754 0.6695652173913044 0.016230366492146597 0.01956521739130435
3 0.26910994764397905 0.6956521739130435 0.011518324607329843 0.01956521739130435
3 0.27905759162303667 0.7217391304347827 0.011518324607329843 0.01956521739130435
3 0.2356020942408377 0.7478260869565218 0.009424083769633508 0.01956521739130435
3 0.2089005235602094 0.7739130434782608 0.007329842931937173 0.01956521739130435
3 0.24607329842931938 0.8 0.007853403141361256 0.01956521739130435
3 0.2130890052356021 0.9141304347826087 0.015706806282722512 0.01956521739130435
3 0.22146596858638742 0.06630434782608696 0.060209424083769635 0.021739130434782608
3 0.21727748691099477 0.08695652173913043 0.060209424083769635 0.021739130434782608
3 0.22251308900523561 0.15108695652173912 0.0774869109947644 0.021739130434782608
3 0.25287958115183246 0.16195652173913044 0.1387434554973822 0.043478260869565216