0 0.5927807486631016 0.021111111111111112 0.025133689839572194 0.042222222222222223
0 0.741711229946524 0.14888888888888888 0.06042780748663101 0.015555555555555555
0 0.8085561497326204 0.3411111111111111 0.019251336898395723 0.04
1 0.7259358288770054 0.021666666666666667 0.18235294117647058 0.043333333333333335
1 0.4802139037433155 0.30444444444444446 0.057754010695187166 0.14666666666666667
1 0.47807486631016044 0.2822222222222222 0.07807486631016043 0.1622222222222222
1 0.574331550802139 0.2822222222222222 0.07807486631016043 0.1622222222222222
1 0.6705882352941176 0.2822222222222222 0.07807486631016043 0.1622222222222222
1 0.7668449197860963 0.2822222222222222 0.07807486631016043 0.1622222222222222
1 0.39358288770053473 0.6255555555555555 0.0855614973262032 0.17777777777777778
1 0.39358288770053473 0.8488888888888889 0.0855614973262032 0.17777777777777778
1 0.22139037433155082 0.021111111111111112 0.07165775401069518 0.03777777777777778
2 0.4451871657754011 0.021111111111111112 0.32032085561497325 0.042222222222222223
2 0.48502673796791446 0.02 0.0074866310160427805 0.015555555555555555
3 0.5267379679144385 0.021111111111111112 0.10748663101604278 0.028888888888888888
3 0.39893048128342246 0.25666666666666665 0.0962566844919786 0.06
3 0.39893048128342246 0.3377777777777778 0.0962566844919786 0.06666666666666667
3 0.4299465240641711 0.43222222222222223 0.1839572192513369 0.04888888888888889
3 0.47807486631016044 0.4388888888888889 0.0748663101604278 0.03111111111111111
3 0.574331550802139 0.4388888888888889 0.0748663101604278 0.03111111111111111
3 0.6705882352941176 0.4388888888888889 0.0748663101604278 0.03111111111111111
3 0.7668449197860963 0.4388888888888889 0.0748663101604278 0.03111111111111111
3 0.47005347593582886 0.6333333333333333 0.04224598930481283 0.021111111111111112
3 0.6165775401069519 0.7966666666666666 0.3352941176470588 0.015555555555555555
3 0.48877005347593583 0.8722222222222222 0.07967914438502674 0.021111111111111112
3 0.5320855614973262 0.02 0.08181818181818182 0.022222222222222223
3 0.5320855614973262 0.02 0.08181818181818182 0.022222222222222223
3 0.25614973262032087 0.21555555555555556 0.14866310160427806 0.03333333333333333
3 0.6165775401069519 0.5511111111111111 0.3352941176470588 0.028888888888888888
3 0.6165775401069519 0.7744444444444445 0.3352941176470588 0.028888888888888888
3 0.34866310160427805 0.07777777777777778 0.02406417112299465 0.022222222222222223
3 0.3839572192513369 0.07777777777777778 0.026737967914438502 0.022222222222222223
3 0.4310160427807487 0.07777777777777778 0.0481283422459893 0.022222222222222223
3 0.4737967914438503 0.07777777777777778 0.01871657754010695 0.022222222222222223
3 0.5048128342245989 0.07777777777777778 0.02406417112299465 0.022222222222222223
3 0.5368983957219251 0.07777777777777778 0.02085561497326203 0.022222222222222223
3 0.21657754010695188 0.5111111111111111 0.06951871657754011 0.02
3 0.20481283422459892 0.5977777777777777 0.045989304812834225 0.02
3 0.19037433155080213 0.6244444444444445 0.017112299465240642 0.02
3 0.2053475935828877 0.6511111111111111 0.04759358288770053 0.02
3 0.21176470588235294 0.6777777777777778 0.059893048128342244 0.02
3 0.19572192513368983 0.7044444444444444 0.027807486631016044 0.02
3 0.21871657754010695 0.7311111111111112 0.07379679144385026 0.02
3 0.21336898395721926 0.7577777777777778 0.06363636363636363 0.02
3 0.20962566844919786 0.7844444444444445 0.05561497326203209 0.02
3 0.19090909090909092 0.8111111111111111 0.01818181818181818 0.02
3 0.19144385026737967 0.8977777777777778 0.019251336898395723 0.02
3 0.2 0.9844444444444445 0.03636363636363636 0.02
3 0.2620320855614973 0.5111111111111111 0.016042780748663103 0.02
3 0.24064171122994651 0.5977777777777777 0.019786096256684493 0.02
3 0.20802139037433154 0.6244444444444445 0.011764705882352941 0.02
3 0.23850267379679144 0.6511111111111111 0.01229946524064171 0.02
3 0.25080213903743315 0.6777777777777778 0.01229946524064171 0.02
3 0.21871657754010695 0.7044444444444444 0.011764705882352941 0.02
3 0.2620320855614973 0.7311111111111112 0.0074866310160427805 0.02
3 0.2518716577540107 0.7577777777777778 0.0074866310160427805 0.02
3 0.24438502673796791 0.7844444444444445 0.008021390374331552 0.02
3 0.20855614973262032 0.8111111111111111 0.011764705882352941 0.02
3 0.20962566844919786 0.8977777777777778 0.01229946524064171 0.02
3 0.23048128342245988 0.9844444444444445 0.019251336898395723 0.02
3 0.22032085561497325 0.06111111111111111 0.06149732620320856 0.022222222222222223
3 0.2160427807486631 0.08222222222222222 0.06149732620320856 0.022222222222222223
3 0.2267379679144385 0.14777777777777779 0.08983957219251337 0.022222222222222223
3 0.24438502673796791 0.15888888888888889 0.12566844919786097 0.044444444444444446