0 0.1853546910755149 0.2327790973871734 0.011441647597254004 0.023752969121140142
0 0.7374141876430206 0.09263657957244656 0.06464530892448513 0.0166270783847981
1 0.36498855835240274 0.25653206650831356 0.09153318077803203 0.19002375296912113
1 0.36498855835240274 0.49524940617577196 0.09153318077803203 0.19002375296912113
1 0.36498855835240274 0.7339667458432304 0.09153318077803203 0.19002375296912113
3 0.44679633867276886 0.2648456057007126 0.04519450800915332 0.022565320665083134
3 0.6035469107551488 0.43942992874109266 0.358695652173913 0.0166270783847981
3 0.44679633867276886 0.5427553444180523 0.04519450800915332 0.022565320665083134
3 0.6035469107551488 0.6781472684085511 0.358695652173913 0.0166270783847981
3 0.44679633867276886 0.7814726840855107 0.04519450800915332 0.022565320665083134
3 0.44679633867276886 0.9809976247030879 0.04519450800915332 0.022565320665083134
3 0.21796338672768878 0.1543942992874109 0.15903890160183065 0.035629453681710214
3 0.6035469107551488 0.17695961995249407 0.358695652173913 0.030878859857482184
3 0.6035469107551488 0.4156769596199525 0.358695652173913 0.030878859857482184
3 0.6035469107551488 0.6543942992874109 0.358695652173913 0.030878859857482184
3 0.6035469107551488 0.8931116389548693 0.358695652173913 0.030878859857482184
3 0.3169336384439359 0.010095011876484561 0.02631578947368421 0.020190023752969122
3 0.3549771167048055 0.010095011876484561 0.02917620137299771 0.020190023752969122
3 0.4053203661327231 0.010095011876484561 0.05205949656750572 0.020190023752969122
3 0.45080091533180777 0.010095011876484561 0.020594965675057208 0.020190023752969122
3 0.4839816933638444 0.010095011876484561 0.02631578947368421 0.020190023752969122
3 0.5183066361556065 0.010095011876484561 0.02288329519450801 0.020190023752969122
3 0.17562929061784896 0.44061757719714967 0.07437070938215103 0.021377672209026127
3 0.16304347826086957 0.5332541567695962 0.04919908466819222 0.021377672209026127
3 0.14759725400457666 0.5617577197149644 0.018306636155606407 0.021377672209026127
3 0.16361556064073227 0.5902612826603325 0.05091533180778032 0.021377672209026127
3 0.17048054919908467 0.6187648456057007 0.06407322654462243 0.021377672209026127
3 0.17791762013729978 0.6472684085510689 0.07894736842105263 0.021377672209026127
3 0.15331807780320367 0.6757719714964371 0.029748283752860413 0.021377672209026127
3 0.14816933638443935 0.7042755344418052 0.019450800915331808 0.021377672209026127
3 0.14874141876430205 0.7969121140142518 0.020594965675057208 0.021377672209026127
3 0.15675057208237986 0.8895486935866983 0.03718535469107551 0.021377672209026127
3 0.16475972540045766 0.982185273159145 0.05320366132723112 0.021377672209026127
3 0.2231121281464531 0.44061757719714967 0.015446224256292907 0.021377672209026127
3 0.20194508009153317 0.5332541567695962 0.02231121281464531 0.021377672209026127
3 0.16647597254004576 0.5617577197149644 0.013157894736842105 0.021377672209026127
3 0.19908466819221968 0.5902612826603325 0.013157894736842105 0.021377672209026127
3 0.21109839816933637 0.6187648456057007 0.010869565217391304 0.021377672209026127
3 0.2242562929061785 0.6472684085510689 0.008009153318077803 0.021377672209026127
3 0.17562929061784896 0.6757719714964371 0.008009153318077803 0.021377672209026127
3 0.16418764302059496 0.7042755344418052 0.007437070938215103 0.021377672209026127
3 0.16819221967963388 0.7969121140142518 0.012585812356979404 0.021377672209026127
3 0.18478260869565216 0.8895486935866983 0.012585812356979404 0.021377672209026127
3 0.2030892448512586 0.982185273159145 0.017734553775743706 0.021377672209026127
3 0.17505720823798626 0.011876484560570071 0.06578947368421052 0.023752969121140142
3 0.18649885583524028 0.08194774346793349 0.09610983981693363 0.023752969121140142
3 0.2053775743707094 0.09382422802850356 0.13443935926773457 0.047505938242280284