0 0.6220338983050847 0.02464788732394366 0.02598870056497175 0.045774647887323945
0 0.2672316384180791 0.3086854460093897 0.011299435028248588 0.023474178403755867
0 0.7796610169491526 0.1607981220657277 0.06384180790960452 0.01643192488262911
0 0.8621468926553673 0.24882629107981222 0.01807909604519774 0.03755868544600939
1 0.7627118644067796 0.025821596244131457 0.192090395480226 0.045774647887323945
1 0.3711864406779661 0.25 0.031073446327683617 0.06455399061032864
1 0.49830508474576274 0.25 0.031073446327683617 0.06455399061032864
1 0.6254237288135593 0.25 0.031073446327683617 0.06455399061032864
1 0.752542372881356 0.25 0.031073446327683617 0.06455399061032864
1 0.411864406779661 0.4284037558685446 0.0903954802259887 0.18779342723004694
1 0.411864406779661 0.6643192488262911 0.0903954802259887 0.18779342723004694
1 0.411864406779661 0.9002347417840375 0.0903954802259887 0.18779342723004694
1 0.22994350282485876 0.025821596244131457 0.07570621468926554 0.03990610328638498
2 0.4661016949152542 0.02464788732394366 0.33785310734463275 0.045774647887323945
2 0.5096045197740113 0.02464788732394366 0.007909604519774011 0.01643192488262911
3 0.5531073446327683 0.025821596244131457 0.11242937853107345 0.03051643192488263
3 0.6474576271186441 0.3732394366197183 0.35423728813559324 0.01643192488262911
3 0.5124293785310734 0.45305164319248825 0.08418079096045197 0.022300469483568074
3 0.6474576271186441 0.6514084507042254 0.35423728813559324 0.01643192488262911
3 0.5124293785310734 0.7312206572769953 0.08418079096045197 0.022300469483568074
3 0.6474576271186441 0.8450704225352113 0.35423728813559324 0.01643192488262911
3 0.5124293785310734 0.9248826291079812 0.08418079096045197 0.022300469483568074
3 0.5587570621468927 0.02464788732394366 0.08531073446327683 0.023474178403755867
3 0.5587570621468927 0.02464788732394366 0.08531073446327683 0.023474178403755867
3 0.26666666666666666 0.2312206572769953 0.15706214689265538 0.035211267605633804
3 0.6474576271186441 0.34976525821596244 0.35423728813559324 0.03051643192488263
3 0.6474576271186441 0.6279342723004695 0.35423728813559324 0.03051643192488263
3 0.6474576271186441 0.8215962441314554 0.35423728813559324 0.03051643192488263
3 0.4288135593220339 0.23591549295774647 0.07344632768361582 0.022300469483568074
3 0.5559322033898305 0.23591549295774647 0.07344632768361582 0.022300469483568074
3 0.6830508474576271 0.23591549295774647 0.07344632768361582 0.022300469483568074
3 0.8101694915254237 0.23591549295774647 0.07344632768361582 0.022300469483568074
3 0.3644067796610169 0.08568075117370892 0.025423728813559324 0.023474178403755867
3 0.4016949152542373 0.08568075117370892 0.02824858757062147 0.023474178403755867
3 0.4514124293785311 0.08568075117370892 0.05084745762711865 0.023474178403755867
3 0.4966101694915254 0.08568075117370892 0.01977401129943503 0.023474178403755867
3 0.5293785310734463 0.08568075117370892 0.025423728813559324 0.023474178403755867
3 0.5632768361581921 0.08568075117370892 0.022033898305084745 0.023474178403755867
3 0.21242937853107344 0.6044600938967136 0.04858757062146893 0.02112676056338028
3 0.19717514124293786 0.6326291079812206 0.01807909604519774 0.02112676056338028
3 0.21299435028248587 0.6607981220657277 0.05028248587570622 0.02112676056338028
3 0.21977401129943502 0.6889671361502347 0.06327683615819209 0.02112676056338028
3 0.20282485875706216 0.7171361502347418 0.02937853107344633 0.02112676056338028
3 0.1977401129943503 0.7453051643192489 0.0192090395480226 0.02112676056338028
3 0.19830508474576272 0.8368544600938967 0.020338983050847456 0.02112676056338028
3 0.20734463276836157 0.9284037558685446 0.0384180790960452 0.02112676056338028
3 0.23389830508474577 0.9565727699530516 0.09209039548022599 0.02112676056338028
3 0.24858757062146894 0.6044600938967136 0.01751412429378531 0.02112676056338028
3 0.21468926553672316 0.6326291079812206 0.010169491525423728 0.02112676056338028
3 0.2457627118644068 0.6607981220657277 0.00847457627118644 0.02112676056338028
3 0.25875706214689265 0.6889671361502347 0.00847457627118644 0.02112676056338028
3 0.2248587570621469 0.7171361502347418 0.00847457627118644 0.02112676056338028
3 0.21412429378531073 0.7453051643192489 0.007909604519774011 0.02112676056338028
3 0.21525423728813559 0.8368544600938967 0.007909604519774011 0.02112676056338028
3 0.23672316384180792 0.9284037558685446 0.015254237288135594 0.02112676056338028
3 0.29152542372881357 0.9565727699530516 0.01694915254237288 0.02112676056338028
3 0.2288135593220339 0.06807511737089202 0.06497175141242938 0.023474178403755867
3 0.22429378531073446 0.0903755868544601 0.06497175141242938 0.023474178403755867
3 0.23559322033898306 0.1596244131455399 0.09491525423728814 0.023474178403755867
3 0.2542372881355932 0.17136150234741784 0.1327683615819209 0.046948356807511735