0 0.5733146067415731 0.018107476635514017 0.026404494382022473 0.036214953271028034
0 0.7297752808988764 0.19626168224299065 0.06348314606741573 0.016355140186915886
0 0.6202247191011236 0.8259345794392523 0.033707865168539325 0.030373831775700934
1 0.7132022471910112 0.018691588785046728 0.19157303370786516 0.037383177570093455
1 0.36404494382022473 0.3574766355140187 0.0898876404494382 0.18691588785046728
1 0.36404494382022473 0.5969626168224299 0.0898876404494382 0.18691588785046728
1 0.36404494382022473 0.8317757009345794 0.0898876404494382 0.18691588785046728
1 0.18342696629213484 0.017523364485981307 0.07584269662921349 0.035046728971962614
2 0.4182584269662921 0.018107476635514017 0.3365168539325843 0.036214953271028034
2 0.4404494382022472 0.012850467289719626 0.007865168539325843 0.016355140186915886
3 0.49466292134831463 0.015186915887850467 0.13314606741573035 0.030373831775700934
3 0.4550561797752809 0.42990654205607476 0.06573033707865168 0.02219626168224299
3 0.5910112359550562 0.8259345794392523 0.020224719101123594 0.02102803738317757
3 0.5 0.012850467289719626 0.10561797752808989 0.02336448598130841
3 0.5 0.012850467289719626 0.10561797752808989 0.02336448598130841
3 0.2196629213483146 0.25116822429906543 0.15617977528089888 0.07009345794392523
3 0.598314606741573 0.3212616822429907 0.35224719101123597 0.030373831775700934
3 0.598314606741573 0.5186915887850467 0.35224719101123597 0.030373831775700934
3 0.598314606741573 0.7535046728971962 0.35224719101123597 0.030373831775700934
3 0.31685393258426964 0.07359813084112149 0.025280898876404494 0.02336448598130841
3 0.3539325842696629 0.07359813084112149 0.028089887640449437 0.02336448598130841
3 0.40337078651685393 0.07359813084112149 0.05056179775280899 0.02336448598130841
3 0.44831460674157303 0.07359813084112149 0.019662921348314606 0.02336448598130841
3 0.48089887640449436 0.07359813084112149 0.025280898876404494 0.02336448598130841
3 0.5146067415730337 0.07359813084112149 0.021910112359550562 0.02336448598130841
3 0.17808988764044945 0.5794392523364486 0.07303370786516854 0.02102803738317757
3 0.18820224719101122 0.6705607476635514 0.09325842696629214 0.02102803738317757
3 0.1797752808988764 0.6985981308411215 0.07696629213483146 0.02102803738317757
3 0.18651685393258427 0.7266355140186916 0.09044943820224718 0.02102803738317757
3 0.18202247191011237 0.7546728971962616 0.08089887640449438 0.02102803738317757
3 0.18764044943820224 0.7827102803738317 0.09213483146067415 0.02102803738317757
3 0.18820224719101122 0.8107476635514018 0.09325842696629214 0.02102803738317757
3 0.18258426966292135 0.8387850467289719 0.08258426966292134 0.02102803738317757
3 0.15955056179775282 0.866822429906542 0.035955056179775284 0.02102803738317757
3 0.1707865168539326 0.8948598130841121 0.058426966292134834 0.02102803738317757
3 0.22808988764044943 0.5794392523364486 0.021910112359550562 0.02102803738317757
3 0.25112359550561797 0.6705607476635514 0.02752808988764045 0.02102803738317757
3 0.23370786516853934 0.6985981308411215 0.024719101123595506 0.02102803738317757
3 0.24831460674157305 0.7266355140186916 0.025842696629213482 0.02102803738317757
3 0.2393258426966292 0.7546728971962616 0.028089887640449437 0.02102803738317757
3 0.25 0.7827102803738317 0.02752808988764045 0.02102803738317757
3 0.25224719101123594 0.8107476635514018 0.028089887640449437 0.02102803738317757
3 0.2393258426966292 0.8387850467289719 0.025280898876404494 0.02102803738317757
3 0.19325842696629214 0.866822429906542 0.025842696629213482 0.02102803738317757
3 0.21629213483146068 0.8948598130841121 0.026404494382022473 0.02102803738317757
3 0.18202247191011237 0.056074766355140186 0.06460674157303371 0.02336448598130841
3 0.17752808988764046 0.07827102803738317 0.06460674157303371 0.02336448598130841
3 0.18314606741573033 0.18574766355140188 0.08314606741573034 0.02336448598130841