0 0.2242562929061785 0.23871733966745842 0.011441647597254004 0.023752969121140142
0 0.7763157894736842 0.09857482185273159 0.06464530892448513 0.0166270783847981
0 0.665903890160183 0.49524940617577196 0.036613272311212815 0.030878859857482184
0 0.6681922196796338 0.7339667458432304 0.041762013729977114 0.030878859857482184
1 0.40389016018306634 0.26247030878859856 0.09153318077803203 0.19002375296912113
1 0.40389016018306634 0.501187648456057 0.09153318077803203 0.19002375296912113
1 0.40389016018306634 0.7399049881235155 0.09153318077803203 0.19002375296912113
3 0.4856979405034325 0.27078384798099764 0.04519450800915332 0.022565320665083134
3 0.4856979405034325 0.5095011876484561 0.04519450800915332 0.022565320665083134
3 0.6350114416475973 0.49524940617577196 0.020594965675057208 0.021377672209026127
3 0.4965675057208238 0.7695961995249406 0.06693363844393593 0.022565320665083134
3 0.6350114416475973 0.7339667458432304 0.020594965675057208 0.021377672209026127
3 0.6424485125858124 0.9655581947743468 0.358695652173913 0.0166270783847981
3 0.2568649885583524 0.16033254156769597 0.15903890160183065 0.035629453681710214
3 0.6424485125858124 0.1828978622327791 0.358695652173913 0.030878859857482184
3 0.6424485125858124 0.42161520190023755 0.358695652173913 0.030878859857482184
3 0.6424485125858124 0.6603325415676959 0.358695652173913 0.030878859857482184
3 0.6424485125858124 0.9418052256532067 0.358695652173913 0.030878859857482184
3 0.35583524027459956 0.013064133016627079 0.02574370709382151 0.023752969121140142
3 0.39359267734553777 0.013064133016627079 0.028604118993135013 0.023752969121140142
3 0.4439359267734554 0.013064133016627079 0.05148741418764302 0.023752969121140142
3 0.4897025171624714 0.013064133016627079 0.02002288329519451 0.023752969121140142
3 0.522883295194508 0.013064133016627079 0.02574370709382151 0.023752969121140142
3 0.5572082379862701 0.013064133016627079 0.02231121281464531 0.023752969121140142
3 0.2145308924485126 0.44655581947743467 0.07437070938215103 0.021377672209026127
3 0.21853546910755148 0.5391923990498813 0.08237986270022883 0.021377672209026127
3 0.20137299771167047 0.5676959619952494 0.04805491990846682 0.021377672209026127
3 0.2248283752860412 0.5961995249406176 0.09496567505720824 0.021377672209026127
3 0.21910755148741418 0.6247030878859857 0.08409610983981694 0.021377672209026127
3 0.2248283752860412 0.6532066508313539 0.09496567505720824 0.021377672209026127
3 0.20594965675057209 0.6817102137767221 0.057780320366132724 0.021377672209026127
3 0.21624713958810068 0.7102137767220903 0.07837528604118993 0.021377672209026127
3 0.18764302059496568 0.8028503562945368 0.020594965675057208 0.021377672209026127
3 0.1956521739130435 0.8954869358669834 0.03718535469107551 0.021377672209026127
3 0.18878718535469108 0.9881235154394299 0.02288329519450801 0.021377672209026127
3 0.2608695652173913 0.44655581947743467 0.012585812356979404 0.021377672209026127
3 0.267162471395881 0.5391923990498813 0.009725400457665904 0.021377672209026127
3 0.2374141876430206 0.5676959619952494 0.017162471395881007 0.021377672209026127
3 0.2831807780320366 0.5961995249406176 0.015446224256292907 0.021377672209026127
3 0.2700228832951945 0.6247030878859857 0.012013729977116704 0.021377672209026127
3 0.2803203661327231 0.6532066508313539 0.010869565217391304 0.021377672209026127
3 0.2425629290617849 0.6817102137767221 0.008581235697940504 0.021377672209026127
3 0.261441647597254 0.7102137767220903 0.006292906178489702 0.021377672209026127
3 0.20881006864988558 0.8028503562945368 0.016590389016018305 0.021377672209026127
3 0.2248283752860412 0.8954869358669834 0.014874141876430207 0.021377672209026127
3 0.2122425629290618 0.9881235154394299 0.017734553775743706 0.021377672209026127
3 0.21853546910755148 0.004156769596199525 0.06636155606407322 0.00831353919239905
3 0.2139588100686499 0.017814726840855107 0.06578947368421052 0.023752969121140142
3 0.21967963386727687 0.08788598574821853 0.08466819221967964 0.023752969121140142
3 0.2528604118993135 0.0997624703087886 0.15160183066361557 0.047505938242280284