0 0.23321956769055746 0.26713947990543735 0.011376564277588168 0.02364066193853428
0 0.7821387940841866 0.1276595744680851 0.06427758816837315 0.016548463356973995
0 0.6723549488054608 0.5224586288416075 0.03640500568828214 0.030732860520094562
0 0.6746302616609784 0.7600472813238771 0.04152445961319681 0.030732860520094562
1 0.4118316268486917 0.2907801418439716 0.09101251422070535 0.18912529550827423
1 0.4118316268486917 0.5283687943262412 0.09101251422070535 0.18912529550827423
1 0.4118316268486917 0.7659574468085106 0.09101251422070535 0.18912529550827423
3 0.4931740614334471 0.2990543735224586 0.044937428896473265 0.022458628841607566
3 0.4931740614334471 0.5366430260047281 0.044937428896473265 0.022458628841607566
3 0.6416382252559727 0.5224586288416075 0.020477815699658702 0.02127659574468085
3 0.5039817974971559 0.7955082742316785 0.06655290102389079 0.022458628841607566
3 0.6416382252559727 0.7600472813238771 0.020477815699658702 0.02127659574468085
3 0.649032992036405 0.9905437352245863 0.35665529010238906 0.016548463356973995
3 0.2656427758816837 0.18912529550827423 0.15813424345847554 0.03546099290780142
3 0.649032992036405 0.2115839243498818 0.35665529010238906 0.030732860520094562
3 0.649032992036405 0.4491725768321513 0.35665529010238906 0.030732860520094562
3 0.649032992036405 0.6867612293144209 0.35665529010238906 0.030732860520094562
3 0.649032992036405 0.966903073286052 0.35665529010238906 0.030732860520094562
3 0.3640500568828214 0.0425531914893617 0.025597269624573378 0.02364066193853428
3 0.40159271899886234 0.0425531914893617 0.02844141069397042 0.02364066193853428
3 0.45164960182025027 0.0425531914893617 0.051194539249146756 0.02364066193853428
3 0.49715585893060293 0.0425531914893617 0.019908987485779295 0.02364066193853428
3 0.5301478953356087 0.0425531914893617 0.025597269624573378 0.02364066193853428
3 0.5642775881683731 0.0425531914893617 0.02218430034129693 0.02364066193853428
3 0.2235494880546075 0.4739952718676123 0.07394766780432309 0.02127659574468085
3 0.22753128555176336 0.566193853427896 0.08191126279863481 0.02127659574468085
3 0.21046643913538113 0.5945626477541371 0.04778156996587031 0.02127659574468085
3 0.23378839590443687 0.6229314420803782 0.09442548350398179 0.02127659574468085
3 0.22810011376564276 0.6513002364066194 0.08361774744027303 0.02127659574468085
3 0.23378839590443687 0.6796690307328606 0.09442548350398179 0.02127659574468085
3 0.2150170648464164 0.7080378250591016 0.05745164960182025 0.02127659574468085
3 0.22525597269624573 0.7364066193853428 0.07792946530147896 0.02127659574468085
3 0.19681456200227532 0.8286052009456265 0.020477815699658702 0.02127659574468085
3 0.20477815699658702 0.9208037825059102 0.036973833902161544 0.02127659574468085
3 0.2696245733788396 0.4739952718676123 0.012514220705346985 0.02127659574468085
3 0.27588168373151306 0.566193853427896 0.009670079635949944 0.02127659574468085
3 0.24630261660978384 0.5945626477541371 0.017064846416382253 0.02127659574468085
3 0.29180887372013653 0.6229314420803782 0.015358361774744027 0.02127659574468085
3 0.2787258248009101 0.6513002364066194 0.011945392491467578 0.02127659574468085
3 0.28896473265073946 0.6796690307328606 0.01080773606370876 0.02127659574468085
3 0.2514220705346985 0.7080378250591016 0.008532423208191127 0.02127659574468085
3 0.270193401592719 0.7364066193853428 0.006257110352673493 0.02127659574468085
3 0.21786120591581343 0.8286052009456265 0.016496018202502846 0.02127659574468085
3 0.23378839590443687 0.9208037825059102 0.01478953356086462 0.02127659574468085
3 0.22753128555176336 0.024822695035460994 0.06541524459613197 0.02364066193853428
3 0.2229806598407281 0.04728132387706856 0.06541524459613197 0.02364066193853428
3 0.22866894197952217 0.11702127659574468 0.08418657565415244 0.02364066193853428
3 0.2616609783845279 0.1288416075650118 0.15073947667804324 0.04728132387706856