0 0.5533898305084746 0.018192488262910797 0.02655367231638418 0.036384976525821594
0 0.14180790960451978 0.29694835680751175 0.011299435028248588 0.023474178403755867
0 0.7107344632768362 0.15845070422535212 0.06384180790960452 0.01643192488262911
1 0.6940677966101695 0.018779342723004695 0.19265536723163842 0.03755868544600939
1 0.34293785310734465 0.3204225352112676 0.0903954802259887 0.18779342723004694
1 0.34293785310734465 0.5985915492957746 0.0903954802259887 0.18779342723004694
1 0.34293785310734465 0.8345070422535211 0.0903954802259887 0.18779342723004694
1 0.1612994350282486 0.017605633802816902 0.07627118644067797 0.035211267605633804
2 0.3974576271186441 0.018192488262910797 0.3384180790960452 0.036384976525821594
2 0.41977401129943503 0.012910798122065728 0.007909604519774011 0.01643192488262911
3 0.47429378531073446 0.015258215962441314 0.13389830508474576 0.03051643192488263
3 0.5785310734463277 0.3075117370892019 0.35423728813559324 0.01643192488262911
3 0.4548022598870056 0.4307511737089202 0.10621468926553672 0.022300469483568074
3 0.5785310734463277 0.5434272300469484 0.35423728813559324 0.01643192488262911
3 0.4548022598870056 0.6666666666666666 0.10621468926553672 0.022300469483568074
3 0.5785310734463277 0.7793427230046949 0.35423728813559324 0.01643192488262911
3 0.4548022598870056 0.9025821596244131 0.10621468926553672 0.022300469483568074
3 0.47966101694915253 0.012910798122065728 0.10621468926553672 0.023474178403755867
3 0.47966101694915253 0.012910798122065728 0.10621468926553672 0.023474178403755867
3 0.1977401129943503 0.21948356807511737 0.15706214689265538 0.035211267605633804
3 0.5785310734463277 0.284037558685446 0.35423728813559324 0.03051643192488263
3 0.5785310734463277 0.5199530516431925 0.35423728813559324 0.03051643192488263
3 0.5785310734463277 0.755868544600939 0.35423728813559324 0.03051643192488263
3 0.5785310734463277 0.9876760563380281 0.35480225988700564 0.022300469483568074
3 0.29548022598870055 0.07394366197183098 0.025423728813559324 0.023474178403755867
3 0.3327683615819209 0.07394366197183098 0.02824858757062147 0.023474178403755867
3 0.3824858757062147 0.07394366197183098 0.05084745762711865 0.023474178403755867
3 0.42768361581920905 0.07394366197183098 0.01977401129943503 0.023474178403755867
3 0.4604519774011299 0.07394366197183098 0.025423728813559324 0.023474178403755867
3 0.4943502824858757 0.07394366197183098 0.022033898305084745 0.023474178403755867
3 0.15593220338983052 0.5927230046948356 0.07344632768361582 0.02112676056338028
3 0.1598870056497175 0.6842723004694836 0.08135593220338982 0.02112676056338028
3 0.14293785310734464 0.7124413145539906 0.04745762711864407 0.02112676056338028
3 0.16610169491525423 0.7406103286384976 0.09378531073446328 0.02112676056338028
3 0.12937853107344632 0.8321596244131455 0.020338983050847456 0.02112676056338028
3 0.16497175141242937 0.9237089201877934 0.09209039548022599 0.02112676056338028
3 0.20056497175141244 0.5927230046948356 0.010169491525423728 0.02112676056338028
3 0.20734463276836157 0.6842723004694836 0.007909604519774011 0.02112676056338028
3 0.17627118644067796 0.7124413145539906 0.012429378531073447 0.02112676056338028
3 0.22033898305084745 0.7406103286384976 0.00847457627118644 0.02112676056338028
3 0.14858757062146893 0.8321596244131455 0.012429378531073447 0.02112676056338028
3 0.22033898305084745 0.9237089201877934 0.012429378531073447 0.02112676056338028
3 0.1598870056497175 0.056338028169014086 0.06497175141242938 0.023474178403755867
3 0.1553672316384181 0.07863849765258216 0.06497175141242938 0.023474178403755867
3 0.16101694915254236 0.14788732394366197 0.08361581920903954 0.023474178403755867
3 0.19378531073446328 0.1596244131455399 0.1497175141242938 0.046948356807511735