0 0.5713114754098361 0.0045351473922902496 0.025683060109289616 0.009070294784580499
0 0.173224043715847 0.26077097505668934 0.01092896174863388 0.022675736961451247
0 0.7234972677595628 0.12698412698412698 0.06174863387978142 0.015873015873015872
1 0.7073770491803278 0.00510204081632653 0.18633879781420765 0.01020408163265306
1 0.36775956284153005 0.2834467120181406 0.08743169398907104 0.18140589569160998
1 0.36775956284153005 0.5521541950113379 0.08743169398907104 0.18140589569160998
1 0.36775956284153005 0.780045351473923 0.08743169398907104 0.18140589569160998
1 0.19207650273224045 0.003968253968253968 0.07377049180327869 0.007936507936507936
2 0.4204918032786885 0.0045351473922902496 0.3273224043715847 0.009070294784580499
3 0.5956284153005464 0.2709750566893424 0.34262295081967215 0.015873015873015872
3 0.47595628415300545 0.3900226757369615 0.10273224043715846 0.021541950113378686
3 0.5956284153005464 0.4988662131519274 0.34262295081967215 0.015873015873015872
3 0.47595628415300545 0.6179138321995464 0.10273224043715846 0.021541950113378686
3 0.5956284153005464 0.7267573696145124 0.34262295081967215 0.015873015873015872
3 0.47595628415300545 0.8458049886621315 0.10273224043715846 0.021541950113378686
3 0.2273224043715847 0.18594104308390022 0.15191256830601094 0.034013605442176874
3 0.5956284153005464 0.24829931972789115 0.34262295081967215 0.02947845804988662
3 0.5956284153005464 0.47619047619047616 0.34262295081967215 0.02947845804988662
3 0.5956284153005464 0.7040816326530612 0.34262295081967215 0.02947845804988662
3 0.5956284153005464 0.9319727891156463 0.34262295081967215 0.02947845804988662
3 0.3218579234972678 0.045351473922902494 0.02459016393442623 0.022675736961451247
3 0.35792349726775957 0.045351473922902494 0.0273224043715847 0.022675736961451247
3 0.4060109289617486 0.045351473922902494 0.04918032786885246 0.022675736961451247
3 0.44972677595628413 0.045351473922902494 0.01912568306010929 0.022675736961451247
3 0.4814207650273224 0.045351473922902494 0.02459016393442623 0.022675736961451247
3 0.514207650273224 0.045351473922902494 0.021311475409836064 0.022675736961451247
3 0.18688524590163935 0.546485260770975 0.07103825136612021 0.02040816326530612
3 0.1907103825136612 0.6349206349206349 0.07868852459016394 0.02040816326530612
3 0.17431693989071037 0.6621315192743764 0.04590163934426229 0.02040816326530612
3 0.19672131147540983 0.6893424036281179 0.0907103825136612 0.02040816326530612
3 0.16120218579234974 0.7777777777777778 0.019672131147540985 0.02040816326530612
3 0.19562841530054645 0.8662131519274376 0.08907103825136611 0.02040816326530612
3 0.16885245901639345 0.9546485260770975 0.03551912568306011 0.02040816326530612
3 0.23005464480874316 0.546485260770975 0.009836065573770493 0.02040816326530612
3 0.2366120218579235 0.6349206349206349 0.007650273224043716 0.02040816326530612
3 0.20655737704918034 0.6621315192743764 0.012021857923497269 0.02040816326530612
3 0.24918032786885247 0.6893424036281179 0.00819672131147541 0.02040816326530612
3 0.17978142076502732 0.7777777777777778 0.012021857923497269 0.02040816326530612
3 0.24918032786885247 0.8662131519274376 0.012021857923497269 0.02040816326530612
3 0.19453551912568307 0.9546485260770975 0.009836065573770493 0.02040816326530612
3 0.1907103825136612 0.02834467120181406 0.06284153005464481 0.022675736961451247
3 0.18633879781420765 0.049886621315192746 0.06284153005464481 0.022675736961451247
3 0.1918032786885246 0.11678004535147392 0.08087431693989071 0.022675736961451247
3 0.22349726775956283 0.12811791383219956 0.1448087431693989 0.045351473922902494