0 0.23333333333333334 0.6628175519630485 0.013333333333333334 0.02771362586605081
0 0.7261111111111112 0.12471131639722864 0.06277777777777778 0.016166281755196306
1 0.36444444444444446 0.2840646651270208 0.08888888888888889 0.18475750577367206
1 0.36444444444444446 0.5161662817551963 0.08888888888888889 0.18475750577367206
1 0.36444444444444446 0.7482678983833718 0.08888888888888889 0.18475750577367206
2 0.16111111111111112 0.6605080831408776 0.034444444444444444 0.028868360277136258
2 0.20555555555555555 0.6605080831408776 0.034444444444444444 0.028868360277136258
3 0.16111111111111112 0.6628175519630485 0.03333333333333333 0.03579676674364896
3 0.20555555555555555 0.6628175519630485 0.03333333333333333 0.03579676674364896
3 0.16111111111111112 0.6628175519630485 0.03333333333333333 0.03579676674364896
3 0.20555555555555555 0.6628175519630485 0.03333333333333333 0.03579676674364896
3 0.22166666666666668 0.20785219399538107 0.15444444444444444 0.03464203233256351
3 0.5961111111111111 0.2066974595842956 0.34833333333333333 0.03002309468822171
3 0.5961111111111111 0.4387990762124711 0.34833333333333333 0.03002309468822171
3 0.5961111111111111 0.7124711316397229 0.34833333333333333 0.03002309468822171
3 0.5961111111111111 0.9030023094688222 0.34833333333333333 0.03002309468822171
3 0.31777777777777777 0.04157043879907621 0.025 0.023094688221709007
3 0.35444444444444445 0.04157043879907621 0.027777777777777776 0.023094688221709007
3 0.4033333333333333 0.04157043879907621 0.05 0.023094688221709007
3 0.4477777777777778 0.04157043879907621 0.019444444444444445 0.023094688221709007
3 0.48 0.04157043879907621 0.025 0.023094688221709007
3 0.5133333333333333 0.04157043879907621 0.021666666666666667 0.023094688221709007
3 0.18055555555555555 0.3371824480369515 0.07222222222222222 0.020785219399538105
3 0.1711111111111111 0.42725173210161665 0.05333333333333334 0.020785219399538105
3 0.17666666666666667 0.45496535796766746 0.065 0.020785219399538105
3 0.15888888888888889 0.5450346420323325 0.028888888888888888 0.020785219399538105
3 0.16166666666666665 0.5727482678983834 0.034444444444444444 0.020785219399538105
3 0.16111111111111112 0.6004618937644342 0.03388888888888889 0.020785219399538105
3 0.17277777777777778 0.628175519630485 0.056666666666666664 0.020785219399538105
3 0.15444444444444444 0.7598152424942263 0.02 0.020785219399538105
3 0.1622222222222222 0.8498845265588915 0.03611111111111111 0.020785219399538105
3 0.15555555555555556 0.9399538106235565 0.022222222222222223 0.020785219399538105
3 0.15555555555555556 0.9676674364896074 0.022222222222222223 0.020785219399538105
3 0.22333333333333333 0.3371824480369515 0.0077777777777777776 0.020785219399538105
3 0.21055555555555555 0.42725173210161665 0.020555555555555556 0.020785219399538105
3 0.22 0.45496535796766746 0.015 0.020785219399538105
3 0.18 0.5450346420323325 0.0077777777777777776 0.020785219399538105
3 0.18777777777777777 0.5727482678983834 0.012222222222222223 0.020785219399538105
3 0.18944444444444444 0.6004618937644342 0.01611111111111111 0.020785219399538105
3 0.20666666666666667 0.628175519630485 0.005555555555555556 0.020785219399538105
3 0.17277777777777778 0.7598152424942263 0.011666666666666667 0.020785219399538105
3 0.19166666666666668 0.8498845265588915 0.016666666666666666 0.020785219399538105
3 0.17722222222222223 0.9399538106235565 0.015 0.020785219399538105
3 0.17777777777777778 0.9676674364896074 0.017222222222222222 0.020785219399538105
3 0.18444444444444444 0.02424942263279446 0.06388888888888888 0.023094688221709007
3 0.18 0.046189376443418015 0.06388888888888888 0.023094688221709007
3 0.18555555555555556 0.11431870669745958 0.08222222222222222 0.023094688221709007
3 0.21777777777777776 0.1258660508083141 0.14722222222222223 0.046189376443418015
3 0.2222222222222222 0.1374133949191686 0.09222222222222222 0.023094688221709007
3 0.15833333333333333 0.1605080831408776 0.027777777777777776 0.023094688221709007