0 0.2265193370165746 0.6605504587155964 0.013259668508287293 0.027522935779816515
0 0.7165745856353591 0.12614678899082568 0.062430939226519336 0.016055045871559634
1 0.3569060773480663 0.28440366972477066 0.08839779005524862 0.1834862385321101
1 0.3569060773480663 0.5149082568807339 0.08839779005524862 0.1834862385321101
1 0.3569060773480663 0.7454128440366973 0.08839779005524862 0.1834862385321101
2 0.15469613259668508 0.658256880733945 0.03425414364640884 0.028669724770642203
2 0.19889502762430938 0.658256880733945 0.03425414364640884 0.028669724770642203
3 0.15469613259668508 0.6605504587155964 0.03314917127071823 0.03555045871559633
3 0.19889502762430938 0.6605504587155964 0.03314917127071823 0.03555045871559633
3 0.15469613259668508 0.6605504587155964 0.03314917127071823 0.03555045871559633
3 0.19889502762430938 0.6605504587155964 0.03314917127071823 0.03555045871559633
3 0.2149171270718232 0.20871559633027523 0.15359116022099448 0.034403669724770644
3 0.587292817679558 0.20756880733944955 0.34640883977900555 0.02981651376146789
3 0.587292817679558 0.4380733944954128 0.34640883977900555 0.02981651376146789
3 0.587292817679558 0.7098623853211009 0.34640883977900555 0.02981651376146789
3 0.587292817679558 0.8990825688073395 0.34640883977900555 0.02981651376146789
3 0.3104972375690608 0.04357798165137615 0.024861878453038673 0.022935779816513763
3 0.3469613259668508 0.04357798165137615 0.027624309392265192 0.022935779816513763
3 0.39558011049723757 0.04357798165137615 0.049723756906077346 0.022935779816513763
3 0.4397790055248619 0.04357798165137615 0.019337016574585635 0.022935779816513763
3 0.4718232044198895 0.04357798165137615 0.024861878453038673 0.022935779816513763
3 0.5049723756906077 0.04357798165137615 0.02154696132596685 0.022935779816513763
3 0.17403314917127072 0.33715596330275227 0.0718232044198895 0.020642201834862386
3 0.16464088397790055 0.42660550458715596 0.05303867403314917 0.020642201834862386
3 0.17016574585635358 0.4541284403669725 0.06464088397790055 0.020642201834862386
3 0.15248618784530388 0.5435779816513762 0.028729281767955802 0.020642201834862386
3 0.1552486187845304 0.5711009174311926 0.03425414364640884 0.020642201834862386
3 0.15469613259668508 0.5986238532110092 0.03370165745856354 0.020642201834862386
3 0.16629834254143647 0.6261467889908257 0.056353591160221 0.020642201834862386
3 0.14806629834254142 0.7568807339449541 0.019889502762430938 0.020642201834862386
3 0.1558011049723757 0.8463302752293578 0.03591160220994475 0.020642201834862386
3 0.14917127071823205 0.9357798165137615 0.022099447513812154 0.020642201834862386
3 0.14917127071823205 0.963302752293578 0.022099447513812154 0.020642201834862386
3 0.2165745856353591 0.33715596330275227 0.0077348066298342545 0.020642201834862386
3 0.20386740331491712 0.42660550458715596 0.020441988950276244 0.020642201834862386
3 0.2132596685082873 0.4541284403669725 0.014917127071823204 0.020642201834862386
3 0.1734806629834254 0.5435779816513762 0.0077348066298342545 0.020642201834862386
3 0.18121546961325966 0.5711009174311926 0.012154696132596685 0.020642201834862386
3 0.18287292817679557 0.5986238532110092 0.016022099447513812 0.020642201834862386
3 0.2 0.6261467889908257 0.0055248618784530384 0.020642201834862386
3 0.16629834254143647 0.7568807339449541 0.011602209944751382 0.020642201834862386
3 0.1850828729281768 0.8463302752293578 0.016574585635359115 0.020642201834862386
3 0.1707182320441989 0.9357798165137615 0.014917127071823204 0.020642201834862386
3 0.1712707182320442 0.963302752293578 0.01712707182320442 0.020642201834862386
3 0.17790055248618786 0.026376146788990827 0.06353591160220995 0.022935779816513763
3 0.1734806629834254 0.0481651376146789 0.06353591160220995 0.022935779816513763
3 0.17900552486187846 0.1158256880733945 0.08176795580110498 0.022935779816513763
3 0.2110497237569061 0.12729357798165136 0.1464088397790055 0.045871559633027525
3 0.2154696132596685 0.13876146788990826 0.09171270718232044 0.022935779816513763
3 0.15193370165745856 0.16169724770642202 0.027624309392265192 0.022935779816513763