0 0.5529176201372997 0.012470308788598575 0.02688787185354691 0.02494061757719715
0 0.7122425629290617 0.1876484560570071 0.06464530892448513 0.0166270783847981
1 0.6953661327231121 0.013064133016627079 0.1950800915331808 0.026128266033254157
1 0.36155606407322655 0.4014251781472684 0.16247139588100687 0.33729216152019004
1 0.5331807780320366 0.4014251781472684 0.16247139588100687 0.33729216152019004
1 0.7048054919908466 0.4014251781472684 0.16247139588100687 0.33729216152019004
1 0.15589244851258582 0.011876484560570071 0.07723112128146453 0.023752969121140142
2 0.3950228832951945 0.012470308788598575 0.3426773455377574 0.02494061757719715
2 0.46824942791762014 0.005344418052256532 0.008581235697940504 0.010688836104513063
3 0.49799771167048057 0.009501187648456057 0.08524027459954234 0.019002375296912115
3 0.31178489702517165 0.668646080760095 0.04061784897025172 0.0166270783847981
3 0.36155606407322655 0.7434679334916865 0.13958810068649885 0.015439429928741092
3 0.4959954233409611 0.649643705463183 0.06578947368421052 0.022565320665083134
3 0.5331807780320366 0.7280285035629454 0.13958810068649885 0.015439429928741092
3 0.6676201372997712 0.6971496437054632 0.06578947368421052 0.022565320665083134
3 0.5037185354691075 0.007125890736342043 0.057780320366132724 0.014251781472684086
3 0.5037185354691075 0.007125890736342043 0.057780320366132724 0.014251781472684086
3 0.19279176201372997 0.22565320665083136 0.15903890160183065 0.035629453681710214
3 0.36155606407322655 0.7125890736342043 0.13958810068649885 0.04275534441805225
3 0.5331807780320366 0.6971496437054632 0.13958810068649885 0.04275534441805225
3 0.7048054919908466 0.7446555819477435 0.13958810068649885 0.04275534441805225
3 0.2917620137299771 0.06294536817102138 0.02574370709382151 0.023752969121140142
3 0.3295194508009153 0.06294536817102138 0.028604118993135013 0.023752969121140142
3 0.37986270022883295 0.06294536817102138 0.05148741418764302 0.023752969121140142
3 0.425629290617849 0.06294536817102138 0.02002288329519451 0.023752969121140142
3 0.4588100686498856 0.06294536817102138 0.02574370709382151 0.023752969121140142
3 0.4931350114416476 0.06294536817102138 0.02231121281464531 0.023752969121140142
3 0.15045766590389015 0.5415676959619953 0.07437070938215103 0.021377672209026127
3 0.12700228832951946 0.6342042755344418 0.02803203661327231 0.021377672209026127
3 0.12585812356979406 0.66270783847981 0.02574370709382151 0.021377672209026127
3 0.12528604118993136 0.6912114014251781 0.02459954233409611 0.021377672209026127
3 0.15503432494279176 0.7197149643705463 0.08409610983981694 0.021377672209026127
3 0.15961098398169338 0.7482185273159145 0.09324942791762014 0.021377672209026127
3 0.13386727688787187 0.7767220902612827 0.041189931350114416 0.021377672209026127
3 0.16189931350114417 0.8052256532066508 0.09782608695652174 0.021377672209026127
3 0.12299771167048056 0.833729216152019 0.019450800915331808 0.021377672209026127
3 0.12356979405034325 0.9263657957244655 0.020594965675057208 0.021377672209026127
3 0.20137299771167047 0.5415676959619953 0.021739130434782608 0.021377672209026127
3 0.15617848970251716 0.6342042755344418 0.02288329519450801 0.021377672209026127
3 0.15331807780320367 0.66270783847981 0.02288329519450801 0.021377672209026127
3 0.15160183066361557 0.6912114014251781 0.02231121281464531 0.021377672209026127
3 0.2128146453089245 0.7197149643705463 0.02517162471395881 0.021377672209026127
3 0.21967963386727687 0.7482185273159145 0.02002288329519451 0.021377672209026127
3 0.16933638443935928 0.7767220902612827 0.02402745995423341 0.021377672209026127
3 0.21967963386727687 0.8052256532066508 0.010869565217391304 0.021377672209026127
3 0.14416475972540047 0.833729216152019 0.017162471395881007 0.021377672209026127
3 0.14874141876430205 0.9263657957244655 0.02402745995423341 0.021377672209026127
3 0.15446224256292906 0.04513064133016627 0.06578947368421052 0.023752969121140142
3 0.14988558352402745 0.06769596199524941 0.06578947368421052 0.023752969121140142
3 0.16533180778032036 0.17695961995249407 0.10411899313501144 0.023752969121140142