0 0.5844632768361582 0.008215962441314555 0.02655367231638418 0.01643192488262911
0 0.7418079096045198 0.1772300469483568 0.06384180790960452 0.01643192488262911
1 0.7251412429378531 0.008802816901408451 0.19265536723163842 0.017605633802816902
1 0.3954802259887006 0.3884976525821596 0.16045197740112993 0.3333333333333333
1 0.5649717514124294 0.3884976525821596 0.16045197740112993 0.3333333333333333
1 0.7344632768361582 0.3884976525821596 0.16045197740112993 0.3333333333333333
1 0.1923728813559322 0.007629107981220657 0.07627118644067797 0.015258215962441314
2 0.4285310734463277 0.008215962441314555 0.3384180790960452 0.01643192488262911
3 0.5302259887005649 0.00528169014084507 0.08418079096045197 0.01056338028169014
3 0.3463276836158192 0.6525821596244131 0.04011299435028248 0.01643192488262911
3 0.3954802259887006 0.7265258215962441 0.13785310734463277 0.015258215962441314
3 0.5282485875706214 0.6338028169014085 0.06497175141242938 0.022300469483568074
3 0.5649717514124294 0.7112676056338029 0.13785310734463277 0.015258215962441314
3 0.6977401129943502 0.6807511737089202 0.06497175141242938 0.022300469483568074
3 0.5358757062146893 0.0029342723004694834 0.05706214689265537 0.005868544600938967
3 0.5358757062146893 0.0029342723004694834 0.05706214689265537 0.005868544600938967
3 0.2288135593220339 0.2147887323943662 0.15706214689265538 0.035211267605633804
3 0.3954802259887006 0.6960093896713615 0.13785310734463277 0.04225352112676056
3 0.5649717514124294 0.6807511737089202 0.13785310734463277 0.04225352112676056
3 0.7344632768361582 0.7276995305164319 0.13785310734463277 0.04225352112676056
3 0.32655367231638416 0.0539906103286385 0.025423728813559324 0.023474178403755867
3 0.3638418079096045 0.0539906103286385 0.02824858757062147 0.023474178403755867
3 0.4135593220338983 0.0539906103286385 0.05084745762711865 0.023474178403755867
3 0.45875706214689266 0.0539906103286385 0.01977401129943503 0.023474178403755867
3 0.4915254237288136 0.0539906103286385 0.025423728813559324 0.023474178403755867
3 0.5254237288135594 0.0539906103286385 0.022033898305084745 0.023474178403755867
3 0.18700564971751413 0.5269953051643192 0.07344632768361582 0.02112676056338028
3 0.1638418079096045 0.6185446009389671 0.02768361581920904 0.02112676056338028
3 0.16271186440677965 0.6467136150234741 0.025423728813559324 0.02112676056338028
3 0.16214689265536722 0.6748826291079812 0.024293785310734464 0.02112676056338028
3 0.19152542372881357 0.7030516431924883 0.08305084745762711 0.02112676056338028
3 0.196045197740113 0.7312206572769953 0.09209039548022599 0.02112676056338028
3 0.17062146892655367 0.7593896713615024 0.04067796610169491 0.02112676056338028
3 0.19830508474576272 0.7875586854460094 0.09661016949152543 0.02112676056338028
3 0.1598870056497175 0.8157276995305164 0.0192090395480226 0.02112676056338028
3 0.16045197740112993 0.9072769953051644 0.020338983050847456 0.02112676056338028
3 0.16977401129943503 0.9935446009389671 0.03898305084745763 0.01056338028169014
3 0.23728813559322035 0.5269953051643192 0.021468926553672316 0.02112676056338028
3 0.19265536723163842 0.6185446009389671 0.022598870056497175 0.02112676056338028
3 0.18983050847457628 0.6467136150234741 0.022598870056497175 0.02112676056338028
3 0.188135593220339 0.6748826291079812 0.022033898305084745 0.02112676056338028
3 0.24858757062146894 0.7030516431924883 0.024858757062146894 0.02112676056338028
3 0.25536723163841807 0.7312206572769953 0.01977401129943503 0.02112676056338028
3 0.20564971751412428 0.7593896713615024 0.023728813559322035 0.02112676056338028
3 0.25536723163841807 0.7875586854460094 0.010734463276836158 0.02112676056338028
3 0.1807909604519774 0.8157276995305164 0.01694915254237288 0.02112676056338028
3 0.18531073446327684 0.9072769953051644 0.023728813559322035 0.02112676056338028
3 0.20225988700564973 0.9935446009389671 0.022598870056497175 0.01056338028169014
3 0.19096045197740114 0.036384976525821594 0.06497175141242938 0.023474178403755867
3 0.1864406779661017 0.05868544600938967 0.06497175141242938 0.023474178403755867
3 0.2016949152542373 0.16666666666666666 0.10282485875706214 0.023474178403755867