0 0.15675057208237986 0.29572446555819476 0.011441647597254004 0.023752969121140142
0 0.2116704805491991 0.7470308788598575 0.013729977116704805 0.028503562945368172
0 0.7191075514874142 0.15558194774346792 0.06464530892448513 0.0166270783847981
1 0.3684210526315789 0.3693586698337292 0.16247139588100687 0.33729216152019004
1 0.540045766590389 0.3693586698337292 0.16247139588100687 0.33729216152019004
1 0.7116704805491991 0.3693586698337292 0.16247139588100687 0.33729216152019004
2 0.13729977116704806 0.7446555819477435 0.03546910755148741 0.029691211401425176
2 0.18306636155606407 0.7446555819477435 0.03546910755148741 0.029691211401425176
3 0.13729977116704806 0.7470308788598575 0.034324942791762014 0.03681710213776722
3 0.18306636155606407 0.7470308788598575 0.034324942791762014 0.03681710213776722
3 0.13729977116704806 0.7470308788598575 0.034324942791762014 0.03681710213776722
3 0.18306636155606407 0.7470308788598575 0.034324942791762014 0.03681710213776722
3 0.19965675057208238 0.2173396674584323 0.15903890160183065 0.035629453681710214
3 0.3684210526315789 0.649643705463183 0.13958810068649885 0.04275534441805225
3 0.540045766590389 0.6282660332541568 0.13958810068649885 0.04275534441805225
3 0.7116704805491991 0.6282660332541568 0.13958810068649885 0.04275534441805225
3 0.2986270022883295 0.030878859857482184 0.02574370709382151 0.023752969121140142
3 0.33638443935926776 0.030878859857482184 0.028604118993135013 0.023752969121140142
3 0.38672768878718533 0.030878859857482184 0.05148741418764302 0.023752969121140142
3 0.43249427917620137 0.030878859857482184 0.02002288329519451 0.023752969121140142
3 0.465675057208238 0.030878859857482184 0.02574370709382151 0.023752969121140142
3 0.5 0.030878859857482184 0.02231121281464531 0.023752969121140142
3 0.15732265446224256 0.41211401425178146 0.07437070938215103 0.021377672209026127
3 0.12700228832951946 0.504750593824228 0.013729977116704805 0.021377672209026127
3 0.14302059496567507 0.5332541567695962 0.04576659038901602 0.021377672209026127
3 0.13901601830663615 0.6258907363420427 0.03832951945080092 0.021377672209026127
3 0.13901601830663615 0.6543942992874109 0.03832951945080092 0.021377672209026127
3 0.13901601830663615 0.6828978622327792 0.03832951945080092 0.021377672209026127
3 0.15102974828375287 0.7114014251781473 0.06178489702517163 0.021377672209026127
3 0.13672768878718536 0.8467933491686461 0.03318077803203661 0.021377672209026127
3 0.13043478260869565 0.8752969121140143 0.020594965675057208 0.021377672209026127
3 0.13443935926773457 0.9679334916864608 0.02917620137299771 0.021377672209026127
3 0.1404462242562929 0.9922802850356295 0.04061784897025172 0.013064133016627079
3 0.2030892448512586 0.41211401425178146 0.012013729977116704 0.021377672209026127
3 0.14530892448512586 0.504750593824228 0.017162471395881007 0.021377672209026127
3 0.17562929061784896 0.5332541567695962 0.013157894736842105 0.021377672209026127
3 0.16475972540045766 0.6258907363420427 0.006292906178489702 0.021377672209026127
3 0.16590389016018306 0.6543942992874109 0.008009153318077803 0.021377672209026127
3 0.16990846681922198 0.6828978622327792 0.016018306636155607 0.021377672209026127
3 0.18764302059496568 0.7114014251781473 0.006292906178489702 0.021377672209026127
3 0.16418764302059496 0.8467933491686461 0.016590389016018305 0.021377672209026127
3 0.14874141876430205 0.8752969121140143 0.010297482837528604 0.021377672209026127
3 0.16132723112128147 0.9679334916864608 0.017162471395881007 0.021377672209026127
3 0.17162471395881007 0.9922802850356295 0.018306636155606407 0.013064133016627079
3 0.16132723112128147 0.013064133016627079 0.06578947368421052 0.023752969121140142
3 0.15675057208237986 0.035629453681710214 0.06578947368421052 0.023752969121140142
3 0.17219679633867277 0.14489311163895488 0.10411899313501144 0.023752969121140142
3 0.2488558352402746 0.14489311163895488 0.028604118993135013 0.023752969121140142
3 0.13386727688787187 0.16864608076009502 0.02803203661327231 0.023752969121140142