0 0.6030092592592593 0.027644230769230768 0.02662037037037037 0.046875
0 0.7164351851851852 0.7295673076923077 0.14583333333333334 0.021634615384615384
0 0.7355324074074074 0.7980769230769231 0.1840277777777778 0.057692307692307696
0 0.7355324074074074 0.8653846153846154 0.1840277777777778 0.057692307692307696
1 0.7471064814814815 0.028846153846153848 0.19675925925925927 0.046875
1 0.18518518518518517 0.21394230769230768 0.02546296296296296 0.052884615384615384
1 0.4056712962962963 0.5132211538461539 0.38657407407407407 0.5625
1 0.18518518518518517 0.2860576923076923 0.02546296296296296 0.052884615384615384
1 0.18518518518518517 0.3581730769230769 0.02546296296296296 0.052884615384615384
1 0.18518518518518517 0.43028846153846156 0.02546296296296296 0.052884615384615384
1 0.18518518518518517 0.5024038461538461 0.02546296296296296 0.052884615384615384
1 0.18518518518518517 0.5745192307692307 0.02546296296296296 0.052884615384615384
1 0.18518518518518517 0.6466346153846154 0.02546296296296296 0.052884615384615384
1 0.18518518518518517 0.71875 0.02546296296296296 0.052884615384615384
1 0.2013888888888889 0.028846153846153848 0.0775462962962963 0.040865384615384616
2 0.44328703703703703 0.027644230769230768 0.3460648148148148 0.046875
3 0.6851851851851852 0.41466346153846156 0.08391203703703703 0.021634615384615384
3 0.6990740740740741 0.6213942307692307 0.1111111111111111 0.021634615384615384
3 0.18518518518518517 0.23317307692307693 0.028935185185185185 0.026442307692307692
3 0.18518518518518517 0.30528846153846156 0.028935185185185185 0.026442307692307692
3 0.18518518518518517 0.37740384615384615 0.028935185185185185 0.026442307692307692
3 0.18518518518518517 0.4495192307692308 0.028935185185185185 0.026442307692307692
3 0.18518518518518517 0.5216346153846154 0.028935185185185185 0.026442307692307692
3 0.18518518518518517 0.59375 0.028935185185185185 0.026442307692307692
3 0.18518518518518517 0.6658653846153846 0.028935185185185185 0.026442307692307692
3 0.18518518518518517 0.7379807692307693 0.028935185185185185 0.026442307692307692
3 0.18518518518518517 0.23317307692307693 0.028935185185185185 0.026442307692307692
3 0.18518518518518517 0.30528846153846156 0.028935185185185185 0.026442307692307692
3 0.18518518518518517 0.37740384615384615 0.028935185185185185 0.026442307692307692
3 0.18518518518518517 0.4495192307692308 0.028935185185185185 0.026442307692307692
3 0.18518518518518517 0.5216346153846154 0.028935185185185185 0.026442307692307692
3 0.18518518518518517 0.59375 0.028935185185185185 0.026442307692307692
3 0.18518518518518517 0.6658653846153846 0.028935185185185185 0.026442307692307692
3 0.18518518518518517 0.7379807692307693 0.028935185185185185 0.026442307692307692
3 0.7245370370370371 0.27524038461538464 0.16261574074074073 0.06009615384615385
3 0.7442129629629629 0.4891826923076923 0.16666666666666666 0.02403846153846154
3 0.7442129629629629 0.5144230769230769 0.16666666666666666 0.021634615384615384
3 0.7430555555555556 0.9447115384615384 0.16898148148148148 0.04326923076923077
3 0.7433449074074074 0.9933894230769231 0.16956018518518517 0.010817307692307692
3 0.6990740740740741 0.5997596153846154 0.1111111111111111 0.020432692307692308
3 0.7291666666666666 0.6826923076923077 0.1712962962962963 0.02403846153846154
3 0.33912037037037035 0.09014423076923077 0.026041666666666668 0.02403846153846154
3 0.3773148148148148 0.09014423076923077 0.028935185185185185 0.02403846153846154
3 0.42824074074074076 0.09014423076923077 0.052083333333333336 0.02403846153846154
3 0.47453703703703703 0.09014423076923077 0.02025462962962963 0.02403846153846154
3 0.5081018518518519 0.09014423076923077 0.026041666666666668 0.02403846153846154
3 0.5428240740740741 0.09014423076923077 0.022569444444444444 0.02403846153846154
3 0.20023148148148148 0.07211538461538461 0.06655092592592593 0.02403846153846154
3 0.19560185185185186 0.09495192307692307 0.06655092592592593 0.02403846153846154
3 0.2818287037037037 0.13822115384615385 0.09953703703703703 0.016826923076923076
3 0.359375 0.13822115384615385 0.03530092592592592 0.016826923076923076
3 0.40335648148148145 0.13822115384615385 0.03298611111111111 0.016826923076923076
3 0.46122685185185186 0.13822115384615385 0.061921296296296294 0.016826923076923076