0 0.595945945945946 0.016255605381165918 0.025405405405405406 0.032511210762331835
0 0.21945945945945947 0.3632286995515695 0.010810810810810811 0.02242152466367713
0 0.2972972972972973 0.3632286995515695 0.010810810810810811 0.02242152466367713
0 0.7464864864864865 0.1860986547085202 0.06108108108108108 0.01569506726457399
1 0.7305405405405405 0.016816143497757848 0.18432432432432433 0.033632286995515695
1 0.4151351351351351 0.38789237668161436 0.1535135135135135 0.3183856502242152
1 0.5772972972972973 0.38789237668161436 0.1535135135135135 0.3183856502242152
1 0.7394594594594595 0.38789237668161436 0.1535135135135135 0.3183856502242152
1 0.2208108108108108 0.01569506726457399 0.07297297297297298 0.03139013452914798
2 0.44675675675675675 0.016255605381165918 0.3237837837837838 0.032511210762331835
2 0.5102702702702703 0.010089686098654708 0.0075675675675675675 0.01569506726457399
3 0.5413513513513514 0.013452914798206279 0.08594594594594594 0.026905829596412557
3 0.3772972972972973 0.6221973094170403 0.05621621621621622 0.021300448430493273
3 0.5394594594594595 0.6221973094170403 0.05621621621621622 0.021300448430493273
3 0.7016216216216217 0.6221973094170403 0.05621621621621622 0.021300448430493273
3 0.5467567567567567 0.011210762331838564 0.06 0.02242152466367713
3 0.5467567567567567 0.011210762331838564 0.06 0.02242152466367713
3 0.2556756756756757 0.2556053811659193 0.15027027027027026 0.10089686098654709
3 0.4151351351351351 0.6670403587443946 0.1318918918918919 0.04035874439461883
3 0.5772972972972973 0.6670403587443946 0.1318918918918919 0.04035874439461883
3 0.7394594594594595 0.6670403587443946 0.1318918918918919 0.04035874439461883
3 0.3491891891891892 0.06838565022421525 0.024324324324324326 0.02242152466367713
3 0.3848648648648649 0.06838565022421525 0.02702702702702703 0.02242152466367713
3 0.43243243243243246 0.06838565022421525 0.04864864864864865 0.02242152466367713
3 0.4756756756756757 0.06838565022421525 0.01891891891891892 0.02242152466367713
3 0.5070270270270271 0.06838565022421525 0.024324324324324326 0.02242152466367713
3 0.5394594594594595 0.06838565022421525 0.02108108108108108 0.02242152466367713
3 0.21567567567567567 0.6457399103139013 0.07027027027027027 0.020179372197309416
3 0.19243243243243244 0.7331838565022422 0.024324324324324326 0.020179372197309416
3 0.19135135135135134 0.7600896860986547 0.02216216216216216 0.020179372197309416
3 0.19135135135135134 0.7869955156950673 0.02216216216216216 0.020179372197309416
3 0.20702702702702702 0.8139013452914798 0.05297297297297297 0.020179372197309416
3 0.18756756756756757 0.8408071748878924 0.014594594594594595 0.020179372197309416
3 0.18702702702702703 0.8677130044843049 0.012972972972972972 0.020179372197309416
3 0.18756756756756757 0.8946188340807175 0.014594594594594595 0.020179372197309416
3 0.18864864864864864 0.92152466367713 0.016216216216216217 0.020179372197309416
3 0.18756756756756757 0.9484304932735426 0.014054054054054054 0.020179372197309416
3 0.2572972972972973 0.6457399103139013 0.0075675675675675675 0.020179372197309416
3 0.21567567567567567 0.7331838565022422 0.015675675675675675 0.020179372197309416
3 0.21297297297297296 0.7600896860986547 0.014594594594594595 0.020179372197309416
3 0.21297297297297296 0.7869955156950673 0.014594594594594595 0.020179372197309416
3 0.2427027027027027 0.8139013452914798 0.012432432432432432 0.020179372197309416
3 0.20324324324324325 0.8408071748878924 0.01027027027027027 0.020179372197309416
3 0.20216216216216215 0.8677130044843049 0.012432432432432432 0.020179372197309416
3 0.20378378378378378 0.8946188340807175 0.011891891891891892 0.020179372197309416
3 0.20540540540540542 0.92152466367713 0.011891891891891892 0.020179372197309416
3 0.20324324324324325 0.9484304932735426 0.011891891891891892 0.020179372197309416
3 0.21945945945945947 0.0515695067264574 0.062162162162162166 0.02242152466367713
3 0.21513513513513513 0.07286995515695067 0.062162162162162166 0.02242152466367713
3 0.22702702702702704 0.17600896860986548 0.09297297297297297 0.02242152466367713
3 0.29945945945945945 0.17600896860986548 0.032432432432432434 0.02242152466367713