0 0.5957446808510638 0.029801324503311258 0.02446808510638298 0.04304635761589404
0 0.7441489361702127 0.20309050772626933 0.0601063829787234 0.01545253863134658
1 0.7281914893617021 0.03090507726269316 0.18085106382978725 0.04304635761589404
1 0.41808510638297874 0.40176600441501104 0.15106382978723404 0.31346578366445915
1 0.5776595744680851 0.40176600441501104 0.15106382978723404 0.31346578366445915
1 0.7372340425531915 0.40176600441501104 0.15106382978723404 0.31346578366445915
1 0.22659574468085106 0.03090507726269316 0.07127659574468086 0.037527593818984545
2 0.44893617021276594 0.029801324503311258 0.3180851063829787 0.04304635761589404
2 0.45372340425531915 0.029801324503311258 0.007446808510638298 0.01545253863134658
3 0.5127659574468085 0.03090507726269316 0.14202127659574468 0.02869757174392936
3 0.38085106382978723 0.6766004415011038 0.05531914893617021 0.02097130242825607
3 0.5611702127659575 0.6324503311258278 0.09680851063829787 0.02097130242825607
3 0.5776595744680851 0.7052980132450332 0.12978723404255318 0.01434878587196468
3 0.7101063829787234 0.6324503311258278 0.07553191489361702 0.02097130242825607
3 0.5180851063829788 0.029801324503311258 0.11648936170212766 0.02207505518763797
3 0.5180851063829788 0.029801324503311258 0.11648936170212766 0.02207505518763797
3 0.2611702127659574 0.2152317880794702 0.1478723404255319 0.06622516556291391
3 0.41808510638297874 0.7207505518763797 0.12978723404255318 0.039735099337748346
3 0.5776595744680851 0.6766004415011038 0.12978723404255318 0.039735099337748346
3 0.7372340425531915 0.6766004415011038 0.12978723404255318 0.039735099337748346
3 0.35319148936170214 0.08719646799116998 0.023936170212765957 0.02207505518763797
3 0.3882978723404255 0.08719646799116998 0.026595744680851064 0.02207505518763797
3 0.4351063829787234 0.08719646799116998 0.047872340425531915 0.02207505518763797
3 0.4776595744680851 0.08719646799116998 0.018617021276595744 0.02207505518763797
3 0.5085106382978724 0.08719646799116998 0.023936170212765957 0.02207505518763797
3 0.5404255319148936 0.08719646799116998 0.02074468085106383 0.02207505518763797
3 0.22180851063829787 0.5253863134657837 0.06914893617021277 0.019867549668874173
3 0.22659574468085106 0.6114790286975718 0.07872340425531915 0.019867549668874173
3 0.19946808510638298 0.6379690949227373 0.025 0.019867549668874173
3 0.20319148936170212 0.6644591611479028 0.032446808510638296 0.019867549668874173
3 0.23351063829787233 0.6909492273730684 0.0925531914893617 0.019867549668874173
3 0.20212765957446807 0.717439293598234 0.03031914893617021 0.019867549668874173
3 0.22925531914893618 0.7439293598233996 0.08404255319148936 0.019867549668874173
3 0.22287234042553192 0.7704194260485652 0.07180851063829788 0.019867549668874173
3 0.2351063829787234 0.7969094922737306 0.09627659574468085 0.019867549668874173
3 0.2276595744680851 0.8233995584988962 0.08138297872340426 0.019867549668874173
3 0.19680851063829788 0.9392935982339956 0.019148936170212766 0.019867549668874173
3 0.26861702127659576 0.5253863134657837 0.019148936170212766 0.019867549668874173
3 0.28191489361702127 0.6114790286975718 0.026063829787234042 0.019867549668874173
3 0.22606382978723405 0.6379690949227373 0.022872340425531913 0.019867549668874173
3 0.23563829787234042 0.6644591611479028 0.027127659574468086 0.019867549668874173
3 0.29627659574468085 0.6909492273730684 0.027127659574468086 0.019867549668874173
3 0.23297872340425532 0.717439293598234 0.026063829787234042 0.019867549668874173
3 0.2856382978723404 0.7439293598233996 0.022340425531914895 0.019867549668874173
3 0.2723404255319149 0.7704194260485652 0.02127659574468085 0.019867549668874173
3 0.29521276595744683 0.7969094922737306 0.018085106382978722 0.019867549668874173
3 0.27872340425531916 0.8233995584988962 0.015425531914893617 0.019867549668874173
3 0.22074468085106383 0.9392935982339956 0.023936170212765957 0.019867549668874173
3 0.225531914893617 0.0706401766004415 0.061170212765957445 0.02207505518763797
3 0.22127659574468084 0.09161147902869757 0.061170212765957445 0.02207505518763797