0 0.601639344262295 0.02834467120181406 0.025136612021857924 0.04421768707482993
0 0.7540983606557377 0.20634920634920634 0.06174863387978142 0.015873015873015872
0 0.4781420765027322 0.8378684807256236 0.019672131147540985 0.04081632653061224
1 0.7377049180327869 0.02947845804988662 0.18579234972677597 0.04421768707482993
1 0.4191256830601093 0.41043083900226757 0.1551912568306011 0.3219954648526077
1 0.5830601092896175 0.41043083900226757 0.1551912568306011 0.3219954648526077
1 0.7469945355191256 0.41043083900226757 0.1551912568306011 0.3219954648526077
1 0.22240437158469945 0.02947845804988662 0.073224043715847 0.03854875283446712
2 0.45081967213114754 0.02834467120181406 0.326775956284153 0.04421768707482993
2 0.5153005464480874 0.02834467120181406 0.007650273224043716 0.015873015873015872
3 0.546448087431694 0.02947845804988662 0.08633879781420765 0.02947845804988662
3 0.3808743169398907 0.6473922902494331 0.05683060109289618 0.021541950113378686
3 0.5448087431693989 0.6927437641723356 0.05683060109289618 0.021541950113378686
3 0.7087431693989071 0.6473922902494331 0.05683060109289618 0.021541950113378686
3 0.5519125683060109 0.02834467120181406 0.060109289617486336 0.022675736961451247
3 0.5519125683060109 0.02834467120181406 0.060109289617486336 0.022675736961451247
3 0.25792349726775954 0.24263038548752835 0.15191256830601094 0.034013605442176874
3 0.4191256830601093 0.6927437641723356 0.13333333333333333 0.04081632653061224
3 0.5830601092896175 0.7380952380952381 0.13333333333333333 0.04081632653061224
3 0.7469945355191256 0.6927437641723356 0.13333333333333333 0.04081632653061224
3 0.3524590163934426 0.0873015873015873 0.02459016393442623 0.022675736961451247
3 0.3885245901639344 0.0873015873015873 0.0273224043715847 0.022675736961451247
3 0.43661202185792347 0.0873015873015873 0.04918032786885246 0.022675736961451247
3 0.48032786885245904 0.0873015873015873 0.01912568306010929 0.022675736961451247
3 0.5120218579234973 0.0873015873015873 0.02459016393442623 0.022675736961451247
3 0.5448087431693989 0.0873015873015873 0.021311475409836064 0.022675736961451247
3 0.2174863387978142 0.54421768707483 0.07103825136612021 0.02040816326530612
3 0.21475409836065573 0.6326530612244898 0.06612021857923497 0.02040816326530612
3 0.20273224043715846 0.6598639455782312 0.04207650273224044 0.02040816326530612
3 0.21092896174863388 0.6870748299319728 0.05792349726775956 0.02040816326530612
3 0.20163934426229507 0.7142857142857143 0.03989071038251366 0.02040816326530612
3 0.19726775956284154 0.7414965986394558 0.03114754098360656 0.02040816326530612
3 0.19344262295081968 0.7687074829931972 0.023497267759562842 0.02040816326530612
3 0.20163934426229507 0.7959183673469388 0.03934426229508197 0.02040816326530612
3 0.19562841530054645 0.8231292517006803 0.027868852459016394 0.02040816326530612
3 0.2010928961748634 0.8503401360544217 0.03825136612021858 0.02040816326530612
3 0.21092896174863388 0.9693877551020408 0.058469945355191254 0.02040816326530612
3 0.20491803278688525 0.9926303854875284 0.046994535519125684 0.012471655328798186
3 0.26229508196721313 0.54421768707483 0.013114754098360656 0.02040816326530612
3 0.2644808743169399 0.6326530612244898 0.026775956284153007 0.02040816326530612
3 0.23825136612021858 0.6598639455782312 0.022404371584699455 0.02040816326530612
3 0.2530054644808743 0.6870748299319728 0.020218579234972677 0.02040816326530612
3 0.2355191256830601 0.7142857142857143 0.022404371584699455 0.02040816326530612
3 0.2262295081967213 0.7414965986394558 0.019672131147540985 0.02040816326530612
3 0.2185792349726776 0.7687074829931972 0.019672131147540985 0.02040816326530612
3 0.23497267759562843 0.7959183673469388 0.020765027322404372 0.02040816326530612
3 0.22076502732240438 0.8231292517006803 0.016939890710382512 0.02040816326530612
3 0.23060109289617486 0.8503401360544217 0.015846994535519125 0.02040816326530612
3 0.2562841530054645 0.9693877551020408 0.026775956284153007 0.02040816326530612
3 0.24344262295081967 0.9926303854875284 0.023497267759562842 0.012471655328798186
3 0.22131147540983606 0.07029478458049887 0.06284153005464481 0.022675736961451247
3 0.21693989071038253 0.09183673469387756 0.06284153005464481 0.022675736961451247
3 0.22896174863387977 0.1961451247165533 0.09398907103825137 0.022675736961451247