0 0.5716216216216217 0.01961883408071749 0.025405405405405406 0.03923766816143498
0 0.23243243243243245 0.2623318385650224 0.01891891891891892 0.028026905829596414
0 0.2091891891891892 0.29596412556053814 0.010810810810810811 0.02242152466367713
0 0.7221621621621621 0.18385650224215247 0.06108108108108108 0.01569506726457399
0 0.7751351351351351 0.4282511210762332 0.034594594594594595 0.07174887892376682
1 0.7062162162162162 0.020179372197309416 0.18432432432432433 0.04035874439461883
1 0.3772972972972973 0.3374439461883408 0.03783783783783784 0.06502242152466367
1 0.3908108108108108 0.7679372197309418 0.1535135135135135 0.2399103139013453
1 0.552972972972973 0.7679372197309418 0.1535135135135135 0.2399103139013453
1 0.7151351351351352 0.7679372197309418 0.1535135135135135 0.2399103139013453
1 0.19648648648648648 0.01905829596412556 0.07297297297297298 0.03811659192825112
2 0.42243243243243245 0.01961883408071749 0.3237837837837838 0.03923766816143498
2 0.4535135135135135 0.016816143497757848 0.0075675675675675675 0.01569506726457399
3 0.5005405405405405 0.017937219730941704 0.11783783783783784 0.02914798206278027
3 0.505945945945946 0.016816143497757848 0.0918918918918919 0.02242152466367713
3 0.505945945945946 0.016816143497757848 0.0918918918918919 0.02242152466367713
3 0.23135135135135135 0.22869955156950672 0.15027027027027026 0.033632286995515695
3 0.43729729729729727 0.3374439461883408 0.06486486486486487 0.05044843049327354
3 0.3910810810810811 0.9887892376681614 0.1281081081081081 0.020179372197309416
3 0.552972972972973 0.9887892376681614 0.12756756756756757 0.020179372197309416
3 0.7154054054054054 0.9887892376681614 0.1281081081081081 0.020179372197309416
3 0.3248648648648649 0.07511210762331838 0.024324324324324326 0.02242152466367713
3 0.3605405405405405 0.07511210762331838 0.02702702702702703 0.02242152466367713
3 0.4081081081081081 0.07511210762331838 0.04864864864864865 0.02242152466367713
3 0.45135135135135135 0.07511210762331838 0.01891891891891892 0.02242152466367713
3 0.4827027027027027 0.07511210762331838 0.024324324324324326 0.02242152466367713
3 0.5151351351351351 0.07511210762331838 0.02108108108108108 0.02242152466367713
3 0.19135135135135134 0.40582959641255606 0.07027027027027027 0.020179372197309416
3 0.1810810810810811 0.49327354260089684 0.05027027027027027 0.020179372197309416
3 0.18756756756756757 0.5201793721973094 0.06324324324324325 0.020179372197309416
3 0.1837837837837838 0.547085201793722 0.055675675675675676 0.020179372197309416
3 0.1881081081081081 0.5739910313901345 0.06432432432432432 0.020179372197309416
3 0.1908108108108108 0.600896860986547 0.06972972972972973 0.020179372197309416
3 0.17081081081081081 0.6278026905829597 0.02918918918918919 0.020179372197309416
3 0.17081081081081081 0.6547085201793722 0.02918918918918919 0.020179372197309416
3 0.1918918918918919 0.6816143497757847 0.0718918918918919 0.020179372197309416
3 0.17297297297297298 0.7085201793721974 0.03351351351351351 0.020179372197309416
3 0.17621621621621622 0.8262331838565022 0.04 0.020179372197309416
3 0.17243243243243242 0.8531390134529148 0.032432432432432434 0.020179372197309416
3 0.16864864864864865 0.8800448430493274 0.024864864864864864 0.020179372197309416
3 0.16216216216216217 0.9069506726457399 0.011891891891891892 0.020179372197309416
3 0.16378378378378378 0.9338565022421524 0.015135135135135135 0.020179372197309416
3 0.17027027027027028 0.9607623318385651 0.02810810810810811 0.020179372197309416
3 0.1681081081081081 0.9876681614349776 0.024324324324324326 0.020179372197309416
3 0.23891891891891892 0.40582959641255606 0.02 0.020179372197309416
3 0.22 0.49327354260089684 0.021621621621621623 0.020179372197309416
3 0.23297297297297298 0.5201793721973094 0.02216216216216216 0.020179372197309416
3 0.22594594594594594 0.547085201793722 0.022702702702702703 0.020179372197309416
3 0.23513513513513515 0.5739910313901345 0.022702702702702703 0.020179372197309416
3 0.23783783783783785 0.600896860986547 0.018378378378378378 0.020179372197309416
3 0.1962162162162162 0.6278026905829597 0.016216216216216217 0.020179372197309416
3 0.1962162162162162 0.6547085201793722 0.016216216216216217 0.020179372197309416
3 0.23945945945945946 0.6816143497757847 0.016216216216216217 0.020179372197309416
3 0.20108108108108108 0.7085201793721974 0.016756756756756756 0.020179372197309416
3 0.21081081081081082 0.8262331838565022 0.023243243243243242 0.020179372197309416
3 0.20162162162162162 0.8531390134529148 0.02054054054054054 0.020179372197309416
3 0.19567567567567568 0.8800448430493274 0.022702702702702703 0.020179372197309416
3 0.1827027027027027 0.9069506726457399 0.023243243243243242 0.020179372197309416
3 0.18432432432432433 0.9338565022421524 0.02 0.020179372197309416
3 0.19675675675675675 0.9607623318385651 0.02 0.020179372197309416
3 0.19243243243243244 0.9876681614349776 0.018378378378378378 0.020179372197309416
3 0.19513513513513514 0.05829596412556054 0.062162162162162166 0.02242152466367713
3 0.1908108108108108 0.0795964125560538 0.062162162162162166 0.02242152466367713
3 0.1908108108108108 0.1827354260089686 0.06918918918918919 0.02242152466367713