0 0.5991712707182321 0.009174311926605505 0.025966850828729283 0.01834862385321101
0 0.2569060773480663 0.24655963302752293 0.019337016574585635 0.028669724770642203
0 0.7530386740331492 0.16628440366972477 0.062430939226519336 0.016055045871559634
0 0.8071823204419889 0.41628440366972475 0.03535911602209945 0.07339449541284404
1 0.7367403314917127 0.00974770642201835 0.18839779005524862 0.0194954128440367
1 0.4005524861878453 0.32454128440366975 0.03867403314917127 0.08027522935779817
1 0.4143646408839779 0.7637614678899083 0.1569060773480663 0.24541284403669725
1 0.580110497237569 0.7637614678899083 0.1569060773480663 0.24541284403669725
1 0.7458563535911602 0.7637614678899083 0.1569060773480663 0.24541284403669725
1 0.21574585635359117 0.008600917431192661 0.07458563535911603 0.017201834862385322
2 0.4466850828729282 0.009174311926605505 0.330939226519337 0.01834862385321101
2 0.5245856353591161 0.0022935779816513763 0.008287292817679558 0.0045871559633027525
3 0.549171270718232 0.006307339449541285 0.07513812154696133 0.01261467889908257
3 0.554696132596685 0.0040137614678899085 0.04861878453038674 0.008027522935779817
3 0.554696132596685 0.0040137614678899085 0.04861878453038674 0.008027522935779817
3 0.2513812154696133 0.2121559633027523 0.15359116022099448 0.034403669724770644
3 0.48011049723756904 0.32339449541284404 0.10276243093922652 0.051605504587155966
3 0.41464088397790055 0.989105504587156 0.130939226519337 0.0194954128440367
3 0.5803867403314917 0.989105504587156 0.130939226519337 0.0194954128440367
3 0.7461325966850829 0.989105504587156 0.130939226519337 0.0194954128440367
3 0.3469613259668508 0.05504587155963303 0.024861878453038673 0.022935779816513763
3 0.3834254143646409 0.05504587155963303 0.027624309392265192 0.022935779816513763
3 0.4320441988950276 0.05504587155963303 0.049723756906077346 0.022935779816513763
3 0.47624309392265196 0.05504587155963303 0.019337016574585635 0.022935779816513763
3 0.5082872928176796 0.05504587155963303 0.024861878453038673 0.022935779816513763
3 0.5414364640883977 0.05504587155963303 0.02154696132596685 0.022935779816513763
3 0.21049723756906077 0.35206422018348627 0.0718232044198895 0.020642201834862386
3 0.2 0.4415137614678899 0.05138121546961326 0.020642201834862386
3 0.20662983425414364 0.4690366972477064 0.06464088397790055 0.020642201834862386
3 0.20276243093922652 0.49655963302752293 0.0569060773480663 0.020642201834862386
3 0.20718232044198895 0.5240825688073395 0.06574585635359116 0.020642201834862386
3 0.20994475138121546 0.551605504587156 0.0712707182320442 0.020642201834862386
3 0.18950276243093922 0.5791284403669725 0.02983425414364641 0.020642201834862386
3 0.18950276243093922 0.606651376146789 0.02983425414364641 0.020642201834862386
3 0.2110497237569061 0.6341743119266054 0.07348066298342541 0.020642201834862386
3 0.19005524861878453 0.661697247706422 0.03149171270718232 0.020642201834862386
3 0.1856353591160221 0.7821100917431193 0.022651933701657457 0.020642201834862386
3 0.1878453038674033 0.8096330275229358 0.026519337016574586 0.020642201834862386
3 0.1867403314917127 0.8371559633027523 0.024861878453038673 0.020642201834862386
3 0.18287292817679557 0.8646788990825688 0.016574585635359115 0.020642201834862386
3 0.19005524861878453 0.8922018348623854 0.03149171270718232 0.020642201834862386
3 0.18950276243093922 0.9197247706422018 0.02983425414364641 0.020642201834862386
3 0.18453038674033148 0.9472477064220184 0.019889502762430938 0.020642201834862386
3 0.1867403314917127 0.9747706422018348 0.024861878453038673 0.020642201834862386
3 0.18646408839779005 0.9954128440366973 0.023756906077348067 0.006880733944954129
3 0.26022099447513813 0.35206422018348627 0.022651933701657457 0.020642201834862386
3 0.24033149171270718 0.4415137614678899 0.023204419889502764 0.020642201834862386
3 0.25303867403314917 0.4690366972477064 0.022651933701657457 0.020642201834862386
3 0.2447513812154696 0.49655963302752293 0.020994475138121547 0.020642201834862386
3 0.2541436464088398 0.5240825688073395 0.02154696132596685 0.020642201834862386
3 0.2596685082872928 0.551605504587156 0.022651933701657457 0.020642201834862386
3 0.21823204419889503 0.5791284403669725 0.022651933701657457 0.020642201834862386
3 0.21712707182320443 0.606651376146789 0.020441988950276244 0.020642201834862386
3 0.26077348066298345 0.6341743119266054 0.01878453038674033 0.020642201834862386
3 0.21712707182320443 0.661697247706422 0.016574585635359115 0.020642201834862386
3 0.21160220994475137 0.7821100917431193 0.022099447513812154 0.020642201834862386
3 0.2149171270718232 0.8096330275229358 0.02154696132596685 0.020642201834862386
3 0.2138121546961326 0.8371559633027523 0.023204419889502764 0.020642201834862386
3 0.20497237569060772 0.8646788990825688 0.022099447513812154 0.020642201834862386
3 0.21988950276243094 0.8922018348623854 0.020994475138121547 0.020642201834862386
3 0.2176795580110497 0.9197247706422018 0.02154696132596685 0.020642201834862386
3 0.20718232044198895 0.9472477064220184 0.019337016574585635 0.020642201834862386
3 0.212707182320442 0.9747706422018348 0.020994475138121547 0.020642201834862386
3 0.21049723756906077 0.9954128440366973 0.020994475138121547 0.006880733944954129
3 0.2143646408839779 0.03784403669724771 0.06353591160220995 0.022935779816513763
3 0.20994475138121546 0.05963302752293578 0.06353591160220995 0.022935779816513763
3 0.20994475138121546 0.1651376146788991 0.0707182320441989 0.022935779816513763