0 0.24670329670329672 0.23515981735159816 0.019230769230769232 0.028538812785388126
0 0.7373626373626374 0.1552511415525114 0.06208791208791209 0.01598173515981735
0 0.45989010989010987 0.9029680365296804 0.01978021978021978 0.0410958904109589
1 0.7211538461538461 0.0045662100456621 0.18736263736263736 0.0091324200913242
1 0.40054945054945057 0.5148401826484018 0.15604395604395604 0.24429223744292236
1 0.5653846153846154 0.5148401826484018 0.15604395604395604 0.24429223744292236
1 0.7302197802197802 0.5148401826484018 0.15604395604395604 0.24429223744292236
3 0.23846153846153847 0.2009132420091324 0.15274725274725276 0.03424657534246575
3 0.40054945054945057 0.75 0.12967032967032968 0.0410958904109589
3 0.5653846153846154 0.7397260273972602 0.12967032967032968 0.02054794520547945
3 0.7302197802197802 0.7397260273972602 0.12967032967032968 0.02054794520547945
3 0.3631868131868132 0.3424657534246575 0.08131868131868132 0.030821917808219176
3 0.44395604395604393 0.3424657534246575 0.08131868131868132 0.030821917808219176
3 0.5252747252747253 0.3424657534246575 0.08131868131868132 0.030821917808219176
3 0.606043956043956 0.3424657534246575 0.08131868131868132 0.030821917808219176
3 0.6873626373626374 0.3424657534246575 0.08131868131868132 0.030821917808219176
3 0.3335164835164835 0.04452054794520548 0.024725274725274724 0.0228310502283105
3 0.3697802197802198 0.04452054794520548 0.027472527472527472 0.0228310502283105
3 0.41813186813186815 0.04452054794520548 0.04945054945054945 0.0228310502283105
3 0.4620879120879121 0.04452054794520548 0.019230769230769232 0.0228310502283105
3 0.493956043956044 0.04452054794520548 0.024725274725274724 0.0228310502283105
3 0.5269230769230769 0.04452054794520548 0.02142857142857143 0.0228310502283105
3 0.1978021978021978 0.3401826484018265 0.07142857142857142 0.02054794520547945
3 0.18736263736263736 0.4292237442922374 0.0510989010989011 0.02054794520547945
3 0.1901098901098901 0.45662100456621 0.056593406593406594 0.02054794520547945
3 0.19395604395604396 0.4840182648401826 0.06428571428571428 0.02054794520547945
3 0.1945054945054945 0.5114155251141552 0.06538461538461539 0.02054794520547945
3 0.17692307692307693 0.5388127853881278 0.02967032967032967 0.02054794520547945
3 0.19725274725274725 0.5662100456621004 0.07087912087912088 0.02054794520547945
3 0.17692307692307693 0.593607305936073 0.02967032967032967 0.02054794520547945
3 0.19835164835164834 0.6210045662100456 0.07307692307692308 0.02054794520547945
3 0.17747252747252748 0.6484018264840182 0.03131868131868132 0.02054794520547945
3 0.1824175824175824 0.7682648401826484 0.04065934065934066 0.02054794520547945
3 0.17472527472527472 0.795662100456621 0.025274725274725275 0.02054794520547945
3 0.1697802197802198 0.8230593607305936 0.015384615384615385 0.02054794520547945
3 0.17637362637362639 0.8504566210045662 0.02857142857142857 0.02054794520547945
3 0.17857142857142858 0.8778538812785388 0.03296703296703297 0.02054794520547945
3 0.16813186813186815 0.9052511415525114 0.012087912087912088 0.02054794520547945
3 0.17307692307692307 0.932648401826484 0.022527472527472527 0.02054794520547945
3 0.17417582417582417 0.9600456621004566 0.024725274725274724 0.02054794520547945
3 0.1697802197802198 0.9874429223744292 0.015384615384615385 0.02054794520547945
3 0.24615384615384617 0.3401826484018265 0.02032967032967033 0.02054794520547945
3 0.22857142857142856 0.4292237442922374 0.025824175824175823 0.02054794520547945
3 0.23406593406593407 0.45662100456621 0.025274725274725275 0.02054794520547945
3 0.24175824175824176 0.4840182648401826 0.025274725274725275 0.02054794520547945
3 0.2434065934065934 0.5114155251141552 0.025824175824175823 0.02054794520547945
3 0.20604395604395603 0.5388127853881278 0.023076923076923078 0.02054794520547945
3 0.24670329670329672 0.5662100456621004 0.022527472527472527 0.02054794520547945
3 0.2043956043956044 0.593607305936073 0.02032967032967033 0.02054794520547945
3 0.25 0.6210045662100456 0.023076923076923078 0.02054794520547945
3 0.20659340659340658 0.6484018264840182 0.02142857142857143 0.02054794520547945
3 0.21868131868131868 0.7682648401826484 0.025824175824175823 0.02054794520547945
3 0.2021978021978022 0.795662100456621 0.023076923076923078 0.02054794520547945
3 0.19285714285714287 0.8230593607305936 0.024725274725274724 0.02054794520547945
3 0.20549450549450549 0.8504566210045662 0.024175824175824177 0.02054794520547945
3 0.2098901098901099 0.8778538812785388 0.024725274725274724 0.02054794520547945
3 0.189010989010989 0.9052511415525114 0.023626373626373626 0.02054794520547945
3 0.19835164835164834 0.932648401826484 0.022527472527472527 0.02054794520547945
3 0.2 0.9600456621004566 0.020879120879120878 0.02054794520547945
3 0.19175824175824177 0.9874429223744292 0.023076923076923078 0.02054794520547945
3 0.20164835164835165 0.0273972602739726 0.06318681318681318 0.0228310502283105
3 0.19725274725274725 0.04908675799086758 0.06318681318681318 0.0228310502283105
3 0.19725274725274725 0.1541095890410959 0.07032967032967033 0.0228310502283105