0 0.54806598407281 0.013002364066193853 0.026734926052332197 0.026004728132387706
0 0.18714448236632536 0.26122931442080377 0.019908987485779295 0.02955082742316785
0 0.7064846416382252 0.17848699763593381 0.06427758816837315 0.016548463356973995
0 0.7610921501706485 0.2635933806146572 0.020477815699658702 0.0425531914893617
0 0.7622298065984073 0.43617021276595747 0.03640500568828214 0.07565011820330969
1 0.6897042093287827 0.013593380614657211 0.19397042093287828 0.027186761229314422
1 0.3435722411831627 0.3404255319148936 0.03981797497155859 0.034278959810874705
1 0.35779294653014787 0.7943262411347518 0.161547212741752 0.25295508274231676
1 0.5284414106939704 0.7943262411347518 0.161547212741752 0.25295508274231676
1 0.699089874857793 0.7943262411347518 0.161547212741752 0.25295508274231676
1 0.15329920364050056 0.012411347517730497 0.07679180887372014 0.024822695035460994
2 0.3910693970420933 0.013002364066193853 0.34072810011376564 0.026004728132387706
2 0.4576222980659841 0.00591016548463357 0.008532423208191127 0.01182033096926714
3 0.48976109215017066 0.01004728132387707 0.09101251422070535 0.02009456264775414
3 0.49544937428896474 0.0076832151300236405 0.06370875995449374 0.015366430260047281
3 0.49544937428896474 0.0076832151300236405 0.06370875995449374 0.015366430260047281
3 0.1899886234357224 0.22576832151300236 0.15813424345847554 0.03546099290780142
3 0.42207053469852107 0.3404255319148936 0.09954493742889647 0.05319148936170213
3 0.2883959044368601 0.06382978723404255 0.025597269624573378 0.02364066193853428
3 0.32593856655290104 0.06382978723404255 0.02844141069397042 0.02364066193853428
3 0.37599544937428897 0.06382978723404255 0.051194539249146756 0.02364066193853428
3 0.42150170648464164 0.06382978723404255 0.019908987485779295 0.02364066193853428
3 0.45449374288964733 0.06382978723404255 0.025597269624573378 0.02364066193853428
3 0.48862343572241185 0.06382978723404255 0.02218430034129693 0.02364066193853428
3 0.14789533560864618 0.36997635933806144 0.07394766780432309 0.02127659574468085
3 0.14448236632536973 0.46217494089834515 0.0676905574516496 0.02127659574468085
3 0.14391353811149032 0.4905437352245863 0.06655290102389079 0.02127659574468085
3 0.14732650739476677 0.5189125295508275 0.07337883959044368 0.02127659574468085
3 0.13993174061433447 0.5472813238770685 0.05858930602957907 0.02127659574468085
3 0.12627986348122866 0.5756501182033097 0.030716723549488054 0.02127659574468085
3 0.12627986348122866 0.6040189125295509 0.030716723549488054 0.02127659574468085
3 0.13708759954493743 0.6323877068557919 0.052901023890784986 0.02127659574468085
3 0.12684869169510807 0.6607565011820331 0.032423208191126277 0.02127659574468085
3 0.12684869169510807 0.6891252955082743 0.032423208191126277 0.02127659574468085
3 0.13822525597269625 0.8132387706855791 0.05460750853242321 0.02127659574468085
3 0.11888509670079636 0.8416075650118203 0.015927189988623434 0.02127659574468085
3 0.12002275312855518 0.8699763593380615 0.01877133105802048 0.02127659574468085
3 0.1222980659840728 0.8983451536643026 0.023321956769055744 0.02127659574468085
3 0.13196814562002276 0.9267139479905437 0.04209328782707622 0.02127659574468085
3 0.12059158134243458 0.9550827423167849 0.019340159271899887 0.02127659574468085
3 0.11717861205915814 0.983451536643026 0.012514220705346985 0.02127659574468085
3 0.19397042093287828 0.36997635933806144 0.012514220705346985 0.02127659574468085
3 0.19055745164960183 0.46217494089834515 0.01763367463026166 0.02127659574468085
3 0.18828213879408418 0.4905437352245863 0.016496018202502846 0.02127659574468085
3 0.1956769055745165 0.5189125295508275 0.017064846416382253 0.02127659574468085
3 0.17974971558589306 0.5472813238770685 0.01478953356086462 0.02127659574468085
3 0.15187713310580206 0.5756501182033097 0.015358361774744027 0.02127659574468085
3 0.15187713310580206 0.6040189125295509 0.01478953356086462 0.02127659574468085
3 0.1751990898748578 0.6323877068557919 0.01763367463026166 0.02127659574468085
3 0.15244596131968147 0.6607565011820331 0.012514220705346985 0.02127659574468085
3 0.15187713310580206 0.6891252955082743 0.011945392491467578 0.02127659574468085
3 0.17633674630261661 0.8132387706855791 0.015358361774744027 0.02127659574468085
3 0.13822525597269625 0.8416075650118203 0.016496018202502846 0.02127659574468085
3 0.1416382252559727 0.8699763593380615 0.017064846416382253 0.02127659574468085
3 0.14391353811149032 0.8983451536643026 0.01422070534698521 0.02127659574468085
3 0.16382252559726962 0.9267139479905437 0.015358361774744027 0.02127659574468085
3 0.13993174061433447 0.9550827423167849 0.013083048919226393 0.02127659574468085
3 0.13310580204778158 0.983451536643026 0.012514220705346985 0.02127659574468085
3 0.15187713310580206 0.04609929078014184 0.06541524459613197 0.02364066193853428
3 0.14732650739476677 0.06855791962174941 0.06541524459613197 0.02364066193853428
3 0.14732650739476677 0.1773049645390071 0.07281001137656427 0.02364066193853428