0 0.5828947368421052 0.020787746170678335 0.024736842105263158 0.04157549234135667
0 0.24736842105263157 0.22319474835886213 0.018421052631578946 0.02735229759299781
0 0.2026315789473684 0.25601750547045954 0.010526315789473684 0.02188183807439825
0 0.2463157894736842 0.25601750547045954 0.010526315789473684 0.02188183807439825
0 0.7294736842105263 0.14660831509846828 0.05947368421052632 0.015317286652078774
0 0.7810526315789473 0.3851203501094092 0.03368421052631579 0.0700218818380744
1 0.7139473684210527 0.021334792122538294 0.1794736842105263 0.04266958424507659
1 0.3936842105263158 0.2975929978118162 0.03684210526315789 0.024070021881838075
1 0.4068421052631579 0.7166301969365426 0.14947368421052631 0.23413566739606126
1 0.5647368421052632 0.7166301969365426 0.14947368421052631 0.23413566739606126
1 0.7226315789473684 0.7166301969365426 0.14947368421052631 0.23413566739606126
1 0.21736842105263157 0.020787746170678335 0.07052631578947369 0.037199124726477024
2 0.4376315789473684 0.020787746170678335 0.31526315789473686 0.04157549234135667
2 0.46789473684210525 0.019693654266958426 0.007368421052631579 0.015317286652078774
3 0.5136842105263157 0.020787746170678335 0.11473684210526315 0.028446389496717725
3 0.5189473684210526 0.019693654266958426 0.08947368421052632 0.02188183807439825
3 0.5189473684210526 0.019693654266958426 0.08947368421052632 0.02188183807439825
3 0.25157894736842107 0.19037199124726478 0.1463157894736842 0.03282275711159737
3 0.4694736842105263 0.2964989059080963 0.09789473684210526 0.04923413566739606
3 0.4068421052631579 0.9321663019693655 0.12421052631578948 0.019693654266958426
3 0.5647368421052632 0.9321663019693655 0.12421052631578948 0.019693654266958426
3 0.7226315789473684 0.9321663019693655 0.12421052631578948 0.019693654266958426
3 0.3426315789473684 0.07658643326039387 0.02368421052631579 0.02188183807439825
3 0.3773684210526316 0.07658643326039387 0.02631578947368421 0.02188183807439825
3 0.4236842105263158 0.07658643326039387 0.04736842105263158 0.02188183807439825
3 0.46578947368421053 0.07658643326039387 0.018421052631578946 0.02188183807439825
3 0.4963157894736842 0.07658643326039387 0.02368421052631579 0.02188183807439825
3 0.5278947368421053 0.07658643326039387 0.020526315789473684 0.02188183807439825
3 0.21263157894736842 0.36323851203501095 0.06842105263157895 0.019693654266958426
3 0.20894736842105263 0.4485776805251641 0.06157894736842105 0.019693654266958426
3 0.2026315789473684 0.474835886214442 0.04894736842105263 0.019693654266958426
3 0.19263157894736843 0.5010940919037199 0.028421052631578948 0.019693654266958426
3 0.20526315789473684 0.5273522975929978 0.05421052631578947 0.019693654266958426
3 0.21210526315789474 0.5536105032822757 0.06789473684210526 0.019693654266958426
3 0.2094736842105263 0.5798687089715536 0.06263157894736843 0.019693654266958426
3 0.19263157894736843 0.6061269146608315 0.028421052631578948 0.019693654266958426
3 0.1931578947368421 0.6323851203501094 0.03 0.019693654266958426
3 0.19473684210526315 0.6586433260393874 0.03263157894736842 0.019693654266958426
3 0.18368421052631578 0.7735229759299781 0.010526315789473684 0.019693654266958426
3 0.18368421052631578 0.799781181619256 0.010526315789473684 0.019693654266958426
3 0.18157894736842106 0.8260393873085339 0.006842105263157895 0.019693654266958426
3 0.19 0.8522975929978118 0.023157894736842106 0.019693654266958426
3 0.1957894736842105 0.8785557986870897 0.035263157894736843 0.019693654266958426
3 0.1863157894736842 0.9638949671772429 0.015789473684210527 0.019693654266958426
3 0.18763157894736843 0.9896061269146609 0.018421052631578946 0.018599562363238512
3 0.2531578947368421 0.36323851203501095 0.007368421052631579 0.019693654266958426
3 0.24947368421052632 0.4485776805251641 0.014210526315789474 0.019693654266958426
3 0.23578947368421052 0.474835886214442 0.012105263157894737 0.019693654266958426
3 0.21526315789473685 0.5010940919037199 0.011578947368421053 0.019693654266958426
3 0.24052631578947367 0.5273522975929978 0.011052631578947368 0.019693654266958426
3 0.2542105263157895 0.5536105032822757 0.011052631578947368 0.019693654266958426
3 0.25 0.5798687089715536 0.011578947368421053 0.019693654266958426
3 0.21526315789473685 0.6061269146608315 0.011578947368421053 0.019693654266958426
3 0.2168421052631579 0.6323851203501094 0.012105263157894737 0.019693654266958426
3 0.22 0.6586433260393874 0.012105263157894737 0.019693654266958426
3 0.1994736842105263 0.7735229759299781 0.015789473684210527 0.019693654266958426
3 0.19894736842105262 0.799781181619256 0.015263157894736841 0.019693654266958426
3 0.1936842105263158 0.8260393873085339 0.012105263157894737 0.019693654266958426
3 0.2094736842105263 0.8522975929978118 0.01 0.019693654266958426
3 0.22 0.8785557986870897 0.007368421052631579 0.019693654266958426
3 0.20210526315789473 0.9638949671772429 0.011052631578947368 0.019693654266958426
3 0.20421052631578948 0.9896061269146609 0.011578947368421053 0.018599562363238512
3 0.2163157894736842 0.060175054704595186 0.060526315789473685 0.02188183807439825
3 0.21210526315789474 0.08096280087527352 0.060526315789473685 0.02188183807439825
3 0.21210526315789474 0.14551422319474835 0.06736842105263158 0.02188183807439825
3 0.28789473684210526 0.14551422319474835 0.06473684210526316 0.02188183807439825