0 0.5832460732984294 0.02826086956521739 0.024083769633507852 0.042391304347826085
0 0.24345549738219896 0.26304347826086955 0.01832460732984293 0.02717391304347826
0 0.20157068062827224 0.2956521739130435 0.010471204188481676 0.021739130434782608
0 0.2544502617801047 0.2956521739130435 0.010471204188481676 0.021739130434782608
0 0.1986910994764398 0.9864130434782609 0.03507853403141361 0.025
0 0.2418848167539267 0.9864130434782609 0.032460732984293195 0.025
0 0.268848167539267 0.9869565217391304 0.013089005235602094 0.02391304347826087
0 0.7293193717277487 0.15434782608695652 0.059162303664921465 0.015217391304347827
0 0.7806282722513089 0.391304347826087 0.033507853403141365 0.06956521739130435
1 0.7136125654450262 0.029347826086956522 0.17801047120418848 0.042391304347826085
1 0.39528795811518325 0.30434782608695654 0.03664921465968586 0.07608695652173914
1 0.4083769633507853 0.7206521739130435 0.1486910994764398 0.2326086956521739
1 0.5654450261780105 0.7206521739130435 0.1486910994764398 0.2326086956521739
1 0.7225130890052356 0.7206521739130435 0.1486910994764398 0.2326086956521739
1 0.2198952879581152 0.029347826086956522 0.07015706806282722 0.03695652173913044
2 0.4387434554973822 0.02826086956521739 0.31308900523560207 0.042391304347826085
2 0.46910994764397906 0.02826086956521739 0.007329842931937173 0.015217391304347827
3 0.5146596858638743 0.029347826086956522 0.11413612565445026 0.02826086956521739
3 0.5198952879581152 0.02826086956521739 0.08900523560209424 0.021739130434782608
3 0.5198952879581152 0.02826086956521739 0.08900523560209424 0.021739130434782608
3 0.25392670157068065 0.2141304347826087 0.14554973821989528 0.06521739130434782
3 0.4706806282722513 0.3032608695652174 0.09738219895287958 0.04891304347826087
3 0.4083769633507853 0.9347826086956522 0.12356020942408377 0.01956521739130435
3 0.5654450261780105 0.9445652173913044 0.12356020942408377 0.0391304347826087
3 0.7225130890052356 0.9445652173913044 0.12356020942408377 0.0391304347826087
3 0.34450261780104713 0.08478260869565217 0.02356020942408377 0.021739130434782608
3 0.37905759162303665 0.08478260869565217 0.02617801047120419 0.021739130434782608
3 0.42513089005235605 0.08478260869565217 0.04712041884816754 0.021739130434782608
3 0.46701570680628274 0.08478260869565217 0.01832460732984293 0.021739130434782608
3 0.4973821989528796 0.08478260869565217 0.02356020942408377 0.021739130434782608
3 0.5287958115183246 0.08478260869565217 0.020418848167539267 0.021739130434782608
3 0.21151832460732983 0.40217391304347827 0.0612565445026178 0.01956521739130435
3 0.20785340314136125 0.4282608695652174 0.05392670157068063 0.01956521739130435
3 0.19528795811518324 0.4543478260869565 0.028272251308900525 0.01956521739130435
3 0.20523560209424083 0.48043478260869565 0.04869109947643979 0.01956521739130435
3 0.2157068062827225 0.5065217391304347 0.06963350785340314 0.01956521739130435
3 0.21204188481675393 0.532608695652174 0.06230366492146597 0.01956521739130435
3 0.21465968586387435 0.558695652173913 0.06753926701570681 0.01956521739130435
3 0.18481675392670158 0.6434782608695652 0.007329842931937173 0.01956521739130435
3 0.18534031413612564 0.6695652173913044 0.008376963350785341 0.01956521739130435
3 0.1837696335078534 0.6956521739130435 0.005759162303664921 0.01956521739130435
3 0.18900523560209423 0.7804347826086957 0.015706806282722512 0.01956521739130435
3 0.19005235602094242 0.8065217391304348 0.01780104712041885 0.01956521739130435
3 0.18900523560209423 0.8326086956521739 0.015706806282722512 0.01956521739130435
3 0.18795811518324607 0.8586956521739131 0.013612565445026177 0.01956521739130435
3 0.19005235602094242 0.8847826086956522 0.01780104712041885 0.01956521739130435
3 0.19005235602094242 0.9108695652173913 0.01780104712041885 0.01956521739130435
3 0.18848167539267016 0.9369565217391305 0.015183246073298429 0.01956521739130435
3 0.2486910994764398 0.40217391304347827 0.007329842931937173 0.01956521739130435
3 0.2413612565445026 0.4282608695652174 0.007329842931937173 0.01956521739130435
3 0.21518324607329842 0.4543478260869565 0.005759162303664921 0.01956521739130435
3 0.2350785340314136 0.48043478260869565 0.005759162303664921 0.01956521739130435
3 0.25654450261780104 0.5065217391304347 0.005759162303664921 0.01956521739130435
3 0.24921465968586387 0.532608695652174 0.005759162303664921 0.01956521739130435
3 0.25392670157068065 0.558695652173913 0.005235602094240838 0.01956521739130435
3 0.19476439790575917 0.6434782608695652 0.007329842931937173 0.01956521739130435
3 0.19476439790575917 0.6695652173913044 0.005759162303664921 0.01956521739130435
3 0.19214659685863875 0.6956521739130435 0.005235602094240838 0.01956521739130435
3 0.20209424083769634 0.7804347826086957 0.005235602094240838 0.01956521739130435
3 0.20523560209424083 0.8065217391304348 0.007329842931937173 0.01956521739130435
3 0.20209424083769634 0.8326086956521739 0.005235602094240838 0.01956521739130435
3 0.20052356020942408 0.8586956521739131 0.005759162303664921 0.01956521739130435
3 0.20418848167539266 0.8847826086956522 0.005235602094240838 0.01956521739130435
3 0.20418848167539266 0.9108695652173913 0.005235602094240838 0.01956521739130435
3 0.20157068062827224 0.9369565217391305 0.005235602094240838 0.01956521739130435
3 0.218848167539267 0.06847826086956521 0.060209424083769635 0.021739130434782608
3 0.21465968586387435 0.0891304347826087 0.060209424083769635 0.021739130434782608
3 0.21465968586387435 0.1532608695652174 0.06701570680628273 0.021739130434782608
3 0.2900523560209424 0.1532608695652174 0.06439790575916231 0.021739130434782608