0 0.16493055555555555 0.19110576923076922 0.02025462962962963 0.030048076923076924
0 0.13541666666666666 0.22716346153846154 0.011574074074074073 0.02403846153846154
0 0.1886574074074074 0.22716346153846154 0.011574074074074073 0.02403846153846154
0 0.7008101851851852 0.10697115384615384 0.06539351851851852 0.016826923076923076
1 0.3315972222222222 0.27163461538461536 0.04050925925925926 0.07692307692307693
1 0.3460648148148148 0.7331730769230769 0.16435185185185186 0.25721153846153844
1 0.5196759259259259 0.7331730769230769 0.16435185185185186 0.25721153846153844
1 0.6932870370370371 0.7331730769230769 0.16435185185185186 0.25721153846153844
3 0.1753472222222222 0.15504807692307693 0.16087962962962962 0.036057692307692304
3 0.4149305555555556 0.27163461538461536 0.1076388888888889 0.054086538461538464
3 0.3460648148148148 0.9699519230769231 0.13657407407407407 0.021634615384615384
3 0.5196759259259259 0.9699519230769231 0.13657407407407407 0.021634615384615384
3 0.6935763888888888 0.9789663461538461 0.1371527777777778 0.039663461538461536
3 0.27546296296296297 0.030048076923076924 0.026041666666666668 0.02403846153846154
3 0.3136574074074074 0.030048076923076924 0.028935185185185185 0.02403846153846154
3 0.3645833333333333 0.030048076923076924 0.052083333333333336 0.02403846153846154
3 0.41087962962962965 0.030048076923076924 0.02025462962962963 0.02403846153846154
3 0.4444444444444444 0.030048076923076924 0.026041666666666668 0.02403846153846154
3 0.4791666666666667 0.030048076923076924 0.022569444444444444 0.02403846153846154
3 0.13252314814814814 0.3449519230769231 0.07523148148148148 0.021634615384615384
3 0.1284722222222222 0.4387019230769231 0.06770833333333333 0.021634615384615384
3 0.12152777777777778 0.4675480769230769 0.05381944444444445 0.021634615384615384
3 0.11053240740740741 0.4963942307692308 0.03125 0.021634615384615384
3 0.11053240740740741 0.5252403846153846 0.03125 0.021634615384615384
3 0.12905092592592593 0.5540865384615384 0.06886574074074074 0.021634615384615384
3 0.10358796296296297 0.5829326923076923 0.017361111111111112 0.021634615384615384
3 0.1111111111111111 0.6117788461538461 0.03298611111111111 0.021634615384615384
3 0.13310185185185186 0.640625 0.07696759259259259 0.021634615384615384
3 0.1244212962962963 0.6694711538461539 0.05960648148148148 0.021634615384615384
3 0.10358796296296297 0.7956730769230769 0.017361111111111112 0.021634615384615384
3 0.10300925925925926 0.8245192307692307 0.01678240740740741 0.021634615384615384
3 0.10300925925925926 0.8533653846153846 0.01678240740740741 0.021634615384615384
3 0.10358796296296297 0.8822115384615384 0.017361111111111112 0.021634615384615384
3 0.10243055555555555 0.9110576923076923 0.015046296296296295 0.021634615384615384
3 0.10358796296296297 0.9399038461538461 0.017361111111111112 0.021634615384615384
3 0.10474537037037036 0.96875 0.019675925925925927 0.021634615384615384
3 0.10503472222222222 0.9927884615384616 0.02025462962962963 0.01201923076923077
3 0.17650462962962962 0.3449519230769231 0.007523148148148148 0.021634615384615384
3 0.171875 0.4387019230769231 0.013310185185185185 0.021634615384615384
3 0.1568287037037037 0.4675480769230769 0.01099537037037037 0.021634615384615384
3 0.13252314814814814 0.4963942307692308 0.007523148148148148 0.021634615384615384
3 0.13310185185185186 0.5252403846153846 0.008101851851851851 0.021634615384615384
3 0.1712962962962963 0.5540865384615384 0.008101851851851851 0.021634615384615384
3 0.11979166666666667 0.5829326923076923 0.008101851851851851 0.021634615384615384
3 0.13483796296296297 0.6117788461538461 0.008101851851851851 0.021634615384615384
3 0.17939814814814814 0.640625 0.008680555555555556 0.021634615384615384
3 0.16145833333333334 0.6694711538461539 0.008101851851851851 0.021634615384615384
3 0.11921296296296297 0.7956730769230769 0.008101851851851851 0.021634615384615384
3 0.11921296296296297 0.8245192307692307 0.008101851851851851 0.021634615384615384
3 0.12152777777777778 0.8533653846153846 0.013310185185185185 0.021634615384615384
3 0.11921296296296297 0.8822115384615384 0.008101851851851851 0.021634615384615384
3 0.11747685185185185 0.9110576923076923 0.008101851851851851 0.021634615384615384
3 0.11863425925925926 0.9399038461538461 0.00636574074074074 0.021634615384615384
3 0.12152777777777778 0.96875 0.008101851851851851 0.021634615384615384
3 0.12094907407407407 0.9927884615384616 0.008101851851851851 0.01201923076923077
3 0.13657407407407407 0.01201923076923077 0.06655092592592593 0.02403846153846154
3 0.13194444444444445 0.03485576923076923 0.06655092592592593 0.02403846153846154
3 0.13194444444444445 0.10576923076923077 0.07407407407407407 0.02403846153846154
3 0.2152777777777778 0.10576923076923077 0.07118055555555555 0.02403846153846154