0 0.6043956043956044 0.02968036529680365 0.025274725274725275 0.04452054794520548
0 0.25164835164835164 0.2420091324200913 0.019230769230769232 0.028538812785388126
0 0.2076923076923077 0.2762557077625571 0.01098901098901099 0.0228310502283105
0 0.22857142857142856 0.9840182648401826 0.012087912087912088 0.028538812785388126
0 0.2456043956043956 0.9840182648401826 0.023076923076923078 0.028538812785388126
0 0.7576923076923077 0.16210045662100456 0.06208791208791209 0.01598173515981735
0 0.8115384615384615 0.410958904109589 0.035164835164835165 0.0730593607305936
1 0.7412087912087912 0.030821917808219176 0.18681318681318682 0.04452054794520548
1 0.40714285714285714 0.3184931506849315 0.038461538461538464 0.05365296803652968
1 0.4208791208791209 0.7568493150684932 0.15604395604395604 0.24429223744292236
1 0.5857142857142857 0.7568493150684932 0.15604395604395604 0.24429223744292236
1 0.7505494505494505 0.7568493150684932 0.15604395604395604 0.24429223744292236
1 0.2230769230769231 0.030821917808219176 0.07362637362637363 0.03881278538812785
2 0.45274725274725275 0.02968036529680365 0.32857142857142857 0.04452054794520548
2 0.4846153846153846 0.02968036529680365 0.007692307692307693 0.01598173515981735
3 0.5324175824175824 0.030821917808219176 0.11978021978021978 0.02968036529680365
3 0.5379120879120879 0.02968036529680365 0.09340659340659341 0.0228310502283105
3 0.5379120879120879 0.02968036529680365 0.09340659340659341 0.0228310502283105
3 0.2587912087912088 0.20776255707762556 0.15274725274725276 0.03424657534246575
3 0.48626373626373626 0.3184931506849315 0.1021978021978022 0.05136986301369863
3 0.42115384615384616 0.9851598173515982 0.13021978021978023 0.0273972602739726
3 0.5857142857142857 0.9817351598173516 0.12967032967032968 0.02054794520547945
3 0.7508241758241758 0.9851598173515982 0.13021978021978023 0.0273972602739726
3 0.35384615384615387 0.08904109589041095 0.024725274725274724 0.0228310502283105
3 0.3901098901098901 0.08904109589041095 0.027472527472527472 0.0228310502283105
3 0.43846153846153846 0.08904109589041095 0.04945054945054945 0.0228310502283105
3 0.4824175824175824 0.08904109589041095 0.019230769230769232 0.0228310502283105
3 0.5142857142857142 0.08904109589041095 0.024725274725274724 0.0228310502283105
3 0.5472527472527473 0.08904109589041095 0.02142857142857143 0.0228310502283105
3 0.21043956043956044 0.3881278538812785 0.056593406593406594 0.02054794520547945
3 0.2076923076923077 0.4155251141552511 0.0510989010989011 0.02054794520547945
3 0.21428571428571427 0.4429223744292237 0.06428571428571428 0.02054794520547945
3 0.19725274725274725 0.4703196347031963 0.02967032967032967 0.02054794520547945
3 0.2175824175824176 0.4977168949771689 0.07087912087912088 0.02054794520547945
3 0.21483516483516482 0.5251141552511416 0.06538461538461539 0.02054794520547945
3 0.19725274725274725 0.5525114155251142 0.02967032967032967 0.02054794520547945
3 0.21868131868131868 0.5799086757990868 0.07307692307692308 0.02054794520547945
3 0.1978021978021978 0.6073059360730594 0.03131868131868132 0.02054794520547945
3 0.19505494505494506 0.7271689497716894 0.025824175824175823 0.02054794520547945
3 0.19230769230769232 0.7545662100456622 0.02032967032967033 0.02054794520547945
3 0.19175824175824177 0.843607305936073 0.019230769230769232 0.02054794520547945
3 0.1901098901098901 0.8710045662100456 0.015384615384615385 0.02054794520547945
3 0.18846153846153846 0.8984018264840182 0.012087912087912088 0.02054794520547945
3 0.19065934065934065 0.9257990867579908 0.016483516483516484 0.02054794520547945
3 0.2478021978021978 0.3881278538812785 0.012087912087912088 0.02054794520547945
3 0.2423076923076923 0.4155251141552511 0.012087912087912088 0.02054794520547945
3 0.2554945054945055 0.4429223744292237 0.012637362637362638 0.02054794520547945
3 0.22087912087912087 0.4703196347031963 0.012087912087912088 0.02054794520547945
3 0.2620879120879121 0.4977168949771689 0.012087912087912088 0.02054794520547945
3 0.256043956043956 0.5251141552511416 0.010439560439560439 0.02054794520547945
3 0.21978021978021978 0.5525114155251142 0.010439560439560439 0.02054794520547945
3 0.26263736263736265 0.5799086757990868 0.007692307692307693 0.02054794520547945
3 0.22032967032967032 0.6073059360730594 0.007692307692307693 0.02054794520547945
3 0.21868131868131868 0.7271689497716894 0.014285714285714285 0.02054794520547945
3 0.21153846153846154 0.7545662100456622 0.012637362637362638 0.02054794520547945
3 0.210989010989011 0.843607305936073 0.012637362637362638 0.02054794520547945
3 0.20714285714285716 0.8710045662100456 0.012087912087912088 0.02054794520547945
3 0.20274725274725275 0.8984018264840182 0.00989010989010989 0.02054794520547945
3 0.20659340659340658 0.9257990867579908 0.00989010989010989 0.02054794520547945
3 0.22197802197802197 0.07191780821917808 0.06318681318681318 0.0228310502283105
3 0.2175824175824176 0.09360730593607305 0.06318681318681318 0.0228310502283105
3 0.2175824175824176 0.16095890410958905 0.07032967032967033 0.0228310502283105
3 0.2967032967032967 0.16095890410958905 0.06758241758241758 0.0228310502283105