0 0.2625858123569794 0.24228028503562946 0.02002288329519451 0.029691211401425176
0 0.20823798627002288 0.27790973871733965 0.011441647597254004 0.023752969121140142
0 0.2734553775743707 0.27790973871733965 0.011441647597254004 0.023752969121140142
0 0.782608695652174 0.16864608076009502 0.06464530892448513 0.0166270783847981
1 0.4319221967963387 0.34085510688836107 0.16247139588100687 0.25415676959619954
1 0.6035469107551488 0.34085510688836107 0.16247139588100687 0.25415676959619954
1 0.7751716247139588 0.34085510688836107 0.16247139588100687 0.25415676959619954
1 0.4319221967963387 0.8515439429928741 0.16247139588100687 0.25415676959619954
1 0.6035469107551488 0.8515439429928741 0.16247139588100687 0.25415676959619954
1 0.7751716247139588 0.8515439429928741 0.16247139588100687 0.25415676959619954
3 0.4319221967963387 0.5950118764845606 0.13501144164759726 0.015439429928741092
3 0.7751716247139588 0.6163895486935868 0.13501144164759726 0.015439429928741092
3 0.2631578947368421 0.20665083135391923 0.15903890160183065 0.035629453681710214
3 0.4319221967963387 0.5748218527315915 0.13501144164759726 0.021377672209026127
3 0.6035469107551488 0.5748218527315915 0.13501144164759726 0.021377672209026127
3 0.7751716247139588 0.5855106888361045 0.13501144164759726 0.04275534441805225
3 0.3621281464530893 0.043942992874109264 0.02574370709382151 0.023752969121140142
3 0.3998855835240275 0.043942992874109264 0.028604118993135013 0.023752969121140142
3 0.4502288329519451 0.043942992874109264 0.05148741418764302 0.023752969121140142
3 0.4959954233409611 0.043942992874109264 0.02002288329519451 0.023752969121140142
3 0.5291762013729977 0.043942992874109264 0.02574370709382151 0.023752969121140142
3 0.5635011441647597 0.043942992874109264 0.02231121281464531 0.023752969121140142
3 0.2208237986270023 0.39429928741092635 0.07437070938215103 0.021377672209026127
3 0.20995423340961097 0.48693586698337293 0.05320366132723112 0.021377672209026127
3 0.21681922196796338 0.5154394299287411 0.06693363844393593 0.021377672209026127
3 0.21739130434782608 0.5439429928741093 0.06807780320366133 0.021377672209026127
3 0.2128146453089245 0.5724465558194775 0.05892448512585812 0.021377672209026127
3 0.19908466819221968 0.6009501187648456 0.030892448512585814 0.021377672209026127
3 0.2202517162471396 0.6294536817102138 0.07379862700228833 0.021377672209026127
3 0.19908466819221968 0.6579572446555819 0.030892448512585814 0.021377672209026127
3 0.221395881006865 0.6864608076009501 0.07608695652173914 0.021377672209026127
3 0.19965675057208238 0.7149643705463183 0.03260869565217391 0.021377672209026127
3 0.2036613272311213 0.8396674584323041 0.04061784897025172 0.021377672209026127
3 0.18821510297482838 0.8681710213776722 0.009725400457665904 0.021377672209026127
3 0.19794050343249428 0.8966745843230404 0.02917620137299771 0.021377672209026127
3 0.19965675057208238 0.9251781472684085 0.03260869565217391 0.021377672209026127
3 0.19908466819221968 0.9536817102137767 0.030892448512585814 0.021377672209026127
3 0.1956521739130435 0.982185273159145 0.02459954233409611 0.021377672209026127
3 0.2683066361556064 0.39429928741092635 0.015446224256292907 0.021377672209026127
3 0.2482837528604119 0.48693586698337293 0.017162471395881007 0.021377672209026127
3 0.2620137299771167 0.5154394299287411 0.017734553775743706 0.021377672209026127
3 0.2625858123569794 0.5439429928741093 0.014874141876430207 0.021377672209026127
3 0.2528604118993135 0.5724465558194775 0.015446224256292907 0.021377672209026127
3 0.2225400457665904 0.6009501187648456 0.010869565217391304 0.021377672209026127
3 0.26773455377574373 0.6294536817102138 0.015446224256292907 0.021377672209026127
3 0.2236842105263158 0.6579572446555819 0.012585812356979404 0.021377672209026127
3 0.2694508009153318 0.6864608076009501 0.012585812356979404 0.021377672209026127
3 0.2242562929061785 0.7149643705463183 0.010869565217391304 0.021377672209026127
3 0.23627002288329518 0.8396674584323041 0.017734553775743706 0.021377672209026127
3 0.204233409610984 0.8681710213776722 0.014874141876430207 0.021377672209026127
3 0.2242562929061785 0.8966745843230404 0.017734553775743706 0.021377672209026127
3 0.22540045766590389 0.9251781472684085 0.013157894736842105 0.021377672209026127
3 0.2242562929061785 0.9536817102137767 0.013157894736842105 0.021377672209026127
3 0.21681922196796338 0.982185273159145 0.010869565217391304 0.021377672209026127
3 0.2248283752860412 0.026128266033254157 0.06578947368421052 0.023752969121140142
3 0.2202517162471396 0.048693586698337295 0.06578947368421052 0.023752969121140142
3 0.2202517162471396 0.15795724465558195 0.07322654462242563 0.023752969121140142
3 0.3026315789473684 0.15795724465558195 0.07036613272311212 0.023752969121140142