0 0.5873655913978495 0.021763392857142856 0.025268817204301075 0.04352678571428571
0 0.24838709677419354 0.265625 0.01881720430107527 0.027901785714285716
0 0.19731182795698926 0.29910714285714285 0.010752688172043012 0.022321428571428572
0 0.2586021505376344 0.29910714285714285 0.010752688172043012 0.022321428571428572
0 0.7370967741935484 0.19642857142857142 0.06075268817204301 0.015625
1 0.7209677419354839 0.022321428571428572 0.1827956989247312 0.04352678571428571
1 0.4075268817204301 0.35825892857142855 0.15268817204301074 0.23883928571428573
1 0.5688172043010753 0.35825892857142855 0.15268817204301074 0.23883928571428573
1 0.7301075268817204 0.35825892857142855 0.15268817204301074 0.23883928571428573
1 0.4075268817204301 0.8381696428571429 0.15268817204301074 0.23883928571428573
1 0.5688172043010753 0.8381696428571429 0.15268817204301074 0.23883928571428573
1 0.7301075268817204 0.8381696428571429 0.15268817204301074 0.23883928571428573
1 0.21397849462365592 0.022321428571428572 0.07204301075268817 0.03794642857142857
2 0.4389784946236559 0.021763392857142856 0.32204301075268815 0.04352678571428571
2 0.4698924731182796 0.021205357142857144 0.007526881720430108 0.015625
3 0.5166666666666667 0.022321428571428572 0.11720430107526882 0.029017857142857144
3 0.4075268817204301 0.5970982142857143 0.12688172043010754 0.014508928571428572
3 0.7301075268817204 0.6171875 0.12688172043010754 0.014508928571428572
3 0.5220430107526882 0.021205357142857144 0.0913978494623656 0.022321428571428572
3 0.5220430107526882 0.021205357142857144 0.0913978494623656 0.022321428571428572
3 0.2489247311827957 0.23214285714285715 0.14946236559139786 0.033482142857142856
3 0.4075268817204301 0.578125 0.12688172043010754 0.020089285714285716
3 0.5688172043010753 0.578125 0.12688172043010754 0.020089285714285716
3 0.7301075268817204 0.5881696428571429 0.12688172043010754 0.04017857142857143
3 0.3419354838709677 0.07924107142857142 0.024193548387096774 0.022321428571428572
3 0.3774193548387097 0.07924107142857142 0.026881720430107527 0.022321428571428572
3 0.42473118279569894 0.07924107142857142 0.04838709677419355 0.022321428571428572
3 0.46774193548387094 0.07924107142857142 0.01881720430107527 0.022321428571428572
3 0.4989247311827957 0.07924107142857142 0.024193548387096774 0.022321428571428572
3 0.5311827956989247 0.07924107142857142 0.020967741935483872 0.022321428571428572
3 0.20913978494623656 0.40848214285714285 0.06989247311827956 0.020089285714285716
3 0.1989247311827957 0.4955357142857143 0.05 0.020089285714285716
3 0.2053763440860215 0.5223214285714286 0.06290322580645161 0.020089285714285716
3 0.20591397849462365 0.5491071428571429 0.06397849462365592 0.020089285714285716
3 0.20161290322580644 0.5758928571428571 0.0553763440860215 0.020089285714285716
3 0.18870967741935485 0.6026785714285714 0.02903225806451613 0.020089285714285716
3 0.2086021505376344 0.6294642857142857 0.06935483870967742 0.020089285714285716
3 0.18870967741935485 0.65625 0.02903225806451613 0.020089285714285716
3 0.20967741935483872 0.6830357142857143 0.07150537634408602 0.020089285714285716
3 0.18924731182795698 0.7098214285714286 0.03064516129032258 0.020089285714285716
3 0.19301075268817205 0.8270089285714286 0.038172043010752686 0.020089285714285716
3 0.17849462365591398 0.8537946428571429 0.00913978494623656 0.020089285714285716
3 0.18763440860215053 0.8805803571428571 0.027419354838709678 0.020089285714285716
3 0.18924731182795698 0.9073660714285714 0.03064516129032258 0.020089285714285716
3 0.18870967741935485 0.9341517857142857 0.02903225806451613 0.020089285714285716
3 0.18548387096774194 0.9609375 0.023118279569892472 0.020089285714285716
3 0.19408602150537635 0.9877232142857143 0.03978494623655914 0.020089285714285716
3 0.2537634408602151 0.40848214285714285 0.014516129032258065 0.020089285714285716
3 0.2349462365591398 0.4955357142857143 0.016129032258064516 0.020089285714285716
3 0.2478494623655914 0.5223214285714286 0.016666666666666666 0.020089285714285716
3 0.24838709677419354 0.5491071428571429 0.013978494623655914 0.020089285714285716
3 0.239247311827957 0.5758928571428571 0.014516129032258065 0.020089285714285716
3 0.210752688172043 0.6026785714285714 0.01021505376344086 0.020089285714285716
3 0.2532258064516129 0.6294642857142857 0.014516129032258065 0.020089285714285716
3 0.2118279569892473 0.65625 0.011827956989247311 0.020089285714285716
3 0.25483870967741934 0.6830357142857143 0.011827956989247311 0.020089285714285716
3 0.21236559139784947 0.7098214285714286 0.01021505376344086 0.020089285714285716
3 0.22365591397849463 0.8270089285714286 0.016666666666666666 0.020089285714285716
3 0.1935483870967742 0.8537946428571429 0.013978494623655914 0.020089285714285716
3 0.21236559139784947 0.8805803571428571 0.016666666666666666 0.020089285714285716
3 0.21344086021505376 0.9073660714285714 0.012365591397849462 0.020089285714285716
3 0.21236559139784947 0.9341517857142857 0.012365591397849462 0.020089285714285716
3 0.2053763440860215 0.9609375 0.01021505376344086 0.020089285714285716
3 0.22096774193548388 0.9877232142857143 0.008064516129032258 0.020089285714285716
3 0.2129032258064516 0.0625 0.06182795698924731 0.022321428571428572
3 0.2086021505376344 0.08370535714285714 0.06182795698924731 0.022321428571428572
3 0.2086021505376344 0.18638392857142858 0.06881720430107527 0.022321428571428572
3 0.2860215053763441 0.18638392857142858 0.06612903225806452 0.022321428571428572