0 0.6058333333333333 0.008660508083140877 0.026111111111111113 0.017321016166281754
0 0.26555555555555554 0.20554272517321015 0.019444444444444445 0.028868360277136258
0 0.7605555555555555 0.16628175519630484 0.06277777777777778 0.016166281755196306
1 0.7441666666666666 0.009237875288683603 0.18944444444444444 0.018475750577367205
1 0.42 0.5300230946882217 0.15777777777777777 0.2471131639722864
1 0.5866666666666667 0.5300230946882217 0.15777777777777777 0.2471131639722864
1 0.7533333333333333 0.5300230946882217 0.15777777777777777 0.2471131639722864
1 0.22027777777777777 0.008083140877598153 0.075 0.016166281755196306
2 0.4525 0.008660508083140877 0.3327777777777778 0.017321016166281754
2 0.48138888888888887 0.0017321016166281756 0.008333333333333333 0.003464203233256351
3 0.5313888888888889 0.005773672055427252 0.125 0.011547344110854504
3 0.5369444444444444 0.003464203233256351 0.09833333333333333 0.006928406466512702
3 0.5369444444444444 0.003464203233256351 0.09833333333333333 0.006928406466512702
3 0.2561111111111111 0.17090069284064666 0.15444444444444444 0.03464203233256351
3 0.42 0.7678983833718245 0.13111111111111112 0.04157043879907621
3 0.5866666666666667 0.7575057736720554 0.13111111111111112 0.020785219399538105
3 0.7533333333333333 0.7678983833718245 0.13111111111111112 0.04157043879907621
3 0.38222222222222224 0.3556581986143187 0.08222222222222222 0.03117782909930716
3 0.4638888888888889 0.3556581986143187 0.08222222222222222 0.03117782909930716
3 0.5461111111111111 0.3556581986143187 0.08222222222222222 0.03117782909930716
3 0.6277777777777778 0.3556581986143187 0.08222222222222222 0.03117782909930716
3 0.71 0.3556581986143187 0.08222222222222222 0.03117782909930716
3 0.3522222222222222 0.054272517321016164 0.025 0.023094688221709007
3 0.3888888888888889 0.054272517321016164 0.027777777777777776 0.023094688221709007
3 0.43777777777777777 0.054272517321016164 0.05 0.023094688221709007
3 0.4822222222222222 0.054272517321016164 0.019444444444444445 0.023094688221709007
3 0.5144444444444445 0.054272517321016164 0.025 0.023094688221709007
3 0.5477777777777778 0.054272517321016164 0.021666666666666667 0.023094688221709007
3 0.215 0.3117782909930716 0.07222222222222222 0.020785219399538105
3 0.20444444444444446 0.4018475750577367 0.051666666666666666 0.020785219399538105
3 0.2111111111111111 0.4295612009237875 0.065 0.020785219399538105
3 0.20722222222222222 0.45727482678983833 0.05722222222222222 0.020785219399538105
3 0.21166666666666667 0.48498845265588914 0.0661111111111111 0.020785219399538105
3 0.21444444444444444 0.5127020785219399 0.07166666666666667 0.020785219399538105
3 0.1938888888888889 0.5404157043879908 0.03 0.020785219399538105
3 0.1938888888888889 0.5681293302540416 0.03 0.020785219399538105
3 0.21555555555555556 0.5958429561200924 0.07388888888888889 0.020785219399538105
3 0.19444444444444445 0.6235565819861432 0.03166666666666667 0.020785219399538105
3 0.19944444444444445 0.7448036951501155 0.04111111111111111 0.020785219399538105
3 0.18666666666666668 0.7725173210161663 0.015555555555555555 0.020785219399538105
3 0.19555555555555557 0.8002309468822171 0.03333333333333333 0.020785219399538105
3 0.19166666666666668 0.8279445727482679 0.025555555555555557 0.020785219399538105
3 0.19333333333333333 0.8556581986143187 0.028888888888888888 0.020785219399538105
3 0.185 0.8833718244803695 0.012222222222222223 0.020785219399538105
3 0.19 0.9110854503464203 0.02277777777777778 0.020785219399538105
3 0.19 0.9387990762124712 0.02277777777777778 0.020785219399538105
3 0.1922222222222222 0.9665127020785219 0.02666666666666667 0.020785219399538105
3 0.26555555555555554 0.3117782909930716 0.023333333333333334 0.020785219399538105
3 0.24666666666666667 0.4018475750577367 0.02722222222222222 0.020785219399538105
3 0.2588888888888889 0.4295612009237875 0.025 0.020785219399538105
3 0.25222222222222224 0.45727482678983833 0.02666666666666667 0.020785219399538105
3 0.26222222222222225 0.48498845265588914 0.027777777777777776 0.020785219399538105
3 0.265 0.5127020785219399 0.02388888888888889 0.020785219399538105
3 0.2238888888888889 0.5404157043879908 0.024444444444444446 0.020785219399538105
3 0.2222222222222222 0.5681293302540416 0.021111111111111112 0.020785219399538105
3 0.2677777777777778 0.5958429561200924 0.023333333333333334 0.020785219399538105
3 0.22444444444444445 0.6235565819861432 0.02277777777777778 0.020785219399538105
3 0.235 0.7448036951501155 0.023333333333333334 0.020785219399538105
3 0.21055555555555555 0.7725173210161663 0.025555555555555557 0.020785219399538105
3 0.22722222222222221 0.8002309468822171 0.025 0.020785219399538105
3 0.21944444444444444 0.8279445727482679 0.023333333333333334 0.020785219399538105
3 0.2222222222222222 0.8556581986143187 0.023333333333333334 0.020785219399538105
3 0.20722222222222222 0.8833718244803695 0.025555555555555557 0.020785219399538105
3 0.21666666666666667 0.9110854503464203 0.023333333333333334 0.020785219399538105
3 0.21388888888888888 0.9387990762124712 0.01888888888888889 0.020785219399538105
3 0.22055555555555556 0.9665127020785219 0.023333333333333334 0.020785219399538105
3 0.21888888888888888 0.03695150115473441 0.06388888888888888 0.023094688221709007
3 0.21444444444444444 0.05889145496535797 0.06388888888888888 0.023094688221709007