0 0.584375 0.02918918918918919 0.023958333333333335 0.04216216216216216
0 0.6541666666666667 0.5805405405405405 0.08385416666666666 0.05189189189189189
0 0.690625 0.9643243243243244 0.046875 0.03351351351351351
1 0.7140625 0.03027027027027027 0.17708333333333334 0.04216216216216216
1 0.21197916666666666 0.1837837837837838 0.05 0.07567567567567568
1 0.20833333333333334 0.35783783783783785 0.022916666666666665 0.04756756756756757
1 0.40677083333333336 0.601081081081081 0.3645833333333333 0.5405405405405406
1 0.20833333333333334 0.4227027027027027 0.022916666666666665 0.04756756756756757
1 0.20833333333333334 0.4875675675675676 0.022916666666666665 0.04756756756756757
1 0.20833333333333334 0.5524324324324325 0.022916666666666665 0.04756756756756757
1 0.20833333333333334 0.6172972972972973 0.022916666666666665 0.04756756756756757
1 0.20833333333333334 0.6821621621621622 0.022916666666666665 0.04756756756756757
1 0.20833333333333334 0.7470270270270271 0.022916666666666665 0.04756756756756757
1 0.20833333333333334 0.8118918918918919 0.022916666666666665 0.04756756756756757
1 0.6947916666666667 0.9578378378378378 0.053125 0.01945945945945946
2 0.440625 0.02918918918918919 0.31145833333333334 0.04216216216216216
3 0.1828125 0 0 0
3 0.22291666666666668 0.03027027027027027 0.06979166666666667 0.036756756756756756
3 0.6729166666666667 0.08540540540540541 0.057291666666666664 0.021621621621621623
3 0.71875 0.08540540540540541 0.034375 0.021621621621621623
3 0.7609375 0.08540540540540541 0.050520833333333334 0.021621621621621623
3 0.21770833333333334 0.07783783783783783 0.06927083333333334 0.043243243243243246
3 0.30520833333333336 0.08540540540540541 0.04114583333333333 0.021621621621621623
3 0.346875 0.08540540540540541 0.0234375 0.021621621621621623
3 0.38125 0.08540540540540541 0.026041666666666668 0.021621621621621623
3 0.4270833333333333 0.08540540540540541 0.046875 0.021621621621621623
3 0.46875 0.08540540540540541 0.018229166666666668 0.021621621621621623
3 0.49895833333333334 0.08540540540540541 0.0234375 0.021621621621621623
3 0.5302083333333333 0.08540540540540541 0.0203125 0.021621621621621623
3 0.7963541666666667 0.08324324324324324 0.013020833333333334 0.022702702702702703
3 0.7140625 0.03351351351351351 0.17708333333333334 0.04756756756756757
3 0.2203125 0.28540540540540543 0.050520833333333334 0.015135135135135135
3 0.2921875 0.28540540540540543 0.06666666666666667 0.015135135135135135
3 0.36666666666666664 0.28540540540540543 0.06354166666666666 0.015135135135135135
3 0.4276041666666667 0.28540540540540543 0.03854166666666667 0.015135135135135135
3 0.471875 0.28540540540540543 0.03125 0.015135135135135135
3 0.7546875 0.28864864864864864 0.08072916666666667 0.015135135135135135
3 0.18697916666666667 0.10810810810810811 0 0
3 0.7786458333333334 0.3924324324324324 0.011458333333333333 0.022702702702702703
3 0.690625 0.4540540540540541 0.06302083333333333 0.021621621621621623
3 0.7421875 0.5805405405405405 0.08385416666666666 0.05189189189189189
3 0.6276041666666666 0.9643243243243244 0.06197916666666667 0.024864864864864864
3 0.6671875 0.4540540540540541 0.10989583333333333 0.01945945945945946
3 0.7291666666666666 0.7470270270270271 0.0296875 0.025945945945945945
3 0.7005208333333334 0.8 0.15729166666666666 0.01945945945945946
3 0.7005208333333334 0.8464864864864865 0.15729166666666666 0.03891891891891892
3 0.7005208333333334 0.9027027027027027 0.15729166666666666 0.03891891891891892
3 0.4671875 0.9643243243243244 0.38177083333333334 0.024864864864864864
3 0.20833333333333334 0.37513513513513513 0.026041666666666668 0.024864864864864864
3 0.20833333333333334 0.44 0.026041666666666668 0.024864864864864864
3 0.20833333333333334 0.5048648648648648 0.026041666666666668 0.024864864864864864
3 0.20833333333333334 0.5697297297297297 0.026041666666666668 0.024864864864864864
3 0.20833333333333334 0.6345945945945946 0.026041666666666668 0.024864864864864864
3 0.20833333333333334 0.6994594594594594 0.026041666666666668 0.024864864864864864
3 0.20833333333333334 0.7643243243243243 0.026041666666666668 0.024864864864864864
3 0.20833333333333334 0.8291891891891892 0.026041666666666668 0.024864864864864864
3 0.20833333333333334 0.37513513513513513 0.026041666666666668 0.024864864864864864
3 0.20833333333333334 0.44 0.026041666666666668 0.024864864864864864
3 0.20833333333333334 0.5048648648648648 0.026041666666666668 0.024864864864864864
3 0.20833333333333334 0.5697297297297297 0.026041666666666668 0.024864864864864864
3 0.20833333333333334 0.6345945945945946 0.026041666666666668 0.024864864864864864
3 0.20833333333333334 0.6994594594594594 0.026041666666666668 0.024864864864864864
3 0.20833333333333334 0.7643243243243243 0.026041666666666668 0.024864864864864864
3 0.20833333333333334 0.8291891891891892 0.026041666666666668 0.024864864864864864
3 0.6885416666666667 0.40864864864864864 0.15260416666666668 0.05405405405405406
3 0.7052083333333333 0.6421621621621622 0.15833333333333333 0.01945945945945946
3 0.6635416666666667 0.7448648648648649 0.10208333333333333 0.02810810810810811