0 0.5854497354497354 0.02142857142857143 0.02486772486772487 0.04285714285714286
0 0.2571428571428571 0.26153846153846155 0.018518518518518517 0.027472527472527472
0 0.22592592592592592 0.2945054945054945 0.010582010582010581 0.02197802197802198
0 0.7328042328042328 0.18461538461538463 0.059788359788359786 0.015384615384615385
0 0.7846560846560846 0.42417582417582417 0.033862433862433865 0.07032967032967033
1 0.716931216931217 0.02197802197802198 0.17989417989417988 0.04285714285714286
1 0.3952380952380952 0.33516483516483514 0.037037037037037035 0.056043956043956046
1 0.4084656084656085 0.7571428571428571 0.15026455026455027 0.23516483516483516
1 0.5671957671957671 0.7571428571428571 0.15026455026455027 0.23516483516483516
1 0.725925925925926 0.7571428571428571 0.15026455026455027 0.23516483516483516
1 0.21798941798941798 0.02197802197802198 0.07089947089947089 0.03736263736263736
2 0.43941798941798943 0.02142857142857143 0.31693121693121695 0.04285714285714286
2 0.46984126984126984 0.020879120879120878 0.007407407407407408 0.015384615384615385
3 0.5158730158730159 0.02197802197802198 0.11534391534391535 0.02857142857142857
3 0.725925925925926 0.9923076923076923 0.12486772486772486 0.014285714285714285
3 0.5211640211640212 0.020879120879120878 0.08994708994708994 0.02197802197802198
3 0.5211640211640212 0.020879120879120878 0.08994708994708994 0.02197802197802198
3 0.2523809523809524 0.22857142857142856 0.14708994708994708 0.03296703296703297
3 0.4714285714285714 0.33516483516483514 0.09841269841269841 0.04945054945054945
3 0.4087301587301587 0.9813186813186813 0.1253968253968254 0.035164835164835165
3 0.5674603174603174 0.9813186813186813 0.1253968253968254 0.035164835164835165
3 0.725925925925926 0.9736263736263736 0.12486772486772486 0.01978021978021978
3 0.3439153439153439 0.07802197802197802 0.023809523809523808 0.02197802197802198
3 0.37883597883597886 0.07802197802197802 0.026455026455026454 0.02197802197802198
3 0.4253968253968254 0.07802197802197802 0.047619047619047616 0.02197802197802198
3 0.4677248677248677 0.07802197802197802 0.018518518518518517 0.02197802197802198
3 0.4984126984126984 0.07802197802197802 0.023809523809523808 0.02197802197802198
3 0.5301587301587302 0.07802197802197802 0.020634920634920634 0.02197802197802198
3 0.21322751322751324 0.4021978021978022 0.06878306878306878 0.01978021978021978
3 0.20317460317460317 0.4879120879120879 0.049206349206349205 0.01978021978021978
3 0.20952380952380953 0.5142857142857142 0.06190476190476191 0.01978021978021978
3 0.20582010582010582 0.5406593406593406 0.054497354497354496 0.01978021978021978
3 0.21005291005291005 0.567032967032967 0.06296296296296296 0.01978021978021978
3 0.2126984126984127 0.5934065934065934 0.06825396825396825 0.01978021978021978
3 0.1931216931216931 0.6197802197802198 0.02857142857142857 0.01978021978021978
3 0.1931216931216931 0.6461538461538462 0.02857142857142857 0.01978021978021978
3 0.21375661375661376 0.6725274725274726 0.07037037037037037 0.01978021978021978
3 0.19365079365079366 0.6989010989010989 0.03015873015873016 0.01978021978021978
3 0.19153439153439153 0.8142857142857143 0.025396825396825397 0.01978021978021978
3 0.18835978835978837 0.8406593406593407 0.01904761904761905 0.01978021978021978
3 0.19470899470899472 0.8670329670329671 0.031746031746031744 0.01978021978021978
3 0.18835978835978837 0.8934065934065935 0.01904761904761905 0.01978021978021978
3 0.18412698412698414 0.9197802197802197 0.011111111111111112 0.01978021978021978
3 0.18518518518518517 0.9461538461538461 0.013227513227513227 0.01978021978021978
3 0.18571428571428572 0.9725274725274725 0.014285714285714285 0.01978021978021978
3 0.2608465608465608 0.4021978021978022 0.021164021164021163 0.01978021978021978
3 0.2417989417989418 0.4879120879120879 0.022222222222222223 0.01978021978021978
3 0.25396825396825395 0.5142857142857142 0.021164021164021163 0.01978021978021978
3 0.24656084656084656 0.5406593406593406 0.021693121693121695 0.01978021978021978
3 0.2560846560846561 0.567032967032967 0.022222222222222223 0.01978021978021978
3 0.26031746031746034 0.5934065934065934 0.021164021164021163 0.01978021978021978
3 0.21957671957671956 0.6197802197802198 0.01904761904761905 0.01978021978021978
3 0.21798941798941798 0.6461538461538462 0.015873015873015872 0.01978021978021978
3 0.2597883597883598 0.6725274725274726 0.015343915343915344 0.01978021978021978
3 0.21851851851851853 0.6989010989010989 0.014285714285714285 0.01978021978021978
3 0.21746031746031746 0.8142857142857143 0.021164021164021163 0.01978021978021978
3 0.21164021164021163 0.8406593406593407 0.021693121693121695 0.01978021978021978
3 0.22380952380952382 0.8670329670329671 0.021693121693121695 0.01978021978021978
3 0.2105820105820106 0.8934065934065935 0.020105820105820106 0.01978021978021978
3 0.20317460317460317 0.9197802197802197 0.020105820105820106 0.01978021978021978
3 0.20476190476190476 0.9461538461538461 0.01904761904761905 0.01978021978021978
3 0.20476190476190476 0.9725274725274725 0.01746031746031746 0.01978021978021978
3 0.21693121693121692 0.06153846153846154 0.06084656084656084 0.02197802197802198
3 0.2126984126984127 0.08241758241758242 0.06084656084656084 0.02197802197802198
3 0.2126984126984127 0.1835164835164835 0.06772486772486773 0.02197802197802198
3 0.28888888888888886 0.1835164835164835 0.06507936507936508 0.02197802197802198