0 0.5876344086021505 0.025669642857142856 0.024731182795698924 0.04352678571428571
0 0.2543010752688172 0.2700892857142857 0.01881720430107527 0.027901785714285716
0 0.22258064516129034 0.30357142857142855 0.010752688172043012 0.022321428571428572
0 0.7376344086021506 0.19196428571428573 0.06075268817204301 0.015625
0 0.7903225806451613 0.43526785714285715 0.034408602150537634 0.07142857142857142
1 0.7215053763440861 0.026785714285714284 0.1827956989247312 0.04352678571428571
1 0.3946236559139785 0.34486607142857145 0.03763440860215054 0.056919642857142856
1 0.4080645161290323 0.7734375 0.15268817204301074 0.23883928571428573
1 0.5693548387096774 0.7734375 0.15268817204301074 0.23883928571428573
1 0.7306451612903225 0.7734375 0.15268817204301074 0.23883928571428573
1 0.21451612903225806 0.026785714285714284 0.07204301075268817 0.03794642857142857
2 0.439247311827957 0.025669642857142856 0.32150537634408605 0.04352678571428571
2 0.47043010752688175 0.025669642857142856 0.007526881720430108 0.015625
3 0.5172043010752688 0.026785714285714284 0.11720430107526882 0.029017857142857144
3 0.5225806451612903 0.025669642857142856 0.0913978494623656 0.022321428571428572
3 0.5225806451612903 0.025669642857142856 0.0913978494623656 0.022321428571428572
3 0.24946236559139784 0.23660714285714285 0.14946236559139786 0.033482142857142856
3 0.4720430107526882 0.34486607142857145 0.1 0.05022321428571429
3 0.4083333333333333 0.9910714285714286 0.12741935483870967 0.015625
3 0.5696236559139785 0.9910714285714286 0.12741935483870967 0.015625
3 0.7309139784946237 0.9910714285714286 0.12741935483870967 0.015625
3 0.3424731182795699 0.08370535714285714 0.024193548387096774 0.022321428571428572
3 0.3779569892473118 0.08370535714285714 0.026881720430107527 0.022321428571428572
3 0.4252688172043011 0.08370535714285714 0.04838709677419355 0.022321428571428572
3 0.4682795698924731 0.08370535714285714 0.01881720430107527 0.022321428571428572
3 0.49946236559139784 0.08370535714285714 0.024193548387096774 0.022321428571428572
3 0.5317204301075269 0.08370535714285714 0.020967741935483872 0.022321428571428572
3 0.20967741935483872 0.41294642857142855 0.06989247311827956 0.020089285714285716
3 0.19946236559139785 0.5 0.05 0.020089285714285716
3 0.20591397849462365 0.5267857142857143 0.06290322580645161 0.020089285714285716
3 0.2021505376344086 0.5535714285714286 0.0553763440860215 0.020089285714285716
3 0.2064516129032258 0.5803571428571429 0.06397849462365592 0.020089285714285716
3 0.20913978494623656 0.6071428571428571 0.06935483870967742 0.020089285714285716
3 0.18924731182795698 0.6339285714285714 0.02903225806451613 0.020089285714285716
3 0.18924731182795698 0.6607142857142857 0.02903225806451613 0.020089285714285716
3 0.21021505376344085 0.6875 0.07150537634408602 0.020089285714285716
3 0.18978494623655914 0.7142857142857143 0.03064516129032258 0.020089285714285716
3 0.18763440860215053 0.8314732142857143 0.025806451612903226 0.020089285714285716
3 0.18440860215053764 0.8582589285714286 0.01935483870967742 0.020089285714285716
3 0.19086021505376344 0.8850446428571429 0.03225806451612903 0.020089285714285716
3 0.18440860215053764 0.9118303571428571 0.01935483870967742 0.020089285714285716
3 0.18010752688172044 0.9386160714285714 0.01129032258064516 0.020089285714285716
3 0.18118279569892473 0.9654017857142857 0.013440860215053764 0.020089285714285716
3 0.1817204301075269 0.9905133928571429 0.015053763440860216 0.016741071428571428
3 0.25806451612903225 0.41294642857142855 0.021505376344086023 0.020089285714285716
3 0.23870967741935484 0.5 0.02258064516129032 0.020089285714285716
3 0.2510752688172043 0.5267857142857143 0.021505376344086023 0.020089285714285716
3 0.2435483870967742 0.5535714285714286 0.02204301075268817 0.020089285714285716
3 0.2532258064516129 0.5803571428571429 0.02258064516129032 0.020089285714285716
3 0.2575268817204301 0.6071428571428571 0.021505376344086023 0.020089285714285716
3 0.2161290322580645 0.6339285714285714 0.01935483870967742 0.020089285714285716
3 0.21451612903225806 0.6607142857142857 0.016129032258064516 0.020089285714285716
3 0.256989247311828 0.6875 0.015591397849462365 0.020089285714285716
3 0.21505376344086022 0.7142857142857143 0.014516129032258065 0.020089285714285716
3 0.21397849462365592 0.8314732142857143 0.021505376344086023 0.020089285714285716
3 0.20806451612903226 0.8582589285714286 0.02204301075268817 0.020089285714285716
3 0.22043010752688172 0.8850446428571429 0.02204301075268817 0.020089285714285716
3 0.20698924731182797 0.9118303571428571 0.02043010752688172 0.020089285714285716
3 0.19946236559139785 0.9386160714285714 0.02043010752688172 0.020089285714285716
3 0.2010752688172043 0.9654017857142857 0.01935483870967742 0.020089285714285716
3 0.2010752688172043 0.9905133928571429 0.01827956989247312 0.016741071428571428
3 0.21344086021505376 0.06696428571428571 0.06182795698924731 0.022321428571428572
3 0.20913978494623656 0.08816964285714286 0.06182795698924731 0.022321428571428572
3 0.20913978494623656 0.19084821428571427 0.06881720430107527 0.022321428571428572
3 0.28655913978494624 0.19084821428571427 0.06612903225806452 0.022321428571428572