0 0.584375 0.02918918918918919 0.023958333333333335 0.04216216216216216
0 0.690625 0.9643243243243244 0.046875 0.03351351351351351
1 0.7140625 0.03027027027027027 0.17708333333333334 0.04216216216216216
1 0.20833333333333334 0.9102702702702703 0.022916666666666665 0.04756756756756757
1 0.20833333333333334 0.9751351351351352 0.022916666666666665 0.04756756756756757
2 0.440625 0.02918918918918919 0.31145833333333334 0.04216216216216216
3 0.1828125 0 0 0
3 0.22291666666666668 0.03027027027027027 0.06979166666666667 0.036756756756756756
3 0.6729166666666667 0.08540540540540541 0.057291666666666664 0.021621621621621623
3 0.71875 0.08540540540540541 0.034375 0.021621621621621623
3 0.7609375 0.08540540540540541 0.050520833333333334 0.021621621621621623
3 0.21770833333333334 0.07783783783783783 0.06927083333333334 0.043243243243243246
3 0.30520833333333336 0.08540540540540541 0.04114583333333333 0.021621621621621623
3 0.346875 0.08540540540540541 0.0234375 0.021621621621621623
3 0.38125 0.08540540540540541 0.026041666666666668 0.021621621621621623
3 0.4270833333333333 0.08540540540540541 0.046875 0.021621621621621623
3 0.46875 0.08540540540540541 0.018229166666666668 0.021621621621621623
3 0.49895833333333334 0.08540540540540541 0.0234375 0.021621621621621623
3 0.5302083333333333 0.08540540540540541 0.0203125 0.021621621621621623
3 0.7963541666666667 0.08324324324324324 0.013020833333333334 0.022702702702702703
3 0.7140625 0.03351351351351351 0.17708333333333334 0.04756756756756757
3 0.2921875 0.1372972972972973 0.028645833333333332 0.021621621621621623
3 0.3307291666666667 0.1372972972972973 0.035416666666666666 0.021621621621621623
3 0.3671875 0.1372972972972973 0.025520833333333333 0.021621621621621623
3 0.41770833333333335 0.1372972972972973 0.06302083333333333 0.021621621621621623
3 0.4869791666666667 0.1372972972972973 0.06302083333333333 0.021621621621621623
3 0.5557291666666667 0.1372972972972973 0.06197916666666667 0.021621621621621623
3 0.6078125 0.1372972972972973 0.028125 0.021621621621621623
3 0.21197916666666666 0.18054054054054053 0.050520833333333334 0.015135135135135135
3 0.2838541666666667 0.18054054054054053 0.06666666666666667 0.015135135135135135
3 0.35833333333333334 0.18054054054054053 0.06354166666666666 0.015135135135135135
3 0.415625 0.18054054054054053 0.03125 0.015135135135135135
3 0.45208333333333334 0.18054054054054053 0.024479166666666666 0.015135135135135135
3 0.7630208333333334 0.1827027027027027 0.08072916666666667 0.015135135135135135
3 0.7786458333333334 0.9448648648648649 0.011458333333333333 0.022702702702702703
3 0.6276041666666666 0.9643243243243244 0.06197916666666667 0.024864864864864864
3 0.4671875 0.9643243243243244 0.38177083333333334 0.024864864864864864
3 0.20833333333333334 0.9275675675675675 0.026041666666666668 0.024864864864864864
3 0.20833333333333334 0.9275675675675675 0.026041666666666668 0.024864864864864864
3 0.6885416666666667 0.961081081081081 0.15260416666666668 0.05405405405405406