0 0.5865384615384616 0.009703196347031963 0.025824175824175823 0.019406392694063926
0 0.8175824175824176 0.1598173515981735 0.026373626373626374 0.0547945205479452
1 0.7233516483516483 0.010273972602739725 0.18736263736263736 0.02054794520547945
1 0.37032967032967035 0.13470319634703196 0.026373626373626374 0.0547945205479452
1 0.45164835164835165 0.13470319634703196 0.026373626373626374 0.0547945205479452
1 0.532967032967033 0.13470319634703196 0.026373626373626374 0.0547945205479452
1 0.6142857142857143 0.13470319634703196 0.026373626373626374 0.0547945205479452
1 0.6956043956043956 0.13470319634703196 0.026373626373626374 0.0547945205479452
1 0.7769230769230769 0.13470319634703196 0.026373626373626374 0.0547945205479452
1 0.4054945054945055 0.4383561643835616 0.15604395604395604 0.3242009132420091
1 0.5703296703296703 0.4383561643835616 0.1554945054945055 0.3242009132420091
1 0.7351648351648352 0.4383561643835616 0.15604395604395604 0.3242009132420091
1 0.2052197802197802 0.0091324200913242 0.07417582417582418 0.0182648401826484
2 0.4348901098901099 0.009703196347031963 0.3291208791208791 0.019406392694063926
3 0.37032967032967035 0.19406392694063926 0.054945054945054944 0.0365296803652968
3 0.45164835164835165 0.19406392694063926 0.054945054945054944 0.0365296803652968
3 0.532967032967033 0.19406392694063926 0.04945054945054945 0.0365296803652968
3 0.6142857142857143 0.19406392694063926 0.031868131868131866 0.0365296803652968
3 0.6956043956043956 0.19406392694063926 0.045054945054945054 0.0365296803652968
3 0.7769230769230769 0.19406392694063926 0.054945054945054944 0.0365296803652968
3 0.23956043956043957 0.3184931506849315 0.14505494505494507 0.017123287671232876
3 0.4054945054945055 0.7796803652968036 0.13406593406593406 0.0410958904109589
3 0.5703296703296703 0.7796803652968036 0.13351648351648351 0.0410958904109589
3 0.7351648351648352 0.7796803652968036 0.13406593406593406 0.0410958904109589
3 0.23956043956043957 0.14726027397260275 0.14505494505494507 0.04680365296803653
3 0.23956043956043957 0.2876712328767123 0.14505494505494507 0.0228310502283105
3 0.23956043956043957 0.5331050228310502 0.14505494505494507 0.0228310502283105
3 0.3357142857142857 0.05593607305936073 0.024725274725274724 0.0228310502283105
3 0.371978021978022 0.05593607305936073 0.027472527472527472 0.0228310502283105
3 0.42032967032967034 0.05593607305936073 0.04945054945054945 0.0228310502283105
3 0.4642857142857143 0.05593607305936073 0.019230769230769232 0.0228310502283105
3 0.49615384615384617 0.05593607305936073 0.024725274725274724 0.0228310502283105
3 0.5291208791208791 0.05593607305936073 0.02142857142857143 0.0228310502283105
3 0.20384615384615384 0.03881278538812785 0.06318681318681318 0.0228310502283105
3 0.19945054945054946 0.06050228310502283 0.06318681318681318 0.0228310502283105
3 0.23956043956043957 0.5627853881278538 0.14505494505494507 0.0136986301369863
3 0.23956043956043957 0.591324200913242 0.14505494505494507 0.0136986301369863
3 0.23956043956043957 0.6198630136986302 0.14505494505494507 0.0136986301369863
3 0.23956043956043957 0.6484018264840182 0.14505494505494507 0.0136986301369863
3 0.23956043956043957 0.6769406392694064 0.14505494505494507 0.0136986301369863
3 0.23956043956043957 0.7054794520547946 0.14505494505494507 0.0136986301369863
3 0.23956043956043957 0.7340182648401826 0.14505494505494507 0.0136986301369863
3 0.23956043956043957 0.7625570776255708 0.14505494505494507 0.0136986301369863
3 0.23956043956043957 0.791095890410959 0.14505494505494507 0.0136986301369863
3 0.23956043956043957 0.819634703196347 0.14505494505494507 0.0136986301369863
3 0.23956043956043957 0.8481735159817352 0.14505494505494507 0.0136986301369863
3 0.23956043956043957 0.8767123287671232 0.14505494505494507 0.0136986301369863
3 0.23956043956043957 0.9052511415525114 0.14505494505494507 0.0136986301369863
3 0.23956043956043957 0.9337899543378996 0.14505494505494507 0.0136986301369863
3 0.23956043956043957 0.9623287671232876 0.14505494505494507 0.0136986301369863
3 0.23956043956043957 0.9908675799086758 0.14505494505494507 0.0136986301369863