0 0.5815789473684211 0.02516411378555799 0.024210526315789474 0.04266958424507659
0 0.8031578947368421 0.18161925601750548 0.02526315789473684 0.0525164113785558
1 0.7126315789473684 0.0262582056892779 0.17894736842105263 0.04266958424507659
1 0.37473684210526315 0.1575492341356674 0.02526315789473684 0.0525164113785558
1 0.45263157894736844 0.1575492341356674 0.02526315789473684 0.0525164113785558
1 0.5305263157894737 0.1575492341356674 0.02526315789473684 0.0525164113785558
1 0.608421052631579 0.1575492341356674 0.02526315789473684 0.0525164113785558
1 0.6863157894736842 0.1575492341356674 0.02526315789473684 0.0525164113785558
1 0.7642105263157895 0.1575492341356674 0.02526315789473684 0.0525164113785558
1 0.40842105263157896 0.4485776805251641 0.14947368421052631 0.31072210065645517
1 0.5663157894736842 0.4485776805251641 0.14894736842105263 0.31072210065645517
1 0.7242105263157895 0.4485776805251641 0.14947368421052631 0.31072210065645517
1 0.2163157894736842 0.0262582056892779 0.07052631578947369 0.037199124726477024
2 0.4363157894736842 0.02516411378555799 0.31473684210526315 0.04266958424507659
3 0.37473684210526315 0.21444201312910285 0.05263157894736842 0.0350109409190372
3 0.45263157894736844 0.21444201312910285 0.05263157894736842 0.0350109409190372
3 0.5305263157894737 0.21444201312910285 0.04736842105263158 0.0350109409190372
3 0.608421052631579 0.21444201312910285 0.030526315789473683 0.0350109409190372
3 0.6863157894736842 0.21444201312910285 0.0431578947368421 0.0350109409190372
3 0.7642105263157895 0.21444201312910285 0.05263157894736842 0.0350109409190372
3 0.24947368421052632 0.3336980306345733 0.13894736842105262 0.016411378555798686
3 0.40842105263157896 0.7757111597374179 0.12842105263157894 0.03938730853391685
3 0.5663157894736842 0.7757111597374179 0.12789473684210526 0.03938730853391685
3 0.7242105263157895 0.7757111597374179 0.12842105263157894 0.03938730853391685
3 0.24947368421052632 0.16958424507658643 0.13894736842105262 0.044857768052516414
3 0.24947368421052632 0.3041575492341357 0.13894736842105262 0.02188183807439825
3 0.24947368421052632 0.5393873085339168 0.13894736842105262 0.02188183807439825
3 0.34157894736842104 0.08205689277899343 0.02368421052631579 0.02188183807439825
3 0.3763157894736842 0.08205689277899343 0.02631578947368421 0.02188183807439825
3 0.4226315789473684 0.08205689277899343 0.04736842105263158 0.02188183807439825
3 0.46473684210526317 0.08205689277899343 0.018421052631578946 0.02188183807439825
3 0.49526315789473685 0.08205689277899343 0.02368421052631579 0.02188183807439825
3 0.5268421052631579 0.08205689277899343 0.020526315789473684 0.02188183807439825
3 0.21526315789473685 0.06564551422319474 0.060526315789473685 0.02188183807439825
3 0.21105263157894738 0.08643326039387308 0.060526315789473685 0.02188183807439825
3 0.24947368421052632 0.5678336980306345 0.13894736842105262 0.01312910284463895
3 0.24947368421052632 0.5951859956236324 0.13894736842105262 0.01312910284463895
3 0.24947368421052632 0.6225382932166302 0.13894736842105262 0.01312910284463895
3 0.24947368421052632 0.649890590809628 0.13894736842105262 0.01312910284463895
3 0.24947368421052632 0.6772428884026258 0.13894736842105262 0.01312910284463895
3 0.24947368421052632 0.7045951859956237 0.13894736842105262 0.01312910284463895
3 0.24947368421052632 0.7319474835886215 0.13894736842105262 0.01312910284463895
3 0.24947368421052632 0.7592997811816192 0.13894736842105262 0.01312910284463895
3 0.24947368421052632 0.7866520787746171 0.13894736842105262 0.01312910284463895
3 0.24947368421052632 0.8140043763676149 0.13894736842105262 0.01312910284463895
3 0.24947368421052632 0.8413566739606126 0.13894736842105262 0.01312910284463895
3 0.24947368421052632 0.8687089715536105 0.13894736842105262 0.01312910284463895
3 0.24947368421052632 0.8960612691466083 0.13894736842105262 0.01312910284463895
3 0.24947368421052632 0.9234135667396062 0.13894736842105262 0.01312910284463895
3 0.24947368421052632 0.9507658643326039 0.13894736842105262 0.01312910284463895
3 0.24947368421052632 0.9781181619256017 0.13894736842105262 0.01312910284463895