0 0.6445054945054945 0.5627853881278538 0.08846153846153847 0.0547945205479452
1 0.17802197802197803 0.14383561643835616 0.05274725274725275 0.07990867579908675
1 0.17417582417582417 0.3276255707762557 0.024175824175824177 0.0502283105022831
1 0.38351648351648354 0.5844748858447488 0.38461538461538464 0.5707762557077626
1 0.17417582417582417 0.3961187214611872 0.024175824175824177 0.0502283105022831
1 0.17417582417582417 0.4646118721461187 0.024175824175824177 0.0502283105022831
1 0.17417582417582417 0.5331050228310502 0.024175824175824177 0.0502283105022831
1 0.17417582417582417 0.6015981735159818 0.024175824175824177 0.0502283105022831
1 0.17417582417582417 0.6700913242009132 0.024175824175824177 0.0502283105022831
1 0.17417582417582417 0.7385844748858448 0.024175824175824177 0.0502283105022831
1 0.17417582417582417 0.8070776255707762 0.024175824175824177 0.0502283105022831
1 0.6873626373626374 0.9611872146118722 0.056043956043956046 0.02054794520547945
3 0.6582417582417582 0.4292237442922374 0.11593406593406594 0.02054794520547945
3 0.7236263736263736 0.7385844748858448 0.03131868131868132 0.0273972602739726
3 0.6934065934065934 0.7945205479452054 0.16593406593406593 0.02054794520547945
3 0.6934065934065934 0.843607305936073 0.16593406593406593 0.0410958904109589
3 0.6934065934065934 0.9029680365296804 0.16593406593406593 0.0410958904109589
3 0.17417582417582417 0.3458904109589041 0.027472527472527472 0.026255707762557076
3 0.17417582417582417 0.4143835616438356 0.027472527472527472 0.026255707762557076
3 0.17417582417582417 0.4828767123287671 0.027472527472527472 0.026255707762557076
3 0.17417582417582417 0.5513698630136986 0.027472527472527472 0.026255707762557076
3 0.17417582417582417 0.6198630136986302 0.027472527472527472 0.026255707762557076
3 0.17417582417582417 0.6883561643835616 0.027472527472527472 0.026255707762557076
3 0.17417582417582417 0.7568493150684932 0.027472527472527472 0.026255707762557076
3 0.17417582417582417 0.8253424657534246 0.027472527472527472 0.026255707762557076
3 0.17417582417582417 0.3458904109589041 0.027472527472527472 0.026255707762557076
3 0.17417582417582417 0.4143835616438356 0.027472527472527472 0.026255707762557076
3 0.17417582417582417 0.4828767123287671 0.027472527472527472 0.026255707762557076
3 0.17417582417582417 0.5513698630136986 0.027472527472527472 0.026255707762557076
3 0.17417582417582417 0.6198630136986302 0.027472527472527472 0.026255707762557076
3 0.17417582417582417 0.6883561643835616 0.027472527472527472 0.026255707762557076
3 0.17417582417582417 0.7568493150684932 0.027472527472527472 0.026255707762557076
3 0.17417582417582417 0.8253424657534246 0.027472527472527472 0.026255707762557076
3 0.6807692307692308 0.3812785388127854 0.160989010989011 0.05707762557077625
3 0.6983516483516483 0.6278538812785388 0.16703296703296702 0.02054794520547945
3 0.6543956043956044 0.7363013698630136 0.1076923076923077 0.02968036529680365
3 0.32032967032967036 0.03995433789954338 0.024725274725274724 0.0228310502283105
3 0.3565934065934066 0.03995433789954338 0.027472527472527472 0.0228310502283105
3 0.40494505494505495 0.03995433789954338 0.04945054945054945 0.0228310502283105
3 0.4489010989010989 0.03995433789954338 0.019230769230769232 0.0228310502283105
3 0.4807692307692308 0.03995433789954338 0.024725274725274724 0.0228310502283105
3 0.5137362637362637 0.03995433789954338 0.02142857142857143 0.0228310502283105
3 0.18846153846153846 0.0228310502283105 0.06318681318681318 0.0228310502283105
3 0.18406593406593408 0.04452054794520548 0.06318681318681318 0.0228310502283105
3 0.26263736263736265 0.2511415525114155 0.07032967032967033 0.01598173515981735
3 0.3412087912087912 0.2511415525114155 0.06703296703296703 0.01598173515981735
3 0.4054945054945055 0.2511415525114155 0.04065934065934066 0.01598173515981735
3 0.4521978021978022 0.2511415525114155 0.03296703296703297 0.01598173515981735