0 0.5896739130434783 0.02708803611738149 0.025 0.04401805869074492
0 0.24619565217391304 0.2742663656884876 0.019021739130434784 0.028216704288939052
0 0.21304347826086956 0.30812641083521447 0.010869565217391304 0.022573363431151242
0 0.275 0.30812641083521447 0.010869565217391304 0.022573363431151242
0 0.741304347826087 0.19525959367945825 0.06141304347826087 0.01580135440180587
1 0.725 0.028216704288939052 0.18478260869565216 0.04401805869074492
1 0.39456521739130435 0.34988713318284426 0.03804347826086957 0.05756207674943566
1 0.4081521739130435 0.7832957110609481 0.15434782608695652 0.24153498871331827
1 0.571195652173913 0.7832957110609481 0.15434782608695652 0.24153498871331827
1 0.7342391304347826 0.7832957110609481 0.15434782608695652 0.24153498871331827
1 0.2125 0.028216704288939052 0.07282608695652174 0.03837471783295711
2 0.43967391304347825 0.02708803611738149 0.325 0.04401805869074492
2 0.47119565217391307 0.02708803611738149 0.007608695652173913 0.01580135440180587
3 0.5184782608695652 0.028216704288939052 0.11847826086956521 0.029345372460496615
3 0.5239130434782608 0.02708803611738149 0.09239130434782608 0.022573363431151242
3 0.5239130434782608 0.02708803611738149 0.09239130434782608 0.022573363431151242
3 0.24782608695652175 0.24040632054176073 0.15108695652173912 0.033860045146726865
3 0.47282608695652173 0.34988713318284426 0.10108695652173913 0.050790067720090294
3 0.3418478260869565 0.08577878103837472 0.024456521739130436 0.022573363431151242
3 0.37771739130434784 0.08577878103837472 0.02717391304347826 0.022573363431151242
3 0.4255434782608696 0.08577878103837472 0.04891304347826087 0.022573363431151242
3 0.46902173913043477 0.08577878103837472 0.019021739130434784 0.022573363431151242
3 0.5005434782608695 0.08577878103837472 0.024456521739130436 0.022573363431151242
3 0.5331521739130435 0.08577878103837472 0.021195652173913043 0.022573363431151242
3 0.2076086956521739 0.4187358916478555 0.07065217391304347 0.020316027088036117
3 0.19728260869565217 0.5067720090293454 0.050543478260869565 0.020316027088036117
3 0.2 0.5338600451467269 0.05597826086956522 0.020316027088036117
3 0.20380434782608695 0.5609480812641083 0.06358695652173912 0.020316027088036117
3 0.20434782608695654 0.5880361173814899 0.06467391304347826 0.020316027088036117
3 0.20706521739130435 0.6151241534988713 0.07010869565217391 0.020316027088036117
3 0.18695652173913044 0.6422121896162528 0.029347826086956522 0.020316027088036117
3 0.18695652173913044 0.6693002257336343 0.029347826086956522 0.020316027088036117
3 0.20815217391304347 0.6963882618510158 0.07228260869565217 0.020316027088036117
3 0.1875 0.7234762979683973 0.03097826086956522 0.020316027088036117
3 0.1875 0.8419864559819413 0.03097826086956522 0.020316027088036117
3 0.18206521739130435 0.8690744920993227 0.01956521739130435 0.020316027088036117
3 0.18315217391304348 0.8961625282167043 0.021739130434782608 0.020316027088036117
3 0.18369565217391304 0.9232505643340858 0.023369565217391305 0.020316027088036117
3 0.19130434782608696 0.9503386004514672 0.03858695652173913 0.020316027088036117
3 0.18097826086956523 0.9774266365688488 0.017391304347826087 0.020316027088036117
3 0.1858695652173913 0.9966139954853274 0.02826086956521739 0.004514672686230248
3 0.25380434782608696 0.4187358916478555 0.01684782608695652 0.020316027088036117
3 0.23369565217391305 0.5067720090293454 0.016304347826086956 0.020316027088036117
3 0.2391304347826087 0.5338600451467269 0.01684782608695652 0.020316027088036117
3 0.24565217391304348 0.5609480812641083 0.014130434782608696 0.020316027088036117
3 0.24728260869565216 0.5880361173814899 0.014673913043478261 0.020316027088036117
3 0.25217391304347825 0.6151241534988713 0.014130434782608696 0.020316027088036117
3 0.21032608695652175 0.6422121896162528 0.0125 0.020316027088036117
3 0.20923913043478262 0.6693002257336343 0.010326086956521738 0.020316027088036117
3 0.25380434782608696 0.6963882618510158 0.0125 0.020316027088036117
3 0.21195652173913043 0.7234762979683973 0.011956521739130435 0.020316027088036117
3 0.2141304347826087 0.8419864559819413 0.01684782608695652 0.020316027088036117
3 0.20326086956521738 0.8690744920993227 0.016304347826086956 0.020316027088036117
3 0.20380434782608695 0.8961625282167043 0.014130434782608696 0.020316027088036117
3 0.20543478260869566 0.9232505643340858 0.014673913043478261 0.020316027088036117
3 0.22010869565217392 0.9503386004514672 0.0125 0.020316027088036117
3 0.19782608695652174 0.9774266365688488 0.01141304347826087 0.020316027088036117
3 0.20896739130434783 0.9966139954853274 0.0125 0.004514672686230248
3 0.21141304347826087 0.06884875846501129 0.0625 0.022573363431151242
3 0.20706521739130435 0.09029345372460497 0.0625 0.022573363431151242
3 0.20706521739130435 0.19413092550790068 0.06956521739130435 0.022573363431151242
3 0.28532608695652173 0.19413092550790068 0.06684782608695652 0.022573363431151242