0 0.2638888888888889 0.2228637413394919 0.019444444444444445 0.028868360277136258
0 0.23 0.2575057736720554 0.011111111111111112 0.023094688221709007
0 0.29333333333333333 0.2575057736720554 0.011111111111111112 0.023094688221709007
0 0.77 0.1420323325635104 0.06277777777777778 0.016166281755196306
1 0.41555555555555557 0.3002309468822171 0.03888888888888889 0.05889145496535797
1 0.42944444444444446 0.74364896073903 0.15777777777777777 0.2471131639722864
1 0.5961111111111111 0.74364896073903 0.15777777777777777 0.2471131639722864
1 0.7627777777777778 0.74364896073903 0.15777777777777777 0.2471131639722864
3 0.26555555555555554 0.18822170900692842 0.15444444444444444 0.03464203233256351
3 0.4955555555555556 0.3002309468822171 0.10333333333333333 0.05196304849884527
3 0.4297222222222222 0.9797921478060047 0.13166666666666665 0.03810623556581986
3 0.5963888888888889 0.9797921478060047 0.13166666666666665 0.03810623556581986
3 0.7630555555555556 0.9797921478060047 0.13166666666666665 0.03810623556581986
3 0.3616666666666667 0.03002309468822171 0.025 0.023094688221709007
3 0.3983333333333333 0.03002309468822171 0.027777777777777776 0.023094688221709007
3 0.44722222222222224 0.03002309468822171 0.05 0.023094688221709007
3 0.49166666666666664 0.03002309468822171 0.019444444444444445 0.023094688221709007
3 0.5238888888888888 0.03002309468822171 0.025 0.023094688221709007
3 0.5572222222222222 0.03002309468822171 0.021666666666666667 0.023094688221709007
3 0.22444444444444445 0.37066974595842955 0.07222222222222222 0.020785219399538105
3 0.21388888888888888 0.4607390300230947 0.051666666666666666 0.020785219399538105
3 0.21666666666666667 0.4884526558891455 0.05722222222222222 0.020785219399538105
3 0.22055555555555556 0.5161662817551963 0.065 0.020785219399538105
3 0.22111111111111112 0.5438799076212472 0.0661111111111111 0.020785219399538105
3 0.2238888888888889 0.5715935334872979 0.07166666666666667 0.020785219399538105
3 0.20333333333333334 0.5993071593533488 0.03 0.020785219399538105
3 0.20333333333333334 0.6270207852193995 0.03 0.020785219399538105
3 0.225 0.6547344110854504 0.07388888888888889 0.020785219399538105
3 0.2038888888888889 0.6824480369515011 0.03166666666666667 0.020785219399538105
3 0.2038888888888889 0.8036951501154734 0.03166666666666667 0.020785219399538105
3 0.19833333333333333 0.8314087759815243 0.02 0.020785219399538105
3 0.19944444444444445 0.859122401847575 0.022222222222222223 0.020785219399538105
3 0.2 0.8868360277136259 0.02388888888888889 0.020785219399538105
3 0.20777777777777778 0.9145496535796767 0.03944444444444444 0.020785219399538105
3 0.19722222222222222 0.9422632794457275 0.017777777777777778 0.020785219399538105
3 0.20222222222222222 0.9699769053117783 0.028333333333333332 0.020785219399538105
3 0.27166666666666667 0.37066974595842955 0.017222222222222222 0.020785219399538105
3 0.2511111111111111 0.4607390300230947 0.016666666666666666 0.020785219399538105
3 0.25666666666666665 0.4884526558891455 0.017222222222222222 0.020785219399538105
3 0.2633333333333333 0.5161662817551963 0.014444444444444444 0.020785219399538105
3 0.265 0.5438799076212472 0.015 0.020785219399538105
3 0.27 0.5715935334872979 0.014444444444444444 0.020785219399538105
3 0.22722222222222221 0.5993071593533488 0.012777777777777779 0.020785219399538105
3 0.22611111111111112 0.6270207852193995 0.010555555555555556 0.020785219399538105
3 0.27166666666666667 0.6547344110854504 0.012777777777777779 0.020785219399538105
3 0.2288888888888889 0.6824480369515011 0.012222222222222223 0.020785219399538105
3 0.2311111111111111 0.8036951501154734 0.017222222222222222 0.020785219399538105
3 0.22 0.8314087759815243 0.016666666666666666 0.020785219399538105
3 0.22055555555555556 0.859122401847575 0.014444444444444444 0.020785219399538105
3 0.2222222222222222 0.8868360277136259 0.015 0.020785219399538105
3 0.23722222222222222 0.9145496535796767 0.012777777777777779 0.020785219399538105
3 0.21444444444444444 0.9422632794457275 0.011666666666666667 0.020785219399538105
3 0.22555555555555556 0.9699769053117783 0.012222222222222223 0.020785219399538105
3 0.22833333333333333 0.012702078521939953 0.06388888888888888 0.023094688221709007
3 0.2238888888888889 0.03464203233256351 0.06388888888888888 0.023094688221709007
3 0.2238888888888889 0.14087759815242495 0.07111111111111111 0.023094688221709007
3 0.3038888888888889 0.14087759815242495 0.06833333333333333 0.023094688221709007