0 0.5676630434782609 0.020316027088036117 0.025543478260869567 0.040632054176072234
0 0.23315217391304346 0.2652370203160271 0.019021739130434784 0.028216704288939052
0 0.7190217391304348 0.18623024830699775 0.06141304347826087 0.01580135440180587
1 0.7029891304347826 0.0208803611738149 0.18532608695652175 0.0417607223476298
1 0.3858695652173913 0.5417607223476298 0.15434782608695652 0.24153498871331827
1 0.5489130434782609 0.5417607223476298 0.15434782608695652 0.24153498871331827
1 0.7119565217391305 0.5417607223476298 0.15434782608695652 0.24153498871331827
1 0.19021739130434784 0.019187358916478554 0.07282608695652174 0.03837471783295711
2 0.4176630434782609 0.020316027088036117 0.32554347826086955 0.040632054176072234
2 0.4489130434782609 0.01805869074492099 0.007608695652173913 0.01580135440180587
3 0.49619565217391304 0.019187358916478554 0.11847826086956521 0.029345372460496615
3 0.5016304347826087 0.01805869074492099 0.09239130434782608 0.022573363431151242
3 0.5016304347826087 0.01805869074492099 0.09239130434782608 0.022573363431151242
3 0.22554347826086957 0.23137697516930023 0.15108695652173912 0.033860045146726865
3 0.3858695652173913 0.7742663656884876 0.1282608695652174 0.040632054176072234
3 0.5489130434782609 0.7641083521444695 0.1282608695652174 0.020316027088036117
3 0.7119565217391305 0.7641083521444695 0.1282608695652174 0.020316027088036117
3 0.34891304347826085 0.37133182844243795 0.08043478260869565 0.030474040632054177
3 0.42880434782608695 0.37133182844243795 0.08043478260869565 0.030474040632054177
3 0.5092391304347826 0.37133182844243795 0.08043478260869565 0.030474040632054177
3 0.5891304347826087 0.37133182844243795 0.08043478260869565 0.030474040632054177
3 0.6695652173913044 0.37133182844243795 0.08043478260869565 0.030474040632054177
3 0.31956521739130433 0.07674943566591422 0.024456521739130436 0.022573363431151242
3 0.35543478260869565 0.07674943566591422 0.02717391304347826 0.022573363431151242
3 0.4032608695652174 0.07674943566591422 0.04891304347826087 0.022573363431151242
3 0.4467391304347826 0.07674943566591422 0.019021739130434784 0.022573363431151242
3 0.4782608695652174 0.07674943566591422 0.024456521739130436 0.022573363431151242
3 0.5108695652173914 0.07674943566591422 0.021195652173913043 0.022573363431151242
3 0.18532608695652175 0.3690744920993228 0.07065217391304347 0.020316027088036117
3 0.175 0.45711060948081267 0.050543478260869565 0.020316027088036117
3 0.1815217391304348 0.48419864559819414 0.06358695652173912 0.020316027088036117
3 0.17771739130434783 0.5112866817155757 0.05597826086956522 0.020316027088036117
3 0.18206521739130435 0.5383747178329571 0.06467391304347826 0.020316027088036117
3 0.16467391304347825 0.5654627539503386 0.029347826086956522 0.020316027088036117
3 0.18478260869565216 0.59255079006772 0.07010869565217391 0.020316027088036117
3 0.16467391304347825 0.6196388261851016 0.029347826086956522 0.020316027088036117
3 0.1858695652173913 0.6467268623024831 0.07228260869565217 0.020316027088036117
3 0.16521739130434782 0.6738148984198645 0.03097826086956522 0.020316027088036117
3 0.1701086956521739 0.7923250564334086 0.04021739130434782 0.020316027088036117
3 0.1625 0.8194130925507901 0.025 0.020316027088036117
3 0.1641304347826087 0.8465011286681715 0.02826086956521739 0.020316027088036117
3 0.15760869565217392 0.873589164785553 0.015217391304347827 0.020316027088036117
3 0.16630434782608697 0.9006772009029346 0.03260869565217391 0.020316027088036117
3 0.1559782608695652 0.927765237020316 0.011956521739130435 0.020316027088036117
3 0.1608695652173913 0.9548532731376975 0.022282608695652174 0.020316027088036117
3 0.16195652173913044 0.981941309255079 0.024456521739130436 0.020316027088036117
3 0.23423913043478262 0.3690744920993228 0.021739130434782608 0.020316027088036117
3 0.21684782608695652 0.45711060948081267 0.02717391304347826 0.020316027088036117
3 0.22934782608695653 0.48419864559819414 0.026630434782608695 0.020316027088036117
3 0.22065217391304348 0.5112866817155757 0.024456521739130436 0.020316027088036117
3 0.22934782608695653 0.5383747178329571 0.023369565217391305 0.020316027088036117
3 0.1923913043478261 0.5654627539503386 0.020652173913043477 0.020316027088036117
3 0.23369565217391305 0.59255079006772 0.022282608695652174 0.020316027088036117
3 0.1934782608695652 0.6196388261851016 0.02282608695652174 0.020316027088036117
3 0.23695652173913043 0.6467268623024831 0.02282608695652174 0.020316027088036117
3 0.19456521739130433 0.6738148984198645 0.022282608695652174 0.020316027088036117
3 0.20706521739130435 0.7923250564334086 0.02717391304347826 0.020316027088036117
3 0.18967391304347825 0.8194130925507901 0.02282608695652174 0.020316027088036117
3 0.19293478260869565 0.8465011286681715 0.024456521739130436 0.020316027088036117
3 0.1793478260869565 0.873589164785553 0.022282608695652174 0.020316027088036117
3 0.19728260869565217 0.9006772009029346 0.02391304347826087 0.020316027088036117
3 0.17771739130434783 0.927765237020316 0.025 0.020316027088036117
3 0.1842391304347826 0.9548532731376975 0.019021739130434784 0.020316027088036117
3 0.18858695652173912 0.981941309255079 0.02282608695652174 0.020316027088036117
3 0.1891304347826087 0.05981941309255079 0.0625 0.022573363431151242
3 0.18478260869565216 0.08126410835214447 0.0625 0.022573363431151242
3 0.18478260869565216 0.18510158013544017 0.06956521739130435 0.022573363431151242