0 0.6395281933256617 0.019138755980861243 0.02704257767548907 0.03827751196172249
0 0.2710011507479862 0.23684210526315788 0.020138089758342925 0.029904306220095694
0 0.7997698504027618 0.15311004784688995 0.06501726121979287 0.01674641148325359
0 0.856156501726122 0.4138755980861244 0.03682393555811277 0.07655502392344497
1 0.7827963176064442 0.019736842105263157 0.1962025316455696 0.039473684210526314
1 0.4326812428078251 0.3181818181818182 0.04027617951668585 0.08373205741626795
1 0.4470655926352129 0.7763157894736842 0.16340621403912542 0.25598086124401914
1 0.6196777905638665 0.7763157894736842 0.16340621403912542 0.25598086124401914
1 0.7922899884925202 0.7763157894736842 0.16340621403912542 0.25598086124401914
1 0.24021864211737629 0.01854066985645933 0.07767548906789414 0.03708133971291866
2 0.48072497123130037 0.019138755980861243 0.34464902186421176 0.03827751196172249
2 0.5103567318757192 0.014354066985645933 0.00805523590333717 0.01674641148325359
3 0.5621403912543153 0.01555023923444976 0.12888377445339472 0.03110047846889952
3 0.5678941311852704 0.014354066985645933 0.10126582278481013 0.023923444976076555
3 0.5678941311852704 0.014354066985645933 0.10126582278481013 0.023923444976076555
3 0.2773302646720368 0.20095693779904306 0.15995397008055237 0.03588516746411483
3 0.5155350978135789 0.31698564593301437 0.10701956271576525 0.05382775119617225
3 0.3768699654775604 0.07655502392344497 0.025891829689298044 0.023923444976076555
3 0.4148446490218642 0.07655502392344497 0.028768699654775604 0.023923444976076555
3 0.4654775604142693 0.07655502392344497 0.05178365937859609 0.023923444976076555
3 0.5115074798619103 0.07655502392344497 0.020138089758342925 0.023923444976076555
3 0.5448791714614499 0.07655502392344497 0.025891829689298044 0.023923444976076555
3 0.5794016110471807 0.07655502392344497 0.02243958573072497 0.023923444976076555
3 0.22669735327963175 0.34688995215311 0.059263521288837745 0.0215311004784689
3 0.23072497123130034 0.37559808612440193 0.06731875719217491 0.0215311004784689
3 0.23130034522439585 0.4043062200956938 0.06846950517836593 0.0215311004784689
3 0.23417721518987342 0.43301435406698563 0.07422324510932106 0.0215311004784689
3 0.2238204833141542 0.46172248803827753 0.053509781357882626 0.0215311004784689
3 0.21288837744533948 0.4904306220095694 0.031070195627157654 0.0215311004784689
3 0.21288837744533948 0.5191387559808612 0.031070195627157654 0.0215311004784689
3 0.21518987341772153 0.5478468899521531 0.03567318757192175 0.0215311004784689
3 0.23532796317606444 0.5765550239234449 0.07652474108170311 0.0215311004784689
3 0.2054085155350978 0.7021531100478469 0.01611047180667434 0.0215311004784689
3 0.20253164556962025 0.7308612440191388 0.010356731875719217 0.0215311004784689
3 0.21001150747986191 0.7595693779904307 0.02531645569620253 0.0215311004784689
3 0.2088607594936709 0.7882775119617225 0.023590333716915997 0.0215311004784689
3 0.23187571921749137 0.881578947368421 0.06904487917146145 0.0215311004784689
3 0.23245109321058688 0.9102870813397129 0.07019562715765247 0.0215311004784689
3 0.24798619102416572 0.9389952153110048 0.10184119677790564 0.0215311004784689
3 0.21058688147295743 0.9677033492822966 0.02704257767548907 0.0215311004784689
3 0.22468354430379747 0.9922248803827751 0.05466052934407365 0.013157894736842105
3 0.26524741081703107 0.34688995215311 0.012082853855005753 0.0215311004784689
3 0.2727272727272727 0.37559808612440193 0.01093210586881473 0.0215311004784689
3 0.2744533947065593 0.4043062200956938 0.01093210586881473 0.0215311004784689
3 0.2807825086306099 0.43301435406698563 0.012658227848101266 0.0215311004784689
3 0.2600690448791715 0.46172248803827753 0.012658227848101266 0.0215311004784689
3 0.2376294591484465 0.4904306220095694 0.013233601841196778 0.0215311004784689
3 0.23647871116225547 0.5191387559808612 0.01093210586881473 0.0215311004784689
3 0.24165707710011508 0.5478468899521531 0.010356731875719217 0.0215311004784689
3 0.28250863060989645 0.5765550239234449 0.01093210586881473 0.0215311004784689
3 0.22554660529344073 0.7021531100478469 0.017836593785960874 0.0215311004784689
3 0.213463751438435 0.7308612440191388 0.006329113924050633 0.0215311004784689
3 0.2289988492520138 0.7595693779904307 0.006329113924050633 0.0215311004784689
3 0.22669735327963175 0.7882775119617225 0.006329113924050633 0.0215311004784689
3 0.2767548906789413 0.881578947368421 0.015535097813578827 0.0215311004784689
3 0.27848101265822783 0.9102870813397129 0.015535097813578827 0.0215311004784689
3 0.30724971231300346 0.9389952153110048 0.010356731875719217 0.0215311004784689
3 0.23130034522439585 0.9677033492822966 0.00863060989643268 0.0215311004784689
3 0.2592059838895282 0.9922248803827751 0.00863060989643268 0.013157894736842105
3 0.23878020713463752 0.05861244019138756 0.0661680092059839 0.023923444976076555
3 0.23417721518987342 0.08133971291866028 0.0661680092059839 0.023923444976076555
3 0.23417721518987342 0.1519138755980861 0.07364787111622555 0.023923444976076555