0 0.5880952380952381 0.01978021978021978 0.02486772486772487 0.03956043956043956
0 0.2492063492063492 0.22197802197802197 0.018518518518518517 0.027472527472527472
0 0.7354497354497355 0.14505494505494507 0.059788359788359786 0.015384615384615385
0 0.7873015873015873 0.38461538461538464 0.033862433862433865 0.07032967032967033
1 0.7198412698412698 0.02032967032967033 0.18042328042328043 0.04065934065934066
1 0.3978835978835979 0.2967032967032967 0.037037037037037035 0.07692307692307693
1 0.4111111111111111 0.7175824175824176 0.15026455026455027 0.23516483516483516
1 0.5698412698412698 0.7175824175824176 0.15026455026455027 0.23516483516483516
1 0.7285714285714285 0.7175824175824176 0.15026455026455027 0.23516483516483516
1 0.22063492063492063 0.01868131868131868 0.07089947089947089 0.03736263736263736
2 0.44206349206349205 0.01978021978021978 0.31693121693121695 0.03956043956043956
2 0.4693121693121693 0.017582417582417582 0.007407407407407408 0.015384615384615385
3 0.5169312169312169 0.01868131868131868 0.11851851851851852 0.02857142857142857
3 0.5222222222222223 0.017582417582417582 0.09312169312169312 0.02197802197802198
3 0.5222222222222223 0.017582417582417582 0.09312169312169312 0.02197802197802198
3 0.25502645502645505 0.189010989010989 0.14708994708994708 0.03296703296703297
3 0.4740740740740741 0.2956043956043956 0.09841269841269841 0.04945054945054945
3 0.4111111111111111 0.9340659340659341 0.12486772486772486 0.01978021978021978
3 0.5698412698412698 0.9340659340659341 0.12486772486772486 0.01978021978021978
3 0.7285714285714285 0.9340659340659341 0.12486772486772486 0.01978021978021978
3 0.34656084656084657 0.07472527472527472 0.023809523809523808 0.02197802197802198
3 0.3814814814814815 0.07472527472527472 0.026455026455026454 0.02197802197802198
3 0.42804232804232806 0.07472527472527472 0.047619047619047616 0.02197802197802198
3 0.4703703703703704 0.07472527472527472 0.018518518518518517 0.02197802197802198
3 0.5010582010582011 0.07472527472527472 0.023809523809523808 0.02197802197802198
3 0.5328042328042328 0.07472527472527472 0.020634920634920634 0.02197802197802198
3 0.20846560846560847 0.3230769230769231 0.054497354497354496 0.01978021978021978
3 0.21216931216931217 0.34945054945054943 0.06190476190476191 0.01978021978021978
3 0.2126984126984127 0.3758241758241758 0.06296296296296296 0.01978021978021978
3 0.21534391534391534 0.4021978021978022 0.06825396825396825 0.01978021978021978
3 0.20582010582010582 0.42857142857142855 0.049206349206349205 0.01978021978021978
3 0.19576719576719576 0.45494505494505494 0.02857142857142857 0.01978021978021978
3 0.19576719576719576 0.48131868131868133 0.02857142857142857 0.01978021978021978
3 0.19788359788359788 0.5076923076923077 0.0328042328042328 0.01978021978021978
3 0.2164021164021164 0.5340659340659341 0.07037037037037037 0.01978021978021978
3 0.18888888888888888 0.6494505494505495 0.014814814814814815 0.01978021978021978
3 0.18624338624338624 0.6758241758241759 0.009523809523809525 0.01978021978021978
3 0.1931216931216931 0.7021978021978021 0.02328042328042328 0.01978021978021978
3 0.19206349206349208 0.7285714285714285 0.021693121693121695 0.01978021978021978
3 0.21322751322751324 0.8142857142857143 0.06349206349206349 0.01978021978021978
3 0.21375661375661376 0.8406593406593407 0.06455026455026455 0.01978021978021978
3 0.22804232804232805 0.8670329670329671 0.09365079365079365 0.01978021978021978
3 0.19365079365079366 0.8934065934065935 0.02486772486772487 0.01978021978021978
3 0.20634920634920634 0.9197802197802197 0.04973544973544974 0.01978021978021978
3 0.20687830687830688 0.9461538461538461 0.051322751322751325 0.01978021978021978
3 0.24391534391534392 0.3230769230769231 0.011111111111111112 0.01978021978021978
3 0.2507936507936508 0.34945054945054943 0.010052910052910053 0.01978021978021978
3 0.2523809523809524 0.3758241758241758 0.010052910052910053 0.01978021978021978
3 0.2582010582010582 0.4021978021978022 0.01164021164021164 0.01978021978021978
3 0.23915343915343915 0.42857142857142855 0.01164021164021164 0.01978021978021978
3 0.21851851851851853 0.45494505494505494 0.01216931216931217 0.01978021978021978
3 0.21746031746031746 0.48131868131868133 0.010052910052910053 0.01978021978021978
3 0.2222222222222222 0.5076923076923077 0.009523809523809525 0.01978021978021978
3 0.2597883597883598 0.5340659340659341 0.010052910052910053 0.01978021978021978
3 0.2074074074074074 0.6494505494505495 0.0164021164021164 0.01978021978021978
3 0.1962962962962963 0.6758241758241759 0.00582010582010582 0.01978021978021978
3 0.2105820105820106 0.7021978021978021 0.00582010582010582 0.01978021978021978
3 0.20846560846560847 0.7285714285714285 0.00582010582010582 0.01978021978021978
3 0.2544973544973545 0.8142857142857143 0.014285714285714285 0.01978021978021978
3 0.2560846560846561 0.8406593406593407 0.014285714285714285 0.01978021978021978
3 0.28253968253968254 0.8670329670329671 0.009523809523809525 0.01978021978021978
3 0.2126984126984127 0.8934065934065935 0.007936507936507936 0.01978021978021978
3 0.23809523809523808 0.9197802197802197 0.007407407407407408 0.01978021978021978
3 0.2396825396825397 0.9461538461538461 0.007936507936507936 0.01978021978021978
3 0.21957671957671956 0.05824175824175824 0.06084656084656084 0.02197802197802198
3 0.21534391534391534 0.07912087912087912 0.06084656084656084 0.02197802197802198
3 0.21534391534391534 0.14395604395604394 0.06772486772486773 0.02197802197802198