0 0.22596685082872928 0.18463302752293578 0.019337016574585635 0.028669724770642203
0 0.7348066298342542 0.10435779816513761 0.062430939226519336 0.016055045871559634
0 0.7889502762430939 0.3543577981651376 0.03535911602209945 0.07339449541284404
1 0.38232044198895027 0.26146788990825687 0.03867403314917127 0.05045871559633028
1 0.3961325966850829 0.7018348623853211 0.1569060773480663 0.24541284403669725
1 0.561878453038674 0.7018348623853211 0.1569060773480663 0.24541284403669725
1 0.7276243093922652 0.7018348623853211 0.1569060773480663 0.24541284403669725
3 0.23314917127071824 0.15022935779816513 0.15359116022099448 0.034403669724770644
3 0.46187845303867403 0.26146788990825687 0.10276243093922652 0.051605504587155966
3 0.3961325966850829 0.9380733944954128 0.13038674033149172 0.04128440366972477
3 0.561878453038674 0.9277522935779816 0.13038674033149172 0.020642201834862386
3 0.7276243093922652 0.9277522935779816 0.13038674033149172 0.020642201834862386
3 0.3287292817679558 0.03096330275229358 0.024861878453038673 0.022935779816513763
3 0.3651933701657459 0.03096330275229358 0.027624309392265192 0.022935779816513763
3 0.4138121546961326 0.03096330275229358 0.049723756906077346 0.022935779816513763
3 0.4580110497237569 0.03096330275229358 0.019337016574585635 0.022935779816513763
3 0.4900552486187845 0.03096330275229358 0.024861878453038673 0.022935779816513763
3 0.5232044198895027 0.03096330275229358 0.02154696132596685 0.022935779816513763
3 0.19226519337016573 0.2901376146788991 0.0718232044198895 0.020642201834862386
3 0.18176795580110497 0.3795871559633027 0.05138121546961326 0.020642201834862386
3 0.18453038674033148 0.40711009174311924 0.0569060773480663 0.020642201834862386
3 0.18839779005524862 0.43463302752293576 0.06464088397790055 0.020642201834862386
3 0.19171270718232045 0.46215596330275227 0.0712707182320442 0.020642201834862386
3 0.18895027624309393 0.4896788990825688 0.06574585635359116 0.020642201834862386
3 0.1712707182320442 0.5172018348623854 0.02983425414364641 0.020642201834862386
3 0.1712707182320442 0.5447247706422018 0.02983425414364641 0.020642201834862386
3 0.1734806629834254 0.5722477064220184 0.03425414364640884 0.020642201834862386
3 0.1718232044198895 0.5997706422018348 0.030939226519337018 0.020642201834862386
3 0.16243093922651933 0.7201834862385321 0.012154696132596685 0.020642201834862386
3 0.16906077348066298 0.7477064220183486 0.02541436464088398 0.020642201834862386
3 0.18950276243093922 0.8371559633027523 0.06629834254143646 0.020642201834862386
3 0.19005524861878453 0.8646788990825688 0.06740331491712707 0.020642201834862386
3 0.20497237569060772 0.8922018348623854 0.09779005524861878 0.020642201834862386
3 0.19005524861878453 0.9197247706422018 0.06740331491712707 0.020642201834862386
3 0.18287292817679557 0.9472477064220184 0.05359116022099448 0.020642201834862386
3 0.23370165745856353 0.2901376146788991 0.0055248618784530384 0.020642201834862386
3 0.2165745856353591 0.3795871559633027 0.012154696132596685 0.020642201834862386
3 0.22209944751381216 0.40711009174311924 0.01270718232044199 0.020642201834862386
3 0.22983425414364642 0.43463302752293576 0.012154696132596685 0.020642201834862386
3 0.23646408839779007 0.46215596330275227 0.012154696132596685 0.020642201834862386
3 0.23149171270718233 0.4896788990825688 0.01270718232044199 0.020642201834862386
3 0.19392265193370165 0.5172018348623854 0.009944751381215469 0.020642201834862386
3 0.19392265193370165 0.5447247706422018 0.010497237569060774 0.020642201834862386
3 0.19779005524861878 0.5722477064220184 0.008287292817679558 0.020642201834862386
3 0.19447513812154696 0.5997706422018348 0.008287292817679558 0.020642201834862386
3 0.17900552486187846 0.7201834862385321 0.014917127071823204 0.020642201834862386
3 0.1878453038674033 0.7477064220183486 0.0060773480662983425 0.020642201834862386
3 0.23204419889502761 0.8371559633027523 0.013812154696132596 0.020642201834862386
3 0.23314917127071824 0.8646788990825688 0.01270718232044199 0.020642201834862386
3 0.26077348066298345 0.8922018348623854 0.0077348066298342545 0.020642201834862386
3 0.2292817679558011 0.9197247706422018 0.0060773480662983425 0.020642201834862386
3 0.21712707182320443 0.9472477064220184 0.008287292817679558 0.020642201834862386
3 0.19613259668508287 0.013761467889908258 0.06353591160220995 0.022935779816513763
3 0.19171270718232045 0.03555045871559633 0.06353591160220995 0.022935779816513763
3 0.19171270718232045 0.10321100917431193 0.0707182320441989 0.022935779816513763