0 0.5938172043010753 0.017299107142857144 0.025268817204301075 0.03459821428571429
0 0.24838709677419354 0.21986607142857142 0.01881720430107527 0.027901785714285716
0 0.7435483870967742 0.14174107142857142 0.06075268817204301 0.015625
0 0.796236559139785 0.38504464285714285 0.034408602150537634 0.07142857142857142
1 0.7276881720430107 0.017857142857142856 0.18333333333333332 0.03571428571428571
1 0.40053763440860213 0.29464285714285715 0.03763440860215054 0.049107142857142856
1 0.41397849462365593 0.7232142857142857 0.15268817204301074 0.23883928571428573
1 0.5752688172043011 0.7232142857142857 0.15268817204301074 0.23883928571428573
1 0.7365591397849462 0.7232142857142857 0.15268817204301074 0.23883928571428573
1 0.2206989247311828 0.016741071428571428 0.07258064516129033 0.033482142857142856
2 0.4454301075268817 0.017299107142857144 0.32204301075268815 0.03459821428571429
2 0.4731182795698925 0.012276785714285714 0.007526881720430108 0.015625
3 0.521774193548387 0.014508928571428572 0.12096774193548387 0.029017857142857144
3 0.5268817204301075 0.012276785714285714 0.09462365591397849 0.022321428571428572
3 0.5268817204301075 0.012276785714285714 0.09462365591397849 0.022321428571428572
3 0.2553763440860215 0.18638392857142858 0.14946236559139786 0.033482142857142856
3 0.47795698924731184 0.29464285714285715 0.1 0.05022321428571429
3 0.41397849462365593 0.953125 0.12688172043010754 0.04017857142857143
3 0.5752688172043011 0.9430803571428571 0.12688172043010754 0.020089285714285716
3 0.7365591397849462 0.9430803571428571 0.12688172043010754 0.020089285714285716
3 0.34838709677419355 0.0703125 0.024193548387096774 0.022321428571428572
3 0.38387096774193546 0.0703125 0.026881720430107527 0.022321428571428572
3 0.4311827956989247 0.0703125 0.04838709677419355 0.022321428571428572
3 0.47419354838709676 0.0703125 0.01881720430107527 0.022321428571428572
3 0.5053763440860215 0.0703125 0.024193548387096774 0.022321428571428572
3 0.5376344086021505 0.0703125 0.020967741935483872 0.022321428571428572
3 0.21559139784946235 0.32254464285714285 0.06989247311827956 0.020089285714285716
3 0.2053763440860215 0.4095982142857143 0.05 0.020089285714285716
3 0.20806451612903226 0.43638392857142855 0.0553763440860215 0.020089285714285716
3 0.2118279569892473 0.46316964285714285 0.06290322580645161 0.020089285714285716
3 0.21505376344086022 0.48995535714285715 0.06935483870967742 0.020089285714285716
3 0.21236559139784947 0.5167410714285714 0.06397849462365592 0.020089285714285716
3 0.19516129032258064 0.5435267857142857 0.02903225806451613 0.020089285714285716
3 0.19516129032258064 0.5703125 0.02903225806451613 0.020089285714285716
3 0.19731182795698926 0.5970982142857143 0.03333333333333333 0.020089285714285716
3 0.1956989247311828 0.6238839285714286 0.030107526881720432 0.020089285714285716
3 0.18655913978494623 0.7410714285714286 0.011827956989247311 0.020089285714285716
3 0.19301075268817205 0.7678571428571429 0.024731182795698924 0.020089285714285716
3 0.2129032258064516 0.8549107142857143 0.06451612903225806 0.020089285714285716
3 0.21344086021505376 0.8816964285714286 0.06559139784946237 0.020089285714285716
3 0.22795698924731184 0.9084821428571429 0.09516129032258064 0.020089285714285716
3 0.21344086021505376 0.9352678571428571 0.06559139784946237 0.020089285714285716
3 0.2064516129032258 0.9620535714285714 0.0521505376344086 0.020089285714285716
3 0.25591397849462366 0.32254464285714285 0.005376344086021506 0.020089285714285716
3 0.239247311827957 0.4095982142857143 0.011827956989247311 0.020089285714285716
3 0.2446236559139785 0.43638392857142855 0.012365591397849462 0.020089285714285716
3 0.2521505376344086 0.46316964285714285 0.011827956989247311 0.020089285714285716
3 0.2586021505376344 0.48995535714285715 0.011827956989247311 0.020089285714285716
3 0.2537634408602151 0.5167410714285714 0.012365591397849462 0.020089285714285716
3 0.2172043010752688 0.5435267857142857 0.00967741935483871 0.020089285714285716
3 0.2172043010752688 0.5703125 0.01021505376344086 0.020089285714285716
3 0.22096774193548388 0.5970982142857143 0.008064516129032258 0.020089285714285716
3 0.21774193548387097 0.6238839285714286 0.008064516129032258 0.020089285714285716
3 0.20268817204301076 0.7410714285714286 0.014516129032258065 0.020089285714285716
3 0.21129032258064517 0.7678571428571429 0.005913978494623656 0.020089285714285716
3 0.2543010752688172 0.8549107142857143 0.013440860215053764 0.020089285714285716
3 0.2553763440860215 0.8816964285714286 0.012365591397849462 0.020089285714285716
3 0.28225806451612906 0.9084821428571429 0.007526881720430108 0.020089285714285716
3 0.25161290322580643 0.9352678571428571 0.005913978494623656 0.020089285714285716
3 0.23978494623655913 0.9620535714285714 0.008064516129032258 0.020089285714285716
3 0.21935483870967742 0.05357142857142857 0.06182795698924731 0.022321428571428572
3 0.21505376344086022 0.07477678571428571 0.06182795698924731 0.022321428571428572
3 0.21505376344086022 0.140625 0.06881720430107527 0.022321428571428572