0 0.5948924731182795 0.021763392857142856 0.025268817204301075 0.04352678571428571
0 0.25 0.22879464285714285 0.01881720430107527 0.027901785714285716
0 0.7446236559139785 0.15066964285714285 0.06075268817204301 0.015625
0 0.7973118279569893 0.3939732142857143 0.034408602150537634 0.07142857142857142
1 0.728494623655914 0.022321428571428572 0.1827956989247312 0.04352678571428571
1 0.40161290322580645 0.3046875 0.03763440860215054 0.078125
1 0.4150537634408602 0.7321428571428571 0.15268817204301074 0.23883928571428573
1 0.5763440860215053 0.7321428571428571 0.15268817204301074 0.23883928571428573
1 0.7376344086021506 0.7321428571428571 0.15268817204301074 0.23883928571428573
1 0.221505376344086 0.022321428571428572 0.07204301075268817 0.03794642857142857
2 0.44650537634408605 0.021763392857142856 0.32204301075268815 0.04352678571428571
2 0.47419354838709676 0.021205357142857144 0.007526881720430108 0.015625
3 0.5225806451612903 0.022321428571428572 0.12043010752688173 0.029017857142857144
3 0.5279569892473118 0.021205357142857144 0.09462365591397849 0.022321428571428572
3 0.5279569892473118 0.021205357142857144 0.09462365591397849 0.022321428571428572
3 0.2564516129032258 0.1953125 0.14946236559139786 0.033482142857142856
3 0.4790322580645161 0.30357142857142855 0.1 0.05022321428571429
3 0.4150537634408602 0.9520089285714286 0.12688172043010754 0.020089285714285716
3 0.5763440860215053 0.9520089285714286 0.12688172043010754 0.020089285714285716
3 0.7376344086021506 0.9520089285714286 0.12688172043010754 0.020089285714285716
3 0.34946236559139787 0.07924107142857142 0.024193548387096774 0.022321428571428572
3 0.3849462365591398 0.07924107142857142 0.026881720430107527 0.022321428571428572
3 0.432258064516129 0.07924107142857142 0.04838709677419355 0.022321428571428572
3 0.4752688172043011 0.07924107142857142 0.01881720430107527 0.022321428571428572
3 0.5064516129032258 0.07924107142857142 0.024193548387096774 0.022321428571428572
3 0.5387096774193548 0.07924107142857142 0.020967741935483872 0.022321428571428572
3 0.2161290322580645 0.3314732142857143 0.06935483870967742 0.020089285714285716
3 0.20913978494623656 0.35825892857142855 0.0553763440860215 0.020089285714285716
3 0.21344086021505376 0.38504464285714285 0.06397849462365592 0.020089285714285716
3 0.2064516129032258 0.41183035714285715 0.05 0.020089285714285716
3 0.2172043010752688 0.43861607142857145 0.07150537634408602 0.020089285714285716
3 0.2129032258064516 0.4654017857142857 0.06290322580645161 0.020089285714285716
3 0.19623655913978494 0.4921875 0.02903225806451613 0.020089285714285716
3 0.19838709677419356 0.5189732142857143 0.03333333333333333 0.020089285714285716
3 0.19623655913978494 0.5457589285714286 0.02903225806451613 0.020089285714285716
3 0.21451612903225806 0.6629464285714286 0.06559139784946237 0.020089285714285716
3 0.21397849462365592 0.6897321428571429 0.06451612903225806 0.020089285714285716
3 0.22903225806451613 0.7165178571428571 0.09516129032258064 0.020089285714285716
3 0.20268817204301076 0.7433035714285714 0.041935483870967745 0.020089285714285716
3 0.20698924731182797 0.7700892857142857 0.05053763440860215 0.020089285714285716
3 0.2075268817204301 0.796875 0.0521505376344086 0.020089285714285716
3 0.19032258064516128 0.8839285714285714 0.017741935483870968 0.020089285714285716
3 0.18978494623655914 0.9107142857142857 0.016129032258064516 0.020089285714285716
3 0.19086021505376344 0.9375 0.01827956989247312 0.020089285714285716
3 0.18978494623655914 0.9642857142857143 0.016129032258064516 0.020089285714285716
3 0.19032258064516128 0.9899553571428571 0.01827956989247312 0.017857142857142856
3 0.25967741935483873 0.3314732142857143 0.011827956989247311 0.020089285714285716
3 0.2456989247311828 0.35825892857142855 0.011827956989247311 0.020089285714285716
3 0.2537634408602151 0.38504464285714285 0.01021505376344086 0.020089285714285716
3 0.239247311827957 0.41183035714285715 0.01021505376344086 0.020089285714285716
3 0.26129032258064516 0.43861607142857145 0.00967741935483871 0.020089285714285716
3 0.2521505376344086 0.4654017857142857 0.01021505376344086 0.020089285714285716
3 0.21827956989247313 0.4921875 0.00967741935483871 0.020089285714285716
3 0.22311827956989247 0.5189732142857143 0.00967741935483871 0.020089285714285716
3 0.21827956989247313 0.5457589285714286 0.00967741935483871 0.020089285714285716
3 0.256989247311828 0.6629464285714286 0.012903225806451613 0.020089285714285716
3 0.25483870967741934 0.6897321428571429 0.011827956989247311 0.020089285714285716
3 0.2833333333333333 0.7165178571428571 0.007526881720430108 0.020089285714285716
3 0.23010752688172043 0.7433035714285714 0.007526881720430108 0.020089285714285716
3 0.23817204301075268 0.7700892857142857 0.005913978494623656 0.020089285714285716
3 0.24301075268817204 0.796875 0.011827956989247311 0.020089285714285716
3 0.2053763440860215 0.8839285714285714 0.005913978494623656 0.020089285714285716
3 0.20430107526881722 0.9107142857142857 0.007526881720430108 0.020089285714285716
3 0.2064516129032258 0.9375 0.007526881720430108 0.020089285714285716
3 0.2032258064516129 0.9642857142857143 0.005376344086021506 0.020089285714285716
3 0.2067204301075269 0.9899553571428571 0.008064516129032258 0.017857142857142856
3 0.22043010752688172 0.0625 0.06182795698924731 0.022321428571428572
3 0.2161290322580645 0.08370535714285714 0.06182795698924731 0.022321428571428572
3 0.2161290322580645 0.14955357142857142 0.06881720430107527 0.022321428571428572