0 0.5832460732984294 0.02826086956521739 0.024083769633507852 0.042391304347826085
0 0.24450261780104712 0.23043478260869565 0.01832460732984293 0.02717391304347826
0 0.7293193717277487 0.15434782608695652 0.059162303664921465 0.015217391304347827
0 0.7806282722513089 0.391304347826087 0.033507853403141365 0.06956521739130435
1 0.7136125654450262 0.029347826086956522 0.17801047120418848 0.042391304347826085
1 0.39528795811518325 0.3032608695652174 0.03664921465968586 0.04782608695652174
1 0.4083769633507853 0.7206521739130435 0.1486910994764398 0.2326086956521739
1 0.5654450261780105 0.7206521739130435 0.1486910994764398 0.2326086956521739
1 0.7225130890052356 0.7206521739130435 0.1486910994764398 0.2326086956521739
1 0.2198952879581152 0.029347826086956522 0.07015706806282722 0.03695652173913044
2 0.4387434554973822 0.02826086956521739 0.31308900523560207 0.042391304347826085
2 0.46596858638743455 0.02826086956521739 0.007329842931937173 0.015217391304347827
3 0.5130890052356021 0.029347826086956522 0.11727748691099477 0.02826086956521739
3 0.518324607329843 0.02826086956521739 0.09214659685863874 0.021739130434782608
3 0.518324607329843 0.02826086956521739 0.09214659685863874 0.021739130434782608
3 0.25392670157068065 0.19782608695652174 0.14554973821989528 0.03260869565217391
3 0.4706806282722513 0.3032608695652174 0.09738219895287958 0.04891304347826087
3 0.4083769633507853 0.9347826086956522 0.12356020942408377 0.01956521739130435
3 0.5654450261780105 0.9347826086956522 0.12356020942408377 0.01956521739130435
3 0.7225130890052356 0.9347826086956522 0.12356020942408377 0.01956521739130435
3 0.34450261780104713 0.08478260869565217 0.02356020942408377 0.021739130434782608
3 0.37905759162303665 0.08478260869565217 0.02617801047120419 0.021739130434782608
3 0.42513089005235605 0.08478260869565217 0.04712041884816754 0.021739130434782608
3 0.46701570680628274 0.08478260869565217 0.01832460732984293 0.021739130434782608
3 0.4973821989528796 0.08478260869565217 0.02356020942408377 0.021739130434782608
3 0.5287958115183246 0.08478260869565217 0.020418848167539267 0.021739130434782608
3 0.20785340314136125 0.33043478260869563 0.05392670157068063 0.01956521739130435
3 0.21204188481675393 0.3565217391304348 0.06230366492146597 0.01956521739130435
3 0.19528795811518324 0.3826086956521739 0.028272251308900525 0.01956521739130435
3 0.21151832460732983 0.40869565217391307 0.0612565445026178 0.01956521739130435
3 0.21465968586387435 0.43478260869565216 0.06753926701570681 0.01956521739130435
3 0.20523560209424083 0.4608695652173913 0.04869109947643979 0.01956521739130435
3 0.2157068062827225 0.48695652173913045 0.06963350785340314 0.01956521739130435
3 0.19581151832460733 0.5130434782608696 0.029842931937172777 0.01956521739130435
3 0.1973821989528796 0.5391304347826087 0.032460732984293195 0.01956521739130435
3 0.2130890052356021 0.6532608695652173 0.06387434554973823 0.01956521739130435
3 0.21256544502617802 0.6793478260869565 0.06282722513089005 0.01956521739130435
3 0.22722513089005236 0.7054347826086956 0.09267015706806282 0.01956521739130435
3 0.20628272251308902 0.7315217391304348 0.050785340314136125 0.01956521739130435
3 0.18952879581151832 0.816304347826087 0.017277486910994764 0.01956521739130435
3 0.18900523560209423 0.842391304347826 0.015706806282722512 0.01956521739130435
3 0.18900523560209423 0.8684782608695653 0.015706806282722512 0.01956521739130435
3 0.18848167539267016 0.8945652173913043 0.015183246073298429 0.01956521739130435
3 0.18848167539267016 0.9206521739130434 0.015183246073298429 0.01956521739130435
3 0.18848167539267016 0.9467391304347826 0.014659685863874346 0.01956521739130435
3 0.18848167539267016 0.9728260869565217 0.015183246073298429 0.01956521739130435
3 0.2424083769633508 0.33043478260869563 0.009947643979057591 0.01956521739130435
3 0.2513089005235602 0.3565217391304348 0.009947643979057591 0.01956521739130435
3 0.21675392670157068 0.3826086956521739 0.009424083769633508 0.01956521739130435
3 0.2486910994764398 0.40869565217391307 0.007853403141361256 0.01956521739130435
3 0.256020942408377 0.43478260869565216 0.009947643979057591 0.01956521739130435
3 0.2356020942408377 0.4608695652173913 0.006806282722513089 0.01956521739130435
3 0.25759162303664923 0.48695652173913045 0.007329842931937173 0.01956521739130435
3 0.21727748691099477 0.5130434782608696 0.007329842931937173 0.01956521739130435
3 0.22041884816753926 0.5391304347826087 0.007329842931937173 0.01956521739130435
3 0.25392670157068065 0.6532608695652173 0.011518324607329843 0.01956521739130435
3 0.2523560209424084 0.6793478260869565 0.011518324607329843 0.01956521739130435
3 0.281151832460733 0.7054347826086956 0.009424083769633508 0.01956521739130435
3 0.23821989528795812 0.7315217391304348 0.006806282722513089 0.01956521739130435
3 0.20418848167539266 0.816304347826087 0.005759162303664921 0.01956521739130435
3 0.2031413612565445 0.842391304347826 0.007329842931937173 0.01956521739130435
3 0.2031413612565445 0.8684782608695653 0.007329842931937173 0.01956521739130435
3 0.2031413612565445 0.8945652173913043 0.007329842931937173 0.01956521739130435
3 0.2031413612565445 0.9206521739130434 0.007853403141361256 0.01956521739130435
3 0.20261780104712043 0.9467391304347826 0.007329842931937173 0.01956521739130435
3 0.2031413612565445 0.9728260869565217 0.007329842931937173 0.01956521739130435
3 0.218848167539267 0.06847826086956521 0.060209424083769635 0.021739130434782608
3 0.21465968586387435 0.0891304347826087 0.060209424083769635 0.021739130434782608
3 0.21465968586387435 0.1532608695652174 0.06701570680628273 0.021739130434782608