0 0.5908839779005525 0.02121559633027523 0.025966850828729283 0.04243119266055046
0 0.23591160220994475 0.23279816513761467 0.019337016574585635 0.028669724770642203
0 0.7447513812154696 0.15252293577981652 0.062430939226519336 0.016055045871559634
0 0.7988950276243094 0.4025229357798165 0.03535911602209945 0.07339449541284404
1 0.7284530386740331 0.021788990825688075 0.18839779005524862 0.04357798165137615
1 0.39226519337016574 0.30963302752293576 0.03867403314917127 0.03669724770642202
1 0.40607734806629836 0.75 0.1569060773480663 0.24541284403669725
1 0.5718232044198895 0.75 0.1569060773480663 0.24541284403669725
1 0.7375690607734806 0.75 0.1569060773480663 0.24541284403669725
1 0.20718232044198895 0.020642201834862386 0.07403314917127071 0.0389908256880734
2 0.4383977900552486 0.02121559633027523 0.330939226519337 0.04243119266055046
2 0.46685082872928174 0.0194954128440367 0.0077348066298342545 0.016055045871559634
3 0.5165745856353591 0.020642201834862386 0.12375690607734807 0.02981651376146789
3 0.5220994475138122 0.0194954128440367 0.09723756906077348 0.022935779816513763
3 0.5220994475138122 0.0194954128440367 0.09723756906077348 0.022935779816513763
3 0.2430939226519337 0.19839449541284404 0.15359116022099448 0.034403669724770644
3 0.4718232044198895 0.30963302752293576 0.10276243093922652 0.051605504587155966
3 0.40607734806629836 0.9759174311926605 0.13038674033149172 0.020642201834862386
3 0.5718232044198895 0.9759174311926605 0.13038674033149172 0.020642201834862386
3 0.7375690607734806 0.9759174311926605 0.13038674033149172 0.020642201834862386
3 0.33867403314917127 0.07912844036697247 0.024861878453038673 0.022935779816513763
3 0.3751381215469613 0.07912844036697247 0.027624309392265192 0.022935779816513763
3 0.42375690607734806 0.07912844036697247 0.049723756906077346 0.022935779816513763
3 0.46795580110497237 0.07912844036697247 0.019337016574585635 0.022935779816513763
3 0.5 0.07912844036697247 0.024861878453038673 0.022935779816513763
3 0.5331491712707183 0.07912844036697247 0.02154696132596685 0.022935779816513763
3 0.19889502762430938 0.338302752293578 0.06574585635359116 0.020642201834862386
3 0.19447513812154696 0.3658256880733945 0.0569060773480663 0.020642201834862386
3 0.1983425414364641 0.393348623853211 0.06464088397790055 0.020642201834862386
3 0.20165745856353592 0.4208715596330275 0.0712707182320442 0.020642201834862386
3 0.18121546961325966 0.44839449541284404 0.02983425414364641 0.020642201834862386
3 0.19171270718232045 0.47591743119266056 0.05138121546961326 0.020642201834862386
3 0.20276243093922652 0.5034403669724771 0.07348066298342541 0.020642201834862386
3 0.18342541436464088 0.5309633027522935 0.03425414364640884 0.020642201834862386
3 0.18121546961325966 0.5584862385321101 0.02983425414364641 0.020642201834862386
3 0.18287292817679557 0.6788990825688074 0.03314917127071823 0.020642201834862386
3 0.2 0.768348623853211 0.06740331491712707 0.020642201834862386
3 0.1994475138121547 0.7958715596330275 0.06629834254143646 0.020642201834862386
3 0.2149171270718232 0.823394495412844 0.09779005524861878 0.020642201834862386
3 0.1878453038674033 0.8509174311926605 0.0430939226519337 0.020642201834862386
3 0.18287292817679557 0.8784403669724771 0.03370165745856354 0.020642201834862386
3 0.19281767955801105 0.9059633027522935 0.05359116022099448 0.020642201834862386
3 0.17513812154696132 0.9919724770642202 0.01878453038674033 0.013761467889908258
3 0.2408839779005525 0.338302752293578 0.011602209944751382 0.020642201834862386
3 0.23149171270718233 0.3658256880733945 0.011602209944751382 0.020642201834862386
3 0.23977900552486187 0.393348623853211 0.012154696132596685 0.020642201834862386
3 0.24640883977900552 0.4208715596330275 0.012154696132596685 0.020642201834862386
3 0.20386740331491712 0.44839449541284404 0.009944751381215469 0.020642201834862386
3 0.22430939226519336 0.47591743119266056 0.008287292817679558 0.020642201834862386
3 0.24806629834254143 0.5034403669724771 0.010497237569060774 0.020642201834862386
3 0.20883977900552486 0.5309633027522935 0.010497237569060774 0.020642201834862386
3 0.20276243093922652 0.5584862385321101 0.0077348066298342545 0.020642201834862386
3 0.20883977900552486 0.6788990825688074 0.013812154696132596 0.020642201834862386
3 0.24419889502762432 0.768348623853211 0.014917127071823204 0.020642201834862386
3 0.24143646408839778 0.7958715596330275 0.012154696132596685 0.020642201834862386
3 0.27071823204419887 0.823394495412844 0.0077348066298342545 0.020642201834862386
3 0.2160220994475138 0.8509174311926605 0.0077348066298342545 0.020642201834862386
3 0.20607734806629835 0.8784403669724771 0.0060773480662983425 0.020642201834862386
3 0.22707182320441988 0.9059633027522935 0.008287292817679558 0.020642201834862386
3 0.19060773480662985 0.9919724770642202 0.0066298342541436465 0.013761467889908258
3 0.20607734806629835 0.06192660550458716 0.06353591160220995 0.022935779816513763
3 0.20165745856353592 0.08371559633027523 0.06353591160220995 0.022935779816513763
3 0.20165745856353592 0.15137614678899083 0.0707182320441989 0.022935779816513763