0 0.584375 0.02918918918918919 0.023958333333333335 0.04216216216216216
0 0.690625 0.9643243243243244 0.046875 0.03351351351351351
1 0.7140625 0.03027027027027027 0.17708333333333334 0.04216216216216216
1 0.4953125 0.1837837837837838 0.8333333333333334 0.15135135135135136
1 0.2484375 0.4064864864864865 0.096875 0.20108108108108108
1 0.5609375 0.4064864864864865 0.096875 0.20108108108108108
1 0.23489583333333333 0.6270270270270271 0.052083333333333336 0.10810810810810811
1 0.3390625 0.6270270270270271 0.052083333333333336 0.10810810810810811
1 0.49947916666666664 0.6789189189189189 0.20833333333333334 0.25513513513513514
1 0.6515625 0.6270270270270271 0.052083333333333336 0.10810810810810811
1 0.7557291666666667 0.6270270270270271 0.052083333333333336 0.10810810810810811
1 0.4432291666666667 0.8994594594594595 0.052083333333333336 0.10810810810810811
1 0.5473958333333333 0.8994594594594595 0.052083333333333336 0.10810810810810811
1 0.6515625 0.8994594594594595 0.052083333333333336 0.10810810810810811
1 0.7557291666666667 0.8994594594594595 0.052083333333333336 0.10810810810810811
2 0.440625 0.02918918918918919 0.31145833333333334 0.04216216216216216
3 0.1828125 0 0 0
3 0.22291666666666668 0.03027027027027027 0.06979166666666667 0.036756756756756756
3 0.6729166666666667 0.08540540540540541 0.057291666666666664 0.021621621621621623
3 0.71875 0.08540540540540541 0.034375 0.021621621621621623
3 0.7609375 0.08540540540540541 0.050520833333333334 0.021621621621621623
3 0.21770833333333334 0.07783783783783783 0.06927083333333334 0.043243243243243246
3 0.30520833333333336 0.08540540540540541 0.04114583333333333 0.021621621621621623
3 0.346875 0.08540540540540541 0.0234375 0.021621621621621623
3 0.38125 0.08540540540540541 0.026041666666666668 0.021621621621621623
3 0.4270833333333333 0.08540540540540541 0.046875 0.021621621621621623
3 0.46875 0.08540540540540541 0.018229166666666668 0.021621621621621623
3 0.49895833333333334 0.08540540540540541 0.0234375 0.021621621621621623
3 0.5302083333333333 0.08540540540540541 0.0203125 0.021621621621621623
3 0.7963541666666667 0.08324324324324324 0.013020833333333334 0.022702702702702703
3 0.7140625 0.03351351351351351 0.17708333333333334 0.04756756756756757
3 0.49557291666666664 0.1837837837837838 0.9911458333333333 0.15135135135135136
3 0.3390625 0.4064864864864865 0.30416666666666664 0.25513513513513514
3 0.6515625 0.4064864864864865 0.30416666666666664 0.25513513513513514
3 0.23489583333333333 0.6789189189189189 0.09583333333333334 0.25513513513513514
3 0.3390625 0.6789189189189189 0.09583333333333334 0.25513513513513514
3 0.4953125 0.6789189189189189 0.2 0.25513513513513514
3 0.6515625 0.6789189189189189 0.09583333333333334 0.25513513513513514
3 0.7557291666666667 0.6789189189189189 0.09583333333333334 0.25513513513513514
3 0.6276041666666666 0.9643243243243244 0.06197916666666667 0.024864864864864864
3 0.4010416666666667 0.43675675675675674 0.15416666666666667 0.015135135135135135
3 0.7135416666666666 0.43675675675675674 0.15416666666666667 0.015135135135135135
3 0.23489583333333333 0.7827027027027027 0.09583333333333334 0.015135135135135135
3 0.3390625 0.7827027027027027 0.09583333333333334 0.015135135135135135
3 0.44427083333333334 0.76 0.0609375 0.015135135135135135
3 0.6515625 0.7827027027027027 0.09583333333333334 0.015135135135135135
3 0.7557291666666667 0.7827027027027027 0.09583333333333334 0.015135135135135135
3 0.4671875 0.9643243243243244 0.38177083333333334 0.024864864864864864
3 0.4010416666666667 0.3935135135135135 0.15416666666666667 0.03891891891891892
3 0.7135416666666666 0.3935135135135135 0.15416666666666667 0.03891891891891892
3 0.23489583333333333 0.7351351351351352 0.08020833333333334 0.025945945945945945
3 0.3390625 0.7351351351351352 0.08020833333333334 0.025945945945945945
3 0.44427083333333334 0.7189189189189189 0.0609375 0.03351351351351351
3 0.6515625 0.7351351351351352 0.08020833333333334 0.025945945945945945
3 0.7557291666666667 0.7351351351351352 0.08020833333333334 0.025945945945945945