0 0.5881868131868132 0.0182648401826484 0.025824175824175823 0.0365296803652968
0 0.8192307692307692 0.1769406392694064 0.026373626373626374 0.0547945205479452
1 0.725 0.018835616438356163 0.18736263736263736 0.03767123287671233
1 0.371978021978022 0.15182648401826485 0.026373626373626374 0.0547945205479452
1 0.4532967032967033 0.15182648401826485 0.026373626373626374 0.0547945205479452
1 0.5346153846153846 0.15182648401826485 0.026373626373626374 0.0547945205479452
1 0.615934065934066 0.15182648401826485 0.026373626373626374 0.0547945205479452
1 0.6972527472527472 0.15182648401826485 0.026373626373626374 0.0547945205479452
1 0.7785714285714286 0.15182648401826485 0.026373626373626374 0.0547945205479452
1 0.40714285714285714 0.4554794520547945 0.15604395604395604 0.3242009132420091
1 0.5719780219780219 0.4554794520547945 0.1554945054945055 0.3242009132420091
1 0.7368131868131869 0.4554794520547945 0.15604395604395604 0.3242009132420091
1 0.20686813186813185 0.01769406392694064 0.07417582417582418 0.03538812785388128
2 0.43653846153846154 0.0182648401826484 0.3291208791208791 0.0365296803652968
3 0.371978021978022 0.21118721461187215 0.054945054945054944 0.0365296803652968
3 0.4532967032967033 0.21118721461187215 0.054945054945054944 0.0365296803652968
3 0.5346153846153846 0.21118721461187215 0.04945054945054945 0.0365296803652968
3 0.615934065934066 0.21118721461187215 0.031868131868131866 0.0365296803652968
3 0.6972527472527472 0.21118721461187215 0.045054945054945054 0.0365296803652968
3 0.7785714285714286 0.21118721461187215 0.054945054945054944 0.0365296803652968
3 0.2412087912087912 0.3356164383561644 0.14505494505494507 0.017123287671232876
3 0.40714285714285714 0.7728310502283106 0.13406593406593406 0.0410958904109589
3 0.5719780219780219 0.795662100456621 0.13351648351648351 0.0410958904109589
3 0.7368131868131869 0.7728310502283106 0.13406593406593406 0.0410958904109589
3 0.2412087912087912 0.1643835616438356 0.14505494505494507 0.04680365296803653
3 0.2412087912087912 0.3047945205479452 0.14505494505494507 0.0228310502283105
3 0.2412087912087912 0.5502283105022832 0.14505494505494507 0.0228310502283105
3 0.3373626373626374 0.0730593607305936 0.024725274725274724 0.0228310502283105
3 0.37362637362637363 0.0730593607305936 0.027472527472527472 0.0228310502283105
3 0.421978021978022 0.0730593607305936 0.04945054945054945 0.0228310502283105
3 0.46593406593406594 0.0730593607305936 0.019230769230769232 0.0228310502283105
3 0.4978021978021978 0.0730593607305936 0.024725274725274724 0.0228310502283105
3 0.5307692307692308 0.0730593607305936 0.02142857142857143 0.0228310502283105
3 0.20549450549450549 0.05593607305936073 0.06318681318681318 0.0228310502283105
3 0.2010989010989011 0.0776255707762557 0.06318681318681318 0.0228310502283105
3 0.2412087912087912 0.5799086757990868 0.14505494505494507 0.0136986301369863
3 0.2412087912087912 0.6084474885844748 0.14505494505494507 0.0136986301369863
3 0.2412087912087912 0.636986301369863 0.14505494505494507 0.0136986301369863
3 0.2412087912087912 0.6655251141552512 0.14505494505494507 0.0136986301369863
3 0.2412087912087912 0.6940639269406392 0.14505494505494507 0.0136986301369863
3 0.2412087912087912 0.7226027397260274 0.14505494505494507 0.0136986301369863
3 0.2412087912087912 0.7511415525114156 0.14505494505494507 0.0136986301369863
3 0.2412087912087912 0.7796803652968036 0.14505494505494507 0.0136986301369863
3 0.2412087912087912 0.8082191780821918 0.14505494505494507 0.0136986301369863
3 0.2412087912087912 0.83675799086758 0.14505494505494507 0.0136986301369863
3 0.2412087912087912 0.865296803652968 0.14505494505494507 0.0136986301369863
3 0.2412087912087912 0.8938356164383562 0.14505494505494507 0.0136986301369863
3 0.2412087912087912 0.9223744292237442 0.14505494505494507 0.0136986301369863
3 0.2412087912087912 0.9509132420091324 0.14505494505494507 0.0136986301369863
3 0.2412087912087912 0.9794520547945206 0.14505494505494507 0.0136986301369863