0 0.2644444444444444 0.22170900692840648 0.019444444444444445 0.028868360277136258
0 0.23055555555555557 0.25635103926096997 0.011111111111111112 0.023094688221709007
0 0.29388888888888887 0.25635103926096997 0.011111111111111112 0.023094688221709007
0 0.7777777777777778 0.10623556581986143 0.06277777777777778 0.016166281755196306
0 0.8322222222222222 0.3579676674364896 0.035555555555555556 0.07390300230946882
1 0.42333333333333334 0.2644341801385681 0.03888888888888889 0.046189376443418015
1 0.43722222222222223 0.707852193995381 0.15777777777777777 0.2471131639722864
1 0.6038888888888889 0.707852193995381 0.15777777777777777 0.2471131639722864
1 0.7705555555555555 0.707852193995381 0.15777777777777777 0.2471131639722864
3 0.2733333333333333 0.1697459584295612 0.15444444444444444 0.06928406466512702
3 0.4888888888888889 0.2644341801385681 0.075 0.05196304849884527
3 0.43722222222222223 0.9353348729792148 0.13111111111111112 0.020785219399538105
3 0.6038888888888889 0.9457274826789839 0.13111111111111112 0.04157043879907621
3 0.7705555555555555 0.9353348729792148 0.13111111111111112 0.020785219399538105
3 0.36944444444444446 0.03233256351039261 0.025 0.023094688221709007
3 0.4061111111111111 0.03233256351039261 0.027777777777777776 0.023094688221709007
3 0.455 0.03233256351039261 0.05 0.023094688221709007
3 0.49944444444444447 0.03233256351039261 0.019444444444444445 0.023094688221709007
3 0.5316666666666666 0.03233256351039261 0.025 0.023094688221709007
3 0.565 0.03233256351039261 0.021666666666666667 0.023094688221709007
3 0.22444444444444445 0.3695150115473441 0.05722222222222222 0.020785219399538105
3 0.22833333333333333 0.3972286374133949 0.065 0.020785219399538105
3 0.23166666666666666 0.42494226327944573 0.07166666666666667 0.020785219399538105
3 0.22166666666666668 0.45265588914549654 0.051666666666666666 0.020785219399538105
3 0.2288888888888889 0.48036951501154734 0.0661111111111111 0.020785219399538105
3 0.2111111111111111 0.5080831408775982 0.03 0.020785219399538105
3 0.21166666666666667 0.535796766743649 0.03166666666666667 0.020785219399538105
3 0.2111111111111111 0.5635103926096998 0.03 0.020785219399538105
3 0.23277777777777778 0.5912240184757506 0.07388888888888889 0.020785219399538105
3 0.20555555555555555 0.7124711316397229 0.01888888888888889 0.020785219399538105
3 0.20555555555555555 0.7401847575057737 0.01888888888888889 0.020785219399538105
3 0.205 0.7678983833718245 0.018333333333333333 0.020785219399538105
3 0.20555555555555555 0.7956120092378753 0.01888888888888889 0.020785219399538105
3 0.20555555555555555 0.8233256351039261 0.01888888888888889 0.020785219399538105
3 0.205 0.851039260969977 0.018333333333333333 0.020785219399538105
3 0.20555555555555555 0.8787528868360277 0.01888888888888889 0.020785219399538105
3 0.20444444444444446 0.9064665127020786 0.016666666666666666 0.020785219399538105
3 0.20555555555555555 0.9341801385681293 0.01888888888888889 0.020785219399538105
3 0.2611111111111111 0.3695150115473441 0.01 0.020785219399538105
3 0.2677777777777778 0.3972286374133949 0.008333333333333333 0.020785219399538105
3 0.27444444444444444 0.42494226327944573 0.0077777777777777776 0.020785219399538105
3 0.2538888888888889 0.45265588914549654 0.007222222222222222 0.020785219399538105
3 0.26944444444444443 0.48036951501154734 0.008333333333333333 0.020785219399538105
3 0.23277777777777778 0.5080831408775982 0.0077777777777777776 0.020785219399538105
3 0.23444444444444446 0.535796766743649 0.0077777777777777776 0.020785219399538105
3 0.23333333333333334 0.5635103926096998 0.008333333333333333 0.020785219399538105
3 0.2772222222222222 0.5912240184757506 0.008333333333333333 0.020785219399538105
3 0.22166666666666668 0.7124711316397229 0.0077777777777777776 0.020785219399538105
3 0.22166666666666668 0.7401847575057737 0.0077777777777777776 0.020785219399538105
3 0.22111111111111112 0.7678983833718245 0.0077777777777777776 0.020785219399538105
3 0.22055555555555556 0.7956120092378753 0.005555555555555556 0.020785219399538105
3 0.22166666666666668 0.8233256351039261 0.0077777777777777776 0.020785219399538105
3 0.22055555555555556 0.851039260969977 0.006111111111111111 0.020785219399538105
3 0.22055555555555556 0.8787528868360277 0.005555555555555556 0.020785219399538105
3 0.21888888888888888 0.9064665127020786 0.006111111111111111 0.020785219399538105
3 0.22166666666666668 0.9341801385681293 0.0077777777777777776 0.020785219399538105
3 0.2361111111111111 0.015011547344110854 0.06388888888888888 0.023094688221709007
3 0.23166666666666666 0.03695150115473441 0.06388888888888888 0.023094688221709007
3 0.23166666666666666 0.10508083140877598 0.07111111111111111 0.023094688221709007
3 0.31166666666666665 0.10508083140877598 0.06833333333333333 0.023094688221709007