0 0.5776595744680851 0.024282560706401765 0.02446808510638298 0.04304635761589404
0 0.2324468085106383 0.22958057395143489 0.018617021276595744 0.02759381898454746
0 0.20319148936170212 0.26269315673289184 0.010638297872340425 0.02207505518763797
0 0.274468085106383 0.26269315673289184 0.010638297872340425 0.02207505518763797
0 0.18670212765957447 0.8333333333333334 0.035106382978723406 0.02869757174392936
0 0.23085106382978723 0.8333333333333334 0.032446808510638296 0.02869757174392936
0 0.2579787234042553 0.8333333333333334 0.01276595744680851 0.026490066225165563
0 0.21382978723404256 0.8940397350993378 0.011702127659574468 0.02759381898454746
0 0.23031914893617023 0.8940397350993378 0.022340425531914895 0.02759381898454746
0 0.726063829787234 0.152317880794702 0.0601063829787234 0.01545253863134658
0 0.7781914893617021 0.39293598233995586 0.03404255319148936 0.0706401766004415
1 0.7101063829787234 0.025386313465783666 0.18085106382978725 0.04304635761589404
1 0.38670212765957446 0.304635761589404 0.03723404255319149 0.0772626931567329
1 0.4 0.7273730684326711 0.15106382978723404 0.23620309050772628
1 0.5595744680851064 0.7273730684326711 0.15106382978723404 0.23620309050772628
1 0.7191489361702128 0.7273730684326711 0.15106382978723404 0.23620309050772628
1 0.20851063829787234 0.025386313465783666 0.07127659574468086 0.037527593818984545
2 0.4308510638297872 0.024282560706401765 0.3180851063829787 0.04304635761589404
2 0.46170212765957447 0.024282560706401765 0.007446808510638298 0.01545253863134658
3 0.5079787234042553 0.025386313465783666 0.11595744680851064 0.02869757174392936
3 0.5132978723404256 0.024282560706401765 0.09042553191489362 0.02207505518763797
3 0.5132978723404256 0.024282560706401765 0.09042553191489362 0.02207505518763797
3 0.24308510638297873 0.19646799116997793 0.1478723404255319 0.033112582781456956
3 0.4632978723404255 0.30353200883002207 0.09893617021276596 0.04966887417218543
3 0.4 0.9547461368653422 0.125531914893617 0.039735099337748346
3 0.5595744680851064 0.9547461368653422 0.125531914893617 0.039735099337748346
3 0.7191489361702128 0.9547461368653422 0.125531914893617 0.039735099337748346
3 0.3351063829787234 0.08167770419426049 0.023936170212765957 0.02207505518763797
3 0.3702127659574468 0.08167770419426049 0.026595744680851064 0.02207505518763797
3 0.41702127659574467 0.08167770419426049 0.047872340425531915 0.02207505518763797
3 0.4595744680851064 0.08167770419426049 0.018617021276595744 0.02207505518763797
3 0.49042553191489363 0.08167770419426049 0.023936170212765957 0.02207505518763797
3 0.5223404255319148 0.08167770419426049 0.02074468085106383 0.02207505518763797
3 0.19361702127659575 0.3708609271523179 0.04946808510638298 0.019867549668874173
3 0.20053191489361702 0.3973509933774834 0.06329787234042553 0.019867549668874173
3 0.19627659574468084 0.423841059602649 0.054787234042553194 0.019867549668874173
3 0.2 0.4503311258278146 0.06223404255319149 0.019867549668874173
3 0.17659574468085107 0.5364238410596026 0.015425531914893617 0.019867549668874173
3 0.17712765957446808 0.6225165562913907 0.015957446808510637 0.019867549668874173
3 0.17712765957446808 0.6490066225165563 0.015957446808510637 0.019867549668874173
3 0.17659574468085107 0.6754966887417219 0.015425531914893617 0.019867549668874173
3 0.17659574468085107 0.7019867549668874 0.015425531914893617 0.019867549668874173
3 0.17712765957446808 0.7284768211920529 0.015957446808510637 0.019867549668874173
3 0.17606382978723403 0.7549668874172185 0.013829787234042552 0.019867549668874173
3 0.17819148936170212 0.7814569536423841 0.018085106382978722 0.019867549668874173
3 0.2 0.9293598233995585 0.06170212765957447 0.019867549668874173
3 0.21382978723404256 0.9558498896247241 0.0898936170212766 0.019867549668874173
3 0.2026595744680851 0.9823399558498896 0.06702127659574468 0.019867549668874173
3 0.22606382978723405 0.3708609271523179 0.010106382978723405 0.019867549668874173
3 0.2393617021276596 0.3973509933774834 0.007978723404255319 0.019867549668874173
3 0.23031914893617023 0.423841059602649 0.007446808510638298 0.019867549668874173
3 0.23670212765957446 0.4503311258278146 0.005851063829787234 0.019867549668874173
3 0.1920212765957447 0.5364238410596026 0.009574468085106383 0.019867549668874173
3 0.19148936170212766 0.6225165562913907 0.007446808510638298 0.019867549668874173
3 0.19042553191489361 0.6490066225165563 0.005319148936170213 0.019867549668874173
3 0.19095744680851065 0.6754966887417219 0.007446808510638298 0.019867549668874173
3 0.19148936170212766 0.7019867549668874 0.007446808510638298 0.019867549668874173
3 0.19042553191489361 0.7284768211920529 0.005319148936170213 0.019867549668874173
3 0.1898936170212766 0.7549668874172185 0.007446808510638298 0.019867549668874173
3 0.1925531914893617 0.7814569536423841 0.005319148936170213 0.019867549668874173
3 0.2377659574468085 0.9293598233995585 0.007978723404255319 0.019867549668874173
3 0.26595744680851063 0.9558498896247241 0.007978723404255319 0.019867549668874173
3 0.2425531914893617 0.9823399558498896 0.007446808510638298 0.019867549668874173
3 0.2074468085106383 0.06512141280353201 0.061170212765957445 0.02207505518763797
3 0.20319148936170212 0.08609271523178808 0.061170212765957445 0.02207505518763797
3 0.20319148936170212 0.15121412803532008 0.06808510638297872 0.02207505518763797
3 0.2797872340425532 0.15121412803532008 0.06542553191489361 0.02207505518763797