0 0.5848167539267015 0.02717391304347826 0.024083769633507852 0.042391304347826085
1 0.7151832460732984 0.02826086956521739 0.17801047120418848 0.042391304347826085
1 0.4952879581151832 0.1826086956521739 0.837696335078534 0.15217391304347827
1 0.24712041884816754 0.40652173913043477 0.09738219895287958 0.20217391304347826
1 0.5612565445026177 0.40652173913043477 0.09738219895287958 0.20217391304347826
1 0.23350785340314137 0.6282608695652174 0.05235602094240838 0.10869565217391304
1 0.3382198952879581 0.6282608695652174 0.05235602094240838 0.10869565217391304
1 0.49947643979057593 0.6804347826086956 0.2094240837696335 0.2565217391304348
1 0.6523560209424084 0.6282608695652174 0.05235602094240838 0.10869565217391304
1 0.7570680628272252 0.6282608695652174 0.05235602094240838 0.10869565217391304
1 0.44293193717277485 0.9021739130434783 0.05235602094240838 0.10869565217391304
1 0.5476439790575917 0.9021739130434783 0.05235602094240838 0.10869565217391304
1 0.6523560209424084 0.9021739130434783 0.05235602094240838 0.10869565217391304
1 0.7570680628272252 0.9021739130434783 0.05235602094240838 0.10869565217391304
1 0.22146596858638742 0.02826086956521739 0.07015706806282722 0.03695652173913044
2 0.44031413612565445 0.02717391304347826 0.31308900523560207 0.042391304347826085
3 0.4005235602094241 0.4369565217391304 0.1549738219895288 0.015217391304347827
3 0.7146596858638743 0.4369565217391304 0.1549738219895288 0.015217391304347827
3 0.23350785340314137 0.7847826086956522 0.09633507853403141 0.015217391304347827
3 0.3382198952879581 0.7847826086956522 0.09633507853403141 0.015217391304347827
3 0.44397905759162304 0.7619565217391304 0.0612565445026178 0.015217391304347827
3 0.6523560209424084 0.7847826086956522 0.09633507853403141 0.015217391304347827
3 0.7570680628272252 0.7847826086956522 0.09633507853403141 0.015217391304347827
3 0.4005235602094241 0.3934782608695652 0.1549738219895288 0.0391304347826087
3 0.7146596858638743 0.3934782608695652 0.1549738219895288 0.0391304347826087
3 0.23350785340314137 0.7369565217391304 0.0806282722513089 0.02608695652173913
3 0.3382198952879581 0.7369565217391304 0.0806282722513089 0.02608695652173913
3 0.44397905759162304 0.7206521739130435 0.0612565445026178 0.03369565217391304
3 0.6523560209424084 0.7369565217391304 0.0806282722513089 0.02608695652173913
3 0.7570680628272252 0.7369565217391304 0.0806282722513089 0.02608695652173913
3 0.3460732984293194 0.08369565217391305 0.02356020942408377 0.021739130434782608
3 0.3806282722513089 0.08369565217391305 0.02617801047120419 0.021739130434782608
3 0.42670157068062825 0.08369565217391305 0.04712041884816754 0.021739130434782608
3 0.468586387434555 0.08369565217391305 0.01832460732984293 0.021739130434782608
3 0.4989528795811518 0.08369565217391305 0.02356020942408377 0.021739130434782608
3 0.5303664921465968 0.08369565217391305 0.020418848167539267 0.021739130434782608
3 0.22041884816753926 0.06739130434782609 0.060209424083769635 0.021739130434782608
3 0.2162303664921466 0.08804347826086957 0.060209424083769635 0.021739130434782608