0 0.6265642775881684 0.014184397163120567 0.026734926052332197 0.028368794326241134
0 0.7849829351535836 0.2872340425531915 0.06427758816837315 0.016548463356973995
0 0.8691695108077361 0.3900709219858156 0.01820250284414107 0.037825059101654845
0 0.8395904436860068 0.5118203309692672 0.020477815699658702 0.0425531914893617
1 0.768202502844141 0.014775413711583925 0.19397042093287828 0.02955082742316785
1 0.3833902161547213 0.3900709219858156 0.048919226393629126 0.1016548463356974
1 0.44766780432309444 0.3900709219858156 0.048919226393629126 0.1016548463356974
1 0.5113765642775882 0.3900709219858156 0.048919226393629126 0.1016548463356974
1 0.5756541524459613 0.3900709219858156 0.048919226393629126 0.1016548463356974
1 0.6393629124004551 0.3900709219858156 0.048919226393629126 0.1016548463356974
1 0.7036405005688282 0.3900709219858156 0.048919226393629126 0.1016548463356974
1 0.767349260523322 0.3900709219858156 0.048919226393629126 0.1016548463356974
1 0.8316268486916951 0.3900709219858156 0.048919226393629126 0.1016548463356974
1 0.41467576791808874 0.5898345153664303 0.09101251422070535 0.18912529550827423
1 0.41467576791808874 0.8475177304964538 0.09101251422070535 0.18912529550827423
1 0.23179749715585893 0.013593380614657211 0.07679180887372014 0.027186761229314422
2 0.4695676905574516 0.014184397163120567 0.34072810011376564 0.028368794326241134
2 0.532707622298066 0.0070921985815602835 0.008532423208191127 0.014184397163120567
3 0.5665529010238908 0.011229314420803783 0.09442548350398179 0.022458628841607566
3 0.6518771331058021 0.5768321513002365 0.35665529010238906 0.016548463356973995
3 0.5273037542662116 0.6784869976359338 0.10693970420932879 0.022458628841607566
3 0.5147895335608647 0.8557919621749409 0.08191126279863481 0.022458628841607566
3 0.5722411831626849 0.008865248226950355 0.0671217292377702 0.01773049645390071
3 0.5722411831626849 0.008865248226950355 0.0671217292377702 0.01773049645390071
3 0.2684869169510808 0.33451536643026003 0.15813424345847554 0.03546099290780142
3 0.6518771331058021 0.5531914893617021 0.35665529010238906 0.030732860520094562
3 0.6518771331058021 0.7683215130023641 0.35665529010238906 0.030732860520094562
3 0.6518771331058021 0.9946808510638298 0.3572241183162685 0.008274231678486997
3 0.36689419795221845 0.06619385342789598 0.025597269624573378 0.02364066193853428
3 0.4044368600682594 0.06619385342789598 0.02844141069397042 0.02364066193853428
3 0.45449374288964733 0.06619385342789598 0.051194539249146756 0.02364066193853428
3 0.5 0.06619385342789598 0.019908987485779295 0.02364066193853428
3 0.5329920364050057 0.06619385342789598 0.025597269624573378 0.02364066193853428
3 0.5671217292377702 0.06619385342789598 0.02218430034129693 0.02364066193853428
3 0.22639362912400454 0.648936170212766 0.07394766780432309 0.02127659574468085
3 0.21046643913538113 0.7411347517730497 0.042662116040955635 0.02127659574468085
3 0.2150170648464164 0.7695035460992907 0.051763367463026164 0.02127659574468085
3 0.20875995449374288 0.7978723404255319 0.03924914675767918 0.02127659574468085
3 0.19908987485779295 0.8262411347517731 0.019908987485779295 0.02127659574468085
3 0.20819112627986347 0.8546099290780141 0.03811149032992037 0.02127659574468085
3 0.20079635949943117 0.8829787234042553 0.022753128555176336 0.02127659574468085
3 0.22013651877133106 0.975177304964539 0.06143344709897611 0.02127659574468085
3 0.19852104664391354 0.9958628841607565 0.019340159271899887 0.00591016548463357
3 0.27303754266211605 0.648936170212766 0.01422070534698521 0.02127659574468085
3 0.2445961319681456 0.7411347517730497 0.019340159271899887 0.02127659574468085
3 0.2554038680318544 0.7695035460992907 0.023321956769055744 0.02127659574468085
3 0.24004550625711035 0.7978723404255319 0.015927189988623434 0.02127659574468085
3 0.22013651877133106 0.8262411347517731 0.016496018202502846 0.02127659574468085
3 0.2354948805460751 0.8546099290780141 0.010238907849829351 0.02127659574468085
3 0.22070534698521047 0.8829787234042553 0.01080773606370876 0.02127659574468085
3 0.2656427758816837 0.975177304964539 0.023321956769055744 0.02127659574468085
3 0.2229806598407281 0.9958628841607565 0.023890784982935155 0.00591016548463357
3 0.23037542662116042 0.04846335697399527 0.06541524459613197 0.02364066193853428
3 0.22582480091012513 0.07092198581560284 0.06541524459613197 0.02364066193853428
3 0.21274175199089876 0.2860520094562648 0.04664391353811149 0.02364066193853428
3 0.26393629124004553 0.2860520094562648 0.034698521046643914 0.02364066193853428