0 0.7146067415730337 0.25934579439252337 0.06348314606741573 0.016355140186915886
0 0.797752808988764 0.36098130841121495 0.017977528089887642 0.037383177570093455
0 0.7685393258426966 0.48130841121495327 0.020224719101123594 0.04205607476635514
1 0.31797752808988766 0.36098130841121495 0.048314606741573035 0.10046728971962617
1 0.3814606741573034 0.36098130841121495 0.048314606741573035 0.10046728971962617
1 0.4443820224719101 0.36098130841121495 0.048314606741573035 0.10046728971962617
1 0.5078651685393258 0.36098130841121495 0.048314606741573035 0.10046728971962617
1 0.5707865168539326 0.36098130841121495 0.048314606741573035 0.10046728971962617
1 0.6342696629213483 0.36098130841121495 0.048314606741573035 0.10046728971962617
1 0.6971910112359551 0.36098130841121495 0.048314606741573035 0.10046728971962617
1 0.7606741573033707 0.36098130841121495 0.048314606741573035 0.10046728971962617
1 0.348876404494382 0.5584112149532711 0.0898876404494382 0.18691588785046728
1 0.348876404494382 0.8130841121495327 0.0898876404494382 0.18691588785046728
3 0.5831460674157304 0.5455607476635514 0.35224719101123597 0.016355140186915886
3 0.4601123595505618 0.6460280373831776 0.10561797752808989 0.02219626168224299
3 0.447752808988764 0.8212616822429907 0.08089887640449438 0.02219626168224299
3 0.20449438202247192 0.3060747663551402 0.15617977528089888 0.035046728971962614
3 0.5831460674157304 0.522196261682243 0.35224719101123597 0.030373831775700934
3 0.5831460674157304 0.7348130841121495 0.35224719101123597 0.030373831775700934
3 0.5831460674157304 0.969626168224299 0.35224719101123597 0.030373831775700934
3 0.30168539325842697 0.04088785046728972 0.025280898876404494 0.02336448598130841
3 0.33876404494382023 0.04088785046728972 0.028089887640449437 0.02336448598130841
3 0.38820224719101126 0.04088785046728972 0.05056179775280899 0.02336448598130841
3 0.43314606741573036 0.04088785046728972 0.019662921348314606 0.02336448598130841
3 0.4657303370786517 0.04088785046728972 0.025280898876404494 0.02336448598130841
3 0.499438202247191 0.04088785046728972 0.021910112359550562 0.02336448598130841
3 0.16292134831460675 0.616822429906542 0.07303370786516854 0.02102803738317757
3 0.14719101123595504 0.7079439252336449 0.042134831460674156 0.02102803738317757
3 0.15168539325842698 0.735981308411215 0.05112359550561798 0.02102803738317757
3 0.1455056179775281 0.764018691588785 0.03876404494382023 0.02102803738317757
3 0.13595505617977527 0.7920560747663551 0.019662921348314606 0.02102803738317757
3 0.1449438202247191 0.8200934579439252 0.037640449438202245 0.02102803738317757
3 0.13764044943820225 0.8481308411214953 0.02247191011235955 0.02102803738317757
3 0.15674157303370786 0.9392523364485982 0.060674157303370786 0.02102803738317757
3 0.13539325842696628 0.9672897196261683 0.01853932584269663 0.02102803738317757
3 0.1401685393258427 0.991822429906542 0.02752808988764045 0.014018691588785047
3 0.20898876404494382 0.616822429906542 0.014044943820224719 0.02102803738317757
3 0.18089887640449437 0.7079439252336449 0.019101123595505618 0.02102803738317757
3 0.19157303370786516 0.735981308411215 0.023033707865168538 0.02102803738317757
3 0.17640449438202246 0.764018691588785 0.015730337078651686 0.02102803738317757
3 0.15674157303370786 0.7920560747663551 0.016292134831460674 0.02102803738317757
3 0.17191011235955056 0.8200934579439252 0.010112359550561797 0.02102803738317757
3 0.15730337078651685 0.8481308411214953 0.010674157303370787 0.02102803738317757
3 0.20168539325842696 0.9392523364485982 0.023033707865168538 0.02102803738317757
3 0.15955056179775282 0.9672897196261683 0.023033707865168538 0.02102803738317757
3 0.1646067415730337 0.991822429906542 0.017977528089887642 0.014018691588785047
3 0.16685393258426967 0.02336448598130841 0.06460674157303371 0.02336448598130841
3 0.16235955056179777 0.0455607476635514 0.06460674157303371 0.02336448598130841
3 0.149438202247191 0.25817757009345793 0.046067415730337076 0.02336448598130841
3 0.2 0.25817757009345793 0.034269662921348316 0.02336448598130841