0 0.6296610169491526 0.014084507042253521 0.02655367231638418 0.028169014084507043
0 0.7870056497175141 0.29460093896713613 0.06384180790960452 0.01643192488262911
0 0.6734463276836158 0.5152582159624414 0.02768361581920904 0.03051643192488263
0 0.8412429378531073 0.37910798122065725 0.020338983050847456 0.04225352112676056
1 0.7703389830508475 0.014671361502347418 0.19265536723163842 0.029342723004694836
1 0.4192090395480226 0.4565727699530516 0.0903954802259887 0.18779342723004694
1 0.4192090395480226 0.6971830985915493 0.0903954802259887 0.18779342723004694
1 0.23757062146892655 0.013497652582159625 0.07627118644067797 0.02699530516431925
2 0.47372881355932206 0.014084507042253521 0.3384180790960452 0.028169014084507043
2 0.5042372881355932 0.007042253521126761 0.00847457627118644 0.014084507042253521
3 0.5545197740112995 0.011150234741784037 0.12598870056497175 0.022300469483568074
3 0.5310734463276836 0.5293427230046949 0.10621468926553672 0.022300469483568074
3 0.6474576271186441 0.5152582159624414 0.020338983050847456 0.02112676056338028
3 0.6548022598870057 0.7147887323943662 0.35423728813559324 0.01643192488262911
3 0.5310734463276836 0.8380281690140845 0.10621468926553672 0.022300469483568074
3 0.6548022598870057 0.9812206572769953 0.35423728813559324 0.01643192488262911
3 0.5601694915254237 0.008802816901408451 0.09887005649717515 0.017605633802816902
3 0.5601694915254237 0.008802816901408451 0.09887005649717515 0.017605633802816902
3 0.2740112994350282 0.33215962441314556 0.15706214689265538 0.035211267605633804
3 0.6548022598870057 0.42018779342723006 0.35423728813559324 0.03051643192488263
3 0.6548022598870057 0.676056338028169 0.35423728813559324 0.06103286384976526
3 0.6548022598870057 0.9424882629107981 0.35423728813559324 0.06103286384976526
3 0.37175141242937854 0.06572769953051644 0.025423728813559324 0.023474178403755867
3 0.4090395480225989 0.06572769953051644 0.02824858757062147 0.023474178403755867
3 0.45875706214689266 0.06572769953051644 0.05084745762711865 0.023474178403755867
3 0.503954802259887 0.06572769953051644 0.01977401129943503 0.023474178403755867
3 0.536723163841808 0.06572769953051644 0.025423728813559324 0.023474178403755867
3 0.5706214689265536 0.06572769953051644 0.022033898305084745 0.023474178403755867
3 0.23220338983050848 0.6443661971830986 0.07344632768361582 0.02112676056338028
3 0.207909604519774 0.7359154929577465 0.024858757062146894 0.02112676056338028
3 0.21468926553672316 0.7640845070422535 0.0384180790960452 0.02112676056338028
3 0.2135593220338983 0.7922535211267606 0.03672316384180791 0.02112676056338028
3 0.211864406779661 0.8204225352112676 0.03333333333333333 0.02112676056338028
3 0.20508474576271185 0.8485915492957746 0.0192090395480226 0.02112676056338028
3 0.20564971751412428 0.9401408450704225 0.020338983050847456 0.02112676056338028
3 0.2796610169491525 0.6443661971830986 0.01638418079096045 0.02112676056338028
3 0.23615819209039549 0.7359154929577465 0.02598870056497175 0.02112676056338028
3 0.25028248587570623 0.7640845070422535 0.02711864406779661 0.02112676056338028
3 0.24632768361581922 0.7922535211267606 0.022598870056497175 0.02112676056338028
3 0.24067796610169492 0.8204225352112676 0.01694915254237288 0.02112676056338028
3 0.22598870056497175 0.8485915492957746 0.01694915254237288 0.02112676056338028
3 0.2305084745762712 0.9401408450704225 0.023728813559322035 0.02112676056338028
3 0.23615819209039549 0.04812206572769953 0.06497175141242938 0.023474178403755867
3 0.23163841807909605 0.07042253521126761 0.06497175141242938 0.023474178403755867
3 0.21864406779661016 0.284037558685446 0.04632768361581921 0.023474178403755867