0 0.584375 0.02918918918918919 0.023958333333333335 0.04216216216216216
0 0.7296875 0.16324324324324324 0.058854166666666666 0.015135135135135135
0 0.690625 0.9643243243243244 0.046875 0.03351351351351351
0 0.2234375 0.20972972972972972 0.04635416666666667 0.04108108108108108
0 0.2864583333333333 0.20972972972972972 0.07552083333333333 0.04108108108108108
1 0.7140625 0.03027027027027027 0.17708333333333334 0.04216216216216216
1 0.390625 0.3124324324324324 0.08333333333333333 0.17297297297297298
1 0.390625 0.5297297297297298 0.08333333333333333 0.17297297297297298
1 0.390625 0.7470270270270271 0.08333333333333333 0.17297297297297298
2 0.440625 0.02918918918918919 0.31145833333333334 0.04216216216216216
2 0.49166666666666664 0.02918918918918919 0.007291666666666667 0.015135135135135135
3 0.1828125 0 0 0
3 0.22291666666666668 0.03027027027027027 0.06979166666666667 0.036756756756756756
3 0.6729166666666667 0.08540540540540541 0.057291666666666664 0.021621621621621623
3 0.71875 0.08540540540540541 0.034375 0.021621621621621623
3 0.7609375 0.08540540540540541 0.050520833333333334 0.021621621621621623
3 0.21770833333333334 0.07783783783783783 0.06927083333333334 0.043243243243243246
3 0.30520833333333336 0.08540540540540541 0.04114583333333333 0.021621621621621623
3 0.346875 0.08540540540540541 0.0234375 0.021621621621621623
3 0.38125 0.08540540540540541 0.026041666666666668 0.021621621621621623
3 0.4270833333333333 0.08540540540540541 0.046875 0.021621621621621623
3 0.46875 0.08540540540540541 0.018229166666666668 0.021621621621621623
3 0.49895833333333334 0.08540540540540541 0.0234375 0.021621621621621623
3 0.5302083333333333 0.08540540540540541 0.0203125 0.021621621621621623
3 0.7963541666666667 0.08324324324324324 0.013020833333333334 0.022702702702702703
3 0.7140625 0.03351351351351351 0.17708333333333334 0.04756756756756757
3 0.20572916666666666 0.1535135135135135 0.042708333333333334 0.021621621621621623
3 0.29322916666666665 0.3005405405405405 0.016666666666666666 0.017297297297297298
3 0.29322916666666665 0.37189189189189187 0.016666666666666666 0.017297297297297298
3 0.22604166666666667 0.4854054054054054 0.08385416666666666 0.01945945945945946
3 0.2296875 0.5697297297297297 0.09114583333333333 0.01945945945945946
3 0.221875 0.5956756756756757 0.075 0.01945945945945946
3 0.23072916666666668 0.6216216216216216 0.09270833333333334 0.01945945945945946
3 0.23958333333333334 0.6475675675675676 0.11041666666666666 0.01945945945945946
3 0.22916666666666666 0.6735135135135135 0.09010416666666667 0.01945945945945946
3 0.22083333333333333 0.6994594594594594 0.0734375 0.01945945945945946
3 0.20885416666666667 0.7254054054054054 0.04895833333333333 0.01945945945945946
3 0.22395833333333334 0.7513513513513513 0.07916666666666666 0.01945945945945946
3 0.23020833333333332 0.7772972972972974 0.0921875 0.01945945945945946
3 0.19947916666666668 0.8054054054054054 0.030729166666666665 0.021621621621621623
3 0.20677083333333332 0.8908108108108108 0.04479166666666667 0.01945945945945946
3 0.2109375 0.9751351351351352 0.05364583333333333 0.01945945945945946
3 0.7807291666666667 0.1654054054054054 0.008333333333333333 0.017297297297297298
3 0.7932291666666667 0.1654054054054054 0.008333333333333333 0.017297297297297298
3 0.390625 0.3124324324324324 0.08333333333333333 0.17297297297297298
3 0.6078125 0.25405405405405407 0.3265625 0.05621621621621622
3 0.6078125 0.2897297297297297 0.3265625 0.015135135135135135
3 0.390625 0.5297297297297298 0.08333333333333333 0.17297297297297298
3 0.6078125 0.47135135135135137 0.3265625 0.05621621621621622
3 0.6078125 0.5070270270270271 0.3265625 0.015135135135135135
3 0.390625 0.7470270270270271 0.08333333333333333 0.17297297297297298
3 0.6078125 0.6745945945945946 0.3265625 0.02810810810810811
3 0.6078125 0.8918918918918919 0.3265625 0.02810810810810811
3 0.6276041666666666 0.9643243243243244 0.06197916666666667 0.024864864864864864
3 0.5265625 0.03027027027027027 0.09270833333333334 0.02810810810810811
3 0.6078125 0.2897297297297297 0.3265625 0.015135135135135135
3 0.4822916666666667 0.36324324324324325 0.075 0.02054054054054054
3 0.6078125 0.5070270270270271 0.3265625 0.015135135135135135
3 0.49375 0.5805405405405405 0.09791666666666667 0.02054054054054054
3 0.47239583333333335 0.7545945945945945 0.05520833333333333 0.02054054054054054
3 0.4630208333333333 0.987027027027027 0.03697916666666667 0.015135135135135135
3 0.4671875 0.9643243243243244 0.38177083333333334 0.024864864864864864
3 0.5317708333333333 0.02918918918918919 0.06770833333333333 0.021621621621621623
3 0.5317708333333333 0.02918918918918919 0.06770833333333333 0.021621621621621623
3 0.25677083333333334 0.19783783783783784 0.14479166666666668 0.032432432432432434
3 0.6078125 0.25405405405405407 0.3265625 0.05621621621621622
3 0.6078125 0.47135135135135137 0.3265625 0.05621621621621622
3 0.6078125 0.6745945945945946 0.3265625 0.02810810810810811
3 0.6078125 0.8918918918918919 0.3265625 0.02810810810810811
3 0.26875 0.1545945945945946 0.13697916666666668 0.043243243243243246