0 0.5888888888888889 0.023076923076923078 0.02433862433862434 0.04285714285714286
0 0.7365079365079366 0.2945054945054945 0.059788359788359786 0.015384615384615385
0 0.7873015873015873 0.37362637362637363 0.01904761904761905 0.03956043956043956
1 0.7206349206349206 0.024175824175824177 0.17989417989417988 0.04285714285714286
1 0.39206349206349206 0.4461538461538462 0.08465608465608465 0.17582417582417584
1 0.39206349206349206 0.667032967032967 0.08465608465608465 0.17582417582417584
1 0.39206349206349206 0.8879120879120879 0.08465608465608465 0.17582417582417584
1 0.2216931216931217 0.024175824175824177 0.07089947089947089 0.03736263736263736
2 0.44285714285714284 0.023076923076923078 0.3164021164021164 0.04285714285714286
2 0.48624338624338626 0.023076923076923078 0.007407407407407408 0.015384615384615385
3 0.5259259259259259 0.024175824175824177 0.10264550264550265 0.02857142857142857
3 0.48518518518518516 0.5021978021978022 0.0761904761904762 0.020879120879120878
3 0.48518518518518516 0.6747252747252748 0.0761904761904762 0.020879120879120878
3 0.48518518518518516 0.954945054945055 0.0761904761904762 0.020879120879120878
3 0.5312169312169313 0.023076923076923078 0.07724867724867725 0.02197802197802198
3 0.5312169312169313 0.023076923076923078 0.07724867724867725 0.02197802197802198
3 0.2560846560846561 0.32967032967032966 0.14708994708994708 0.03296703296703297
3 0.6126984126984127 0.3868131868131868 0.33174603174603173 0.05714285714285714
3 0.6126984126984127 0.5934065934065934 0.33174603174603173 0.02857142857142857
3 0.6126984126984127 0.8538461538461538 0.33174603174603173 0.02857142857142857
3 0.3476190476190476 0.08021978021978023 0.023809523809523808 0.02197802197802198
3 0.3825396825396825 0.08021978021978023 0.026455026455026454 0.02197802197802198
3 0.4291005291005291 0.08021978021978023 0.047619047619047616 0.02197802197802198
3 0.4714285714285714 0.08021978021978023 0.018518518518518517 0.02197802197802198
3 0.5021164021164021 0.08021978021978023 0.023809523809523808 0.02197802197802198
3 0.5338624338624338 0.08021978021978023 0.020634920634920634 0.02197802197802198
3 0.21693121693121692 0.621978021978022 0.06878306878306878 0.01978021978021978
3 0.1873015873015873 0.7076923076923077 0.009523809523809525 0.01978021978021978
3 0.1984126984126984 0.734065934065934 0.031746031746031744 0.01978021978021978
3 0.19470899470899472 0.7604395604395604 0.02486772486772487 0.01978021978021978
3 0.19153439153439153 0.7868131868131868 0.01798941798941799 0.01978021978021978
3 0.19206349206349208 0.8725274725274725 0.01904761904761905 0.01978021978021978
3 0.2253968253968254 0.9582417582417583 0.08624338624338625 0.01978021978021978
3 0.2608465608465608 0.621978021978022 0.013756613756613757 0.01978021978021978
3 0.20687830687830688 0.7076923076923077 0.02433862433862434 0.01978021978021978
3 0.22857142857142856 0.734065934065934 0.022222222222222223 0.01978021978021978
3 0.2201058201058201 0.7604395604395604 0.020105820105820106 0.01978021978021978
3 0.2111111111111111 0.7868131868131868 0.0164021164021164 0.01978021978021978
3 0.21481481481481482 0.8725274725274725 0.021693121693121695 0.01978021978021978
3 0.2814814814814815 0.9582417582417583 0.020634920634920634 0.01978021978021978
3 0.22063492063492063 0.06373626373626373 0.06084656084656084 0.02197802197802198
3 0.2164021164021164 0.08461538461538462 0.06084656084656084 0.02197802197802198
3 0.20423280423280424 0.2846153846153846 0.04338624338624339 0.02197802197802198