0 0.5840425531914893 0.023178807947019868 0.02446808510638298 0.04304635761589404
0 0.7324468085106383 0.25938189845474613 0.0601063829787234 0.01545253863134658
0 0.7835106382978724 0.33885209713024284 0.019148936170212766 0.039735099337748346
1 0.7164893617021276 0.024282560706401765 0.18085106382978725 0.04304635761589404
1 0.3861702127659574 0.4116997792494481 0.0851063829787234 0.17660044150110377
1 0.3861702127659574 0.6335540838852097 0.0851063829787234 0.17660044150110377
1 0.3861702127659574 0.8554083885209713 0.0851063829787234 0.17660044150110377
1 0.2148936170212766 0.024282560706401765 0.07127659574468086 0.037527593818984545
2 0.4372340425531915 0.023178807947019868 0.3180851063829787 0.04304635761589404
2 0.48936170212765956 0.023178807947019868 0.007446808510638298 0.01545253863134658
3 0.525 0.024282560706401765 0.09468085106382979 0.02869757174392936
3 0.49148936170212765 0.4194260485651214 0.1 0.02097130242825607
3 0.49148936170212765 0.6699779249448123 0.1 0.02097130242825607
3 0.4797872340425532 0.9028697571743929 0.07659574468085106 0.02097130242825607
3 0.5303191489361702 0.023178807947019868 0.06914893617021277 0.02207505518763797
3 0.5303191489361702 0.023178807947019868 0.06914893617021277 0.02207505518763797
3 0.249468085106383 0.2947019867549669 0.1478723404255319 0.033112582781456956
3 0.6079787234042553 0.33774834437086093 0.33351063829787236 0.02869757174392936
3 0.6079787234042553 0.5739514348785872 0.33351063829787236 0.05739514348785872
3 0.6079787234042553 0.8211920529801324 0.33351063829787236 0.02869757174392936
3 0.3414893617021277 0.08057395143487858 0.023936170212765957 0.02207505518763797
3 0.37659574468085105 0.08057395143487858 0.026595744680851064 0.02207505518763797
3 0.42340425531914894 0.08057395143487858 0.047872340425531915 0.02207505518763797
3 0.46595744680851064 0.08057395143487858 0.018617021276595744 0.02207505518763797
3 0.4968085106382979 0.08057395143487858 0.023936170212765957 0.02207505518763797
3 0.5287234042553192 0.08057395143487858 0.02074468085106383 0.02207505518763797
3 0.21010638297872342 0.5883002207505519 0.06914893617021277 0.019867549668874173
3 0.2026595744680851 0.67439293598234 0.054787234042553194 0.019867549668874173
3 0.20904255319148937 0.7008830022075055 0.0675531914893617 0.019867549668874173
3 0.21010638297872342 0.7273730684326711 0.06968085106382979 0.019867549668874173
3 0.20159574468085106 0.7538631346578366 0.052127659574468084 0.019867549668874173
3 0.20691489361702128 0.7803532008830022 0.06329787234042553 0.019867549668874173
3 0.20904255319148937 0.8068432671081678 0.06702127659574468 0.019867549668874173
3 0.21063829787234042 0.8333333333333334 0.07074468085106383 0.019867549668874173
3 0.1898936170212766 0.8598233995584988 0.02872340425531915 0.019867549668874173
3 0.19148936170212766 0.8863134657836644 0.032446808510638296 0.019867549668874173
3 0.1853723404255319 0.9955849889624724 0.019680851063829788 0.006622516556291391
3 0.2553191489361702 0.5883002207505519 0.015957446808510637 0.019867549668874173
3 0.24574468085106382 0.67439293598234 0.025 0.019867549668874173
3 0.25851063829787235 0.7008830022075055 0.02446808510638298 0.019867549668874173
3 0.2590425531914894 0.7273730684326711 0.022340425531914895 0.019867549668874173
3 0.24148936170212765 0.7538631346578366 0.022340425531914895 0.019867549668874173
3 0.2473404255319149 0.7803532008830022 0.011170212765957447 0.019867549668874173
3 0.251063829787234 0.8068432671081678 0.011702127659574468 0.019867549668874173
3 0.2553191489361702 0.8333333333333334 0.011702127659574468 0.019867549668874173
3 0.21223404255319148 0.8598233995584988 0.010106382978723405 0.019867549668874173
3 0.21382978723404256 0.8863134657836644 0.006914893617021276 0.019867549668874173
3 0.20957446808510638 0.9955849889624724 0.02553191489361702 0.006622516556291391
3 0.21382978723404256 0.0640176600441501 0.061170212765957445 0.02207505518763797
3 0.20957446808510638 0.08498896247240618 0.061170212765957445 0.02207505518763797
3 0.1973404255319149 0.24944812362030905 0.043617021276595745 0.02207505518763797