0 0.5920212765957447 0.024282560706401765 0.02446808510638298 0.04304635761589404
0 0.7404255319148936 0.26048565121412803 0.0601063829787234 0.01545253863134658
0 0.7914893617021277 0.33995584988962474 0.019148936170212766 0.039735099337748346
1 0.7244680851063829 0.025386313465783666 0.18085106382978725 0.04304635761589404
1 0.3941489361702128 0.41280353200883 0.0851063829787234 0.17660044150110377
1 0.3941489361702128 0.6346578366445916 0.0851063829787234 0.17660044150110377
1 0.3941489361702128 0.8565121412803532 0.0851063829787234 0.17660044150110377
1 0.22287234042553192 0.025386313465783666 0.07127659574468086 0.037527593818984545
2 0.4452127659574468 0.024282560706401765 0.3180851063829787 0.04304635761589404
2 0.4973404255319149 0.024282560706401765 0.007446808510638298 0.01545253863134658
3 0.5329787234042553 0.025386313465783666 0.09468085106382979 0.02869757174392936
3 0.49946808510638296 0.4205298013245033 0.1 0.02097130242825607
3 0.49946808510638296 0.6710816777041942 0.1 0.02097130242825607
3 0.4877659574468085 0.9039735099337748 0.07659574468085106 0.02097130242825607
3 0.5382978723404256 0.024282560706401765 0.06914893617021277 0.02207505518763797
3 0.5382978723404256 0.024282560706401765 0.06914893617021277 0.02207505518763797
3 0.2574468085106383 0.2958057395143488 0.1478723404255319 0.033112582781456956
3 0.6159574468085106 0.33885209713024284 0.33351063829787236 0.02869757174392936
3 0.6159574468085106 0.5750551876379691 0.33351063829787236 0.05739514348785872
3 0.6159574468085106 0.8222958057395143 0.33351063829787236 0.02869757174392936
3 0.349468085106383 0.08167770419426049 0.023936170212765957 0.02207505518763797
3 0.38457446808510637 0.08167770419426049 0.026595744680851064 0.02207505518763797
3 0.43138297872340425 0.08167770419426049 0.047872340425531915 0.02207505518763797
3 0.47393617021276596 0.08167770419426049 0.018617021276595744 0.02207505518763797
3 0.5047872340425532 0.08167770419426049 0.023936170212765957 0.02207505518763797
3 0.5367021276595745 0.08167770419426049 0.02074468085106383 0.02207505518763797
3 0.21808510638297873 0.5894039735099338 0.06914893617021277 0.019867549668874173
3 0.21063829787234042 0.6754966887417219 0.054787234042553194 0.019867549668874173
3 0.2170212765957447 0.7019867549668874 0.0675531914893617 0.019867549668874173
3 0.21808510638297873 0.7284768211920529 0.06968085106382979 0.019867549668874173
3 0.20957446808510638 0.7549668874172185 0.052127659574468084 0.019867549668874173
3 0.2148936170212766 0.7814569536423841 0.06329787234042553 0.019867549668874173
3 0.2170212765957447 0.8079470198675497 0.06702127659574468 0.019867549668874173
3 0.21861702127659574 0.8344370860927153 0.07074468085106383 0.019867549668874173
3 0.19787234042553192 0.8609271523178808 0.02872340425531915 0.019867549668874173
3 0.19946808510638298 0.8874172185430463 0.032446808510638296 0.019867549668874173
3 0.19335106382978723 0.9961368653421634 0.019680851063829788 0.005518763796909493
3 0.2632978723404255 0.5894039735099338 0.015957446808510637 0.019867549668874173
3 0.25372340425531914 0.6754966887417219 0.025 0.019867549668874173
3 0.26648936170212767 0.7019867549668874 0.02446808510638298 0.019867549668874173
3 0.2670212765957447 0.7284768211920529 0.022340425531914895 0.019867549668874173
3 0.249468085106383 0.7549668874172185 0.022340425531914895 0.019867549668874173
3 0.2553191489361702 0.7814569536423841 0.011170212765957447 0.019867549668874173
3 0.2590425531914894 0.8079470198675497 0.011702127659574468 0.019867549668874173
3 0.2632978723404255 0.8344370860927153 0.011702127659574468 0.019867549668874173
3 0.22021276595744682 0.8609271523178808 0.010106382978723405 0.019867549668874173
3 0.22180851063829787 0.8874172185430463 0.006914893617021276 0.019867549668874173
3 0.2175531914893617 0.9961368653421634 0.02553191489361702 0.005518763796909493
3 0.22180851063829787 0.06512141280353201 0.061170212765957445 0.02207505518763797
3 0.2175531914893617 0.08609271523178808 0.061170212765957445 0.02207505518763797
3 0.2053191489361702 0.25055187637969095 0.043617021276595745 0.02207505518763797