0 0.6102777777777778 0.008083140877598153 0.026111111111111113 0.016166281755196306
1 0.7486111111111111 0.008660508083140877 0.18944444444444444 0.017321016166281754
1 0.2088888888888889 0.18475750577367206 0.024444444444444446 0.050808314087759814
1 0.33666666666666667 0.4722863741339492 0.21 0.5404157043879908
1 0.2088888888888889 0.2540415704387991 0.024444444444444446 0.050808314087759814
1 0.2088888888888889 0.3233256351039261 0.024444444444444446 0.050808314087759814
1 0.2088888888888889 0.39260969976905313 0.024444444444444446 0.050808314087759814
1 0.2088888888888889 0.4618937644341801 0.024444444444444446 0.050808314087759814
1 0.2088888888888889 0.5311778290993071 0.024444444444444446 0.050808314087759814
1 0.2088888888888889 0.6004618937644342 0.024444444444444446 0.050808314087759814
1 0.2088888888888889 0.6697459584295612 0.024444444444444446 0.050808314087759814
1 0.4688888888888889 0.6189376443418014 0.021111111111111112 0.04387990762124711
1 0.4988888888888889 0.6177829099307159 0.022222222222222223 0.046189376443418015
1 0.2247222222222222 0.007505773672055427 0.075 0.015011547344110854
2 0.45694444444444443 0.008083140877598153 0.3327777777777778 0.016166281755196306
3 0.5505555555555556 0.48036951501154734 0.18944444444444444 0.02424942263279446
3 0.4938888888888889 0.523094688221709 0.075 0.03695150115473441
3 0.5755555555555556 0.523094688221709 0.07611111111111112 0.03695150115473441
3 0.5505555555555556 0.569284064665127 0.18944444444444444 0.02424942263279446
3 0.5272222222222223 0.7020785219399538 0.14277777777777778 0.020785219399538105
3 0.2088888888888889 0.20323325635103925 0.027777777777777776 0.025404157043879907
3 0.2088888888888889 0.27251732101616627 0.027777777777777776 0.025404157043879907
3 0.2088888888888889 0.3418013856812933 0.027777777777777776 0.025404157043879907
3 0.2088888888888889 0.4110854503464203 0.027777777777777776 0.025404157043879907
3 0.2088888888888889 0.48036951501154734 0.027777777777777776 0.025404157043879907
3 0.2088888888888889 0.5496535796766744 0.027777777777777776 0.025404157043879907
3 0.2088888888888889 0.6189376443418014 0.027777777777777776 0.025404157043879907
3 0.2088888888888889 0.6882217090069284 0.027777777777777776 0.025404157043879907
3 0.2088888888888889 0.20323325635103925 0.027777777777777776 0.025404157043879907
3 0.2088888888888889 0.27251732101616627 0.027777777777777776 0.025404157043879907
3 0.2088888888888889 0.3418013856812933 0.027777777777777776 0.025404157043879907
3 0.2088888888888889 0.4110854503464203 0.027777777777777776 0.025404157043879907
3 0.2088888888888889 0.48036951501154734 0.027777777777777776 0.025404157043879907
3 0.2088888888888889 0.5496535796766744 0.027777777777777776 0.025404157043879907
3 0.2088888888888889 0.6189376443418014 0.027777777777777776 0.025404157043879907
3 0.2088888888888889 0.6882217090069284 0.027777777777777776 0.025404157043879907
3 0.5466666666666666 0.2702078521939954 0.1811111111111111 0.17321016166281755
3 0.5505555555555556 0.407621247113164 0.18944444444444444 0.028868360277136258
3 0.5505555555555556 0.43071593533487296 0.18944444444444444 0.017321016166281754
3 0.3566666666666667 0.053117782909930716 0.025 0.023094688221709007
3 0.3933333333333333 0.053117782909930716 0.027777777777777776 0.023094688221709007
3 0.44222222222222224 0.053117782909930716 0.05 0.023094688221709007
3 0.4866666666666667 0.053117782909930716 0.019444444444444445 0.023094688221709007
3 0.5188888888888888 0.053117782909930716 0.025 0.023094688221709007
3 0.5522222222222222 0.053117782909930716 0.021666666666666667 0.023094688221709007
3 0.22333333333333333 0.03579676674364896 0.06388888888888888 0.023094688221709007
3 0.21888888888888888 0.057736720554272515 0.06388888888888888 0.023094688221709007