0 0.5978494623655914 0.030133928571428572 0.024731182795698924 0.04352678571428571
1 0.7317204301075269 0.03125 0.1827956989247312 0.04352678571428571
1 0.20967741935483872 0.21540178571428573 0.023655913978494623 0.049107142857142856
1 0.3333333333333333 0.49330357142857145 0.2032258064516129 0.5223214285714286
1 0.20967741935483872 0.28236607142857145 0.023655913978494623 0.049107142857142856
1 0.20967741935483872 0.34933035714285715 0.023655913978494623 0.049107142857142856
1 0.20967741935483872 0.41629464285714285 0.023655913978494623 0.049107142857142856
1 0.20967741935483872 0.48325892857142855 0.023655913978494623 0.049107142857142856
1 0.20967741935483872 0.5502232142857143 0.023655913978494623 0.049107142857142856
1 0.20967741935483872 0.6171875 0.023655913978494623 0.049107142857142856
1 0.20967741935483872 0.6841517857142857 0.023655913978494623 0.049107142857142856
1 0.4612903225806452 0.6350446428571429 0.02043010752688172 0.04241071428571429
1 0.49032258064516127 0.6339285714285714 0.021505376344086023 0.044642857142857144
1 0.22473118279569892 0.03125 0.07204301075268817 0.03794642857142857
2 0.44946236559139785 0.030133928571428572 0.32150537634408605 0.04352678571428571
3 0.5403225806451613 0.5011160714285714 0.18333333333333332 0.0234375
3 0.4854838709677419 0.5424107142857143 0.07258064516129033 0.03571428571428571
3 0.5645161290322581 0.5424107142857143 0.07365591397849462 0.03571428571428571
3 0.5403225806451613 0.5870535714285714 0.18333333333333332 0.0234375
3 0.5177419354838709 0.7154017857142857 0.1381720430107527 0.020089285714285716
3 0.20967741935483872 0.23325892857142858 0.026881720430107527 0.024553571428571428
3 0.20967741935483872 0.3002232142857143 0.026881720430107527 0.024553571428571428
3 0.20967741935483872 0.3671875 0.026881720430107527 0.024553571428571428
3 0.20967741935483872 0.4341517857142857 0.026881720430107527 0.024553571428571428
3 0.20967741935483872 0.5011160714285714 0.026881720430107527 0.024553571428571428
3 0.20967741935483872 0.5680803571428571 0.026881720430107527 0.024553571428571428
3 0.20967741935483872 0.6350446428571429 0.026881720430107527 0.024553571428571428
3 0.20967741935483872 0.7020089285714286 0.026881720430107527 0.024553571428571428
3 0.20967741935483872 0.23325892857142858 0.026881720430107527 0.024553571428571428
3 0.20967741935483872 0.3002232142857143 0.026881720430107527 0.024553571428571428
3 0.20967741935483872 0.3671875 0.026881720430107527 0.024553571428571428
3 0.20967741935483872 0.4341517857142857 0.026881720430107527 0.024553571428571428
3 0.20967741935483872 0.5011160714285714 0.026881720430107527 0.024553571428571428
3 0.20967741935483872 0.5680803571428571 0.026881720430107527 0.024553571428571428
3 0.20967741935483872 0.6350446428571429 0.026881720430107527 0.024553571428571428
3 0.20967741935483872 0.7020089285714286 0.026881720430107527 0.024553571428571428
3 0.5365591397849462 0.29799107142857145 0.17526881720430107 0.16741071428571427
3 0.5403225806451613 0.43080357142857145 0.18333333333333332 0.027901785714285716
3 0.5403225806451613 0.453125 0.18333333333333332 0.016741071428571428
3 0.35268817204301073 0.08816964285714286 0.024193548387096774 0.022321428571428572
3 0.3881720430107527 0.08816964285714286 0.026881720430107527 0.022321428571428572
3 0.43548387096774194 0.08816964285714286 0.04838709677419355 0.022321428571428572
3 0.478494623655914 0.08816964285714286 0.01881720430107527 0.022321428571428572
3 0.5096774193548387 0.08816964285714286 0.024193548387096774 0.022321428571428572
3 0.5419354838709678 0.08816964285714286 0.020967741935483872 0.022321428571428572
3 0.22365591397849463 0.07142857142857142 0.06182795698924731 0.022321428571428572
3 0.21935483870967742 0.09263392857142858 0.06182795698924731 0.022321428571428572