0 0.5928819444444444 0.015625 0.027199074074074073 0.03125
0 0.8362268518518519 0.17908653846153846 0.027777777777777776 0.057692307692307696
1 0.7369791666666666 0.01622596153846154 0.19733796296296297 0.03245192307692308
1 0.36516203703703703 0.15264423076923078 0.027777777777777776 0.057692307692307696
1 0.4508101851851852 0.15264423076923078 0.027777777777777776 0.057692307692307696
1 0.5364583333333334 0.15264423076923078 0.027777777777777776 0.057692307692307696
1 0.6221064814814815 0.15264423076923078 0.027777777777777776 0.057692307692307696
1 0.7077546296296297 0.15264423076923078 0.027777777777777776 0.057692307692307696
1 0.7934027777777778 0.15264423076923078 0.027777777777777776 0.057692307692307696
1 0.40219907407407407 0.4723557692307692 0.16435185185185186 0.34134615384615385
1 0.5758101851851852 0.4723557692307692 0.16377314814814814 0.34134615384615385
1 0.7494212962962963 0.4723557692307692 0.16435185185185186 0.34134615384615385
1 0.19126157407407407 0.015024038461538462 0.078125 0.030048076923076924
2 0.4331597222222222 0.015625 0.34664351851851855 0.03125
3 0.36516203703703703 0.21514423076923078 0.05787037037037037 0.038461538461538464
3 0.4508101851851852 0.21514423076923078 0.05787037037037037 0.038461538461538464
3 0.5364583333333334 0.21514423076923078 0.052083333333333336 0.038461538461538464
3 0.6221064814814815 0.21514423076923078 0.03356481481481482 0.038461538461538464
3 0.7077546296296297 0.21514423076923078 0.047453703703703706 0.038461538461538464
3 0.7934027777777778 0.21514423076923078 0.05787037037037037 0.038461538461538464
3 0.22743055555555555 0.34615384615384615 0.1527777777777778 0.018028846153846152
3 0.40219907407407407 0.8064903846153846 0.1412037037037037 0.04326923076923077
3 0.5758101851851852 0.7836538461538461 0.140625 0.04326923076923077
3 0.7494212962962963 0.7836538461538461 0.1412037037037037 0.04326923076923077
3 0.22743055555555555 0.1658653846153846 0.1527777777777778 0.04927884615384615
3 0.22743055555555555 0.3137019230769231 0.1527777777777778 0.02403846153846154
3 0.22743055555555555 0.5300480769230769 0.1527777777777778 0.02403846153846154
3 0.22743055555555555 0.6490384615384616 0.1527777777777778 0.02403846153846154
3 0.3287037037037037 0.06971153846153846 0.026041666666666668 0.02403846153846154
3 0.36689814814814814 0.06971153846153846 0.028935185185185185 0.02403846153846154
3 0.41782407407407407 0.06971153846153846 0.052083333333333336 0.02403846153846154
3 0.46412037037037035 0.06971153846153846 0.02025462962962963 0.02403846153846154
3 0.4976851851851852 0.06971153846153846 0.026041666666666668 0.02403846153846154
3 0.5324074074074074 0.06971153846153846 0.022569444444444444 0.02403846153846154
3 0.18981481481481483 0.051682692307692304 0.06655092592592593 0.02403846153846154
3 0.18518518518518517 0.07451923076923077 0.06655092592592593 0.02403846153846154
3 0.22743055555555555 0.5612980769230769 0.1527777777777778 0.014423076923076924
3 0.22743055555555555 0.5913461538461539 0.1527777777777778 0.014423076923076924
3 0.22743055555555555 0.6802884615384616 0.1527777777777778 0.014423076923076924
3 0.22743055555555555 0.7103365384615384 0.1527777777777778 0.014423076923076924
3 0.22743055555555555 0.7403846153846154 0.1527777777777778 0.014423076923076924
3 0.22743055555555555 0.7704326923076923 0.1527777777777778 0.014423076923076924
3 0.22743055555555555 0.8004807692307693 0.1527777777777778 0.014423076923076924
3 0.22743055555555555 0.8305288461538461 0.1527777777777778 0.014423076923076924
3 0.22743055555555555 0.8605769230769231 0.1527777777777778 0.014423076923076924
3 0.22743055555555555 0.890625 0.1527777777777778 0.014423076923076924
3 0.22743055555555555 0.9206730769230769 0.1527777777777778 0.014423076923076924
3 0.22743055555555555 0.9507211538461539 0.1527777777777778 0.014423076923076924
3 0.22743055555555555 0.9807692307692307 0.1527777777777778 0.014423076923076924