0 0.584375 0.02918918918918919 0.023958333333333335 0.04216216216216216
0 0.7296875 0.1989189189189189 0.058854166666666666 0.015135135135135135
0 0.2234375 0.20972972972972972 0.04635416666666667 0.04108108108108108
0 0.2864583333333333 0.20972972972972972 0.07552083333333333 0.04108108108108108
1 0.7140625 0.03027027027027027 0.17708333333333334 0.04216216216216216
1 0.390625 0.3481081081081081 0.08333333333333333 0.17297297297297298
1 0.390625 0.5654054054054054 0.08333333333333333 0.17297297297297298
1 0.390625 0.7827027027027027 0.08333333333333333 0.17297297297297298
2 0.440625 0.02918918918918919 0.31145833333333334 0.04216216216216216
2 0.4661458333333333 0.02918918918918919 0.007291666666666667 0.015135135135135135
3 0.1828125 0 0 0
3 0.22291666666666668 0.03027027027027027 0.06979166666666667 0.036756756756756756
3 0.6729166666666667 0.08540540540540541 0.057291666666666664 0.021621621621621623
3 0.71875 0.08540540540540541 0.034375 0.021621621621621623
3 0.7609375 0.08540540540540541 0.050520833333333334 0.021621621621621623
3 0.21770833333333334 0.07783783783783783 0.06927083333333334 0.043243243243243246
3 0.30520833333333336 0.08540540540540541 0.04114583333333333 0.021621621621621623
3 0.346875 0.08540540540540541 0.0234375 0.021621621621621623
3 0.38125 0.08540540540540541 0.026041666666666668 0.021621621621621623
3 0.4270833333333333 0.08540540540540541 0.046875 0.021621621621621623
3 0.46875 0.08540540540540541 0.018229166666666668 0.021621621621621623
3 0.49895833333333334 0.08540540540540541 0.0234375 0.021621621621621623
3 0.5302083333333333 0.08540540540540541 0.0203125 0.021621621621621623
3 0.7963541666666667 0.08324324324324324 0.013020833333333334 0.022702702702702703
3 0.7140625 0.03351351351351351 0.17708333333333334 0.04756756756756757
3 0.27395833333333336 0.13513513513513514 0.0109375 0.021621621621621623
3 0.3046875 0.13513513513513514 0.0296875 0.021621621621621623
3 0.3536458333333333 0.13513513513513514 0.04583333333333333 0.021621621621621623
3 0.4 0.13513513513513514 0.026041666666666668 0.021621621621621623
3 0.20572916666666666 0.1891891891891892 0.042708333333333334 0.021621621621621623
3 0.29322916666666665 0.3362162162162162 0.016666666666666666 0.017297297297297298
3 0.29322916666666665 0.40756756756756757 0.016666666666666666 0.017297297297297298
3 0.22708333333333333 0.5210810810810811 0.0859375 0.01945945945945946
3 0.21614583333333334 0.6054054054054054 0.0640625 0.01945945945945946
3 0.2375 0.6313513513513513 0.10625 0.01945945945945946
3 0.23697916666666666 0.6572972972972972 0.10572916666666667 0.01945945945945946
3 0.21197916666666666 0.6832432432432433 0.05520833333333333 0.01945945945945946
3 0.21302083333333333 0.7091891891891892 0.057291666666666664 0.01945945945945946
3 0.2046875 0.7351351351351352 0.040625 0.01945945945945946
3 0.20677083333333332 0.8194594594594594 0.0453125 0.01945945945945946
3 0.21145833333333333 0.9037837837837838 0.05416666666666667 0.01945945945945946
3 0.23958333333333334 0.9297297297297298 0.11041666666666666 0.01945945945945946
3 0.7807291666666667 0.20108108108108108 0.008333333333333333 0.017297297297297298
3 0.7932291666666667 0.20108108108108108 0.008333333333333333 0.017297297297297298
3 0.390625 0.3481081081081081 0.08333333333333333 0.17297297297297298
3 0.6078125 0.2897297297297297 0.3265625 0.05621621621621622
3 0.390625 0.5654054054054054 0.08333333333333333 0.17297297297297298
3 0.6078125 0.5070270270270271 0.3265625 0.05621621621621622
3 0.390625 0.7827027027027027 0.08333333333333333 0.17297297297297298
3 0.6078125 0.7243243243243244 0.3265625 0.05621621621621622
3 0.6078125 0.76 0.3265625 0.015135135135135135
3 0.6078125 0.9491891891891892 0.3265625 0.05621621621621622
3 0.5135416666666667 0.03027027027027027 0.11822916666666666 0.02810810810810811
3 0.4822916666666667 0.3837837837837838 0.075 0.02054054054054054
3 0.49375 0.601081081081081 0.09791666666666667 0.02054054054054054
3 0.6078125 0.76 0.3265625 0.015135135135135135
3 0.49375 0.8529729729729729 0.09791666666666667 0.02054054054054054
3 0.51875 0.02918918918918919 0.09322916666666667 0.021621621621621623
3 0.51875 0.02918918918918919 0.09322916666666667 0.021621621621621623
3 0.25677083333333334 0.23351351351351352 0.14479166666666668 0.032432432432432434
3 0.6078125 0.2897297297297297 0.3265625 0.05621621621621622
3 0.6078125 0.5070270270270271 0.3265625 0.05621621621621622
3 0.6078125 0.7243243243243244 0.3265625 0.05621621621621622
3 0.6078125 0.9491891891891892 0.3265625 0.05621621621621622
3 0.26875 0.1545945945945946 0.13697916666666668 0.043243243243243246