0 0.5832460732984294 0.02826086956521739 0.024083769633507852 0.042391304347826085
0 0.7293193717277487 0.2608695652173913 0.059162303664921465 0.015217391304347827
0 0.6272251308900524 0.44456521739130433 0.031413612565445025 0.02826086956521739
0 0.631413612565445 0.8630434782608696 0.039790575916230364 0.02826086956521739
1 0.7136125654450262 0.029347826086956522 0.17801047120418848 0.042391304347826085
1 0.38848167539267014 0.4108695652173913 0.08376963350785341 0.17391304347826086
1 0.38848167539267014 0.6293478260869565 0.08376963350785341 0.17391304347826086
1 0.38848167539267014 0.8478260869565217 0.08376963350785341 0.17391304347826086
1 0.2198952879581152 0.029347826086956522 0.07015706806282722 0.03695652173913044
2 0.4387434554973822 0.02826086956521739 0.31308900523560207 0.042391304347826085
2 0.5031413612565445 0.02826086956521739 0.007329842931937173 0.015217391304347827
3 0.5314136125654451 0.029347826086956522 0.08010471204188482 0.02826086956521739
3 0.4816753926701571 0.45760869565217394 0.07801047120418848 0.020652173913043477
3 0.6 0.44456521739130433 0.018848167539267015 0.01956521739130435
3 0.4816753926701571 0.6369565217391304 0.07801047120418848 0.020652173913043477
3 0.4816753926701571 0.8760869565217392 0.07801047120418848 0.020652173913043477
3 0.6 0.8630434782608696 0.018848167539267015 0.01956521739130435
3 0.5366492146596858 0.02826086956521739 0.0549738219895288 0.021739130434782608
3 0.5366492146596858 0.02826086956521739 0.0549738219895288 0.021739130434782608
3 0.25392670157068065 0.33369565217391306 0.14554973821989528 0.06521739130434782
3 0.6068062827225131 0.37717391304347825 0.32827225130890053 0.02826086956521739
3 0.6068062827225131 0.5565217391304348 0.32827225130890053 0.02826086956521739
3 0.6068062827225131 0.775 0.32827225130890053 0.02826086956521739
3 0.34450261780104713 0.08478260869565217 0.02356020942408377 0.021739130434782608
3 0.37905759162303665 0.08478260869565217 0.02617801047120419 0.021739130434782608
3 0.42513089005235605 0.08478260869565217 0.04712041884816754 0.021739130434782608
3 0.46701570680628274 0.08478260869565217 0.01832460732984293 0.021739130434782608
3 0.4973821989528796 0.08478260869565217 0.02356020942408377 0.021739130434782608
3 0.5287958115183246 0.08478260869565217 0.020418848167539267 0.021739130434782608
3 0.21518324607329842 0.6391304347826087 0.06806282722513089 0.01956521739130435
3 0.1905759162303665 0.7239130434782609 0.018848167539267015 0.01956521739130435
3 0.22356020942408378 0.808695652173913 0.08534031413612565 0.01956521739130435
3 0.1973821989528796 0.8934782608695652 0.032460732984293195 0.01956521739130435
3 0.25654450261780104 0.6391304347826087 0.009424083769633508 0.01956521739130435
3 0.21047120418848167 0.7239130434782609 0.015706806282722512 0.01956521739130435
3 0.2769633507853403 0.808695652173913 0.015706806282722512 0.01956521739130435
3 0.2261780104712042 0.8934782608695652 0.018848167539267015 0.01956521739130435
3 0.21204188481675393 0.9195652173913044 0.011518324607329843 0.01956521739130435
3 0.218848167539267 0.06847826086956521 0.060209424083769635 0.021739130434782608
3 0.21465968586387435 0.0891304347826087 0.060209424083769635 0.021739130434782608
3 0.20261780104712043 0.2510869565217391 0.04293193717277487 0.021739130434782608
3 0.2680628272251309 0.2510869565217391 0.06858638743455497 0.021739130434782608
3 0.22041884816753926 0.2728260869565217 0.07905759162303665 0.021739130434782608
3 0.28429319371727746 0.2728260869565217 0.028795811518324606 0.021739130434782608