0 0.5972067039106145 0.02320185614849188 0.02569832402234637 0.04524361948955916
0 0.753072625698324 0.271461716937355 0.06312849162011173 0.016241299303944315
0 0.6441340782122905 0.46751740139211134 0.0335195530726257 0.030162412993039442
0 0.6486033519553073 0.91415313225058 0.042458100558659215 0.030162412993039442
1 0.7363128491620111 0.024361948955916472 0.18994413407821228 0.04524361948955916
1 0.3893854748603352 0.43155452436194897 0.0893854748603352 0.18561484918793503
1 0.3893854748603352 0.6647331786542924 0.0893854748603352 0.18561484918793503
1 0.3893854748603352 0.8979118329466357 0.0893854748603352 0.18561484918793503
1 0.20949720670391062 0.024361948955916472 0.07486033519553073 0.03944315545243619
2 0.4430167597765363 0.02320185614849188 0.3340782122905028 0.04524361948955916
2 0.511731843575419 0.02320185614849188 0.00782122905027933 0.016241299303944315
3 0.5418994413407822 0.024361948955916472 0.08547486033519552 0.030162412993039442
3 0.4888268156424581 0.4814385150812065 0.08324022346368715 0.022041763341067284
3 0.6150837988826816 0.46751740139211134 0.02011173184357542 0.02088167053364269
3 0.4888268156424581 0.6728538283062645 0.08324022346368715 0.022041763341067284
3 0.4888268156424581 0.9280742459396751 0.08324022346368715 0.022041763341067284
3 0.6150837988826816 0.91415313225058 0.02011173184357542 0.02088167053364269
3 0.547486033519553 0.02320185614849188 0.05865921787709497 0.02320185614849188
3 0.547486033519553 0.02320185614849188 0.05865921787709497 0.02320185614849188
3 0.24581005586592178 0.3491879350348028 0.1553072625698324 0.06960556844547564
3 0.6223463687150838 0.39559164733178653 0.35027932960893854 0.030162412993039442
3 0.6223463687150838 0.5870069605568445 0.35027932960893854 0.030162412993039442
3 0.6223463687150838 0.820185614849188 0.35027932960893854 0.030162412993039442
3 0.3424581005586592 0.08352668213457076 0.025139664804469275 0.02320185614849188
3 0.3793296089385475 0.08352668213457076 0.027932960893854747 0.02320185614849188
3 0.42849162011173186 0.08352668213457076 0.05027932960893855 0.02320185614849188
3 0.4731843575418994 0.08352668213457076 0.019553072625698324 0.02320185614849188
3 0.505586592178771 0.08352668213457076 0.025139664804469275 0.02320185614849188
3 0.5391061452513967 0.08352668213457076 0.021787709497206705 0.02320185614849188
3 0.20446927374301677 0.6751740139211136 0.07262569832402235 0.02088167053364269
3 0.1782122905027933 0.765661252900232 0.02011173184357542 0.02088167053364269
3 0.21340782122905028 0.8561484918793504 0.09106145251396648 0.02088167053364269
3 0.18547486033519553 0.9466357308584686 0.034636871508379886 0.02088167053364269
3 0.24860335195530725 0.6751740139211136 0.01005586592178771 0.02088167053364269
3 0.19944134078212292 0.765661252900232 0.01675977653631285 0.02088167053364269
3 0.27039106145251396 0.8561484918793504 0.01675977653631285 0.02088167053364269
3 0.21620111731843575 0.9466357308584686 0.02011173184357542 0.02088167053364269
3 0.2011173184357542 0.974477958236659 0.012290502793296089 0.02088167053364269
3 0.20837988826815643 0.06612529002320186 0.06424581005586592 0.02320185614849188
3 0.20391061452513967 0.08816705336426914 0.06424581005586592 0.02320185614849188
3 0.19106145251396647 0.26102088167053367 0.04581005586592179 0.02320185614849188
3 0.2608938547486033 0.26102088167053367 0.07318435754189945 0.02320185614849188
3 0.2100558659217877 0.2842227378190255 0.08435754189944134 0.02320185614849188
3 0.2782122905027933 0.2842227378190255 0.030726256983240222 0.02320185614849188