0 0.675 0.8903002309468823 0.13722222222222222 0.020785219399538105
0 0.695 0.9561200923787528 0.17666666666666667 0.05542725173210162
1 0.16666666666666666 0.20554272517321015 0.024444444444444446 0.050808314087759814
1 0.37833333333333335 0.4930715935334873 0.3711111111111111 0.5404157043879908
1 0.16666666666666666 0.2748267898383372 0.024444444444444446 0.050808314087759814
1 0.16666666666666666 0.3441108545034642 0.024444444444444446 0.050808314087759814
1 0.16666666666666666 0.4133949191685912 0.024444444444444446 0.050808314087759814
1 0.16666666666666666 0.48267898383371827 0.024444444444444446 0.050808314087759814
1 0.16666666666666666 0.5519630484988453 0.024444444444444446 0.050808314087759814
3 0.6466666666666666 0.42725173210161665 0.08055555555555556 0.020785219399538105
3 0.695 0.6974595842956121 0.17666666666666667 0.02424942263279446
3 0.6566666666666666 0.7863741339491916 0.10055555555555555 0.020785219399538105
3 0.16666666666666666 0.22401847575057737 0.027777777777777776 0.025404157043879907
3 0.16666666666666666 0.29330254041570436 0.027777777777777776 0.025404157043879907
3 0.16666666666666666 0.3625866050808314 0.027777777777777776 0.025404157043879907
3 0.16666666666666666 0.43187066974595845 0.027777777777777776 0.025404157043879907
3 0.16666666666666666 0.5011547344110855 0.027777777777777776 0.025404157043879907
3 0.16666666666666666 0.5704387990762124 0.027777777777777776 0.025404157043879907
3 0.16666666666666666 0.22401847575057737 0.027777777777777776 0.025404157043879907
3 0.16666666666666666 0.29330254041570436 0.027777777777777776 0.025404157043879907
3 0.16666666666666666 0.3625866050808314 0.027777777777777776 0.025404157043879907
3 0.16666666666666666 0.43187066974595845 0.027777777777777776 0.025404157043879907
3 0.16666666666666666 0.5011547344110855 0.027777777777777776 0.025404157043879907
3 0.16666666666666666 0.5704387990762124 0.027777777777777776 0.025404157043879907
3 0.6844444444444444 0.27829099307159355 0.15611111111111112 0.08660508083140878
3 0.7033333333333334 0.49884526558891457 0.16 0.023094688221709007
3 0.7033333333333334 0.523094688221709 0.16 0.020785219399538105
3 0.7022222222222222 0.5935334872979214 0.16166666666666665 0.023094688221709007
3 0.7022222222222222 0.6177829099307159 0.16166666666666665 0.020785219399538105
3 0.6566666666666666 0.7655889145496536 0.10055555555555555 0.019630484988452657
3 0.6394444444444445 0.8452655889145496 0.06555555555555556 0.023094688221709007
3 0.31444444444444447 0.03117782909930716 0.025 0.023094688221709007
3 0.3511111111111111 0.03117782909930716 0.027777777777777776 0.023094688221709007
3 0.4 0.03117782909930716 0.05 0.023094688221709007
3 0.4444444444444444 0.03117782909930716 0.019444444444444445 0.023094688221709007
3 0.4766666666666667 0.03117782909930716 0.025 0.023094688221709007
3 0.51 0.03117782909930716 0.021666666666666667 0.023094688221709007
3 0.1811111111111111 0.013856812933025405 0.06388888888888888 0.023094688221709007
3 0.17666666666666667 0.03579676674364896 0.06388888888888888 0.023094688221709007
3 0.23444444444444446 0.13279445727482678 0.04555555555555556 0.016166281755196306
3 0.30333333333333334 0.13279445727482678 0.07277777777777777 0.016166281755196306
3 0.3688888888888889 0.13279445727482678 0.03777777777777778 0.016166281755196306
3 0.4088888888888889 0.13279445727482678 0.02388888888888889 0.016166281755196306
3 0.43666666666666665 0.13279445727482678 0.011666666666666667 0.016166281755196306