0 0.5869109947643979 0.025 0.024083769633507852 0.042391304347826085
0 0.20785340314136125 0.3858695652173913 0.010471204188481676 0.021739130434782608
0 0.7329842931937173 0.2576086956521739 0.059162303664921465 0.015217391304347827
1 0.7172774869109948 0.02608695652173913 0.17801047120418848 0.042391304347826085
1 0.39214659685863873 0.4076086956521739 0.08376963350785341 0.17391304347826086
1 0.39214659685863873 0.6532608695652173 0.08376963350785341 0.17391304347826086
1 0.39214659685863873 0.8717391304347826 0.08376963350785341 0.17391304347826086
1 0.22356020942408378 0.02608695652173913 0.07015706806282722 0.03695652173913044
2 0.4424083769633508 0.025 0.31308900523560207 0.042391304347826085
2 0.5005235602094241 0.025 0.007329842931937173 0.015217391304347827
3 0.5319371727748691 0.02608695652173913 0.08638743455497382 0.02826086956521739
3 0.6104712041884817 0.42391304347826086 0.32827225130890053 0.015217391304347827
3 0.49581151832460735 0.49782608695652175 0.09842931937172775 0.020652173913043477
3 0.48429319371727747 0.6891304347826087 0.07539267015706806 0.020652173913043477
3 0.48429319371727747 0.8793478260869565 0.07539267015706806 0.020652173913043477
3 0.53717277486911 0.025 0.0612565445026178 0.021739130434782608
3 0.53717277486911 0.025 0.0612565445026178 0.021739130434782608
3 0.25759162303664923 0.3141304347826087 0.14554973821989528 0.03260869565217391
3 0.6104712041884817 0.38804347826086955 0.32827225130890053 0.05652173913043478
3 0.6104712041884817 0.5945652173913043 0.32827225130890053 0.05652173913043478
3 0.6104712041884817 0.7989130434782609 0.32827225130890053 0.02826086956521739
3 0.3481675392670157 0.08152173913043478 0.02356020942408377 0.021739130434782608
3 0.38272251308900523 0.08152173913043478 0.02617801047120419 0.021739130434782608
3 0.42879581151832463 0.08152173913043478 0.04712041884816754 0.021739130434782608
3 0.4706806282722513 0.08152173913043478 0.01832460732984293 0.021739130434782608
3 0.5010471204188481 0.08152173913043478 0.02356020942408377 0.021739130434782608
3 0.5324607329842932 0.08152173913043478 0.020418848167539267 0.021739130434782608
3 0.218848167539267 0.6597826086956522 0.06806282722513089 0.01956521739130435
3 0.19424083769633507 0.7445652173913043 0.018848167539267015 0.01956521739130435
3 0.1905759162303665 0.7706521739130435 0.012041884816753926 0.01956521739130435
3 0.19109947643979058 0.7967391304347826 0.012565445026178011 0.01956521739130435
3 0.19633507853403143 0.8228260869565217 0.02356020942408377 0.01956521739130435
3 0.19267015706806281 0.8489130434782609 0.015706806282722512 0.01956521739130435
3 0.20052356020942408 0.875 0.03193717277486911 0.01956521739130435
3 0.19109947643979058 0.9010869565217391 0.012565445026178011 0.01956521739130435
3 0.18952879581151832 0.9271739130434783 0.009424083769633508 0.01956521739130435
3 0.19476439790575917 0.9532608695652174 0.019895287958115182 0.01956521739130435
3 0.2581151832460733 0.6597826086956522 0.005235602094240838 0.01956521739130435
3 0.21256544502617802 0.7445652173913043 0.011518324607329843 0.01956521739130435
3 0.20471204188481676 0.7706521739130435 0.01099476439790576 0.01956521739130435
3 0.20575916230366492 0.7967391304347826 0.011518324607329843 0.01956521739130435
3 0.21727748691099477 0.8228260869565217 0.011518324607329843 0.01956521739130435
3 0.20785340314136125 0.8489130434782609 0.009947643979057591 0.01956521739130435
3 0.22460732984293194 0.875 0.009947643979057591 0.01956521739130435
3 0.20418848167539266 0.9010869565217391 0.007329842931937173 0.01956521739130435
3 0.20104712041884817 0.9271739130434783 0.007329842931937173 0.01956521739130435
3 0.21099476439790577 0.9532608695652174 0.007329842931937173 0.01956521739130435
3 0.22251308900523561 0.06521739130434782 0.060209424083769635 0.021739130434782608
3 0.21832460732984293 0.08586956521739131 0.060209424083769635 0.021739130434782608
3 0.20628272251308902 0.24782608695652175 0.04293193717277487 0.021739130434782608
3 0.2717277486910995 0.24782608695652175 0.06858638743455497 0.021739130434782608
3 0.20261780104712043 0.26956521739130435 0.0356020942408377 0.021739130434782608