0 0.584375 0.02918918918918919 0.023958333333333335 0.04216216216216216
0 0.7296875 0.1545945945945946 0.058854166666666666 0.015135135135135135
0 0.8067708333333333 0.24864864864864866 0.016666666666666666 0.034594594594594595
0 0.7796875 0.36 0.01875 0.03891891891891892
0 0.2234375 0.20972972972972972 0.04635416666666667 0.04108108108108108
0 0.2864583333333333 0.20972972972972972 0.07552083333333333 0.04108108108108108
1 0.7140625 0.03027027027027027 0.17708333333333334 0.04216216216216216
1 0.3619791666666667 0.24864864864864866 0.04479166666666667 0.09297297297297297
1 0.42083333333333334 0.24864864864864866 0.04479166666666667 0.09297297297297297
1 0.4791666666666667 0.24864864864864866 0.04479166666666667 0.09297297297297297
1 0.5380208333333333 0.24864864864864866 0.04479166666666667 0.09297297297297297
1 0.5963541666666666 0.24864864864864866 0.04479166666666667 0.09297297297297297
1 0.6552083333333333 0.24864864864864866 0.04479166666666667 0.09297297297297297
1 0.7135416666666666 0.24864864864864866 0.04479166666666667 0.09297297297297297
1 0.7723958333333333 0.24864864864864866 0.04479166666666667 0.09297297297297297
1 0.390625 0.43135135135135133 0.08333333333333333 0.17297297297297298
1 0.390625 0.652972972972973 0.08333333333333333 0.17297297297297298
1 0.390625 0.8702702702702703 0.08333333333333333 0.17297297297297298
2 0.440625 0.02918918918918919 0.31145833333333334 0.04216216216216216
2 0.4984375 0.02918918918918919 0.007291666666666667 0.015135135135135135
3 0.1828125 0 0 0
3 0.22291666666666668 0.03027027027027027 0.06979166666666667 0.036756756756756756
3 0.6729166666666667 0.08540540540540541 0.057291666666666664 0.021621621621621623
3 0.71875 0.08540540540540541 0.034375 0.021621621621621623
3 0.7609375 0.08540540540540541 0.050520833333333334 0.021621621621621623
3 0.21770833333333334 0.07783783783783783 0.06927083333333334 0.043243243243243246
3 0.30520833333333336 0.08540540540540541 0.04114583333333333 0.021621621621621623
3 0.346875 0.08540540540540541 0.0234375 0.021621621621621623
3 0.38125 0.08540540540540541 0.026041666666666668 0.021621621621621623
3 0.4270833333333333 0.08540540540540541 0.046875 0.021621621621621623
3 0.46875 0.08540540540540541 0.018229166666666668 0.021621621621621623
3 0.49895833333333334 0.08540540540540541 0.0234375 0.021621621621621623
3 0.5302083333333333 0.08540540540540541 0.0203125 0.021621621621621623
3 0.7963541666666667 0.08324324324324324 0.013020833333333334 0.022702702702702703
3 0.7140625 0.03351351351351351 0.17708333333333334 0.04756756756756757
3 0.20572916666666666 0.1535135135135135 0.042708333333333334 0.021621621621621623
3 0.2708333333333333 0.1535135135135135 0.06822916666666666 0.021621621621621623
3 0.20208333333333334 0.17513513513513512 0.035416666666666666 0.021621621621621623
3 0.29322916666666665 0.32216216216216215 0.016666666666666666 0.017297297297297298
3 0.29322916666666665 0.3935135135135135 0.016666666666666666 0.017297297297297298
3 0.22604166666666667 0.5070270270270271 0.08385416666666666 0.01945945945945946
3 0.20677083333333332 0.5913513513513513 0.0453125 0.01945945945945946
3 0.20625 0.6172972972972973 0.044270833333333336 0.01945945945945946
3 0.1984375 0.6432432432432432 0.028645833333333332 0.01945945945945946
3 0.20520833333333333 0.6691891891891892 0.041666666666666664 0.01945945945945946
3 0.20729166666666668 0.6951351351351351 0.04583333333333333 0.01945945945945946
3 0.21302083333333333 0.721081081081081 0.0578125 0.01945945945945946
3 0.203125 0.7470270270270271 0.0375 0.01945945945945946
3 0.20520833333333333 0.772972972972973 0.041666666666666664 0.01945945945945946
3 0.20677083333333332 0.798918918918919 0.04479166666666667 0.01945945945945946
3 0.19947916666666668 0.827027027027027 0.030729166666666665 0.021621621621621623
3 0.21979166666666666 0.9124324324324324 0.07135416666666666 0.01945945945945946
3 0.2078125 0.9383783783783783 0.04739583333333333 0.01945945945945946
3 0.20989583333333334 0.9643243243243244 0.0515625 0.01945945945945946
3 0.21145833333333333 0.9897297297297297 0.05520833333333333 0.018378378378378378
3 0.7807291666666667 0.15675675675675677 0.008333333333333333 0.017297297297297298
3 0.7932291666666667 0.15675675675675677 0.008333333333333333 0.017297297297297298
3 0.36354166666666665 0.24864864864864866 0.058333333333333334 0.11243243243243244
3 0.42239583333333336 0.24864864864864866 0.058333333333333334 0.11243243243243244
3 0.48072916666666665 0.24864864864864866 0.058333333333333334 0.11243243243243244
3 0.5395833333333333 0.24864864864864866 0.058333333333333334 0.11243243243243244
3 0.5979166666666667 0.24864864864864866 0.058333333333333334 0.11243243243243244
3 0.6567708333333333 0.24864864864864866 0.058333333333333334 0.11243243243243244
3 0.7151041666666667 0.24864864864864866 0.058333333333333334 0.11243243243243244
3 0.7739583333333333 0.24864864864864866 0.058333333333333334 0.11243243243243244
3 0.390625 0.43135135135135133 0.08333333333333333 0.17297297297297298
3 0.6078125 0.3978378378378378 0.3265625 0.02810810810810811
3 0.390625 0.652972972972973 0.08333333333333333 0.17297297297297298
3 0.6078125 0.5805405405405405 0.3265625 0.02810810810810811
3 0.6078125 0.6021621621621621 0.3265625 0.015135135135135135
3 0.390625 0.8702702702702703 0.08333333333333333 0.17297297297297298
3 0.6078125 0.8367567567567568 0.3265625 0.02810810810810811
3 0.6078125 0.8583783783783784 0.3265625 0.015135135135135135
3 0.5296875 0.03027027027027027 0.0859375 0.02810810810810811
3 0.4822916666666667 0.4983783783783784 0.075 0.02054054054054054
3 0.6078125 0.6021621621621621 0.3265625 0.015135135135135135
3 0.49375 0.7156756756756757 0.09791666666666667 0.02054054054054054
3 0.6078125 0.8583783783783784 0.3265625 0.015135135135135135
3 0.49375 0.9718918918918918 0.09791666666666667 0.02054054054054054
3 0.5348958333333333 0.02918918918918919 0.0609375 0.021621621621621623
3 0.5348958333333333 0.02918918918918919 0.0609375 0.021621621621621623
3 0.25677083333333334 0.21945945945945947 0.14479166666666668 0.032432432432432434
3 0.6078125 0.3978378378378378 0.3265625 0.02810810810810811
3 0.6078125 0.5805405405405405 0.3265625 0.02810810810810811
3 0.6078125 0.8367567567567568 0.3265625 0.02810810810810811
3 0.26875 0.1545945945945946 0.13697916666666668 0.043243243243243246