0 0.6016129032258064 0.029017857142857144 0.024731182795698924 0.04352678571428571
0 0.7516129032258064 0.25892857142857145 0.06075268817204301 0.015625
0 0.8311827956989247 0.3560267857142857 0.017204301075268817 0.03571428571428571
1 0.7354838709677419 0.030133928571428572 0.1827956989247312 0.04352678571428571
1 0.3720430107526882 0.3560267857142857 0.046236559139784944 0.09598214285714286
1 0.4327956989247312 0.3560267857142857 0.046236559139784944 0.09598214285714286
1 0.493010752688172 0.3560267857142857 0.046236559139784944 0.09598214285714286
1 0.553763440860215 0.3560267857142857 0.046236559139784944 0.09598214285714286
1 0.613978494623656 0.3560267857142857 0.046236559139784944 0.09598214285714286
1 0.6747311827956989 0.3560267857142857 0.046236559139784944 0.09598214285714286
1 0.7349462365591398 0.3560267857142857 0.046236559139784944 0.09598214285714286
1 0.7956989247311828 0.3560267857142857 0.046236559139784944 0.09598214285714286
1 0.40161290322580645 0.5446428571428571 0.08602150537634409 0.17857142857142858
1 0.40161290322580645 0.7689732142857143 0.08602150537634409 0.17857142857142858
1 0.22849462365591397 0.030133928571428572 0.07204301075268817 0.03794642857142857
2 0.4532258064516129 0.029017857142857144 0.32150537634408605 0.04352678571428571
2 0.5129032258064516 0.029017857142857144 0.007526881720430108 0.015625
3 0.5451612903225806 0.030133928571428572 0.08870967741935484 0.029017857142857144
3 0.4962365591397849 0.5814732142857143 0.07741935483870968 0.021205357142857144
3 0.4962365591397849 0.8058035714285714 0.07741935483870968 0.021205357142857144
3 0.5505376344086022 0.029017857142857144 0.06290322580645161 0.022321428571428572
3 0.5505376344086022 0.029017857142857144 0.06290322580645161 0.022321428571428572
3 0.26344086021505375 0.32589285714285715 0.14946236559139786 0.033482142857142856
3 0.6258064516129033 0.484375 0.3370967741935484 0.05803571428571429
3 0.6258064516129033 0.7087053571428571 0.3370967741935484 0.05803571428571429
3 0.6258064516129033 0.9330357142857143 0.3370967741935484 0.05803571428571429
3 0.3564516129032258 0.08705357142857142 0.024193548387096774 0.022321428571428572
3 0.3919354838709677 0.08705357142857142 0.026881720430107527 0.022321428571428572
3 0.439247311827957 0.08705357142857142 0.04838709677419355 0.022321428571428572
3 0.482258064516129 0.08705357142857142 0.01881720430107527 0.022321428571428572
3 0.5134408602150538 0.08705357142857142 0.024193548387096774 0.022321428571428572
3 0.5456989247311828 0.08705357142857142 0.020967741935483872 0.022321428571428572
3 0.22365591397849463 0.6227678571428571 0.06989247311827956 0.020089285714285716
3 0.1956989247311828 0.7098214285714286 0.014516129032258065 0.020089285714285716
3 0.1989247311827957 0.7366071428571429 0.02043010752688172 0.020089285714285716
3 0.2010752688172043 0.7633928571428571 0.025268817204301075 0.020089285714285716
3 0.2021505376344086 0.7901785714285714 0.026881720430107527 0.020089285714285716
3 0.20161290322580644 0.8169642857142857 0.026344086021505377 0.020089285714285716
3 0.1967741935483871 0.84375 0.016129032258064516 0.020089285714285716
3 0.19623655913978494 0.8705357142857143 0.015591397849462365 0.020089285714285716
3 0.20430107526881722 0.8973214285714286 0.031720430107526884 0.020089285714285716
3 0.19623655913978494 0.9241071428571429 0.015591397849462365 0.020089285714285716
3 0.26666666666666666 0.6227678571428571 0.01129032258064516 0.020089285714285716
3 0.21666666666666667 0.7098214285714286 0.02204301075268817 0.020089285714285716
3 0.21989247311827956 0.7366071428571429 0.016129032258064516 0.020089285714285716
3 0.2252688172043011 0.7633928571428571 0.016129032258064516 0.020089285714285716
3 0.22688172043010751 0.7901785714285714 0.016129032258064516 0.020089285714285716
3 0.22634408602150538 0.8169642857142857 0.016666666666666666 0.020089285714285716
3 0.21559139784946235 0.84375 0.016666666666666666 0.020089285714285716
3 0.21559139784946235 0.8705357142857143 0.016666666666666666 0.020089285714285716
3 0.23172043010752688 0.8973214285714286 0.016129032258064516 0.020089285714285716
3 0.21559139784946235 0.9241071428571429 0.016129032258064516 0.020089285714285716
3 0.22741935483870968 0.0703125 0.06182795698924731 0.022321428571428572
3 0.22311827956989247 0.09151785714285714 0.06182795698924731 0.022321428571428572
3 0.210752688172043 0.2578125 0.04408602150537634 0.022321428571428572
3 0.2779569892473118 0.2578125 0.07043010752688172 0.022321428571428572
3 0.20698924731182797 0.28013392857142855 0.03655913978494624 0.022321428571428572