0 0.588421052631579 0.028446389496717725 0.024210526315789474 0.04266958424507659
0 0.7352631578947368 0.26258205689277897 0.05947368421052632 0.015317286652078774
1 0.7194736842105263 0.02954048140043764 0.17894736842105263 0.04266958424507659
1 0.39263157894736844 0.4135667396061269 0.08421052631578947 0.175054704595186
1 0.39263157894736844 0.6455142231947484 0.08421052631578947 0.175054704595186
1 0.39263157894736844 0.8654266958424508 0.08421052631578947 0.175054704595186
1 0.2231578947368421 0.02954048140043764 0.07052631578947369 0.037199124726477024
2 0.4431578947368421 0.028446389496717725 0.31473684210526315 0.04266958424507659
2 0.501578947368421 0.028446389496717725 0.007368421052631579 0.015317286652078774
3 0.533157894736842 0.02954048140043764 0.0868421052631579 0.028446389496717725
3 0.48526315789473684 0.4890590809628009 0.07578947368421053 0.020787746170678335
3 0.48526315789473684 0.6816192560175055 0.07578947368421053 0.020787746170678335
3 0.48526315789473684 0.9212253829321663 0.07578947368421053 0.020787746170678335
3 0.5384210526315789 0.028446389496717725 0.06157894736842105 0.02188183807439825
3 0.5384210526315789 0.028446389496717725 0.06157894736842105 0.02188183807439825
3 0.2573684210526316 0.31947483588621445 0.1463157894736842 0.03282275711159737
3 0.6121052631578947 0.3938730853391685 0.33 0.05689277899343545
3 0.6121052631578947 0.5864332603938731 0.33 0.05689277899343545
3 0.6121052631578947 0.8063457330415755 0.33 0.05689277899343545
3 0.34842105263157896 0.08533916849015317 0.02368421052631579 0.02188183807439825
3 0.3831578947368421 0.08533916849015317 0.02631578947368421 0.02188183807439825
3 0.42947368421052634 0.08533916849015317 0.04736842105263158 0.02188183807439825
3 0.47157894736842104 0.08533916849015317 0.018421052631578946 0.02188183807439825
3 0.5021052631578947 0.08533916849015317 0.02368421052631579 0.02188183807439825
3 0.5336842105263158 0.08533916849015317 0.020526315789473684 0.02188183807439825
3 0.21842105263157896 0.6105032822757112 0.06842105263157895 0.019693654266958426
3 0.19052631578947368 0.6958424507658644 0.01263157894736842 0.019693654266958426
3 0.2 0.7221006564551422 0.032105263157894734 0.019693654266958426
3 0.18947368421052632 0.7483588621444202 0.011052631578947368 0.019693654266958426
3 0.19157894736842104 0.774617067833698 0.015263157894736841 0.019693654266958426
3 0.19157894736842104 0.8008752735229759 0.015263157894736841 0.019693654266958426
3 0.19 0.8271334792122538 0.012105263157894737 0.019693654266958426
3 0.19105263157894736 0.912472647702407 0.01368421052631579 0.019693654266958426
3 0.1968421052631579 0.9387308533916849 0.025789473684210525 0.019693654266958426
3 0.1968421052631579 0.9649890590809628 0.025789473684210525 0.019693654266958426
3 0.18842105263157893 0.9901531728665208 0.009473684210526316 0.0175054704595186
3 0.26052631578947366 0.6105032822757112 0.011052631578947368 0.019693654266958426
3 0.20894736842105263 0.6958424507658644 0.019473684210526317 0.019693654266958426
3 0.22526315789473683 0.7221006564551422 0.011578947368421053 0.019693654266958426
3 0.20157894736842105 0.7483588621444202 0.007368421052631579 0.019693654266958426
3 0.20578947368421052 0.774617067833698 0.007368421052631579 0.019693654266958426
3 0.20473684210526316 0.8008752735229759 0.005789473684210527 0.019693654266958426
3 0.20157894736842105 0.8271334792122538 0.005789473684210527 0.019693654266958426
3 0.2073684210526316 0.912472647702407 0.01368421052631579 0.019693654266958426
3 0.22 0.9387308533916849 0.014210526315789474 0.019693654266958426
3 0.21947368421052632 0.9649890590809628 0.01263157894736842 0.019693654266958426
3 0.20210526315789473 0.9901531728665208 0.01263157894736842 0.0175054704595186
3 0.22210526315789475 0.06892778993435449 0.060526315789473685 0.02188183807439825
3 0.21789473684210525 0.08971553610503283 0.060526315789473685 0.02188183807439825
3 0.20578947368421052 0.2527352297592998 0.0431578947368421 0.02188183807439825
3 0.27157894736842103 0.2527352297592998 0.06894736842105263 0.02188183807439825
3 0.20210526315789473 0.27461706783369805 0.035789473684210524 0.02188183807439825