0 0.7740331491712708 0.2190366972477064 0.062430939226519336 0.016055045871559634
0 0.8558011049723757 0.31880733944954126 0.017679558011049725 0.03669724770642202
1 0.3839779005524862 0.31880733944954126 0.04751381215469613 0.09862385321100918
1 0.44640883977900553 0.31880733944954126 0.04751381215469613 0.09862385321100918
1 0.5082872928176796 0.31880733944954126 0.04751381215469613 0.09862385321100918
1 0.5707182320441989 0.31880733944954126 0.04751381215469613 0.09862385321100918
1 0.6325966850828729 0.31880733944954126 0.04751381215469613 0.09862385321100918
1 0.6950276243093922 0.31880733944954126 0.04751381215469613 0.09862385321100918
1 0.7569060773480663 0.31880733944954126 0.04751381215469613 0.09862385321100918
1 0.8193370165745857 0.31880733944954126 0.04751381215469613 0.09862385321100918
1 0.4143646408839779 0.5126146788990825 0.08839779005524862 0.1834862385321101
1 0.4143646408839779 0.7844036697247706 0.08839779005524862 0.1834862385321101
3 0.6447513812154696 0.5 0.34640883977900555 0.016055045871559634
3 0.523756906077348 0.6204128440366973 0.10386740331491713 0.021788990825688075
3 0.5116022099447514 0.8222477064220184 0.07955801104972375 0.021788990825688075
3 0.6447513812154696 0.9610091743119266 0.34640883977900555 0.016055045871559634
3 0.2723756906077348 0.26490825688073394 0.15359116022099448 0.034403669724770644
3 0.6447513812154696 0.47706422018348627 0.34640883977900555 0.02981651376146789
3 0.6447513812154696 0.7224770642201835 0.34640883977900555 0.05963302752293578
3 0.6447513812154696 0.9380733944954128 0.34640883977900555 0.02981651376146789
3 0.3679558011049724 0.04243119266055046 0.024861878453038673 0.022935779816513763
3 0.4044198895027624 0.04243119266055046 0.027624309392265192 0.022935779816513763
3 0.4530386740331492 0.04243119266055046 0.049723756906077346 0.022935779816513763
3 0.4972375690607735 0.04243119266055046 0.019337016574585635 0.022935779816513763
3 0.5292817679558011 0.04243119266055046 0.024861878453038673 0.022935779816513763
3 0.5624309392265193 0.04243119266055046 0.02154696132596685 0.022935779816513763
3 0.23149171270718233 0.569954128440367 0.0718232044198895 0.020642201834862386
3 0.20276243093922652 0.6594036697247706 0.014917127071823204 0.020642201834862386
3 0.21823204419889503 0.6869266055045872 0.045303867403314914 0.020642201834862386
3 0.21712707182320443 0.7144495412844036 0.0430939226519337 0.020642201834862386
3 0.20939226519337018 0.7419724770642202 0.027624309392265192 0.020642201834862386
3 0.20165745856353592 0.7694954128440367 0.01270718232044199 0.020642201834862386
3 0.20883977900552486 0.7970183486238532 0.02707182320441989 0.020642201834862386
3 0.20828729281767955 0.8245412844036697 0.025966850828729283 0.020642201834862386
3 0.21049723756906077 0.8520642201834863 0.02983425414364641 0.020642201834862386
3 0.20276243093922652 0.8795871559633027 0.014364640883977901 0.020642201834862386
3 0.2212707182320442 0.9942660550458715 0.05138121546961326 0.009174311926605505
3 0.27790055248618784 0.569954128440367 0.016022099447513812 0.020642201834862386
3 0.22375690607734808 0.6594036697247706 0.020994475138121547 0.020642201834862386
3 0.2558011049723757 0.6869266055045872 0.023756906077348067 0.020642201834862386
3 0.25248618784530386 0.7144495412844036 0.020994475138121547 0.020642201834862386
3 0.23701657458563535 0.7419724770642202 0.020994475138121547 0.020642201834862386
3 0.22209944751381216 0.7694954128440367 0.02154696132596685 0.020642201834862386
3 0.23646408839779007 0.7970183486238532 0.020994475138121547 0.020642201834862386
3 0.23591160220994475 0.8245412844036697 0.022099447513812154 0.020642201834862386
3 0.23701657458563535 0.8520642201834863 0.01712707182320442 0.020642201834862386
3 0.22099447513812154 0.8795871559633027 0.01712707182320442 0.020642201834862386
3 0.2621546961325967 0.9942660550458715 0.025966850828729283 0.009174311926605505
3 0.23535911602209944 0.02522935779816514 0.06353591160220995 0.022935779816513763
3 0.23093922651933702 0.047018348623853214 0.06353591160220995 0.022935779816513763
3 0.21823204419889503 0.21788990825688073 0.045303867403314914 0.022935779816513763
3 0.287292817679558 0.21788990825688073 0.07237569060773481 0.022935779816513763