0 0.5837696335078534 0.029347826086956522 0.024083769633507852 0.042391304347826085
0 0.21099476439790577 0.39021739130434785 0.010471204188481676 0.021739130434782608
0 0.7298429319371728 0.2532608695652174 0.059162303664921465 0.015217391304347827
0 0.8073298429319372 0.34782608695652173 0.016753926701570682 0.034782608695652174
1 0.7141361256544503 0.030434782608695653 0.17801047120418848 0.042391304347826085
1 0.36020942408376966 0.34782608695652173 0.04502617801047121 0.09347826086956522
1 0.4193717277486911 0.34782608695652173 0.04502617801047121 0.09347826086956522
1 0.4780104712041885 0.34782608695652173 0.04502617801047121 0.09347826086956522
1 0.53717277486911 0.34782608695652173 0.04502617801047121 0.09347826086956522
1 0.5958115183246073 0.34782608695652173 0.04502617801047121 0.09347826086956522
1 0.6549738219895288 0.34782608695652173 0.04502617801047121 0.09347826086956522
1 0.7136125654450262 0.34782608695652173 0.04502617801047121 0.09347826086956522
1 0.7727748691099476 0.34782608695652173 0.04502617801047121 0.09347826086956522
1 0.38900523560209427 0.5315217391304348 0.08376963350785341 0.17391304347826086
1 0.38900523560209427 0.75 0.08376963350785341 0.17391304347826086
1 0.22041884816753926 0.030434782608695653 0.07015706806282722 0.03695652173913044
2 0.43926701570680626 0.029347826086956522 0.31308900523560207 0.042391304347826085
2 0.5015706806282723 0.029347826086956522 0.007329842931937173 0.015217391304347827
3 0.5308900523560209 0.030434782608695653 0.08219895287958115 0.02826086956521739
3 0.4712041884816754 0.5391304347826087 0.05549738219895288 0.020652173913043477
3 0.4712041884816754 0.9760869565217392 0.05549738219895288 0.020652173913043477
3 0.5361256544502618 0.029347826086956522 0.05706806282722513 0.021739130434782608
3 0.5361256544502618 0.029347826086956522 0.05706806282722513 0.021739130434782608
3 0.2544502617801047 0.3184782608695652 0.14554973821989528 0.03260869565217391
3 0.6073298429319371 0.45869565217391306 0.32827225130890053 0.02826086956521739
3 0.6073298429319371 0.6771739130434783 0.32827225130890053 0.02826086956521739
3 0.6073298429319371 0.8956521739130435 0.32827225130890053 0.02826086956521739
3 0.3450261780104712 0.08586956521739131 0.02356020942408377 0.021739130434782608
3 0.3795811518324607 0.08586956521739131 0.02617801047120419 0.021739130434782608
3 0.4256544502617801 0.08586956521739131 0.04712041884816754 0.021739130434782608
3 0.4675392670157068 0.08586956521739131 0.01832460732984293 0.021739130434782608
3 0.4979057591623037 0.08586956521739131 0.02356020942408377 0.021739130434782608
3 0.5293193717277487 0.08586956521739131 0.020418848167539267 0.021739130434782608
3 0.19790575916230366 0.5804347826086956 0.032460732984293195 0.01956521739130435
3 0.2031413612565445 0.6065217391304348 0.043455497382198956 0.01956521739130435
3 0.20471204188481676 0.6326086956521739 0.04659685863874346 0.01956521739130435
3 0.20785340314136125 0.658695652173913 0.05235602094240838 0.01956521739130435
3 0.20785340314136125 0.6847826086956522 0.05235602094240838 0.01956521739130435
3 0.20785340314136125 0.7108695652173913 0.05235602094240838 0.01956521739130435
3 0.20209424083769634 0.7369565217391304 0.041361256544502616 0.01956521739130435
3 0.20104712041884817 0.7630434782608696 0.0387434554973822 0.01956521739130435
3 0.2099476439790576 0.7891304347826087 0.05706806282722513 0.01956521739130435
3 0.20837696335078534 0.9032608695652173 0.05392670157068063 0.01956521739130435
3 0.1973821989528796 0.9293478260869565 0.03193717277486911 0.01956521739130435
3 0.19528795811518324 0.9554347826086956 0.02774869109947644 0.01956521739130435
3 0.2 0.9815217391304348 0.03717277486910995 0.01956521739130435
3 0.2256544502617801 0.5804347826086956 0.016753926701570682 0.01956521739130435
3 0.2350785340314136 0.6065217391304348 0.014136125654450262 0.01956521739130435
3 0.23664921465968586 0.6326086956521739 0.012041884816753926 0.01956521739130435
3 0.2418848167539267 0.658695652173913 0.009947643979057591 0.01956521739130435
3 0.2424083769633508 0.6847826086956522 0.012041884816753926 0.01956521739130435
3 0.24293193717277486 0.7108695652173913 0.011518324607329843 0.01956521739130435
3 0.23141361256544501 0.7369565217391304 0.011518324607329843 0.01956521739130435
3 0.22879581151832462 0.7630434782608696 0.011518324607329843 0.01956521739130435
3 0.2476439790575916 0.7891304347826087 0.012041884816753926 0.01956521739130435
3 0.24659685863874345 0.9032608695652173 0.015706806282722512 0.01956521739130435
3 0.22460732984293194 0.9293478260869565 0.016230366492146597 0.01956521739130435
3 0.22041884816753926 0.9554347826086956 0.016230366492146597 0.01956521739130435
3 0.22774869109947643 0.9815217391304348 0.012041884816753926 0.01956521739130435
3 0.2193717277486911 0.06956521739130435 0.060209424083769635 0.021739130434782608
3 0.21518324607329842 0.09021739130434783 0.060209424083769635 0.021739130434782608
3 0.2031413612565445 0.25217391304347825 0.04293193717277487 0.021739130434782608
3 0.268586387434555 0.25217391304347825 0.06858638743455497 0.021739130434782608
3 0.1973821989528796 0.27391304347826084 0.031413612565445025 0.021739130434782608