0 0.5731182795698925 0.024553571428571428 0.024731182795698924 0.04352678571428571
0 0.7231182795698925 0.2544642857142857 0.06075268817204301 0.015625
0 0.8026881720430108 0.3515625 0.017204301075268817 0.03571428571428571
1 0.706989247311828 0.025669642857142856 0.1827956989247312 0.04352678571428571
1 0.3435483870967742 0.3515625 0.046236559139784944 0.09598214285714286
1 0.4043010752688172 0.3515625 0.046236559139784944 0.09598214285714286
1 0.4645161290322581 0.3515625 0.046236559139784944 0.09598214285714286
1 0.5252688172043011 0.3515625 0.046236559139784944 0.09598214285714286
1 0.5854838709677419 0.3515625 0.046236559139784944 0.09598214285714286
1 0.646236559139785 0.3515625 0.046236559139784944 0.09598214285714286
1 0.7064516129032258 0.3515625 0.046236559139784944 0.09598214285714286
1 0.7672043010752688 0.3515625 0.046236559139784944 0.09598214285714286
1 0.37311827956989246 0.5401785714285714 0.08602150537634409 0.17857142857142858
1 0.37311827956989246 0.7645089285714286 0.08602150537634409 0.17857142857142858
1 0.2 0.025669642857142856 0.07204301075268817 0.03794642857142857
2 0.42473118279569894 0.024553571428571428 0.32150537634408605 0.04352678571428571
2 0.48440860215053766 0.024553571428571428 0.007526881720430108 0.015625
3 0.5166666666666667 0.025669642857142856 0.08870967741935484 0.029017857142857144
3 0.46774193548387094 0.5770089285714286 0.07741935483870968 0.021205357142857144
3 0.5973118279569892 0.7120535714285714 0.3370967741935484 0.015625
3 0.47956989247311826 0.7879464285714286 0.1010752688172043 0.021205357142857144
3 0.5220430107526882 0.024553571428571428 0.06290322580645161 0.022321428571428572
3 0.5220430107526882 0.024553571428571428 0.06290322580645161 0.022321428571428572
3 0.2349462365591398 0.32142857142857145 0.14946236559139786 0.033482142857142856
3 0.5973118279569892 0.4799107142857143 0.3370967741935484 0.05803571428571429
3 0.5973118279569892 0.6897321428571429 0.3370967741935484 0.029017857142857144
3 0.5973118279569892 0.9285714285714286 0.3370967741935484 0.05803571428571429
3 0.3279569892473118 0.08258928571428571 0.024193548387096774 0.022321428571428572
3 0.3634408602150538 0.08258928571428571 0.026881720430107527 0.022321428571428572
3 0.410752688172043 0.08258928571428571 0.04838709677419355 0.022321428571428572
3 0.45376344086021503 0.08258928571428571 0.01881720430107527 0.022321428571428572
3 0.48494623655913977 0.08258928571428571 0.024193548387096774 0.022321428571428572
3 0.5172043010752688 0.08258928571428571 0.020967741935483872 0.022321428571428572
3 0.19516129032258064 0.6183035714285714 0.06989247311827956 0.020089285714285716
3 0.18225806451612903 0.7053571428571429 0.04408602150537634 0.020089285714285716
3 0.17258064516129032 0.7321428571428571 0.025268817204301075 0.020089285714285716
3 0.17311827956989248 0.7589285714285714 0.026344086021505377 0.020089285714285716
3 0.18118279569892473 0.7857142857142857 0.041935483870967745 0.020089285714285716
3 0.1736559139784946 0.8125 0.026881720430107527 0.020089285714285716
3 0.17526881720430107 0.8392857142857143 0.03064516129032258 0.020089285714285716
3 0.17580645161290323 0.8660714285714286 0.031720430107526884 0.020089285714285716
3 0.17311827956989248 0.8928571428571429 0.026344086021505377 0.020089285714285716
3 0.1682795698924731 0.9196428571428571 0.016129032258064516 0.020089285714285716
3 0.23978494623655913 0.6183035714285714 0.013978494623655914 0.020089285714285716
3 0.21505376344086022 0.7053571428571429 0.015053763440860216 0.020089285714285716
3 0.1967741935483871 0.7321428571428571 0.016666666666666666 0.020089285714285716
3 0.1978494623655914 0.7589285714285714 0.016666666666666666 0.020089285714285716
3 0.21344086021505376 0.7857142857142857 0.016129032258064516 0.020089285714285716
3 0.19838709677419356 0.8125 0.016129032258064516 0.020089285714285716
3 0.2021505376344086 0.8392857142857143 0.016129032258064516 0.020089285714285716
3 0.20268817204301076 0.8660714285714286 0.015591397849462365 0.020089285714285716
3 0.1978494623655914 0.8928571428571429 0.016666666666666666 0.020089285714285716
3 0.1860215053763441 0.9196428571428571 0.014516129032258065 0.020089285714285716
3 0.1989247311827957 0.06584821428571429 0.06182795698924731 0.022321428571428572
3 0.19462365591397848 0.08705357142857142 0.06182795698924731 0.022321428571428572
3 0.18225806451612903 0.2533482142857143 0.04408602150537634 0.022321428571428572
3 0.24946236559139784 0.2533482142857143 0.07043010752688172 0.022321428571428572
3 0.17849462365591398 0.27566964285714285 0.03655913978494624 0.022321428571428572