0 0.5813829787234043 0.026490066225165563 0.02446808510638298 0.04304635761589404
0 0.7297872340425532 0.25386313465783666 0.0601063829787234 0.01545253863134658
0 0.8085106382978723 0.3498896247240618 0.01702127659574468 0.03532008830022075
1 0.7138297872340426 0.02759381898454746 0.18085106382978725 0.04304635761589404
1 0.35425531914893615 0.3498896247240618 0.045744680851063826 0.09492273730684327
1 0.41436170212765955 0.3498896247240618 0.045744680851063826 0.09492273730684327
1 0.47393617021276596 0.3498896247240618 0.045744680851063826 0.09492273730684327
1 0.5340425531914894 0.3498896247240618 0.045744680851063826 0.09492273730684327
1 0.5936170212765958 0.3498896247240618 0.045744680851063826 0.09492273730684327
1 0.6537234042553192 0.3498896247240618 0.045744680851063826 0.09492273730684327
1 0.7132978723404255 0.3498896247240618 0.045744680851063826 0.09492273730684327
1 0.7734042553191489 0.3498896247240618 0.045744680851063826 0.09492273730684327
1 0.38351063829787235 0.5364238410596026 0.0851063829787234 0.17660044150110377
1 0.38351063829787235 0.7582781456953642 0.0851063829787234 0.17660044150110377
1 0.21223404255319148 0.02759381898454746 0.07127659574468086 0.037527593818984545
2 0.43457446808510636 0.026490066225165563 0.3180851063829787 0.04304635761589404
2 0.49361702127659574 0.026490066225165563 0.007446808510638298 0.01545253863134658
3 0.5255319148936171 0.02759381898454746 0.08776595744680851 0.02869757174392936
3 0.47712765957446807 0.5728476821192053 0.07659574468085106 0.02097130242825607
3 0.6053191489361702 0.7064017660044151 0.33351063829787236 0.01545253863134658
3 0.4888297872340426 0.7814569536423841 0.1 0.02097130242825607
3 0.5308510638297872 0.026490066225165563 0.06223404255319149 0.02207505518763797
3 0.5308510638297872 0.026490066225165563 0.06223404255319149 0.02207505518763797
3 0.24680851063829787 0.3200883002207506 0.1478723404255319 0.033112582781456956
3 0.6053191489361702 0.4768211920529801 0.33351063829787236 0.05739514348785872
3 0.6053191489361702 0.6843267108167771 0.33351063829787236 0.02869757174392936
3 0.6053191489361702 0.9205298013245033 0.33351063829787236 0.05739514348785872
3 0.33882978723404256 0.08388520971302428 0.023936170212765957 0.02207505518763797
3 0.373936170212766 0.08388520971302428 0.026595744680851064 0.02207505518763797
3 0.4207446808510638 0.08388520971302428 0.047872340425531915 0.02207505518763797
3 0.4632978723404255 0.08388520971302428 0.018617021276595744 0.02207505518763797
3 0.49414893617021277 0.08388520971302428 0.023936170212765957 0.02207505518763797
3 0.5260638297872341 0.08388520971302428 0.02074468085106383 0.02207505518763797
3 0.2074468085106383 0.6136865342163356 0.06914893617021277 0.019867549668874173
3 0.1946808510638298 0.6997792494481236 0.043617021276595745 0.019867549668874173
3 0.1851063829787234 0.7262693156732892 0.025 0.019867549668874173
3 0.18563829787234043 0.7527593818984547 0.026063829787234042 0.019867549668874173
3 0.19361702127659575 0.7792494481236203 0.04148936170212766 0.019867549668874173
3 0.18617021276595744 0.8057395143487859 0.026595744680851064 0.019867549668874173
3 0.18776595744680852 0.8322295805739515 0.03031914893617021 0.019867549668874173
3 0.18829787234042553 0.8587196467991169 0.03138297872340425 0.019867549668874173
3 0.18563829787234043 0.8852097130242825 0.026063829787234042 0.019867549668874173
3 0.18085106382978725 0.9116997792494481 0.015957446808510637 0.019867549668874173
3 0.25159574468085105 0.6136865342163356 0.013829787234042552 0.019867549668874173
3 0.2271276595744681 0.6997792494481236 0.014893617021276596 0.019867549668874173
3 0.20904255319148937 0.7262693156732892 0.01648936170212766 0.019867549668874173
3 0.21010638297872342 0.7527593818984547 0.01648936170212766 0.019867549668874173
3 0.225531914893617 0.7792494481236203 0.015957446808510637 0.019867549668874173
3 0.21063829787234042 0.8057395143487859 0.015957446808510637 0.019867549668874173
3 0.21436170212765956 0.8322295805739515 0.015957446808510637 0.019867549668874173
3 0.2148936170212766 0.8587196467991169 0.015425531914893617 0.019867549668874173
3 0.21010638297872342 0.8852097130242825 0.01648936170212766 0.019867549668874173
3 0.19840425531914893 0.9116997792494481 0.014361702127659574 0.019867549668874173
3 0.21117021276595746 0.0673289183222958 0.061170212765957445 0.02207505518763797
3 0.20691489361702128 0.08830022075055188 0.061170212765957445 0.02207505518763797
3 0.1946808510638298 0.25275938189845476 0.043617021276595745 0.02207505518763797
3 0.2611702127659574 0.25275938189845476 0.06968085106382979 0.02207505518763797
3 0.19095744680851065 0.27483443708609273 0.036170212765957444 0.02207505518763797