0 0.584375 0.02918918918918919 0.023958333333333335 0.04216216216216216
1 0.7140625 0.03027027027027027 0.17708333333333334 0.04216216216216216
1 0.4953125 0.1837837837837838 0.8333333333333334 0.15135135135135136
1 0.30572916666666666 0.4064864864864865 0.2375 0.25513513513513514
1 0.5140625 0.4064864864864865 0.2375 0.25513513513513514
1 0.7223958333333333 0.4064864864864865 0.2375 0.25513513513513514
1 0.24270833333333333 0.6789189189189189 0.09583333333333334 0.20108108108108108
1 0.4432291666666667 0.6270270270270271 0.052083333333333336 0.10810810810810811
1 0.5552083333333333 0.6789189189189189 0.09583333333333334 0.20108108108108108
1 0.7557291666666667 0.6270270270270271 0.052083333333333336 0.10810810810810811
1 0.4432291666666667 0.8994594594594595 0.052083333333333336 0.10810810810810811
2 0.440625 0.02918918918918919 0.31145833333333334 0.04216216216216216
3 0.1828125 0 0 0
3 0.22291666666666668 0.03027027027027027 0.06979166666666667 0.036756756756756756
3 0.6729166666666667 0.08540540540540541 0.057291666666666664 0.021621621621621623
3 0.71875 0.08540540540540541 0.034375 0.021621621621621623
3 0.7609375 0.08540540540540541 0.050520833333333334 0.021621621621621623
3 0.21770833333333334 0.07783783783783783 0.06927083333333334 0.043243243243243246
3 0.30520833333333336 0.08540540540540541 0.04114583333333333 0.021621621621621623
3 0.346875 0.08540540540540541 0.0234375 0.021621621621621623
3 0.38125 0.08540540540540541 0.026041666666666668 0.021621621621621623
3 0.4270833333333333 0.08540540540540541 0.046875 0.021621621621621623
3 0.46875 0.08540540540540541 0.018229166666666668 0.021621621621621623
3 0.49895833333333334 0.08540540540540541 0.0234375 0.021621621621621623
3 0.5302083333333333 0.08540540540540541 0.0203125 0.021621621621621623
3 0.7963541666666667 0.08324324324324324 0.013020833333333334 0.022702702702702703
3 0.7140625 0.03351351351351351 0.17708333333333334 0.04756756756756757
3 0.49557291666666664 0.1837837837837838 0.9911458333333333 0.15135135135135136
3 0.2869791666666667 0.4064864864864865 0.2 0.25513513513513514
3 0.4953125 0.4064864864864865 0.2 0.25513513513513514
3 0.7036458333333333 0.4064864864864865 0.2 0.25513513513513514
3 0.2869791666666667 0.6789189189189189 0.2 0.25513513513513514
3 0.4432291666666667 0.6789189189189189 0.09583333333333334 0.25513513513513514
3 0.5994791666666667 0.6789189189189189 0.2 0.25513513513513514
3 0.7557291666666667 0.6789189189189189 0.09583333333333334 0.25513513513513514
3 0.2359375 0.4875675675675676 0.06041666666666667 0.015135135135135135
3 0.44427083333333334 0.4875675675675676 0.06041666666666667 0.015135135135135135
3 0.6526041666666667 0.4875675675675676 0.06041666666666667 0.015135135135135135
3 0.34270833333333334 0.7275675675675676 0.07239583333333334 0.015135135135135135
3 0.4432291666666667 0.7827027027027027 0.09583333333333334 0.015135135135135135
3 0.6552083333333333 0.7275675675675676 0.07239583333333334 0.015135135135135135
3 0.7557291666666667 0.7827027027027027 0.09583333333333334 0.015135135135135135
3 0.2359375 0.4237837837837838 0.06041666666666667 0.02702702702702703
3 0.44427083333333334 0.4237837837837838 0.06041666666666667 0.02702702702702703
3 0.6526041666666667 0.4237837837837838 0.06041666666666667 0.02702702702702703
3 0.34270833333333334 0.667027027027027 0.07239583333333334 0.02702702702702703
3 0.4432291666666667 0.7372972972972973 0.08020833333333334 0.025945945945945945
3 0.6552083333333333 0.667027027027027 0.07239583333333334 0.02702702702702703
3 0.7557291666666667 0.7372972972972973 0.08020833333333334 0.025945945945945945
3 0.34270833333333334 0.9394594594594594 0.07239583333333334 0.02702702702702703
3 0.5484375 0.9686486486486486 0.0609375 0.02702702702702703
3 0.2359375 0.45513513513513515 0.06041666666666667 0.017297297297297298
3 0.44427083333333334 0.45513513513513515 0.06041666666666667 0.017297297297297298
3 0.6526041666666667 0.45513513513513515 0.06041666666666667 0.017297297297297298
3 0.34270833333333334 0.7016216216216217 0.07239583333333334 0.017297297297297298
3 0.4432291666666667 0.7589189189189189 0.08020833333333334 0.017297297297297298
3 0.6552083333333333 0.7016216216216217 0.07239583333333334 0.017297297297297298
3 0.7557291666666667 0.7589189189189189 0.08020833333333334 0.017297297297297298
3 0.34270833333333334 0.9740540540540541 0.07239583333333334 0.017297297297297298