1 0.5230149597238205 0.14114832535885166 0.9205983889528193 0.1674641148325359
1 0.2928653624856157 0.47607655502392343 0.22094361334867663 0.28708133971291866
1 0.5230149597238205 0.47607655502392343 0.22094361334867663 0.28708133971291866
1 0.7531645569620253 0.47607655502392343 0.22094361334867663 0.28708133971291866
1 0.35443037974683544 0.8761961722488039 0.34522439585730724 0.2452153110047847
1 0.5894706559263522 0.8911483253588517 0.10644418872266974 0.215311004784689
1 0.8107019562715765 0.8373205741626795 0.05753739930955121 0.11961722488038277
3 0.26524741081703107 0.9844497607655502 0.12485615650172613 0.01674641148325359
3 0.6996547756041427 0.9258373205741627 0.07997698504027619 0.01674641148325359
3 0.5230149597238205 0.29904306220095694 0.6812428078250863 0.05741626794258373
3 0.5230149597238205 0.7200956937799043 0.6812428078250863 0.05741626794258373
3 0.2928653624856157 0.618421052631579 0.16570771001150747 0.023923444976076555
3 0.5230149597238205 0.618421052631579 0.16570771001150747 0.023923444976076555
3 0.7531645569620253 0.618421052631579 0.16570771001150747 0.023923444976076555
3 0.26524741081703107 0.9389952153110048 0.12485615650172613 0.03708133971291866
3 0.6996547756041427 0.8827751196172249 0.07997698504027619 0.03349282296650718
3 0.8107019562715765 0.9569377990430622 0.08860759493670886 0.028708133971291867
3 0.35903337169159955 0.03229665071770335 0.025891829689298044 0.023923444976076555
3 0.3970080552359033 0.03229665071770335 0.028768699654775604 0.023923444976076555
3 0.4476409666283084 0.03229665071770335 0.05178365937859609 0.023923444976076555
3 0.4936708860759494 0.03229665071770335 0.020138089758342925 0.023923444976076555
3 0.5270425776754891 0.03229665071770335 0.025891829689298044 0.023923444976076555
3 0.5615650172612198 0.03229665071770335 0.02243958573072497 0.023923444976076555
3 0.22094361334867663 0.014354066985645933 0.0661680092059839 0.023923444976076555
3 0.21634062140391255 0.03708133971291866 0.0661680092059839 0.023923444976076555