0 0.584375 0.02918918918918919 0.023958333333333335 0.04216216216216216
0 0.7296875 0.26054054054054054 0.058854166666666666 0.015135135135135135
0 0.2234375 0.20972972972972972 0.04635416666666667 0.04108108108108108
0 0.2864583333333333 0.20972972972972972 0.07552083333333333 0.04108108108108108
1 0.7140625 0.03027027027027027 0.17708333333333334 0.04216216216216216
1 0.390625 0.4097297297297297 0.08333333333333333 0.17297297297297298
1 0.390625 0.6270270270270271 0.08333333333333333 0.17297297297297298
1 0.390625 0.8443243243243244 0.08333333333333333 0.17297297297297298
2 0.440625 0.02918918918918919 0.31145833333333334 0.04216216216216216
2 0.4401041666666667 0.02918918918918919 0.007291666666666667 0.015135135135135135
3 0.1828125 0 0 0
3 0.22291666666666668 0.03027027027027027 0.06979166666666667 0.036756756756756756
3 0.6729166666666667 0.08540540540540541 0.057291666666666664 0.021621621621621623
3 0.71875 0.08540540540540541 0.034375 0.021621621621621623
3 0.7609375 0.08540540540540541 0.050520833333333334 0.021621621621621623
3 0.21770833333333334 0.07783783783783783 0.06927083333333334 0.043243243243243246
3 0.30520833333333336 0.08540540540540541 0.04114583333333333 0.021621621621621623
3 0.346875 0.08540540540540541 0.0234375 0.021621621621621623
3 0.38125 0.08540540540540541 0.026041666666666668 0.021621621621621623
3 0.4270833333333333 0.08540540540540541 0.046875 0.021621621621621623
3 0.46875 0.08540540540540541 0.018229166666666668 0.021621621621621623
3 0.49895833333333334 0.08540540540540541 0.0234375 0.021621621621621623
3 0.5302083333333333 0.08540540540540541 0.0203125 0.021621621621621623
3 0.7963541666666667 0.08324324324324324 0.013020833333333334 0.022702702702702703
3 0.7140625 0.03351351351351351 0.17708333333333334 0.04756756756756757
3 0.49557291666666664 0.15675675675675677 0.9911458333333333 0.0972972972972973
3 0.23177083333333334 0.2508108108108108 0.09479166666666666 0.021621621621621623
3 0.29322916666666665 0.3978378378378378 0.016666666666666666 0.017297297297297298
3 0.29322916666666665 0.46918918918918917 0.016666666666666666 0.017297297297297298
3 0.22552083333333334 0.5827027027027027 0.08229166666666667 0.01945945945945946
3 0.20885416666666667 0.667027027027027 0.049479166666666664 0.01945945945945946
3 0.21510416666666668 0.692972972972973 0.06145833333333333 0.01945945945945946
3 0.23697916666666666 0.7189189189189189 0.10520833333333333 0.01945945945945946
3 0.23802083333333332 0.7448648648648649 0.10729166666666666 0.01945945945945946
3 0.1984375 0.7708108108108108 0.028125 0.01945945945945946
3 0.203125 0.8551351351351352 0.0375 0.01945945945945946
3 0.23489583333333333 0.9394594594594594 0.10104166666666667 0.01945945945945946
3 0.7807291666666667 0.2627027027027027 0.008333333333333333 0.017297297297297298
3 0.7932291666666667 0.2627027027027027 0.008333333333333333 0.017297297297297298
3 0.390625 0.4097297297297297 0.08333333333333333 0.17297297297297298
3 0.6078125 0.35135135135135137 0.3265625 0.05621621621621622
3 0.390625 0.6270270270270271 0.08333333333333333 0.17297297297297298
3 0.6078125 0.5545945945945946 0.3265625 0.02810810810810811
3 0.390625 0.8443243243243244 0.08333333333333333 0.17297297297297298
3 0.6078125 0.8248648648648649 0.3265625 0.05621621621621622
3 0.5005208333333333 0.03027027027027027 0.14427083333333332 0.02810810810810811
3 0.4822916666666667 0.4454054054054054 0.075 0.02054054054054054
3 0.4822916666666667 0.6345945945945946 0.075 0.02054054054054054
3 0.4822916666666667 0.918918918918919 0.075 0.02054054054054054
3 0.5057291666666667 0.02918918918918919 0.11927083333333334 0.021621621621621623
3 0.5057291666666667 0.02918918918918919 0.11927083333333334 0.021621621621621623
3 0.25677083333333334 0.2951351351351351 0.14479166666666668 0.032432432432432434
3 0.6078125 0.35135135135135137 0.3265625 0.05621621621621622
3 0.6078125 0.5545945945945946 0.3265625 0.02810810810810811
3 0.6078125 0.8248648648648649 0.3265625 0.05621621621621622
3 0.26875 0.1545945945945946 0.13697916666666668 0.043243243243243246