0 0.5869109947643979 0.02826086956521739 0.024083769633507852 0.042391304347826085
0 0.268586387434555 0.8923913043478261 0.012565445026178011 0.02608695652173913
0 0.7329842931937173 0.16304347826086957 0.059162303664921465 0.015217391304347827
1 0.7172774869109948 0.029347826086956522 0.17801047120418848 0.042391304347826085
1 0.39214659685863873 0.3130434782608696 0.08376963350785341 0.17391304347826086
1 0.39214659685863873 0.5315217391304348 0.08376963350785341 0.17391304347826086
1 0.39214659685863873 0.75 0.08376963350785341 0.17391304347826086
1 0.22356020942408378 0.029347826086956522 0.07015706806282722 0.03695652173913044
2 0.4424083769633508 0.02826086956521739 0.31308900523560207 0.042391304347826085
2 0.4664921465968586 0.02826086956521739 0.007329842931937173 0.015217391304347827
2 0.20052356020942408 0.8902173913043478 0.032460732984293195 0.02717391304347826
2 0.2424083769633508 0.8902173913043478 0.032460732984293195 0.02717391304347826
3 0.5151832460732985 0.029347826086956522 0.12041884816753927 0.02826086956521739
3 0.6104712041884817 0.2902173913043478 0.32827225130890053 0.015217391304347827
3 0.6104712041884817 0.508695652173913 0.32827225130890053 0.015217391304347827
3 0.4649214659685864 0.5978260869565217 0.03717277486910995 0.015217391304347827
3 0.6104712041884817 0.9456521739130435 0.32827225130890053 0.015217391304347827
3 0.5204188481675392 0.02826086956521739 0.09528795811518324 0.021739130434782608
3 0.20052356020942408 0.8923913043478261 0.031413612565445025 0.03369565217391304
3 0.2424083769633508 0.8923913043478261 0.031413612565445025 0.03369565217391304
3 0.5204188481675392 0.02826086956521739 0.09528795811518324 0.021739130434782608
3 0.20052356020942408 0.8923913043478261 0.031413612565445025 0.03369565217391304
3 0.2424083769633508 0.8923913043478261 0.031413612565445025 0.03369565217391304
3 0.25759162303664923 0.2358695652173913 0.14554973821989528 0.06521739130434782
3 0.6104712041884817 0.2543478260869565 0.32827225130890053 0.05652173913043478
3 0.6104712041884817 0.47282608695652173 0.32827225130890053 0.05652173913043478
3 0.6104712041884817 0.691304347826087 0.32827225130890053 0.05652173913043478
3 0.6104712041884817 0.9097826086956522 0.32827225130890053 0.05652173913043478
3 0.3481675392670157 0.08478260869565217 0.02356020942408377 0.021739130434782608
3 0.38272251308900523 0.08478260869565217 0.02617801047120419 0.021739130434782608
3 0.42879581151832463 0.08478260869565217 0.04712041884816754 0.021739130434782608
3 0.4706806282722513 0.08478260869565217 0.01832460732984293 0.021739130434782608
3 0.5010471204188481 0.08478260869565217 0.02356020942408377 0.021739130434782608
3 0.5324607329842932 0.08478260869565217 0.020418848167539267 0.021739130434782608
3 0.218848167539267 0.3739130434782609 0.06806282722513089 0.01956521739130435
3 0.19214659685863875 0.45869565217391306 0.015183246073298429 0.01956521739130435
3 0.19476439790575917 0.48478260869565215 0.019895287958115182 0.01956521739130435
3 0.18900523560209423 0.5108695652173914 0.008900523560209424 0.01956521739130435
3 0.19528795811518324 0.5369565217391304 0.020942408376963352 0.01956521739130435
3 0.19581151832460733 0.5630434782608695 0.02198952879581152 0.01956521739130435
3 0.19947643979057592 0.5891304347826087 0.029842931937172777 0.01956521739130435
3 0.19476439790575917 0.6152173913043478 0.019895287958115182 0.01956521739130435
3 0.19424083769633507 0.6413043478260869 0.0193717277486911 0.01956521739130435
3 0.19162303664921465 0.6673913043478261 0.014136125654450262 0.01956521739130435
3 0.2130890052356021 0.7815217391304348 0.05706806282722513 0.01956521739130435
3 0.21204188481675393 0.8076086956521739 0.05445026178010471 0.01956521739130435
3 0.21204188481675393 0.8336956521739131 0.05445026178010471 0.01956521739130435
3 0.2089005235602094 0.8597826086956522 0.04869109947643979 0.01956521739130435
3 0.19162303664921465 0.9836956521739131 0.014136125654450262 0.01956521739130435
3 0.26230366492146595 0.3739130434782609 0.013612565445026177 0.01956521739130435
3 0.21047120418848167 0.45869565217391306 0.015706806282722512 0.01956521739130435
3 0.21413612565445025 0.48478260869565215 0.014136125654450262 0.01956521739130435
3 0.20418848167539266 0.5108695652173914 0.015706806282722512 0.01956521739130435
3 0.2162303664921466 0.5369565217391304 0.016230366492146597 0.01956521739130435
3 0.21675392670157068 0.5630434782608695 0.014136125654450262 0.01956521739130435
3 0.22408376963350785 0.5891304347826087 0.014136125654450262 0.01956521739130435
3 0.21465968586387435 0.6152173913043478 0.014136125654450262 0.01956521739130435
3 0.21413612565445025 0.6413043478260869 0.013612565445026177 0.01956521739130435
3 0.20837696335078534 0.6673913043478261 0.014136125654450262 0.01956521739130435
3 0.25287958115183246 0.7815217391304348 0.015706806282722512 0.01956521739130435
3 0.24973821989528797 0.8076086956521739 0.015706806282722512 0.01956521739130435
3 0.2486910994764398 0.8336956521739131 0.013612565445026177 0.01956521739130435
3 0.2424083769633508 0.8597826086956522 0.013089005235602094 0.01956521739130435
3 0.21047120418848167 0.9836956521739131 0.01780104712041885 0.01956521739130435
3 0.22251308900523561 0.06847826086956521 0.060209424083769635 0.021739130434782608
3 0.21832460732984293 0.0891304347826087 0.060209424083769635 0.021739130434782608
3 0.2324607329842932 0.1532608695652174 0.09528795811518324 0.021739130434782608
3 0.20628272251308902 0.175 0.04293193717277487 0.021739130434782608
3 0.27225130890052357 0.175 0.07015706806282722 0.021739130434782608