0 0.5720430107526882 0.026785714285714284 0.024731182795698924 0.04352678571428571
0 0.24516129032258063 0.9140625 0.012903225806451613 0.026785714285714284
0 0.7220430107526882 0.16517857142857142 0.06075268817204301 0.015625
1 0.7059139784946237 0.027901785714285716 0.1827956989247312 0.04352678571428571
1 0.3720430107526882 0.31919642857142855 0.08602150537634409 0.17857142857142858
1 0.3720430107526882 0.5435267857142857 0.08602150537634409 0.17857142857142858
1 0.3720430107526882 0.7678571428571429 0.08602150537634409 0.17857142857142858
1 0.1989247311827957 0.027901785714285716 0.07204301075268817 0.03794642857142857
2 0.4236559139784946 0.026785714285714284 0.32150537634408605 0.04352678571428571
2 0.4483870967741935 0.026785714285714284 0.007526881720430108 0.015625
2 0.17526881720430107 0.9118303571428571 0.03333333333333333 0.027901785714285716
2 0.21827956989247313 0.9118303571428571 0.03333333333333333 0.027901785714285716
3 0.49838709677419357 0.027901785714285716 0.12365591397849462 0.029017857142857144
3 0.5962365591397849 0.29575892857142855 0.3370967741935484 0.015625
3 0.5962365591397849 0.5200892857142857 0.3370967741935484 0.015625
3 0.4467741935483871 0.6116071428571429 0.038172043010752686 0.015625
3 0.5962365591397849 0.96875 0.3370967741935484 0.015625
3 0.5037634408602151 0.026785714285714284 0.0978494623655914 0.022321428571428572
3 0.17526881720430107 0.9140625 0.03225806451612903 0.03459821428571429
3 0.21827956989247313 0.9140625 0.03225806451612903 0.03459821428571429
3 0.5037634408602151 0.026785714285714284 0.0978494623655914 0.022321428571428572
3 0.17526881720430107 0.9140625 0.03225806451612903 0.03459821428571429
3 0.21827956989247313 0.9140625 0.03225806451612903 0.03459821428571429
3 0.23387096774193547 0.23995535714285715 0.14946236559139786 0.06696428571428571
3 0.5962365591397849 0.25892857142857145 0.3370967741935484 0.05803571428571429
3 0.5962365591397849 0.48325892857142855 0.3370967741935484 0.05803571428571429
3 0.5962365591397849 0.7075892857142857 0.3370967741935484 0.05803571428571429
3 0.5962365591397849 0.9319196428571429 0.3370967741935484 0.05803571428571429
3 0.32688172043010755 0.08482142857142858 0.024193548387096774 0.022321428571428572
3 0.36236559139784946 0.08482142857142858 0.026881720430107527 0.022321428571428572
3 0.4096774193548387 0.08482142857142858 0.04838709677419355 0.022321428571428572
3 0.45268817204301076 0.08482142857142858 0.01881720430107527 0.022321428571428572
3 0.4838709677419355 0.08482142857142858 0.024193548387096774 0.022321428571428572
3 0.5161290322580645 0.08482142857142858 0.020967741935483872 0.022321428571428572
3 0.19408602150537635 0.38169642857142855 0.06989247311827956 0.020089285714285716
3 0.16666666666666666 0.46875 0.015591397849462365 0.020089285714285716
3 0.1693548387096774 0.4955357142857143 0.02043010752688172 0.020089285714285716
3 0.16344086021505377 0.5223214285714286 0.00913978494623656 0.020089285714285716
3 0.16989247311827957 0.5491071428571429 0.021505376344086023 0.020089285714285716
3 0.17043010752688173 0.5758928571428571 0.02258064516129032 0.020089285714285716
3 0.17419354838709677 0.6026785714285714 0.03064516129032258 0.020089285714285716
3 0.1693548387096774 0.6294642857142857 0.02043010752688172 0.020089285714285716
3 0.16881720430107527 0.65625 0.01989247311827957 0.020089285714285716
3 0.16612903225806452 0.6830357142857143 0.014516129032258065 0.020089285714285716
3 0.1881720430107527 0.8002232142857143 0.05860215053763441 0.020089285714285716
3 0.1870967741935484 0.8270089285714286 0.05591397849462366 0.020089285714285716
3 0.1870967741935484 0.8537946428571429 0.05591397849462366 0.020089285714285716
3 0.18387096774193548 0.8805803571428571 0.05 0.020089285714285716
3 0.23870967741935484 0.38169642857142855 0.013978494623655914 0.020089285714285716
3 0.18548387096774194 0.46875 0.016129032258064516 0.020089285714285716
3 0.18924731182795698 0.4955357142857143 0.014516129032258065 0.020089285714285716
3 0.17903225806451614 0.5223214285714286 0.016129032258064516 0.020089285714285716
3 0.1913978494623656 0.5491071428571429 0.016666666666666666 0.020089285714285716
3 0.19193548387096773 0.5758928571428571 0.014516129032258065 0.020089285714285716
3 0.19946236559139785 0.6026785714285714 0.014516129032258065 0.020089285714285716
3 0.18978494623655914 0.6294642857142857 0.014516129032258065 0.020089285714285716
3 0.18924731182795698 0.65625 0.013978494623655914 0.020089285714285716
3 0.18333333333333332 0.6830357142857143 0.014516129032258065 0.020089285714285716
3 0.22903225806451613 0.8002232142857143 0.016129032258064516 0.020089285714285716
3 0.22580645161290322 0.8270089285714286 0.016129032258064516 0.020089285714285716
3 0.22473118279569892 0.8537946428571429 0.013978494623655914 0.020089285714285716
3 0.21827956989247313 0.8805803571428571 0.013440860215053764 0.020089285714285716
3 0.1978494623655914 0.06808035714285714 0.06182795698924731 0.022321428571428572
3 0.1935483870967742 0.08928571428571429 0.06182795698924731 0.022321428571428572
3 0.20806451612903226 0.15513392857142858 0.0978494623655914 0.022321428571428572
3 0.18118279569892473 0.17745535714285715 0.04408602150537634 0.022321428571428572
3 0.2489247311827957 0.17745535714285715 0.07204301075268817 0.022321428571428572