0 0.5853403141361256 0.02826086956521739 0.024083769633507852 0.042391304347826085
0 0.731413612565445 0.19891304347826086 0.059162303664921465 0.015217391304347827
1 0.7157068062827225 0.029347826086956522 0.17801047120418848 0.042391304347826085
1 0.41047120418848165 0.39456521739130435 0.1486910994764398 0.30869565217391304
1 0.5675392670157068 0.39456521739130435 0.1486910994764398 0.30869565217391304
1 0.724607329842932 0.39456521739130435 0.1486910994764398 0.30869565217391304
1 0.22198952879581152 0.029347826086956522 0.07015706806282722 0.03695652173913044
2 0.4408376963350785 0.02826086956521739 0.31308900523560207 0.042391304347826085
2 0.4942408376963351 0.02826086956521739 0.007329842931937173 0.015217391304347827
3 0.5282722513089005 0.029347826086956522 0.09109947643979058 0.02826086956521739
3 0.3837696335078534 0.6402173913043478 0.0743455497382199 0.020652173913043477
3 0.41047120418848165 0.7119565217391305 0.12774869109947645 0.014130434782608696
3 0.5408376963350785 0.6652173913043479 0.0743455497382199 0.020652173913043477
3 0.6979057591623037 0.6217391304347826 0.0743455497382199 0.020652173913043477
3 0.5335078534031413 0.02826086956521739 0.06596858638743455 0.021739130434782608
3 0.5335078534031413 0.02826086956521739 0.06596858638743455 0.021739130434782608
3 0.256020942408377 0.2554347826086957 0.14554973821989528 0.03260869565217391
3 0.41047120418848165 0.683695652173913 0.12774869109947645 0.0391304347826087
3 0.5675392670157068 0.7086956521739131 0.12774869109947645 0.0391304347826087
3 0.724607329842932 0.6652173913043479 0.12774869109947645 0.0391304347826087
3 0.34659685863874345 0.08478260869565217 0.02356020942408377 0.021739130434782608
3 0.381151832460733 0.08478260869565217 0.02617801047120419 0.021739130434782608
3 0.4272251308900524 0.08478260869565217 0.04712041884816754 0.021739130434782608
3 0.46910994764397906 0.08478260869565217 0.01832460732984293 0.021739130434782608
3 0.49947643979057593 0.08478260869565217 0.02356020942408377 0.021739130434782608
3 0.5308900523560209 0.08478260869565217 0.020418848167539267 0.021739130434782608
3 0.21727748691099477 0.5445652173913044 0.06806282722513089 0.01956521739130435
3 0.193717277486911 0.6293478260869565 0.020942408376963352 0.01956521739130435
3 0.19790575916230366 0.6554347826086957 0.02931937172774869 0.01956521739130435
3 0.19790575916230366 0.6815217391304348 0.029842931937172777 0.01956521739130435
3 0.19528795811518324 0.7076086956521739 0.024607329842931937 0.01956521739130435
3 0.1973821989528796 0.7336956521739131 0.028272251308900525 0.01956521739130435
3 0.225130890052356 0.7597826086956522 0.08376963350785341 0.01956521739130435
3 0.22303664921465968 0.7858695652173913 0.08010471204188482 0.01956521739130435
3 0.21151832460732983 0.8119565217391305 0.05654450261780105 0.01956521739130435
3 0.19790575916230366 0.8380434782608696 0.02931937172774869 0.01956521739130435
3 0.1931937172774869 0.9521739130434783 0.020418848167539267 0.01956521739130435
3 0.1973821989528796 0.9782608695652174 0.028272251308900525 0.01956521739130435
3 0.2612565445026178 0.5445652173913044 0.015183246073298429 0.01956521739130435
3 0.21780104712041884 0.6293478260869565 0.021465968586387434 0.01956521739130435
3 0.225130890052356 0.6554347826086957 0.019895287958115182 0.01956521739130435
3 0.22356020942408378 0.6815217391304348 0.015183246073298429 0.01956521739130435
3 0.218848167539267 0.7076086956521739 0.015706806282722512 0.01956521739130435
3 0.22251308900523561 0.7336956521739131 0.016230366492146597 0.01956521739130435
3 0.2774869109947644 0.7597826086956522 0.014659685863874346 0.01956521739130435
3 0.27277486910994764 0.7858695652173913 0.014136125654450262 0.01956521739130435
3 0.25026178010471206 0.8119565217391305 0.014659685863874346 0.01956521739130435
3 0.22094240837696336 0.8380434782608696 0.011518324607329843 0.01956521739130435
3 0.21518324607329842 0.9521739130434783 0.017277486910994764 0.01956521739130435
3 0.22251308900523561 0.9782608695652174 0.015706806282722512 0.01956521739130435
3 0.22094240837696336 0.06847826086956521 0.060209424083769635 0.021739130434782608
3 0.21675392670157068 0.0891304347826087 0.060209424083769635 0.021739130434782608
3 0.23089005235602095 0.1891304347826087 0.09528795811518324 0.021739130434782608
3 0.20471204188481676 0.2108695652173913 0.04293193717277487 0.021739130434782608