0 0.7167235494880546 0.10520094562647754 0.06427758816837315 0.016548463356973995
1 0.3464163822525597 0.26832151300236406 0.09101251422070535 0.18912529550827423
1 0.3464163822525597 0.5059101654846335 0.09101251422070535 0.18912529550827423
1 0.3464163822525597 0.7434988179669031 0.09101251422070535 0.18912529550827423
3 0.4465301478953356 0.3073286052009456 0.08191126279863481 0.022458628841607566
3 0.4465301478953356 0.5141843971631206 0.08191126279863481 0.022458628841607566
3 0.4465301478953356 0.8250591016548463 0.08191126279863481 0.022458628841607566
3 0.20022753128555176 0.1430260047281324 0.15813424345847554 0.03546099290780142
3 0.5836177474402731 0.2044917257683215 0.35665529010238906 0.061465721040189124
3 0.5836177474402731 0.42671394799054374 0.35665529010238906 0.030732860520094562
3 0.5836177474402731 0.7222222222222222 0.35665529010238906 0.061465721040189124
3 0.5836177474402731 0.9302600472813238 0.35665529010238906 0.061465721040189124
3 0.2986348122866894 0.02009456264775414 0.025597269624573378 0.02364066193853428
3 0.3361774744027304 0.02009456264775414 0.02844141069397042 0.02364066193853428
3 0.3862343572241183 0.02009456264775414 0.051194539249146756 0.02364066193853428
3 0.431740614334471 0.02009456264775414 0.019908987485779295 0.02364066193853428
3 0.46473265073947667 0.02009456264775414 0.025597269624573378 0.02364066193853428
3 0.4988623435722412 0.02009456264775414 0.02218430034129693 0.02364066193853428
3 0.15813424345847554 0.4574468085106383 0.07394766780432309 0.02127659574468085
3 0.1353811149032992 0.549645390070922 0.02844141069397042 0.02127659574468085
3 0.14448236632536973 0.5780141843971631 0.04664391353811149 0.02127659574468085
3 0.17178612059158135 0.6063829787234043 0.1018202502844141 0.02127659574468085
3 0.17406143344709898 0.6347517730496454 0.10580204778156997 0.02127659574468085
3 0.13083048919226395 0.6631205673758865 0.019340159271899887 0.02127659574468085
3 0.13139931740614336 0.7553191489361702 0.020477815699658702 0.02127659574468085
3 0.16723549488054607 0.8475177304964538 0.09271899886234357 0.02127659574468085
3 0.13879408418657566 0.9397163120567376 0.03526734926052332 0.02127659574468085
3 0.2036405005688282 0.4574468085106383 0.011945392491467578 0.02127659574468085
3 0.1632536973833902 0.549645390070922 0.02104664391353811 0.02127659574468085
3 0.17690557451649602 0.5780141843971631 0.013083048919226393 0.02127659574468085
3 0.23094425483503983 0.6063829787234043 0.010238907849829351 0.02127659574468085
3 0.23435722411831628 0.6347517730496454 0.007963594994311717 0.02127659574468085
3 0.14732650739476677 0.6631205673758865 0.007963594994311717 0.02127659574468085
3 0.15301478953356087 0.7553191489361702 0.017064846416382253 0.02127659574468085
3 0.2241183162684869 0.8475177304964538 0.01478953356086462 0.02127659574468085
3 0.16837315130830488 0.9397163120567376 0.01763367463026166 0.02127659574468085
3 0.15358361774744028 0.9680851063829787 0.01080773606370876 0.02127659574468085
3 0.1621160409556314 0.0076832151300236405 0.06598407281001138 0.015366430260047281
3 0.15756541524459614 0.024822695035460994 0.06541524459613197 0.02364066193853428
3 0.17292377701934017 0.09456264775413711 0.10352673492605233 0.02364066193853428