0 0.6008064516129032 0.011160714285714286 0.025268817204301075 0.022321428571428572
0 0.7505376344086021 0.13839285714285715 0.06075268817204301 0.015625
1 0.7346774193548387 0.01171875 0.18333333333333332 0.0234375
1 0.40053763440860213 0.2924107142857143 0.08602150537634409 0.17857142857142858
1 0.40053763440860213 0.5167410714285714 0.08602150537634409 0.17857142857142858
1 0.40053763440860213 0.7410714285714286 0.08602150537634409 0.17857142857142858
1 0.22768817204301076 0.010602678571428572 0.07258064516129033 0.021205357142857144
2 0.45241935483870965 0.011160714285714286 0.32204301075268815 0.022321428571428572
2 0.4954301075268817 0.004464285714285714 0.008064516129032258 0.008928571428571428
3 0.5362903225806451 0.008370535714285714 0.10591397849462365 0.016741071428571428
3 0.48494623655913977 0.3002232142857143 0.05698924731182796 0.021205357142857144
3 0.4962365591397849 0.5647321428571429 0.08010752688172043 0.021205357142857144
3 0.48494623655913977 0.7488839285714286 0.05698924731182796 0.021205357142857144
3 0.4962365591397849 0.9732142857142857 0.08010752688172043 0.021205357142857144
3 0.5416666666666666 0.006138392857142857 0.08010752688172043 0.012276785714285714
3 0.5416666666666666 0.006138392857142857 0.08010752688172043 0.012276785714285714
3 0.2623655913978495 0.21875 0.14946236559139786 0.033482142857142856
3 0.624731182795699 0.21763392857142858 0.3370967741935484 0.029017857142857144
3 0.624731182795699 0.48214285714285715 0.3370967741935484 0.029017857142857144
3 0.624731182795699 0.6662946428571429 0.3370967741935484 0.029017857142857144
3 0.624731182795699 0.890625 0.3370967741935484 0.029017857142857144
3 0.3553763440860215 0.05803571428571429 0.024193548387096774 0.022321428571428572
3 0.39086021505376345 0.05803571428571429 0.026881720430107527 0.022321428571428572
3 0.4381720430107527 0.05803571428571429 0.04838709677419355 0.022321428571428572
3 0.48118279569892475 0.05803571428571429 0.01881720430107527 0.022321428571428572
3 0.5123655913978494 0.05803571428571429 0.024193548387096774 0.022321428571428572
3 0.5446236559139785 0.05803571428571429 0.020967741935483872 0.022321428571428572
3 0.22258064516129034 0.515625 0.06989247311827956 0.020089285714285716
3 0.1978494623655914 0.6026785714285714 0.02043010752688172 0.020089285714285716
3 0.2021505376344086 0.6294642857142857 0.02903225806451613 0.020089285714285716
3 0.1978494623655914 0.65625 0.020967741935483872 0.020089285714285716
3 0.1956989247311828 0.6830357142857143 0.016129032258064516 0.020089285714285716
3 0.19623655913978494 0.7098214285714286 0.017204301075268817 0.020089285714285716
3 0.20430107526881722 0.7366071428571429 0.03387096774193549 0.020089285714285716
3 0.19838709677419356 0.7633928571428571 0.021505376344086023 0.020089285714285716
3 0.19731182795698926 0.7901785714285714 0.01989247311827957 0.020089285714285716
3 0.21021505376344085 0.8169642857142857 0.04516129032258064 0.020089285714285716
3 0.2 0.9341517857142857 0.025268817204301075 0.020089285714285716
3 0.21505376344086022 0.9609375 0.0553763440860215 0.020089285714285716
3 0.19731182795698926 0.9877232142857143 0.01989247311827957 0.020089285714285716
3 0.2672043010752688 0.515625 0.013978494623655914 0.020089285714285716
3 0.21935483870967742 0.6026785714285714 0.016666666666666666 0.020089285714285716
3 0.22795698924731184 0.6294642857142857 0.016129032258064516 0.020089285714285716
3 0.21989247311827956 0.65625 0.016129032258064516 0.020089285714285716
3 0.21397849462365592 0.6830357142857143 0.015591397849462365 0.020089285714285716
3 0.21559139784946235 0.7098214285714286 0.016129032258064516 0.020089285714285716
3 0.23279569892473118 0.7366071428571429 0.016666666666666666 0.020089285714285716
3 0.21935483870967742 0.7633928571428571 0.015591397849462365 0.020089285714285716
3 0.21881720430107526 0.7901785714285714 0.016666666666666666 0.020089285714285716
3 0.24408602150537634 0.8169642857142857 0.016666666666666666 0.020089285714285716
3 0.22741935483870968 0.9341517857142857 0.023118279569892472 0.020089285714285716
3 0.2564516129032258 0.9609375 0.02043010752688172 0.020089285714285716
3 0.2172043010752688 0.9877232142857143 0.013978494623655914 0.020089285714285716
3 0.22634408602150538 0.041294642857142856 0.06182795698924731 0.022321428571428572
3 0.22204301075268817 0.0625 0.06182795698924731 0.022321428571428572
3 0.23655913978494625 0.12834821428571427 0.0978494623655914 0.022321428571428572
3 0.25806451612903225 0.13950892857142858 0.14086021505376345 0.044642857142857144
3 0.278494623655914 0.15066964285714285 0.03978494623655914 0.022321428571428572
3 0.25806451612903225 0.16183035714285715 0.14086021505376345 0.044642857142857144