0 0.5894736842105263 0.02516411378555799 0.024210526315789474 0.04266958424507659
0 0.2694736842105263 0.6838074398249453 0.01263157894736842 0.0262582056892779
0 0.7363157894736843 0.15207877461706784 0.05947368421052632 0.015317286652078774
0 0.8142105263157895 0.24726477024070023 0.016842105263157894 0.0350109409190372
1 0.7205263157894737 0.0262582056892779 0.17894736842105263 0.04266958424507659
1 0.36473684210526314 0.24726477024070023 0.045263157894736845 0.09409190371991247
1 0.4242105263157895 0.24726477024070023 0.045263157894736845 0.09409190371991247
1 0.4831578947368421 0.24726477024070023 0.045263157894736845 0.09409190371991247
1 0.5426315789473685 0.24726477024070023 0.045263157894736845 0.09409190371991247
1 0.6015789473684211 0.24726477024070023 0.045263157894736845 0.09409190371991247
1 0.6610526315789473 0.24726477024070023 0.045263157894736845 0.09409190371991247
1 0.72 0.24726477024070023 0.045263157894736845 0.09409190371991247
1 0.7794736842105263 0.24726477024070023 0.045263157894736845 0.09409190371991247
1 0.41368421052631577 0.47811816192560175 0.14947368421052631 0.31072210065645517
1 0.5715789473684211 0.47811816192560175 0.14947368421052631 0.31072210065645517
1 0.7294736842105263 0.47811816192560175 0.14947368421052631 0.31072210065645517
1 0.22421052631578947 0.0262582056892779 0.07052631578947369 0.037199124726477024
2 0.4442105263157895 0.02516411378555799 0.31473684210526315 0.04266958424507659
2 0.5005263157894737 0.02516411378555799 0.007368421052631579 0.015317286652078774
2 0.20105263157894737 0.6816192560175055 0.03263157894736842 0.02735229759299781
2 0.2431578947368421 0.6816192560175055 0.03263157894736842 0.02735229759299781
3 0.533157894736842 0.0262582056892779 0.08894736842105264 0.028446389496717725
3 0.3678947368421053 0.7045951859956237 0.03736842105263158 0.015317286652078774
3 0.5257894736842105 0.7045951859956237 0.03736842105263158 0.015317286652078774
3 0.6836842105263158 0.7231947483588621 0.03736842105263158 0.015317286652078774
3 0.5384210526315789 0.02516411378555799 0.06368421052631579 0.02188183807439825
3 0.20105263157894737 0.6838074398249453 0.031578947368421054 0.03391684901531729
3 0.2431578947368421 0.6838074398249453 0.031578947368421054 0.03391684901531729
3 0.5384210526315789 0.02516411378555799 0.06368421052631579 0.02188183807439825
3 0.20105263157894737 0.6838074398249453 0.031578947368421054 0.03391684901531729
3 0.2431578947368421 0.6838074398249453 0.031578947368421054 0.03391684901531729
3 0.25842105263157894 0.19584245076586435 0.1463157894736842 0.03282275711159737
3 0.41368421052631577 0.7450765864332604 0.12842105263157894 0.03938730853391685
3 0.5715789473684211 0.7450765864332604 0.12842105263157894 0.03938730853391685
3 0.7294736842105263 0.7636761487964989 0.12842105263157894 0.03938730853391685
3 0.3494736842105263 0.08205689277899343 0.02368421052631579 0.02188183807439825
3 0.38421052631578945 0.08205689277899343 0.02631578947368421 0.02188183807439825
3 0.4305263157894737 0.08205689277899343 0.04736842105263158 0.02188183807439825
3 0.4726315789473684 0.08205689277899343 0.018421052631578946 0.02188183807439825
3 0.5031578947368421 0.08205689277899343 0.02368421052631579 0.02188183807439825
3 0.5347368421052632 0.08205689277899343 0.020526315789473684 0.02188183807439825
3 0.21947368421052632 0.486870897155361 0.06842105263157895 0.019693654266958426
3 0.20894736842105263 0.5722100656455142 0.04789473684210526 0.019693654266958426
3 0.2 0.5984682713347921 0.03 0.019693654266958426
3 0.2 0.62472647702407 0.03 0.019693654266958426
3 0.2026315789473684 0.650984682713348 0.035263157894736843 0.019693654266958426
3 0.1994736842105263 0.7757111597374179 0.028421052631578948 0.019693654266958426
3 0.2036842105263158 0.8019693654266958 0.03736842105263158 0.019693654266958426
3 0.1936842105263158 0.8282275711159738 0.017368421052631578 0.019693654266958426
3 0.20842105263157895 0.8544857768052516 0.04684210526315789 0.019693654266958426
3 0.20105263157894737 0.8807439824945296 0.031578947368421054 0.019693654266958426
3 0.21052631578947367 0.9070021881838074 0.05105263157894737 0.019693654266958426
3 0.195 0.9907002188183808 0.019473684210526317 0.016411378555798686
3 0.26210526315789473 0.486870897155361 0.012105263157894737 0.019693654266958426
3 0.24421052631578946 0.5722100656455142 0.015789473684210527 0.019693654266958426
3 0.22526315789473683 0.5984682713347921 0.015263157894736841 0.019693654266958426
3 0.22526315789473683 0.62472647702407 0.014210526315789474 0.019693654266958426
3 0.23 0.650984682713348 0.014210526315789474 0.019693654266958426
3 0.2268421052631579 0.7757111597374179 0.02 0.019693654266958426
3 0.2305263157894737 0.8019693654266958 0.010526315789473684 0.019693654266958426
3 0.21157894736842106 0.8282275711159738 0.012105263157894737 0.019693654266958426
3 0.23842105263157895 0.8544857768052516 0.007368421052631579 0.019693654266958426
3 0.2231578947368421 0.8807439824945296 0.007368421052631579 0.019693654266958426
3 0.2431578947368421 0.9070021881838074 0.007368421052631579 0.019693654266958426
3 0.21710526315789475 0.9907002188183808 0.020526315789473684 0.016411378555798686
3 0.2231578947368421 0.06564551422319474 0.060526315789473685 0.02188183807439825
3 0.21894736842105264 0.08643326039387308 0.060526315789473685 0.02188183807439825
3 0.2331578947368421 0.15098468271334792 0.09578947368421052 0.02188183807439825
3 0.3036842105263158 0.15098468271334792 0.02631578947368421 0.02188183807439825