0 0.5920212765957447 0.02869757174392936 0.02446808510638298 0.04304635761589404
0 0.26861702127659576 0.6931567328918322 0.01276595744680851 0.026490066225165563
0 0.7404255319148936 0.15673289183222958 0.0601063829787234 0.01545253863134658
0 0.8191489361702128 0.25275938189845476 0.01702127659574468 0.03532008830022075
1 0.7244680851063829 0.029801324503311258 0.18085106382978725 0.04304635761589404
1 0.3648936170212766 0.25275938189845476 0.045744680851063826 0.09492273730684327
1 0.425 0.25275938189845476 0.045744680851063826 0.09492273730684327
1 0.4845744680851064 0.25275938189845476 0.045744680851063826 0.09492273730684327
1 0.5446808510638298 0.25275938189845476 0.045744680851063826 0.09492273730684327
1 0.6042553191489362 0.25275938189845476 0.045744680851063826 0.09492273730684327
1 0.6643617021276595 0.25275938189845476 0.045744680851063826 0.09492273730684327
1 0.7239361702127659 0.25275938189845476 0.045744680851063826 0.09492273730684327
1 0.7840425531914894 0.25275938189845476 0.045744680851063826 0.09492273730684327
1 0.41436170212765955 0.4856512141280353 0.15106382978723404 0.31346578366445915
1 0.573936170212766 0.4856512141280353 0.15106382978723404 0.31346578366445915
1 0.7335106382978723 0.4856512141280353 0.15106382978723404 0.31346578366445915
1 0.22287234042553192 0.029801324503311258 0.07127659574468086 0.037527593818984545
2 0.4452127659574468 0.02869757174392936 0.3180851063829787 0.04304635761589404
2 0.502127659574468 0.02869757174392936 0.007446808510638298 0.01545253863134658
2 0.19946808510638298 0.6909492273730684 0.03297872340425532 0.02759381898454746
2 0.24202127659574468 0.6909492273730684 0.03297872340425532 0.02759381898454746
3 0.5351063829787234 0.029801324503311258 0.0898936170212766 0.02869757174392936
3 0.3680851063829787 0.7141280353200883 0.03776595744680851 0.01545253863134658
3 0.5276595744680851 0.7141280353200883 0.03776595744680851 0.01545253863134658
3 0.6872340425531915 0.7328918322295805 0.03776595744680851 0.01545253863134658
3 0.5404255319148936 0.02869757174392936 0.06436170212765957 0.02207505518763797
3 0.19946808510638298 0.6931567328918322 0.031914893617021274 0.03421633554083885
3 0.24202127659574468 0.6931567328918322 0.031914893617021274 0.03421633554083885
3 0.5404255319148936 0.02869757174392936 0.06436170212765957 0.02207505518763797
3 0.19946808510638298 0.6931567328918322 0.031914893617021274 0.03421633554083885
3 0.24202127659574468 0.6931567328918322 0.031914893617021274 0.03421633554083885
3 0.2574468085106383 0.20088300220750552 0.1478723404255319 0.033112582781456956
3 0.41436170212765955 0.7549668874172185 0.12978723404255318 0.039735099337748346
3 0.573936170212766 0.7549668874172185 0.12978723404255318 0.039735099337748346
3 0.7335106382978723 0.7737306843267108 0.12978723404255318 0.039735099337748346
3 0.349468085106383 0.08609271523178808 0.023936170212765957 0.02207505518763797
3 0.38457446808510637 0.08609271523178808 0.026595744680851064 0.02207505518763797
3 0.43138297872340425 0.08609271523178808 0.047872340425531915 0.02207505518763797
3 0.47393617021276596 0.08609271523178808 0.018617021276595744 0.02207505518763797
3 0.5047872340425532 0.08609271523178808 0.023936170212765957 0.02207505518763797
3 0.5367021276595745 0.08609271523178808 0.02074468085106383 0.02207505518763797
3 0.21808510638297873 0.49448123620309054 0.06914893617021277 0.019867549668874173
3 0.2074468085106383 0.5805739514348786 0.04840425531914894 0.019867549668874173
3 0.19840425531914893 0.6070640176600441 0.03031914893617021 0.019867549668874173
3 0.19840425531914893 0.6335540838852097 0.03031914893617021 0.019867549668874173
3 0.20106382978723406 0.6600441501103753 0.03563829787234043 0.019867549668874173
3 0.19787234042553192 0.7858719646799117 0.02872340425531915 0.019867549668874173
3 0.20212765957446807 0.8123620309050773 0.03776595744680851 0.019867549668874173
3 0.1920212765957447 0.8388520971302428 0.017553191489361703 0.019867549668874173
3 0.20691489361702128 0.8653421633554084 0.04734042553191489 0.019867549668874173
3 0.19946808510638298 0.891832229580574 0.031914893617021274 0.019867549668874173
3 0.20904255319148937 0.9183222958057395 0.05159574468085106 0.019867549668874173
3 0.19335106382978723 0.9966887417218543 0.019680851063829788 0.004415011037527594
3 0.2611702127659574 0.49448123620309054 0.01223404255319149 0.019867549668874173
3 0.24308510638297873 0.5805739514348786 0.015957446808510637 0.019867549668874173
3 0.22393617021276596 0.6070640176600441 0.015425531914893617 0.019867549668874173
3 0.22393617021276596 0.6335540838852097 0.014361702127659574 0.019867549668874173
3 0.22872340425531915 0.6600441501103753 0.014361702127659574 0.019867549668874173
3 0.225531914893617 0.7858719646799117 0.02021276595744681 0.019867549668874173
3 0.22925531914893618 0.8123620309050773 0.010638297872340425 0.019867549668874173
3 0.21010638297872342 0.8388520971302428 0.01223404255319149 0.019867549668874173
3 0.2372340425531915 0.8653421633554084 0.007446808510638298 0.019867549668874173
3 0.22180851063829787 0.891832229580574 0.007446808510638298 0.019867549668874173
3 0.24202127659574468 0.9183222958057395 0.007446808510638298 0.019867549668874173
3 0.21569148936170213 0.9966887417218543 0.02074468085106383 0.004415011037527594
3 0.22180851063829787 0.0695364238410596 0.061170212765957445 0.02207505518763797
3 0.2175531914893617 0.09050772626931568 0.061170212765957445 0.02207505518763797
3 0.23191489361702128 0.15562913907284767 0.09680851063829787 0.02207505518763797
3 0.30319148936170215 0.15562913907284767 0.026595744680851064 0.02207505518763797