0 0.5943548387096774 0.015066964285714286 0.025268817204301075 0.030133928571428572
1 0.728225806451613 0.015625 0.18333333333333332 0.03125
1 0.5021505376344086 0.16741071428571427 0.8602150537634409 0.15625
1 0.2870967741935484 0.4799107142857143 0.2064516129032258 0.26785714285714285
1 0.5021505376344086 0.4799107142857143 0.2064516129032258 0.26785714285714285
1 0.7172043010752688 0.4799107142857143 0.2064516129032258 0.26785714285714285
1 0.3446236559139785 0.8688616071428571 0.3225806451612903 0.26004464285714285
1 0.5639784946236559 0.8705357142857143 0.0989247311827957 0.20758928571428573
1 0.7709677419354839 0.8169642857142857 0.053763440860215055 0.11160714285714286
1 0.22123655913978493 0.014508928571428572 0.07258064516129033 0.029017857142857144
2 0.4459677419354839 0.015066964285714286 0.32204301075268815 0.030133928571428572
3 0.26129032258064516 0.9542410714285714 0.11666666666666667 0.015625
3 0.6672043010752688 0.8995535714285714 0.07473118279569893 0.015625
3 0.7709677419354839 0.9776785714285714 0.0989247311827957 0.015625
3 0.5021505376344086 0.31473214285714285 0.6365591397849463 0.05357142857142857
3 0.5021505376344086 0.7075892857142857 0.6365591397849463 0.05357142857142857
3 0.2870967741935484 0.6127232142857143 0.15483870967741936 0.022321428571428572
3 0.5021505376344086 0.6127232142857143 0.15483870967741936 0.022321428571428572
3 0.7172043010752688 0.6127232142857143 0.15483870967741936 0.022321428571428572
3 0.26129032258064516 0.9118303571428571 0.11666666666666667 0.03459821428571429
3 0.6672043010752688 0.859375 0.07473118279569893 0.03125
3 0.7709677419354839 0.9285714285714286 0.08279569892473118 0.026785714285714284
3 0.3489247311827957 0.06584821428571429 0.024193548387096774 0.022321428571428572
3 0.3844086021505376 0.06584821428571429 0.026881720430107527 0.022321428571428572
3 0.43172043010752686 0.06584821428571429 0.04838709677419355 0.022321428571428572
3 0.4747311827956989 0.06584821428571429 0.01881720430107527 0.022321428571428572
3 0.5059139784946236 0.06584821428571429 0.024193548387096774 0.022321428571428572
3 0.5381720430107527 0.06584821428571429 0.020967741935483872 0.022321428571428572
3 0.21989247311827956 0.049107142857142856 0.06182795698924731 0.022321428571428572
3 0.21559139784946235 0.0703125 0.06182795698924731 0.022321428571428572