1 0.5416666666666666 0.1063701923076923 0.9155092592592593 0.16947115384615385
1 0.31539351851851855 0.4423076923076923 0.2222222222222222 0.28846153846153844
1 0.546875 0.4423076923076923 0.2222222222222222 0.28846153846153844
1 0.7783564814814815 0.4423076923076923 0.2222222222222222 0.28846153846153844
1 0.3773148148148148 0.8599759615384616 0.3472222222222222 0.2776442307692308
1 0.6134259259259259 0.8629807692307693 0.10648148148148148 0.22355769230769232
1 0.8362268518518519 0.8052884615384616 0.05787037037037037 0.1201923076923077
3 0.28761574074074076 0.953125 0.1255787037037037 0.016826923076923076
3 0.7245370370370371 0.8942307692307693 0.08043981481481481 0.016826923076923076
3 0.8362268518518519 0.9783653846153846 0.10648148148148148 0.016826923076923076
3 0.546875 0.2644230769230769 0.6851851851851852 0.057692307692307696
3 0.546875 0.6875 0.6851851851851852 0.057692307692307696
3 0.31539351851851855 0.5853365384615384 0.16666666666666666 0.02403846153846154
3 0.546875 0.5853365384615384 0.16666666666666666 0.02403846153846154
3 0.7783564814814815 0.5853365384615384 0.16666666666666666 0.02403846153846154
3 0.28761574074074076 0.9074519230769231 0.1255787037037037 0.037259615384615384
3 0.7245370370370371 0.8509615384615384 0.08043981481481481 0.03365384615384615
3 0.8362268518518519 0.9254807692307693 0.08912037037037036 0.028846153846153848
3 0.3819444444444444 0.004807692307692308 0.02662037037037037 0.009615384615384616
3 0.42042824074074076 0.004807692307692308 0.029513888888888888 0.009615384615384616
3 0.4713541666666667 0.004807692307692308 0.052662037037037035 0.009615384615384616
3 0.5173611111111112 0.004807692307692308 0.020833333333333332 0.009615384615384616
3 0.5509259259259259 0.004807692307692308 0.02662037037037037 0.009615384615384616
3 0.5856481481481481 0.004807692307692308 0.023148148148148147 0.009615384615384616
3 0.23842592592592593 0.007211538461538462 0.06712962962962964 0.014423076923076924