0 0.5887978142076503 0.010770975056689343 0.025683060109289616 0.021541950113378686
0 0.740983606557377 0.13945578231292516 0.06174863387978142 0.015873015873015872
1 0.7248633879781421 0.011337868480725623 0.18633879781420765 0.022675736961451247
1 0.38524590163934425 0.29591836734693877 0.08743169398907104 0.18140589569160998
1 0.38524590163934425 0.5238095238095238 0.08743169398907104 0.18140589569160998
1 0.38524590163934425 0.7517006802721088 0.08743169398907104 0.18140589569160998
1 0.20956284153005464 0.01020408163265306 0.07377049180327869 0.02040816326530612
2 0.4379781420765027 0.010770975056689343 0.3273224043715847 0.021541950113378686
2 0.4882513661202186 0.003968253968253968 0.00819672131147541 0.007936507936507936
3 0.5265027322404372 0.007936507936507936 0.10109289617486339 0.015873015873015872
3 0.5319672131147541 0.005668934240362812 0.07486338797814207 0.011337868480725623
3 0.5319672131147541 0.005668934240362812 0.07486338797814207 0.011337868480725623
3 0.2448087431693989 0.23809523809523808 0.15191256830601094 0.06802721088435375
3 0.6131147540983607 0.2199546485260771 0.34262295081967215 0.02947845804988662
3 0.6131147540983607 0.4478458049886621 0.34262295081967215 0.02947845804988662
3 0.6131147540983607 0.6757369614512472 0.34262295081967215 0.02947845804988662
3 0.6131147540983607 0.9183673469387755 0.34262295081967215 0.05895691609977324
3 0.33934426229508197 0.05782312925170068 0.02459016393442623 0.022675736961451247
3 0.37540983606557377 0.05782312925170068 0.0273224043715847 0.022675736961451247
3 0.42349726775956287 0.05782312925170068 0.04918032786885246 0.022675736961451247
3 0.4672131147540984 0.05782312925170068 0.01912568306010929 0.022675736961451247
3 0.4989071038251366 0.05782312925170068 0.02459016393442623 0.022675736961451247
3 0.5316939890710383 0.05782312925170068 0.021311475409836064 0.022675736961451247
3 0.20437158469945355 0.3820861678004535 0.07103825136612021 0.02040816326530612
3 0.17814207650273223 0.47052154195011336 0.01912568306010929 0.02040816326530612
3 0.1830601092896175 0.4977324263038549 0.02896174863387978 0.02040816326530612
3 0.18032786885245902 0.5861678004535147 0.023497267759562842 0.02040816326530612
3 0.18360655737704917 0.6133786848072562 0.030054644808743168 0.02040816326530612
3 0.17704918032786884 0.6405895691609977 0.016939890710382512 0.02040816326530612
3 0.17868852459016393 0.7290249433106576 0.019672131147540985 0.02040816326530612
3 0.18579234972677597 0.8174603174603174 0.033879781420765025 0.02040816326530612
3 0.18633879781420765 0.9058956916099773 0.03551912568306011 0.02040816326530612
3 0.18005464480874317 0.9914965986394558 0.022404371584699455 0.01473922902494331
3 0.246448087431694 0.3820861678004535 0.007650273224043716 0.02040816326530612
3 0.19672131147540983 0.47052154195011336 0.012021857923497269 0.02040816326530612
3 0.20327868852459016 0.4977324263038549 0.00546448087431694 0.02040816326530612
3 0.20327868852459016 0.5861678004535147 0.015300546448087432 0.02040816326530612
3 0.20655737704918034 0.6133786848072562 0.010382513661202186 0.02040816326530612
3 0.1923497267759563 0.6405895691609977 0.007650273224043716 0.02040816326530612
3 0.19508196721311474 0.7290249433106576 0.00819672131147541 0.02040816326530612
3 0.2098360655737705 0.8174603174603174 0.007650273224043716 0.02040816326530612
3 0.21311475409836064 0.9058956916099773 0.012021857923497269 0.02040816326530612
3 0.20191256830601093 0.9914965986394558 0.015846994535519125 0.01473922902494331
3 0.2081967213114754 0.04081632653061224 0.06284153005464481 0.022675736961451247
3 0.20382513661202187 0.06235827664399093 0.06284153005464481 0.022675736961451247
3 0.2185792349726776 0.1292517006802721 0.0994535519125683 0.022675736961451247
3 0.1912568306010929 0.15192743764172337 0.04480874316939891 0.022675736961451247
3 0.2677595628415301 0.15192743764172337 0.08907103825136611 0.022675736961451247
3 0.20327868852459016 0.1746031746031746 0.048087431693989074 0.022675736961451247