0 0.5763586956521739 0.019187358916478554 0.025543478260869567 0.03837471783295711
0 0.24565217391304348 0.54627539503386 0.013043478260869565 0.02708803611738149
0 0.24565217391304348 0.9796839729119639 0.013043478260869565 0.02708803611738149
0 0.7277173913043479 0.15575620767494355 0.06141304347826087 0.01580135440180587
1 0.7116847826086956 0.019751693002257337 0.18532608695652175 0.039503386004514675
1 0.3739130434782609 0.3115124153498871 0.08695652173913043 0.18058690744920994
1 0.3739130434782609 0.5383747178329571 0.08695652173913043 0.18058690744920994
1 0.3739130434782609 0.7652370203160271 0.08695652173913043 0.18058690744920994
1 0.19918478260869565 0.018623024830699775 0.07336956521739131 0.03724604966139955
2 0.42635869565217394 0.019187358916478554 0.32554347826086955 0.03837471783295711
2 0.47608695652173916 0.01580135440180587 0.007608695652173913 0.01580135440180587
2 0.175 0.5440180586907449 0.03369565217391304 0.028216704288939052
2 0.2184782608695652 0.5440180586907449 0.03369565217391304 0.028216704288939052
2 0.175 0.9774266365688488 0.03369565217391304 0.028216704288939052
2 0.2184782608695652 0.9774266365688488 0.03369565217391304 0.028216704288939052
3 0.5141304347826087 0.016930022573363433 0.1 0.029345372460496615
3 0.4494565217391304 0.3363431151241535 0.03858695652173913 0.01580135440180587
3 0.5195652173913043 0.01580135440180587 0.07391304347826087 0.022573363431151242
3 0.175 0.54627539503386 0.03260869565217391 0.034988713318284424
3 0.2184782608695652 0.54627539503386 0.03260869565217391 0.034988713318284424
3 0.175 0.9796839729119639 0.03260869565217391 0.034988713318284424
3 0.2184782608695652 0.9796839729119639 0.03260869565217391 0.034988713318284424
3 0.5195652173913043 0.01580135440180587 0.07391304347826087 0.022573363431151242
3 0.175 0.54627539503386 0.03260869565217391 0.034988713318284424
3 0.2184782608695652 0.54627539503386 0.03260869565217391 0.034988713318284424
3 0.175 0.9796839729119639 0.03260869565217391 0.034988713318284424
3 0.2184782608695652 0.9796839729119639 0.03260869565217391 0.034988713318284424
3 0.23423913043478262 0.25395033860045146 0.15108695652173912 0.06772009029345373
3 0.6005434782608695 0.23589164785553046 0.3407608695652174 0.029345372460496615
3 0.6005434782608695 0.46275395033860045 0.3407608695652174 0.029345372460496615
3 0.6005434782608695 0.6896162528216704 0.3407608695652174 0.029345372460496615
3 0.6005434782608695 0.9164785553047404 0.3407608695652174 0.029345372460496615
3 0.3282608695652174 0.0744920993227991 0.024456521739130436 0.022573363431151242
3 0.3641304347826087 0.0744920993227991 0.02717391304347826 0.022573363431151242
3 0.41195652173913044 0.0744920993227991 0.04891304347826087 0.022573363431151242
3 0.45543478260869563 0.0744920993227991 0.019021739130434784 0.022573363431151242
3 0.48695652173913045 0.0744920993227991 0.024456521739130436 0.022573363431151242
3 0.5195652173913043 0.0744920993227991 0.021195652173913043 0.022573363431151242
3 0.19402173913043477 0.3972911963882618 0.07065217391304347 0.020316027088036117
3 0.1858695652173913 0.4853273137697517 0.05434782608695652 0.020316027088036117
3 0.1858695652173913 0.5124153498871332 0.05434782608695652 0.020316027088036117
3 0.18369565217391304 0.6410835214446953 0.050543478260869565 0.020316027088036117
3 0.18641304347826088 0.6681715575620768 0.05597826086956522 0.020316027088036117
3 0.19021739130434784 0.6952595936794582 0.06358695652173912 0.020316027088036117
3 0.1907608695652174 0.7223476297968398 0.06467391304347826 0.020316027088036117
3 0.1733695652173913 0.7494356659142212 0.029347826086956522 0.020316027088036117
3 0.1733695652173913 0.7765237020316027 0.029347826086956522 0.020316027088036117
3 0.19456521739130433 0.8036117381489842 0.07228260869565217 0.020316027088036117
3 0.16684782608695653 0.8306997742663657 0.016304347826086956 0.020316027088036117
3 0.18478260869565216 0.9187358916478555 0.05217391304347826 0.020316027088036117
3 0.18641304347826088 0.945823927765237 0.05543478260869565 0.020316027088036117
3 0.2358695652173913 0.3972911963882618 0.007608695652173913 0.020316027088036117
3 0.22010869565217392 0.4853273137697517 0.008152173913043478 0.020316027088036117
3 0.22010869565217392 0.5124153498871332 0.007608695652173913 0.020316027088036117
3 0.21793478260869564 0.6410835214446953 0.0125 0.020316027088036117
3 0.22228260869565217 0.6681715575620768 0.009782608695652175 0.020316027088036117
3 0.22880434782608697 0.6952595936794582 0.008152173913043478 0.020316027088036117
3 0.23043478260869565 0.7223476297968398 0.008152173913043478 0.020316027088036117
3 0.19456521739130433 0.7494356659142212 0.007608695652173913 0.020316027088036117
3 0.19456521739130433 0.7765237020316027 0.008152173913043478 0.020316027088036117
3 0.23695652173913043 0.8036117381489842 0.005978260869565218 0.020316027088036117
3 0.18097826086956523 0.8306997742663657 0.005978260869565218 0.020316027088036117
3 0.21793478260869564 0.9187358916478555 0.008152173913043478 0.020316027088036117
3 0.22282608695652173 0.945823927765237 0.011956521739130435 0.020316027088036117
3 0.19782608695652174 0.05756207674943566 0.0625 0.022573363431151242
3 0.1934782608695652 0.07900677200902935 0.0625 0.022573363431151242
3 0.20815217391304347 0.1455981941309255 0.09891304347826087 0.022573363431151242
3 0.18097826086956523 0.16817155756207675 0.04456521739130435 0.022573363431151242
3 0.25706521739130433 0.16817155756207675 0.08858695652173913 0.022573363431151242
3 0.19293478260869565 0.19074492099322798 0.04782608695652174 0.022573363431151242