0 0.5994505494505494 0.028538812785388126 0.025274725274725275 0.04452054794520548
0 0.7307692307692307 0.5 0.13846153846153847 0.0547945205479452
0 0.7368131868131869 0.5776255707762558 0.1510989010989011 0.0547945205479452
1 0.7362637362637363 0.02968036529680365 0.18681318681318682 0.04452054794520548
1 0.20274725274725275 0.2591324200913242 0.024175824175824177 0.0502283105022831
1 0.3291208791208791 0.54337899543379 0.2076923076923077 0.5342465753424658
1 0.20274725274725275 0.3276255707762557 0.024175824175824177 0.0502283105022831
1 0.20274725274725275 0.3961187214611872 0.024175824175824177 0.0502283105022831
1 0.20274725274725275 0.4646118721461187 0.024175824175824177 0.0502283105022831
1 0.6725274725274726 0.3904109589041096 0.01978021978021978 0.0410958904109589
1 0.6747252747252748 0.9178082191780822 0.024175824175824177 0.0502283105022831
1 0.21813186813186813 0.02968036529680365 0.07362637362637363 0.03881278538812785
2 0.4478021978021978 0.028538812785388126 0.32857142857142857 0.04452054794520548
3 0.5049450549450549 0.5445205479452054 0.11593406593406594 0.02054794520547945
3 0.5175824175824176 0.6278538812785388 0.1412087912087912 0.02054794520547945
3 0.7291208791208791 0.3984018264840183 0.07417582417582418 0.01598173515981735
3 0.7478021978021978 0.9269406392694064 0.10494505494505495 0.02054794520547945
3 0.7302197802197802 0.9937214611872146 0.1054945054945055 0.010273972602739725
3 0.20274725274725275 0.2773972602739726 0.027472527472527472 0.02511415525114155
3 0.20274725274725275 0.3458904109589041 0.027472527472527472 0.02511415525114155
3 0.20274725274725275 0.4143835616438356 0.027472527472527472 0.02511415525114155
3 0.20274725274725275 0.4828767123287671 0.027472527472527472 0.02511415525114155
3 0.20274725274725275 0.2773972602739726 0.027472527472527472 0.02511415525114155
3 0.20274725274725275 0.3458904109589041 0.027472527472527472 0.02511415525114155
3 0.20274725274725275 0.4143835616438356 0.027472527472527472 0.02511415525114155
3 0.20274725274725275 0.4828767123287671 0.027472527472527472 0.02511415525114155
3 0.5368131868131868 0.3481735159817352 0.17912087912087912 0.1141552511415525
3 0.7450549450549451 0.2945205479452055 0.1346153846153846 0.0228310502283105
3 0.743956043956044 0.66324200913242 0.13681318681318683 0.06164383561643835
3 0.743956043956044 0.7248858447488584 0.13681318681318683 0.02054794520547945
3 0.7291208791208791 0.3767123287671233 0.07417582417582418 0.0182648401826484
3 0.7368131868131869 0.4520547945205479 0.1510989010989011 0.0228310502283105
3 0.7368131868131869 0.8458904109589042 0.1510989010989011 0.02511415525114155
3 0.7478021978021978 0.906392694063927 0.10494505494505495 0.019406392694063926
3 0.7302197802197802 0.9771689497716894 0.10494505494505495 0.0228310502283105
3 0.3489010989010989 0.08789954337899543 0.024725274725274724 0.0228310502283105
3 0.3851648351648352 0.08789954337899543 0.027472527472527472 0.0228310502283105
3 0.43351648351648353 0.08789954337899543 0.04945054945054945 0.0228310502283105
3 0.4774725274725275 0.08789954337899543 0.019230769230769232 0.0228310502283105
3 0.5093406593406593 0.08789954337899543 0.024725274725274724 0.0228310502283105
3 0.5423076923076923 0.08789954337899543 0.02142857142857143 0.0228310502283105
3 0.21703296703296704 0.07077625570776255 0.06318681318681318 0.0228310502283105
3 0.21263736263736263 0.09246575342465753 0.06318681318681318 0.0228310502283105
3 0.29725274725274725 0.18835616438356165 0.1 0.01598173515981735
3 0.37967032967032965 0.18835616438356165 0.045054945054945054 0.01598173515981735
3 0.44835164835164837 0.18835616438356165 0.07362637362637363 0.01598173515981735
3 0.49945054945054945 0.18835616438356165 0.00934065934065934 0.01598173515981735
3 0.5214285714285715 0.18835616438356165 0.014835164835164835 0.01598173515981735
3 0.554945054945055 0.18835616438356165 0.03296703296703297 0.01598173515981735