0 0.6124856156501726 0.010167464114832535 0.02704257767548907 0.02033492822966507
0 0.7727272727272727 0.14473684210526316 0.06501726121979287 0.01674641148325359
1 0.7557537399309551 0.01076555023923445 0.1962025316455696 0.0215311004784689
1 0.39815880322209435 0.30980861244019137 0.09205983889528194 0.19138755980861244
1 0.39815880322209435 0.5502392344497608 0.09205983889528194 0.19138755980861244
1 0.39815880322209435 0.7906698564593302 0.09205983889528194 0.19138755980861244
1 0.21317606444188722 0.009569377990430622 0.07767548906789414 0.019138755980861243
2 0.4536823935558113 0.010167464114832535 0.34464902186421176 0.02033492822966507
2 0.5066168009205984 0.0029904306220095694 0.00863060989643268 0.005980861244019139
3 0.5468929804372842 0.007177033492822967 0.10644418872266974 0.014354066985645933
3 0.4781357882623705 0.3361244019138756 0.040851553509781355 0.01674641148325359
3 0.5526467203682394 0.004784688995215311 0.07882623705408516 0.009569377990430622
3 0.5526467203682394 0.004784688995215311 0.07882623705408516 0.009569377990430622
3 0.25028768699654774 0.2069377990430622 0.15995397008055237 0.03588516746411483
3 0.6380897583429229 0.22966507177033493 0.36075949367088606 0.03110047846889952
3 0.6380897583429229 0.4700956937799043 0.36075949367088606 0.03110047846889952
3 0.6380897583429229 0.7105263157894737 0.36075949367088606 0.03110047846889952
3 0.6380897583429229 0.9509569377990431 0.36075949367088606 0.03110047846889952
3 0.34982738780207134 0.05861244019138756 0.025891829689298044 0.023923444976076555
3 0.3878020713463751 0.05861244019138756 0.028768699654775604 0.023923444976076555
3 0.43843498273878023 0.05861244019138756 0.05178365937859609 0.023923444976076555
3 0.4844649021864212 0.05861244019138756 0.020138089758342925 0.023923444976076555
3 0.5178365937859609 0.05861244019138756 0.025891829689298044 0.023923444976076555
3 0.5523590333716916 0.05861244019138756 0.02243958573072497 0.023923444976076555
3 0.20771001150747986 0.3409090909090909 0.07479861910241657 0.0215311004784689
3 0.18009205983889529 0.4342105263157895 0.020138089758342925 0.0215311004784689
3 0.1852704257767549 0.46291866028708134 0.03049482163406214 0.0215311004784689
3 0.17894131185270426 0.4916267942583732 0.017836593785960874 0.0215311004784689
3 0.1852704257767549 0.5203349282296651 0.02991944764096663 0.0215311004784689
3 0.18239355581127734 0.5490430622009569 0.02474108170310702 0.0215311004784689
3 0.18239355581127734 0.6423444976076556 0.02474108170310702 0.0215311004784689
3 0.1846950517836594 0.6710526315789473 0.028768699654775604 0.0215311004784689
3 0.17894131185270426 0.6997607655502392 0.017836593785960874 0.0215311004784689
3 0.1858457997698504 0.7284688995215312 0.03164556962025317 0.0215311004784689
3 0.18699654775604144 0.757177033492823 0.03394706559263521 0.0215311004784689
3 0.18411967779056387 0.7858851674641149 0.02761795166858458 0.0215311004784689
3 0.18411967779056387 0.8145933014354066 0.02819332566168009 0.0215311004784689
3 0.18239355581127734 0.8433014354066986 0.02474108170310702 0.0215311004784689
3 0.19102416570771003 0.8720095693779905 0.04142692750287687 0.0215311004784689
3 0.1970655926352129 0.992822966507177 0.053509781357882626 0.011961722488038277
3 0.25604142692750287 0.3409090909090909 0.01668584579976985 0.0215311004784689
3 0.20368239355581128 0.4342105263157895 0.020713463751438434 0.0215311004784689
3 0.21518987341772153 0.46291866028708134 0.023014959723820484 0.0215311004784689
3 0.2002301495972382 0.4916267942583732 0.017836593785960874 0.0215311004784689
3 0.21116225546605294 0.5203349282296651 0.015535097813578827 0.0215311004784689
3 0.20310701956271576 0.5490430622009569 0.01093210586881473 0.0215311004784689
3 0.2088607594936709 0.6423444976076556 0.021288837744533946 0.0215311004784689
3 0.213463751438435 0.6710526315789473 0.02186421173762946 0.0215311004784689
3 0.2002301495972382 0.6997607655502392 0.0189873417721519 0.0215311004784689
3 0.213463751438435 0.7284688995215312 0.01726121979286536 0.0215311004784689
3 0.21576524741081704 0.757177033492823 0.01726121979286536 0.0215311004784689
3 0.2094361334867664 0.7858851674641149 0.01726121979286536 0.0215311004784689
3 0.21001150747986191 0.8145933014354066 0.01726121979286536 0.0215311004784689
3 0.20598388952819333 0.8433014354066986 0.015535097813578827 0.0215311004784689
3 0.2243958573072497 0.8720095693779905 0.018411967779056387 0.0215311004784689
3 0.2367663981588032 0.992822966507177 0.021288837744533946 0.011961722488038277
3 0.21173762945914845 0.04066985645933014 0.0661680092059839 0.023923444976076555
3 0.20713463751438435 0.06339712918660287 0.0661680092059839 0.023923444976076555
3 0.22266973532796316 0.1339712918660287 0.1047180667433832 0.023923444976076555
3 0.19390103567318756 0.15789473684210525 0.047180667433831994 0.023923444976076555
3 0.2744533947065593 0.15789473684210525 0.09378596087456847 0.023923444976076555