0 0.7791762013729977 0.10926365795724466 0.06464530892448513 0.0166270783847981
1 0.40675057208237986 0.27315914489311166 0.09153318077803203 0.19002375296912113
1 0.40675057208237986 0.5118764845605701 0.09153318077803203 0.19002375296912113
1 0.40675057208237986 0.7505938242280285 0.09153318077803203 0.19002375296912113
3 0.5074370709382151 0.2814726840855107 0.08237986270022883 0.022565320665083134
3 0.4965675057208238 0.5201900237529691 0.06064073226544622 0.022565320665083134
3 0.5074370709382151 0.8230403800475059 0.08237986270022883 0.022565320665083134
3 0.5203089244851259 0.994061757719715 0.10812356979405034 0.009501187648456057
3 0.2597254004576659 0.19477434679334918 0.15903890160183065 0.035629453681710214
3 0.6453089244851259 0.19358669833729217 0.358695652173913 0.030878859857482184
3 0.6453089244851259 0.4323040380047506 0.358695652173913 0.030878859857482184
3 0.6453089244851259 0.7137767220902613 0.358695652173913 0.030878859857482184
3 0.6453089244851259 0.9133016627078385 0.358695652173913 0.030878859857482184
3 0.358695652173913 0.023752969121140142 0.02574370709382151 0.023752969121140142
3 0.39645308924485123 0.023752969121140142 0.028604118993135013 0.023752969121140142
3 0.44679633867276886 0.023752969121140142 0.05148741418764302 0.023752969121140142
3 0.4925629290617849 0.023752969121140142 0.02002288329519451 0.023752969121140142
3 0.5257437070938215 0.023752969121140142 0.02574370709382151 0.023752969121140142
3 0.5600686498855835 0.023752969121140142 0.02231121281464531 0.023752969121140142
3 0.21739130434782608 0.5106888361045131 0.07437070938215103 0.021377672209026127
3 0.19050343249427917 0.6033254156769596 0.020594965675057208 0.021377672209026127
3 0.22654462242562928 0.6959619952494062 0.09324942791762014 0.021377672209026127
3 0.19794050343249428 0.7885985748218527 0.03546910755148741 0.021377672209026127
3 0.19851258581235698 0.9097387173396675 0.03718535469107551 0.021377672209026127
3 0.19193363844393593 0.995249406175772 0.02345537757437071 0.007125890736342043
3 0.2648741418764302 0.5106888361045131 0.014874141876430207 0.021377672209026127
3 0.2122425629290618 0.6033254156769596 0.017162471395881007 0.021377672209026127
3 0.28489702517162474 0.6959619952494062 0.017162471395881007 0.021377672209026127
3 0.2288329519450801 0.7885985748218527 0.02002288329519451 0.021377672209026127
3 0.2128146453089245 0.8171021377672208 0.010869565217391304 0.021377672209026127
3 0.22826086956521738 0.9097387173396675 0.016590389016018305 0.021377672209026127
3 0.2151029748283753 0.995249406175772 0.018306636155606407 0.007125890736342043
3 0.221395881006865 0.009501187648456057 0.06636155606407322 0.019002375296912115
3 0.21681922196796338 0.028503562945368172 0.06578947368421052 0.023752969121140142
3 0.2322654462242563 0.09857482185273159 0.10411899313501144 0.023752969121140142
3 0.2036613272311213 0.12232779097387174 0.04691075514874142 0.023752969121140142
3 0.2757437070938215 0.12232779097387174 0.07723112128146453 0.023752969121140142
3 0.19679633867276888 0.14608076009501186 0.033752860411899316 0.023752969121140142