0 0.5862433862433862 0.024175824175824177 0.02433862433862434 0.04285714285714286
0 0.8021164021164021 0.510989010989011 0.033862433862433865 0.07032967032967033
1 0.717989417989418 0.025274725274725275 0.17989417989417988 0.04285714285714286
1 0.2455026455026455 0.46813186813186813 0.11851851851851852 0.24615384615384617
1 0.37037037037037035 0.46813186813186813 0.11851851851851852 0.24615384615384617
1 0.49523809523809526 0.46813186813186813 0.11851851851851852 0.24615384615384617
1 0.6201058201058202 0.46813186813186813 0.11851851851851852 0.24615384615384617
1 0.744973544973545 0.46813186813186813 0.11851851851851852 0.24615384615384617
1 0.20793650793650795 0.8824175824175824 0.050793650793650794 0.07692307692307693
1 0.21904761904761905 0.025274725274725275 0.07089947089947089 0.03736263736263736
2 0.4402116402116402 0.024175824175824177 0.3164021164021164 0.04285714285714286
3 0.24761904761904763 0.6758241758241759 0.10582010582010581 0.03956043956043956
3 0.3724867724867725 0.6758241758241759 0.10582010582010581 0.03956043956043956
3 0.4973544973544973 0.6758241758241759 0.10582010582010581 0.03956043956043956
3 0.6222222222222222 0.6758241758241759 0.10582010582010581 0.03956043956043956
3 0.7470899470899471 0.7175824175824176 0.10582010582010581 0.03956043956043956
3 0.344973544973545 0.08131868131868132 0.023809523809523808 0.02197802197802198
3 0.3798941798941799 0.08131868131868132 0.026455026455026454 0.02197802197802198
3 0.4264550264550265 0.08131868131868132 0.047619047619047616 0.02197802197802198
3 0.4687830687830688 0.08131868131868132 0.018518518518518517 0.02197802197802198
3 0.49947089947089945 0.08131868131868132 0.023809523809523808 0.02197802197802198
3 0.5312169312169313 0.08131868131868132 0.020634920634920634 0.02197802197802198
3 0.21798941798941798 0.06483516483516484 0.06084656084656084 0.02197802197802198
3 0.21375661375661376 0.08571428571428572 0.06084656084656084 0.02197802197802198
3 0.3037037037037037 0.9868131868131869 0.0962962962962963 0.015384615384615385
3 0.38306878306878306 0.9868131868131869 0.04338624338624339 0.015384615384615385
3 0.4492063492063492 0.9868131868131869 0.07089947089947089 0.015384615384615385
3 0.5047619047619047 0.9868131868131869 0.021693121693121695 0.015384615384615385
3 0.5322751322751322 0.9868131868131869 0.014285714285714285 0.015384615384615385
3 0.5645502645502646 0.9868131868131869 0.031746031746031744 0.015384615384615385