0 0.6087078651685394 0.005257009345794392 0.026404494382022473 0.010514018691588784
0 0.7651685393258427 0.13200934579439252 0.06348314606741573 0.016355140186915886
1 0.7485955056179775 0.005841121495327103 0.19157303370786516 0.011682242990654205
1 0.399438202247191 0.2932242990654206 0.0898876404494382 0.18691588785046728
1 0.399438202247191 0.5280373831775701 0.0898876404494382 0.18691588785046728
1 0.399438202247191 0.7628504672897196 0.0898876404494382 0.18691588785046728
1 0.21882022471910112 0.004672897196261682 0.07584269662921349 0.009345794392523364
2 0.45365168539325845 0.005257009345794392 0.3365168539325843 0.010514018691588784
3 0.6337078651685393 0.9427570093457944 0.35224719101123597 0.016355140186915886
3 0.2550561797752809 0.2161214953271028 0.15617977528089888 0.035046728971962614
3 0.6337078651685393 0.21495327102803738 0.35224719101123597 0.030373831775700934
3 0.6337078651685393 0.4497663551401869 0.35224719101123597 0.030373831775700934
3 0.6337078651685393 0.6845794392523364 0.35224719101123597 0.030373831775700934
3 0.6337078651685393 0.919392523364486 0.35224719101123597 0.030373831775700934
3 0.35224719101123597 0.04789719626168224 0.025280898876404494 0.02336448598130841
3 0.38932584269662923 0.04789719626168224 0.028089887640449437 0.02336448598130841
3 0.4387640449438202 0.04789719626168224 0.05056179775280899 0.02336448598130841
3 0.4837078651685393 0.04789719626168224 0.019662921348314606 0.02336448598130841
3 0.5162921348314606 0.04789719626168224 0.025280898876404494 0.02336448598130841
3 0.55 0.04789719626168224 0.021910112359550562 0.02336448598130841
3 0.21348314606741572 0.3469626168224299 0.07303370786516854 0.02102803738317757
3 0.18651685393258427 0.4380841121495327 0.019662921348314606 0.02102803738317757
3 0.19157303370786516 0.4661214953271028 0.029775280898876405 0.02102803738317757
3 0.18595505617977529 0.5572429906542056 0.01853932584269663 0.02102803738317757
3 0.18876404494382024 0.5852803738317757 0.02359550561797753 0.02102803738317757
3 0.18932584269662922 0.6133177570093458 0.024719101123595506 0.02102803738317757
3 0.1904494382022472 0.6413551401869159 0.02752808988764045 0.02102803738317757
3 0.19269662921348316 0.669392523364486 0.03202247191011236 0.02102803738317757
3 0.18707865168539325 0.7605140186915887 0.020224719101123594 0.02102803738317757
3 0.1943820224719101 0.8516355140186916 0.0348314606741573 0.02102803738317757
3 0.1949438202247191 0.9427570093457944 0.03651685393258427 0.02102803738317757
3 0.2589887640449438 0.3469626168224299 0.012359550561797753 0.02102803738317757
3 0.2101123595505618 0.4380841121495327 0.021348314606741574 0.02102803738317757
3 0.21292134831460674 0.4661214953271028 0.007303370786516854 0.02102803738317757
3 0.20898876404494382 0.5572429906542056 0.020786516853932586 0.02102803738317757
3 0.20842696629213484 0.5852803738317757 0.010112359550561797 0.02102803738317757
3 0.20842696629213484 0.6133177570093458 0.007865168539325843 0.02102803738317757
3 0.2101123595505618 0.6413551401869159 0.0056179775280898875 0.02102803738317757
3 0.2151685393258427 0.669392523364486 0.006179775280898876 0.02102803738317757
3 0.20561797752808988 0.7605140186915887 0.011797752808988765 0.02102803738317757
3 0.2202247191011236 0.8516355140186916 0.010674157303370787 0.02102803738317757
3 0.2247191011235955 0.9427570093457944 0.016853932584269662 0.02102803738317757
3 0.21741573033707864 0.030373831775700934 0.06460674157303371 0.02336448598130841
3 0.21292134831460674 0.052570093457943924 0.06460674157303371 0.02336448598130841
3 0.22808988764044943 0.12149532710280374 0.10224719101123596 0.02336448598130841
3 0.2 0.14485981308411214 0.046067415730337076 0.02336448598130841
3 0.2786516853932584 0.14485981308411214 0.09157303370786517 0.02336448598130841
3 0.2050561797752809 0.16822429906542055 0.0348314606741573 0.02336448598130841