0 0.7791375291375291 0.10048426150121065 0.06585081585081586 0.01694915254237288
1 0.3997668997668998 0.2675544794188862 0.09324009324009325 0.1937046004842615
1 0.3997668997668998 0.5108958837772397 0.09324009324009325 0.1937046004842615
1 0.3997668997668998 0.7542372881355932 0.09324009324009325 0.1937046004842615
3 0.5023310023310024 0.3196125907990315 0.08391608391608392 0.023002421307506054
3 0.5023310023310024 0.5193704600484261 0.08391608391608392 0.023002421307506054
3 0.5023310023310024 0.7627118644067796 0.08391608391608392 0.023002421307506054
3 0.5026223776223776 0.9963680387409201 0.0844988344988345 0.004842615012106538
3 0.25 0.16343825665859565 0.16200466200466201 0.03631961259079903
3 0.6427738927738927 0.23002421307506055 0.36538461538461536 0.031476997578692496
3 0.6427738927738927 0.4297820823244552 0.36538461538461536 0.031476997578692496
3 0.6427738927738927 0.6731234866828087 0.36538461538461536 0.031476997578692496
3 0.6427738927738927 0.9164648910411622 0.36538461538461536 0.031476997578692496
3 0.3508158508158508 0.013317191283292978 0.026223776223776224 0.024213075060532687
3 0.38927738927738925 0.013317191283292978 0.029137529137529136 0.024213075060532687
3 0.4405594405594406 0.013317191283292978 0.05244755244755245 0.024213075060532687
3 0.48717948717948717 0.013317191283292978 0.020396270396270396 0.024213075060532687
3 0.5209790209790209 0.013317191283292978 0.026223776223776224 0.024213075060532687
3 0.5559440559440559 0.013317191283292978 0.022727272727272728 0.024213075060532687
3 0.20687645687645687 0.4854721549636804 0.07575757575757576 0.021791767554479417
3 0.1794871794871795 0.5799031476997578 0.02156177156177156 0.021791767554479417
3 0.1858974358974359 0.6089588377723971 0.034382284382284384 0.021791767554479417
3 0.19405594405594406 0.6380145278450363 0.050699300699300696 0.021791767554479417
3 0.1794871794871795 0.7324455205811138 0.02097902097902098 0.021791767554479417
3 0.2162004662004662 0.8268765133171913 0.09498834498834499 0.021791767554479417
3 0.18706293706293706 0.9213075060532687 0.03613053613053613 0.021791767554479417
3 0.25524475524475526 0.4854721549636804 0.015734265734265736 0.021791767554479417
3 0.20396270396270397 0.5799031476997578 0.02156177156177156 0.021791767554479417
3 0.21561771561771562 0.6089588377723971 0.018065268065268064 0.021791767554479417
3 0.22785547785547786 0.6380145278450363 0.011072261072261072 0.021791767554479417
3 0.20279720279720279 0.7324455205811138 0.019813519813519812 0.021791767554479417
3 0.27505827505827507 0.8268765133171913 0.0168997668997669 0.021791767554479417
3 0.22086247086247085 0.9213075060532687 0.02505827505827506 0.021791767554479417
3 0.20221445221445222 0.950363196125908 0.011072261072261072 0.021791767554479417
3 0.21095571095571095 0.00423728813559322 0.0675990675990676 0.00847457627118644
3 0.2062937062937063 0.018159806295399514 0.06701631701631702 0.024213075060532687
3 0.22202797202797203 0.08958837772397095 0.10606060606060606 0.024213075060532687
3 0.19289044289044288 0.11380145278450363 0.047785547785547784 0.024213075060532687
3 0.2663170163170163 0.11380145278450363 0.07867132867132867 0.024213075060532687