0 0.5814917127071824 0.01548165137614679 0.025966850828729283 0.03096330275229358
0 0.7353591160220995 0.15022935779816513 0.062430939226519336 0.016055045871559634
1 0.719060773480663 0.016055045871559634 0.18839779005524862 0.03211009174311927
1 0.3756906077348066 0.3084862385321101 0.08839779005524862 0.1834862385321101
1 0.3756906077348066 0.5389908256880734 0.08839779005524862 0.1834862385321101
1 0.3756906077348066 0.7694954128440367 0.08839779005524862 0.1834862385321101
1 0.19806629834254144 0.014908256880733946 0.07458563535911603 0.02981651376146789
2 0.42900552486187843 0.01548165137614679 0.330939226519337 0.03096330275229358
2 0.4535911602209945 0.008027522935779817 0.0077348066298342545 0.016055045871559634
3 0.5049723756906077 0.01261467889908257 0.1281767955801105 0.02522935779816514
3 0.47292817679558014 0.3577981651376147 0.07955801104972375 0.021788990825688075
3 0.47292817679558014 0.5470183486238532 0.07955801104972375 0.021788990825688075
3 0.47292817679558014 0.7775229357798165 0.07955801104972375 0.021788990825688075
3 0.5104972375690607 0.010321100917431193 0.10165745856353592 0.020642201834862386
3 0.5104972375690607 0.010321100917431193 0.10165745856353592 0.020642201834862386
3 0.23370165745856353 0.2098623853211009 0.15359116022099448 0.034403669724770644
3 0.6060773480662983 0.27293577981651373 0.34640883977900555 0.02981651376146789
3 0.6060773480662983 0.46215596330275227 0.34640883977900555 0.02981651376146789
3 0.6060773480662983 0.6926605504587156 0.34640883977900555 0.02981651376146789
3 0.6060773480662983 0.9231651376146789 0.34640883977900555 0.02981651376146789
3 0.3292817679558011 0.0676605504587156 0.024861878453038673 0.022935779816513763
3 0.36574585635359114 0.0676605504587156 0.027624309392265192 0.022935779816513763
3 0.4143646408839779 0.0676605504587156 0.049723756906077346 0.022935779816513763
3 0.4585635359116022 0.0676605504587156 0.019337016574585635 0.022935779816513763
3 0.49060773480662984 0.0676605504587156 0.024861878453038673 0.022935779816513763
3 0.523756906077348 0.0676605504587156 0.02154696132596685 0.022935779816513763
3 0.19281767955801105 0.5149082568807339 0.0718232044198895 0.020642201834862386
3 0.16685082872928178 0.6043577981651376 0.020441988950276244 0.020642201834862386
3 0.17292817679558012 0.6318807339449541 0.03259668508287293 0.020642201834862386
3 0.18066298342541437 0.6594036697247706 0.04806629834254143 0.020642201834862386
3 0.16685082872928178 0.7488532110091743 0.019889502762430938 0.020642201834862386
3 0.20165745856353592 0.838302752293578 0.09005524861878453 0.020642201834862386
3 0.17403314917127072 0.9277522935779816 0.03425414364640884 0.020642201834862386
3 0.23867403314917127 0.5149082568807339 0.014917127071823204 0.020642201834862386
3 0.19005524861878453 0.6043577981651376 0.020441988950276244 0.020642201834862386
3 0.2011049723756906 0.6318807339449541 0.01712707182320442 0.020642201834862386
3 0.212707182320442 0.6594036697247706 0.010497237569060774 0.020642201834862386
3 0.18895027624309393 0.7488532110091743 0.01878453038674033 0.020642201834862386
3 0.2574585635359116 0.838302752293578 0.016022099447513812 0.020642201834862386
3 0.20607734806629835 0.9277522935779816 0.023756906077348067 0.020642201834862386
3 0.18839779005524862 0.9552752293577982 0.010497237569060774 0.020642201834862386
3 0.19668508287292819 0.05045871559633028 0.06353591160220995 0.022935779816513763
3 0.19226519337016573 0.07224770642201835 0.06353591160220995 0.022935779816513763
3 0.20718232044198895 0.13990825688073394 0.1005524861878453 0.022935779816513763
3 0.17955801104972377 0.1628440366972477 0.045303867403314914 0.022935779816513763
3 0.24917127071823206 0.1628440366972477 0.07458563535911603 0.022935779816513763