0 0.5859042553191489 0.016556291390728478 0.025 0.033112582781456956
0 0.8095744680851064 0.16887417218543047 0.02553191489361702 0.052980132450331126
1 0.7183510638297872 0.017108167770419427 0.18138297872340425 0.03421633554083885
1 0.37659574468085105 0.1445916114790287 0.02553191489361702 0.052980132450331126
1 0.4553191489361702 0.1445916114790287 0.02553191489361702 0.052980132450331126
1 0.5340425531914894 0.1445916114790287 0.02553191489361702 0.052980132450331126
1 0.6127659574468085 0.1445916114790287 0.02553191489361702 0.052980132450331126
1 0.6914893617021277 0.1445916114790287 0.02553191489361702 0.052980132450331126
1 0.7702127659574468 0.1445916114790287 0.02553191489361702 0.052980132450331126
1 0.4106382978723404 0.4381898454746137 0.15106382978723404 0.31346578366445915
1 0.5702127659574469 0.4381898454746137 0.15053191489361703 0.31346578366445915
1 0.7297872340425532 0.4381898454746137 0.15106382978723404 0.31346578366445915
1 0.21675531914893617 0.016004415011037526 0.07180851063829788 0.03200883002207505
2 0.43909574468085105 0.016556291390728478 0.31861702127659575 0.033112582781456956
3 0.37659574468085105 0.20198675496688742 0.05319148936170213 0.03532008830022075
3 0.4553191489361702 0.20198675496688742 0.05319148936170213 0.03532008830022075
3 0.5340425531914894 0.20198675496688742 0.04893617021276596 0.03532008830022075
3 0.6127659574468085 0.20198675496688742 0.030851063829787233 0.03532008830022075
3 0.6914893617021277 0.20198675496688742 0.043617021276595745 0.03532008830022075
3 0.7702127659574468 0.20198675496688742 0.05319148936170213 0.03532008830022075
3 0.25 0.32229580573951433 0.14042553191489363 0.016556291390728478
3 0.4106382978723404 0.7461368653421634 0.12978723404255318 0.039735099337748346
3 0.5702127659574469 0.717439293598234 0.12925531914893618 0.039735099337748346
3 0.7297872340425532 0.7075055187637969 0.12978723404255318 0.019867549668874173
3 0.25 0.15673289183222958 0.14042553191489363 0.04525386313465784
3 0.25 0.2924944812362031 0.14042553191489363 0.02207505518763797
3 0.25 0.4911699779249448 0.14042553191489363 0.02207505518763797
3 0.25 0.5728476821192053 0.14042553191489363 0.02207505518763797
3 0.25 0.8200883002207505 0.14042553191489363 0.02207505518763797
3 0.25 0.9017660044150111 0.14042553191489363 0.02207505518763797
3 0.25 0.9834437086092715 0.14042553191489363 0.02207505518763797
3 0.34308510638297873 0.0684326710816777 0.023936170212765957 0.02207505518763797
3 0.3781914893617021 0.0684326710816777 0.026595744680851064 0.02207505518763797
3 0.425 0.0684326710816777 0.047872340425531915 0.02207505518763797
3 0.4675531914893617 0.0684326710816777 0.018617021276595744 0.02207505518763797
3 0.49840425531914895 0.0684326710816777 0.023936170212765957 0.02207505518763797
3 0.5303191489361702 0.0684326710816777 0.02074468085106383 0.02207505518763797
3 0.2154255319148936 0.05187637969094923 0.061170212765957445 0.02207505518763797
3 0.21117021276595746 0.0728476821192053 0.061170212765957445 0.02207505518763797
3 0.25 0.5198675496688742 0.14042553191489363 0.013245033112582781
3 0.25 0.6015452538631346 0.14042553191489363 0.013245033112582781
3 0.25 0.6291390728476821 0.14042553191489363 0.013245033112582781
3 0.25 0.6567328918322296 0.14042553191489363 0.013245033112582781
3 0.25 0.6843267108167771 0.14042553191489363 0.013245033112582781
3 0.25 0.7119205298013245 0.14042553191489363 0.013245033112582781
3 0.25 0.739514348785872 0.14042553191489363 0.013245033112582781
3 0.25 0.7671081677704195 0.14042553191489363 0.013245033112582781
3 0.25 0.8487858719646799 0.14042553191489363 0.013245033112582781
3 0.25 0.9304635761589404 0.14042553191489363 0.013245033112582781