0 0.5889189189189189 0.014013452914798207 0.025405405405405406 0.028026905829596414
0 0.7394594594594595 0.24551569506726456 0.06108108108108108 0.01569506726457399
1 0.7235135135135136 0.014573991031390135 0.18432432432432433 0.02914798206278027
1 0.4081081081081081 0.44730941704035876 0.1535135135135135 0.3183856502242152
1 0.5702702702702702 0.44730941704035876 0.1535135135135135 0.3183856502242152
1 0.7324324324324324 0.44730941704035876 0.1535135135135135 0.3183856502242152
1 0.2137837837837838 0.013452914798206279 0.07297297297297298 0.026905829596412557
2 0.43972972972972973 0.014013452914798207 0.3237837837837838 0.028026905829596414
2 0.4754054054054054 0.0072869955156950675 0.008108108108108109 0.014573991031390135
3 0.5202702702702703 0.011210762331838564 0.11405405405405405 0.02242152466367713
3 0.3810810810810811 0.726457399103139 0.07783783783783783 0.021300448430493273
3 0.5248648648648648 0.6816143497757847 0.04162162162162162 0.021300448430493273
3 0.7054054054054054 0.6816143497757847 0.07783783783783783 0.021300448430493273
3 0.5256756756756756 0.008968609865470852 0.08810810810810811 0.017937219730941704
3 0.5256756756756756 0.008968609865470852 0.08810810810810811 0.017937219730941704
3 0.24864864864864866 0.28139013452914796 0.15027027027027026 0.033632286995515695
3 0.4081081081081081 0.7713004484304933 0.1318918918918919 0.04035874439461883
3 0.5702702702702702 0.726457399103139 0.1318918918918919 0.04035874439461883
3 0.7324324324324324 0.726457399103139 0.1318918918918919 0.04035874439461883
3 0.34216216216216216 0.06390134529147982 0.024324324324324326 0.02242152466367713
3 0.37783783783783786 0.06390134529147982 0.02702702702702703 0.02242152466367713
3 0.4254054054054054 0.06390134529147982 0.04864864864864865 0.02242152466367713
3 0.46864864864864864 0.06390134529147982 0.01891891891891892 0.02242152466367713
3 0.5 0.06390134529147982 0.024324324324324326 0.02242152466367713
3 0.5324324324324324 0.06390134529147982 0.02108108108108108 0.02242152466367713
3 0.20864864864864865 0.5795964125560538 0.07027027027027027 0.020179372197309416
3 0.1827027027027027 0.6670403587443946 0.01891891891891892 0.020179372197309416
3 0.18702702702702703 0.6939461883408071 0.02702702702702703 0.020179372197309416
3 0.19135135135135134 0.7208520179372198 0.036216216216216214 0.020179372197309416
3 0.1827027027027027 0.7477578475336323 0.01891891891891892 0.020179372197309416
3 0.1827027027027027 0.7746636771300448 0.01891891891891892 0.020179372197309416
3 0.1837837837837838 0.8015695067264574 0.02108108108108108 0.020179372197309416
3 0.1864864864864865 0.8890134529147982 0.025945945945945945 0.020179372197309416
3 0.1989189189189189 0.9159192825112108 0.051351351351351354 0.020179372197309416
3 0.21891891891891893 0.9428251121076233 0.09135135135135135 0.020179372197309416
3 0.22108108108108107 0.9697309417040358 0.09567567567567567 0.020179372197309416
3 0.19756756756756758 0.9927130044843049 0.04810810810810811 0.01233183856502242
3 0.2572972972972973 0.5795964125560538 0.02216216216216216 0.020179372197309416
3 0.20864864864864865 0.6670403587443946 0.02702702702702703 0.020179372197309416
3 0.21567567567567567 0.6939461883408071 0.024864864864864864 0.020179372197309416
3 0.22378378378378377 0.7208520179372198 0.022702702702702703 0.020179372197309416
3 0.20432432432432432 0.7477578475336323 0.018378378378378378 0.020179372197309416
3 0.20540540540540542 0.7746636771300448 0.02 0.020179372197309416
3 0.20810810810810812 0.8015695067264574 0.02108108108108108 0.020179372197309416
3 0.21567567567567567 0.8890134529147982 0.02702702702702703 0.020179372197309416
3 0.23837837837837839 0.9159192825112108 0.02216216216216216 0.020179372197309416
3 0.27783783783783783 0.9428251121076233 0.01945945945945946 0.020179372197309416
3 0.28378378378378377 0.9697309417040358 0.022702702702702703 0.020179372197309416
3 0.23189189189189188 0.9927130044843049 0.016216216216216217 0.01233183856502242
3 0.21243243243243243 0.04708520179372197 0.062162162162162166 0.02242152466367713
3 0.20810810810810812 0.06838565022421525 0.062162162162162166 0.02242152466367713
3 0.20378378378378378 0.23542600896860988 0.06108108108108108 0.02242152466367713