0 0.17734806629834254 0.3738532110091743 0.011049723756906077 0.022935779816513763
0 0.7232044198895028 0.26146788990825687 0.062430939226519336 0.016055045871559634
1 0.38453038674033146 0.46788990825688076 0.1569060773480663 0.3256880733944954
1 0.5502762430939226 0.46788990825688076 0.1569060773480663 0.3256880733944954
1 0.7160220994475138 0.46788990825688076 0.1569060773480663 0.3256880733944954
3 0.34861878453038675 0.7075688073394495 0.06353591160220995 0.021788990825688075
3 0.5143646408839779 0.7270642201834863 0.06353591160220995 0.021788990825688075
3 0.6801104972375691 0.7075688073394495 0.06353591160220995 0.021788990825688075
3 0.7160220994475138 0.783256880733945 0.13480662983425415 0.014908256880733946
3 0.22154696132596685 0.2981651376146789 0.15359116022099448 0.034403669724770644
3 0.38453038674033146 0.7534403669724771 0.13480662983425415 0.04128440366972477
3 0.5502762430939226 0.7729357798165137 0.13480662983425415 0.04128440366972477
3 0.7160220994475138 0.7534403669724771 0.13480662983425415 0.04128440366972477
3 0.31712707182320443 0.03784403669724771 0.024861878453038673 0.022935779816513763
3 0.35359116022099446 0.03784403669724771 0.027624309392265192 0.022935779816513763
3 0.4022099447513812 0.03784403669724771 0.049723756906077346 0.022935779816513763
3 0.44640883977900553 0.03784403669724771 0.019337016574585635 0.022935779816513763
3 0.47845303867403316 0.03784403669724771 0.024861878453038673 0.022935779816513763
3 0.5116022099447514 0.03784403669724771 0.02154696132596685 0.022935779816513763
3 0.18066298342541437 0.6628440366972477 0.0718232044198895 0.020642201834862386
3 0.15856353591160222 0.7522935779816514 0.027624309392265192 0.020642201834862386
3 0.1541436464088398 0.7798165137614679 0.019337016574585635 0.020642201834862386
3 0.1541436464088398 0.8073394495412844 0.019337016574585635 0.020642201834862386
3 0.16298342541436464 0.8348623853211009 0.037016574585635356 0.020642201834862386
3 0.1541436464088398 0.8623853211009175 0.019337016574585635 0.020642201834862386
3 0.1552486187845304 0.8899082568807339 0.02154696132596685 0.020642201834862386
3 0.15856353591160222 0.9793577981651376 0.0281767955801105 0.020642201834862386
3 0.2292817679558011 0.6628440366972477 0.020441988950276244 0.020642201834862386
3 0.1850828729281768 0.7522935779816514 0.020441988950276244 0.020642201834862386
3 0.17734806629834254 0.7798165137614679 0.020441988950276244 0.020642201834862386
3 0.17734806629834254 0.8073394495412844 0.020994475138121547 0.020642201834862386
3 0.19447513812154696 0.8348623853211009 0.019889502762430938 0.020642201834862386
3 0.17513812154696132 0.8623853211009175 0.016574585635359115 0.020642201834862386
3 0.17569060773480663 0.8899082568807339 0.012154696132596685 0.020642201834862386
3 0.1856353591160221 0.9793577981651376 0.019889502762430938 0.020642201834862386
3 0.18453038674033148 0.020642201834862386 0.06353591160220995 0.022935779816513763
3 0.18011049723756906 0.04243119266055046 0.06353591160220995 0.022935779816513763
3 0.17569060773480663 0.2511467889908257 0.062430939226519336 0.022935779816513763
3 0.23149171270718233 0.2511467889908257 0.027624309392265192 0.022935779816513763
3 0.2718232044198895 0.2511467889908257 0.032044198895027624 0.022935779816513763