0 0.6345278725824801 0.02127659574468085 0.026734926052332197 0.0425531914893617
0 0.764505119453925 0.8132387706855791 0.18088737201365188 0.05673758865248227
0 0.7872582480091013 0.8581560283687943 0.12684869169510807 0.014184397163120567
1 0.7761660978384528 0.02186761229314421 0.19397042093287828 0.04373522458628842
1 0.2235494880546075 0.25886524822695034 0.02502844141069397 0.05200945626477541
1 0.4402730375426621 0.5531914893617021 0.3799772468714448 0.5531914893617021
1 0.2235494880546075 0.32978723404255317 0.02502844141069397 0.05200945626477541
1 0.2235494880546075 0.40070921985815605 0.02502844141069397 0.05200945626477541
1 0.2235494880546075 0.4716312056737589 0.02502844141069397 0.05200945626477541
1 0.2235494880546075 0.5425531914893617 0.02502844141069397 0.05200945626477541
1 0.2235494880546075 0.6134751773049646 0.02502844141069397 0.05200945626477541
1 0.6871444823663254 0.950354609929078 0.022753128555176336 0.04728132387706856
1 0.7178612059158134 0.950354609929078 0.022753128555176336 0.04728132387706856
1 0.23947667804323094 0.02009456264775414 0.07622298065984073 0.04018912529550828
2 0.4775312855517634 0.02127659574468085 0.34072810011376564 0.0425531914893617
3 0.7150170648464164 0.4858156028368794 0.08248009101251422 0.02127659574468085
3 0.764505119453925 0.7624113475177305 0.18088737201365188 0.024822695035460994
3 0.764505119453925 0.900709219858156 0.18088737201365188 0.024822695035460994
3 0.2235494880546075 0.2777777777777778 0.02844141069397042 0.026004728132387706
3 0.2235494880546075 0.3486997635933806 0.02844141069397042 0.026004728132387706
3 0.2235494880546075 0.41962174940898345 0.02844141069397042 0.026004728132387706
3 0.2235494880546075 0.4905437352245863 0.02844141069397042 0.026004728132387706
3 0.2235494880546075 0.5614657210401891 0.02844141069397042 0.026004728132387706
3 0.2235494880546075 0.6323877068557919 0.02844141069397042 0.026004728132387706
3 0.2235494880546075 0.2777777777777778 0.02844141069397042 0.026004728132387706
3 0.2235494880546075 0.3486997635933806 0.02844141069397042 0.026004728132387706
3 0.2235494880546075 0.41962174940898345 0.02844141069397042 0.026004728132387706
3 0.2235494880546075 0.4905437352245863 0.02844141069397042 0.026004728132387706
3 0.2235494880546075 0.5614657210401891 0.02844141069397042 0.026004728132387706
3 0.2235494880546075 0.6323877068557919 0.02844141069397042 0.026004728132387706
3 0.7536973833902162 0.3191489361702128 0.15984072810011377 0.0591016548463357
3 0.773037542662116 0.5591016548463357 0.16382252559726962 0.02364066193853428
3 0.773037542662116 0.5839243498817966 0.16382252559726962 0.02127659574468085
3 0.7718998862343572 0.6560283687943262 0.16552901023890784 0.02364066193853428
3 0.7718998862343572 0.6808510638297872 0.16552901023890784 0.02127659574468085
3 0.37485779294653016 0.08037825059101655 0.025597269624573378 0.02364066193853428
3 0.4124004550625711 0.08037825059101655 0.02844141069397042 0.02364066193853428
3 0.46245733788395904 0.08037825059101655 0.051194539249146756 0.02364066193853428
3 0.5079635949943118 0.08037825059101655 0.019908987485779295 0.02364066193853428
3 0.5409556313993175 0.08037825059101655 0.025597269624573378 0.02364066193853428
3 0.5750853242320819 0.08037825059101655 0.02218430034129693 0.02364066193853428
3 0.23833902161547213 0.06264775413711583 0.06541524459613197 0.02364066193853428
3 0.23378839590443687 0.0851063829787234 0.06541524459613197 0.02364066193853428
3 0.3014789533560865 0.18439716312056736 0.06427758816837315 0.016548463356973995
3 0.3583617747440273 0.18439716312056736 0.02844141069397042 0.016548463356973995
3 0.3993174061433447 0.18439716312056736 0.03299203640500569 0.016548463356973995
3 0.43856655290102387 0.18439716312056736 0.024459613196814563 0.016548463356973995
3 0.47554038680318544 0.18439716312056736 0.02844141069397042 0.016548463356973995
3 0.5170648464163823 0.18439716312056736 0.034129692832764506 0.016548463356973995
3 0.558589306029579 0.18439716312056736 0.02901023890784983 0.016548463356973995