2 0.7145833333333333 0.17189189189189188 0.19479166666666667 0.05189189189189189
3 0.1828125 0 0 0
3 0.22291666666666668 0.03027027027027027 0.06979166666666667 0.036756756756756756
3 0.7135416666666666 0.03351351351351351 0.0578125 0.021621621621621623
3 0.759375 0.03351351351351351 0.033854166666666664 0.021621621621621623
3 0.7916666666666666 0.03351351351351351 0.030729166666666665 0.021621621621621623
3 0.196875 0.08864864864864865 0.0203125 0.021621621621621623
3 0.38125 0.28 0.35520833333333335 0.023783783783783784
3 0.38125 0.32 0.35520833333333335 0.023783783783783784
3 0.38125 0.6572972972972972 0.35520833333333335 0.02702702702702703
3 0.38125 0.7124324324324325 0.35520833333333335 0.04864864864864865
3 0.38125 0.7902702702702703 0.35520833333333335 0.07351351351351351
3 0.38125 0.8551351351351352 0.35520833333333335 0.024864864864864864
3 0.7145833333333333 0.1772972972972973 0.19479166666666667 0.08864864864864865
3 0.7145833333333333 0.1772972972972973 0.19479166666666667 0.08864864864864865
3 0.38125 0.14594594594594595 0.3885416666666667 0.03783783783783784
3 0.38125 0.23243243243243245 0.35520833333333335 0.03027027027027027
3 0.2421875 0.3708108108108108 0.065625 0.015135135135135135
3 0.41875 0.9416216216216217 0.2682291666666667 0.015135135135135135