0 0.584920634920635 0.020879120879120878 0.02486772486772487 0.041758241758241756
0 0.7322751322751323 0.2549450549450549 0.059788359788359786 0.015384615384615385
1 0.7166666666666667 0.02142857142857143 0.18042328042328043 0.04285714285714286
1 0.40793650793650793 0.45274725274725275 0.15026455026455027 0.3120879120879121
1 0.5666666666666667 0.45274725274725275 0.15026455026455027 0.3120879120879121
1 0.7253968253968254 0.45274725274725275 0.15026455026455027 0.3120879120879121
1 0.21746031746031746 0.020879120879120878 0.07089947089947089 0.03736263736263736
2 0.4388888888888889 0.020879120879120878 0.31693121693121695 0.041758241758241756
2 0.5026455026455027 0.01978021978021978 0.007407407407407408 0.015384615384615385
3 0.5317460317460317 0.020879120879120878 0.082010582010582 0.02857142857142857
3 0.37354497354497357 0.6824175824175824 0.06084656084656084 0.020879120879120878
3 0.40793650793650793 0.7549450549450549 0.1291005291005291 0.014285714285714285
3 0.5322751322751322 0.6824175824175824 0.06084656084656084 0.020879120879120878
3 0.691005291005291 0.6824175824175824 0.06084656084656084 0.020879120879120878
3 0.5370370370370371 0.01978021978021978 0.056613756613756616 0.02197802197802198
3 0.5370370370370371 0.01978021978021978 0.056613756613756616 0.02197802197802198
3 0.2518518518518518 0.29010989010989013 0.14708994708994708 0.03296703296703297
3 0.40793650793650793 0.7263736263736263 0.1291005291005291 0.03956043956043956
3 0.5666666666666667 0.7164835164835165 0.1291005291005291 0.01978021978021978
3 0.7253968253968254 0.7263736263736263 0.1291005291005291 0.03956043956043956
3 0.3433862433862434 0.07692307692307693 0.023809523809523808 0.02197802197802198
3 0.3783068783068783 0.07692307692307693 0.026455026455026454 0.02197802197802198
3 0.4248677248677249 0.07692307692307693 0.047619047619047616 0.02197802197802198
3 0.4671957671957672 0.07692307692307693 0.018518518518518517 0.02197802197802198
3 0.4978835978835979 0.07692307692307693 0.023809523809523808 0.02197802197802198
3 0.5296296296296297 0.07692307692307693 0.020634920634920634 0.02197802197802198
3 0.2126984126984127 0.5824175824175825 0.06878306878306878 0.01978021978021978
3 0.19153439153439153 0.6681318681318681 0.026455026455026454 0.01978021978021978
3 0.1873015873015873 0.6945054945054945 0.018518518518518517 0.01978021978021978
3 0.1873015873015873 0.7208791208791209 0.018518518518518517 0.01978021978021978
3 0.19576719576719576 0.7472527472527473 0.035449735449735446 0.01978021978021978
3 0.1873015873015873 0.7736263736263737 0.018518518518518517 0.01978021978021978
3 0.18835978835978837 0.8 0.020634920634920634 0.01978021978021978
3 0.18941798941798943 0.8857142857142857 0.02275132275132275 0.01978021978021978
3 0.18941798941798943 0.9120879120879121 0.022222222222222223 0.01978021978021978
3 0.1873015873015873 0.9384615384615385 0.01798941798941799 0.01978021978021978
3 0.1873015873015873 0.9648351648351648 0.018518518518518517 0.01978021978021978
3 0.26031746031746034 0.5824175824175825 0.021693121693121695 0.01978021978021978
3 0.21798941798941798 0.6681318681318681 0.021693121693121695 0.01978021978021978
3 0.2105820105820106 0.6945054945054945 0.021693121693121695 0.01978021978021978
3 0.20952380952380953 0.7208791208791209 0.020105820105820106 0.01978021978021978
3 0.22592592592592592 0.7472527472527473 0.01904761904761905 0.01978021978021978
3 0.20952380952380953 0.7736263736263737 0.020105820105820106 0.01978021978021978
3 0.20793650793650795 0.8 0.01164021164021164 0.01978021978021978
3 0.21481481481481482 0.8857142857142857 0.022222222222222223 0.01978021978021978
3 0.20952380952380953 0.9120879120879121 0.01216931216931217 0.01978021978021978
3 0.20264550264550266 0.9384615384615385 0.007407407407407408 0.01978021978021978
3 0.20317460317460317 0.9648351648351648 0.007407407407407408 0.01978021978021978
3 0.2164021164021164 0.06043956043956044 0.06084656084656084 0.02197802197802198
3 0.21216931216931217 0.08131868131868132 0.06084656084656084 0.02197802197802198
3 0.20793650793650795 0.24505494505494504 0.059788359788359786 0.02197802197802198
3 0.2613756613756614 0.24505494505494504 0.026455026455026454 0.02197802197802198
3 0.3 0.24505494505494504 0.030687830687830688 0.02197802197802198