0 0.5663841807909604 0.006455399061032864 0.02655367231638418 0.012910798122065728
0 0.7237288135593221 0.24061032863849766 0.06384180790960452 0.01643192488262911
1 0.7070621468926553 0.007042253521126761 0.19265536723163842 0.014084507042253521
1 0.37740112994350283 0.4518779342723005 0.16045197740112993 0.3333333333333333
1 0.5468926553672316 0.4518779342723005 0.16045197740112993 0.3333333333333333
1 0.7163841807909604 0.4518779342723005 0.16045197740112993 0.3333333333333333
1 0.17429378531073447 0.005868544600938967 0.07627118644067797 0.011737089201877934
2 0.41045197740112993 0.006455399061032864 0.3384180790960452 0.012910798122065728
3 0.5096045197740113 0.0035211267605633804 0.08813559322033898 0.007042253521126761
3 0.34067796610169493 0.6971830985915493 0.06497175141242938 0.022300469483568074
3 0.37740112994350283 0.7746478873239436 0.13785310734463277 0.015258215962441314
3 0.5101694915254237 0.6971830985915493 0.06497175141242938 0.022300469483568074
3 0.6796610169491526 0.6971830985915493 0.06497175141242938 0.022300469483568074
3 0.21073446327683615 0.27816901408450706 0.15706214689265538 0.035211267605633804
3 0.37740112994350283 0.744131455399061 0.13785310734463277 0.04225352112676056
3 0.5468926553672316 0.7335680751173709 0.13785310734463277 0.02112676056338028
3 0.7163841807909604 0.744131455399061 0.13785310734463277 0.04225352112676056
3 0.30847457627118646 0.05046948356807512 0.025423728813559324 0.023474178403755867
3 0.34576271186440677 0.05046948356807512 0.02824858757062147 0.023474178403755867
3 0.3954802259887006 0.05046948356807512 0.05084745762711865 0.023474178403755867
3 0.4406779661016949 0.05046948356807512 0.01977401129943503 0.023474178403755867
3 0.47344632768361583 0.05046948356807512 0.025423728813559324 0.023474178403755867
3 0.5073446327683616 0.05046948356807512 0.022033898305084745 0.023474178403755867
3 0.16892655367231638 0.5903755868544601 0.07344632768361582 0.02112676056338028
3 0.14632768361581922 0.681924882629108 0.02824858757062147 0.02112676056338028
3 0.14180790960451978 0.710093896713615 0.01977401129943503 0.02112676056338028
3 0.14180790960451978 0.7382629107981221 0.01977401129943503 0.02112676056338028
3 0.15084745762711865 0.7664319248826291 0.03785310734463277 0.02112676056338028
3 0.14180790960451978 0.7946009389671361 0.01977401129943503 0.02112676056338028
3 0.14293785310734464 0.8227699530516432 0.022033898305084745 0.02112676056338028
3 0.1440677966101695 0.9143192488262911 0.024293785310734464 0.02112676056338028
3 0.1440677966101695 0.9424882629107981 0.023728813559322035 0.02112676056338028
3 0.14180790960451978 0.9706572769953051 0.0192090395480226 0.02112676056338028
3 0.14180790960451978 0.9935446009389671 0.020338983050847456 0.01056338028169014
3 0.21977401129943502 0.5903755868544601 0.023163841807909605 0.02112676056338028
3 0.17457627118644067 0.681924882629108 0.023163841807909605 0.02112676056338028
3 0.16666666666666666 0.710093896713615 0.023163841807909605 0.02112676056338028
3 0.1655367231638418 0.7382629107981221 0.021468926553672316 0.02112676056338028
3 0.18305084745762712 0.7664319248826291 0.020338983050847456 0.02112676056338028
3 0.1655367231638418 0.7946009389671361 0.021468926553672316 0.02112676056338028
3 0.1638418079096045 0.8227699530516432 0.012429378531073447 0.02112676056338028
3 0.1711864406779661 0.9143192488262911 0.023728813559322035 0.02112676056338028
3 0.1655367231638418 0.9424882629107981 0.012994350282485875 0.02112676056338028
3 0.15819209039548024 0.9706572769953051 0.007909604519774011 0.02112676056338028
3 0.15903954802259887 0.9935446009389671 0.00847457627118644 0.01056338028169014
3 0.17288135593220338 0.03286384976525822 0.06497175141242938 0.023474178403755867
3 0.16836158192090395 0.05516431924882629 0.06497175141242938 0.023474178403755867
3 0.1638418079096045 0.2300469483568075 0.06384180790960452 0.023474178403755867
3 0.22090395480225988 0.2300469483568075 0.02824858757062147 0.023474178403755867
3 0.2621468926553672 0.2300469483568075 0.0327683615819209 0.023474178403755867