0 0.5853403141361256 0.025 0.024083769633507852 0.042391304347826085
0 0.731413612565445 0.2576086956521739 0.059162303664921465 0.015217391304347827
1 0.7157068062827225 0.02608695652173913 0.17801047120418848 0.042391304347826085
1 0.41047120418848165 0.4532608695652174 0.1486910994764398 0.30869565217391304
1 0.5675392670157068 0.4532608695652174 0.1486910994764398 0.30869565217391304
1 0.724607329842932 0.4532608695652174 0.1486910994764398 0.30869565217391304
1 0.22198952879581152 0.02608695652173913 0.07015706806282722 0.03695652173913044
2 0.4408376963350785 0.025 0.31308900523560207 0.042391304347826085
2 0.5041884816753927 0.025 0.007329842931937173 0.015217391304347827
3 0.5329842931937173 0.02608695652173913 0.08115183246073299 0.02826086956521739
3 0.37643979057591626 0.6804347826086956 0.060209424083769635 0.020652173913043477
3 0.5335078534031413 0.6804347826086956 0.060209424083769635 0.020652173913043477
3 0.7083769633507854 0.7 0.09528795811518324 0.020652173913043477
3 0.724607329842932 0.7717391304347826 0.12774869109947645 0.014130434782608696
3 0.5382198952879581 0.025 0.05602094240837696 0.021739130434782608
3 0.5382198952879581 0.025 0.05602094240837696 0.021739130434782608
3 0.256020942408377 0.29239130434782606 0.14554973821989528 0.03260869565217391
3 0.41047120418848165 0.7239130434782609 0.12774869109947645 0.0391304347826087
3 0.5675392670157068 0.7239130434782609 0.12774869109947645 0.0391304347826087
3 0.724607329842932 0.7434782608695653 0.12774869109947645 0.0391304347826087
3 0.34659685863874345 0.08152173913043478 0.02356020942408377 0.021739130434782608
3 0.381151832460733 0.08152173913043478 0.02617801047120419 0.021739130434782608
3 0.4272251308900524 0.08152173913043478 0.04712041884816754 0.021739130434782608
3 0.46910994764397906 0.08152173913043478 0.01832460732984293 0.021739130434782608
3 0.49947643979057593 0.08152173913043478 0.02356020942408377 0.021739130434782608
3 0.5308900523560209 0.08152173913043478 0.020418848167539267 0.021739130434782608
3 0.21727748691099477 0.5815217391304348 0.06806282722513089 0.01956521739130435
3 0.20052356020942408 0.6663043478260869 0.03507853403141361 0.01956521739130435
3 0.19214659685863875 0.6923913043478261 0.01832460732984293 0.01956521739130435
3 0.19633507853403143 0.7184782608695652 0.02617801047120419 0.01956521739130435
3 0.19214659685863875 0.7445652173913043 0.01832460732984293 0.01956521739130435
3 0.19214659685863875 0.7706521739130435 0.01832460732984293 0.01956521739130435
3 0.1931937172774869 0.7967391304347826 0.020418848167539267 0.01956521739130435
3 0.19842931937172775 0.8815217391304347 0.030890052356020943 0.01956521739130435
3 0.19214659685863875 0.907608695652174 0.01780104712041885 0.01956521739130435
3 0.20418848167539266 0.933695652173913 0.042408376963350786 0.01956521739130435
3 0.19424083769633507 0.9597826086956521 0.02198952879581152 0.01956521739130435
3 0.1905759162303665 0.9858695652173913 0.014659685863874346 0.01956521739130435
3 0.2607329842931937 0.5815217391304348 0.013612565445026177 0.01956521739130435
3 0.2319371727748691 0.6663043478260869 0.02198952879581152 0.01956521739130435
3 0.21518324607329842 0.6923913043478261 0.02198952879581152 0.01956521739130435
3 0.22146596858638742 0.7184782608695652 0.0193717277486911 0.01956521739130435
3 0.21256544502617802 0.7445652173913043 0.016230366492146597 0.01956521739130435
3 0.21151832460732983 0.7706521739130435 0.015183246073298429 0.01956521739130435
3 0.21047120418848167 0.7967391304347826 0.007853403141361256 0.01956521739130435
3 0.22722513089005236 0.8815217391304347 0.021465968586387434 0.01956521739130435
3 0.2094240837696335 0.907608695652174 0.011518324607329843 0.01956521739130435
3 0.23403141361256544 0.933695652173913 0.012041884816753926 0.01956521739130435
3 0.2130890052356021 0.9597826086956521 0.009947643979057591 0.01956521739130435
3 0.20523560209424083 0.9858695652173913 0.009947643979057591 0.01956521739130435
3 0.22094240837696336 0.06521739130434782 0.060209424083769635 0.021739130434782608
3 0.21675392670157068 0.08586956521739131 0.060209424083769635 0.021739130434782608
3 0.21256544502617802 0.24782608695652175 0.059162303664921465 0.021739130434782608
3 0.26544502617801047 0.24782608695652175 0.02617801047120419 0.021739130434782608
3 0.3036649214659686 0.24782608695652175 0.030366492146596858 0.021739130434782608