0 0.6484375 0.02283653846153846 0.027199074074074073 0.04567307692307692
0 0.8096064814814815 0.27884615384615385 0.06539351851851852 0.016826923076923076
1 0.7925347222222222 0.0234375 0.19733796296296297 0.046875
1 0.4548611111111111 0.4951923076923077 0.16435185185185186 0.34134615384615385
1 0.6284722222222222 0.4951923076923077 0.16435185185185186 0.34134615384615385
1 0.8020833333333334 0.4951923076923077 0.16435185185185186 0.34134615384615385
1 0.2465277777777778 0.02283653846153846 0.0775462962962963 0.040865384615384616
2 0.4887152777777778 0.02283653846153846 0.34664351851851855 0.04567307692307692
2 0.5584490740740741 0.021634615384615384 0.008101851851851851 0.016826923076923076
3 0.5902777777777778 0.02283653846153846 0.08969907407407407 0.03125
3 0.41724537037037035 0.7944711538461539 0.06655092592592593 0.02283653846153846
3 0.4548611111111111 0.8737980769230769 0.1412037037037037 0.015625
3 0.5908564814814815 0.7463942307692307 0.06655092592592593 0.02283653846153846
3 0.6284722222222222 0.8257211538461539 0.1412037037037037 0.015625
3 0.7644675925925926 0.7463942307692307 0.06655092592592593 0.02283653846153846
3 0.8020833333333334 0.8257211538461539 0.1412037037037037 0.015625
3 0.5960648148148148 0.021634615384615384 0.061921296296296294 0.02403846153846154
3 0.5960648148148148 0.021634615384615384 0.061921296296296294 0.02403846153846154
3 0.28414351851851855 0.33533653846153844 0.16087962962962962 0.07211538461538461
3 0.4548611111111111 0.8425480769230769 0.1412037037037037 0.04326923076923077
3 0.6284722222222222 0.7944711538461539 0.1412037037037037 0.04326923076923077
3 0.8020833333333334 0.7944711538461539 0.1412037037037037 0.04326923076923077
3 0.38425925925925924 0.08413461538461539 0.026041666666666668 0.02403846153846154
3 0.4224537037037037 0.08413461538461539 0.028935185185185185 0.02403846153846154
3 0.47337962962962965 0.08413461538461539 0.052083333333333336 0.02403846153846154
3 0.5196759259259259 0.08413461538461539 0.02025462962962963 0.02403846153846154
3 0.5532407407407407 0.08413461538461539 0.026041666666666668 0.02403846153846154
3 0.5879629629629629 0.08413461538461539 0.022569444444444444 0.02403846153846154
3 0.24131944444444445 0.6730769230769231 0.07523148148148148 0.021634615384615384
3 0.2181712962962963 0.7668269230769231 0.028935185185185185 0.021634615384615384
3 0.21354166666666666 0.7956730769230769 0.02025462962962963 0.021634615384615384
3 0.21354166666666666 0.8245192307692307 0.02025462962962963 0.021634615384615384
3 0.22280092592592593 0.8533653846153846 0.03877314814814815 0.021634615384615384
3 0.21354166666666666 0.8822115384615384 0.02025462962962963 0.021634615384615384
3 0.21469907407407407 0.9110576923076923 0.022569444444444444 0.021634615384615384
3 0.2181712962962963 0.9963942307692307 0.03009259259259259 0.004807692307692308
3 0.28877314814814814 0.6730769230769231 0.014467592592592593 0.021634615384615384
3 0.24710648148148148 0.7668269230769231 0.023726851851851853 0.021634615384615384
3 0.2355324074074074 0.7956730769230769 0.017361111111111112 0.021634615384615384
3 0.2349537037037037 0.8245192307692307 0.015625 0.021634615384615384
3 0.2517361111111111 0.8533653846153846 0.013310185185185185 0.021634615384615384
3 0.2332175925925926 0.8822115384615384 0.01273148148148148 0.021634615384615384
3 0.2337962962962963 0.9110576923076923 0.008680555555555556 0.021634615384615384
3 0.24450231481481483 0.9963942307692307 0.01678240740740741 0.004807692307692308
3 0.24537037037037038 0.06610576923076923 0.06655092592592593 0.02403846153846154
3 0.24074074074074073 0.0889423076923077 0.06655092592592593 0.02403846153846154
3 0.2361111111111111 0.26802884615384615 0.06539351851851852 0.02403846153846154
3 0.2945601851851852 0.26802884615384615 0.028935185185185185 0.02403846153846154
3 0.3368055555555556 0.26802884615384615 0.03356481481481482 0.02403846153846154