0 0.590034965034965 0.01694915254237288 0.027389277389277388 0.03389830508474576
0 0.7523310023310024 0.25907990314769974 0.06585081585081586 0.01694915254237288
0 0.8385780885780886 0.3644067796610169 0.018648018648018648 0.0387409200968523
1 0.7351398601398601 0.017554479418886198 0.1987179487179487 0.035108958837772396
1 0.3409090909090909 0.3644067796610169 0.05011655011655012 0.10411622276029056
1 0.40675990675990675 0.3644067796610169 0.05011655011655012 0.10411622276029056
1 0.47202797202797203 0.3644067796610169 0.05011655011655012 0.10411622276029056
1 0.5378787878787878 0.3644067796610169 0.05011655011655012 0.10411622276029056
1 0.6031468531468531 0.3644067796610169 0.05011655011655012 0.10411622276029056
1 0.668997668997669 0.3644067796610169 0.05011655011655012 0.10411622276029056
1 0.7342657342657343 0.3644067796610169 0.05011655011655012 0.10411622276029056
1 0.8001165501165501 0.3644067796610169 0.05011655011655012 0.10411622276029056
1 0.3951048951048951 0.6198547215496368 0.1655011655011655 0.34382566585956414
1 0.5699300699300699 0.6198547215496368 0.1655011655011655 0.34382566585956414
1 0.7447552447552448 0.6198547215496368 0.1655011655011655 0.34382566585956414
1 0.1856060606060606 0.016343825665859565 0.07867132867132867 0.03268765133171913
2 0.4291958041958042 0.01694915254237288 0.34906759906759904 0.03389830508474576
2 0.4994172494172494 0.009685230024213076 0.008158508158508158 0.01694915254237288
3 0.5314685314685315 0.013922518159806295 0.09090909090909091 0.02784503631961259
3 0.3572261072261072 0.8934624697336562 0.06701631701631702 0.023002421307506054
3 0.3951048951048951 0.9733656174334141 0.14219114219114218 0.015738498789346248
3 0.532051282051282 0.8728813559322034 0.06701631701631702 0.023002421307506054
3 0.7068764568764568 0.8728813559322034 0.06701631701631702 0.023002421307506054
3 0.7447552447552448 0.9527845036319612 0.14219114219114218 0.015738498789346248
3 0.5372960372960373 0.011501210653753027 0.06293706293706294 0.023002421307506054
3 0.5372960372960373 0.011501210653753027 0.06293706293706294 0.023002421307506054
3 0.22319347319347319 0.32566585956416466 0.16200466200466201 0.07263922518159806
3 0.3951048951048951 0.9418886198547215 0.14219114219114218 0.043583535108958835
3 0.5699300699300699 0.9213075060532687 0.14219114219114218 0.043583535108958835
3 0.7447552447552448 0.9213075060532687 0.14219114219114218 0.043583535108958835
3 0.32400932400932403 0.07263922518159806 0.026223776223776224 0.024213075060532687
3 0.36247086247086246 0.07263922518159806 0.029137529137529136 0.024213075060532687
3 0.41375291375291373 0.07263922518159806 0.05244755244755245 0.024213075060532687
3 0.4603729603729604 0.07263922518159806 0.020396270396270396 0.024213075060532687
3 0.49417249417249415 0.07263922518159806 0.026223776223776224 0.024213075060532687
3 0.5291375291375291 0.07263922518159806 0.022727272727272728 0.024213075060532687
3 0.18006993006993008 0.6658595641646489 0.07575757575757576 0.021791767554479417
3 0.1520979020979021 0.7602905569007264 0.020396270396270396 0.021791767554479417
3 0.1520979020979021 0.7893462469733656 0.020396270396270396 0.021791767554479417
3 0.16142191142191142 0.8184019370460048 0.03904428904428905 0.021791767554479417
3 0.1520979020979021 0.847457627118644 0.020396270396270396 0.021791767554479417
3 0.15675990675990675 0.8765133171912833 0.029137529137529136 0.021791767554479417
3 0.15326340326340326 0.9055690072639225 0.022727272727272728 0.021791767554479417
3 0.15675990675990675 0.9939467312348669 0.030303030303030304 0.009685230024213076
3 0.229020979020979 0.6658595641646489 0.0168997668997669 0.021791767554479417
3 0.1754079254079254 0.7602905569007264 0.018648018648018648 0.021791767554479417
3 0.1754079254079254 0.7893462469733656 0.019813519813519812 0.021791767554479417
3 0.19172494172494173 0.8184019370460048 0.015151515151515152 0.021791767554479417
3 0.17191142191142192 0.847457627118644 0.01282051282051282 0.021791767554479417
3 0.18006993006993008 0.8765133171912833 0.012237762237762238 0.021791767554479417
3 0.17249417249417248 0.9055690072639225 0.008741258741258742 0.021791767554479417
3 0.18298368298368298 0.9939467312348669 0.017482517482517484 0.009685230024213076
3 0.18414918414918416 0.05447941888619855 0.06701631701631702 0.024213075060532687
3 0.1794871794871795 0.0774818401937046 0.06701631701631702 0.024213075060532687
3 0.17482517482517482 0.25786924939467315 0.06585081585081586 0.024213075060532687
3 0.23368298368298368 0.25786924939467315 0.029137529137529136 0.024213075060532687
3 0.2762237762237762 0.25786924939467315 0.0337995337995338 0.024213075060532687