0 0.5630555555555555 0.02020785219399538 0.026111111111111113 0.04041570438799076
0 0.7177777777777777 0.25519630484988454 0.06277777777777778 0.016166281755196306
0 0.8 0.3556581986143187 0.017777777777777778 0.03695150115473441
1 0.7013888888888888 0.020785219399538105 0.18944444444444444 0.04157043879907621
1 0.32555555555555554 0.3556581986143187 0.04777777777777778 0.09930715935334873
1 0.3883333333333333 0.3556581986143187 0.04777777777777778 0.09930715935334873
1 0.45055555555555554 0.3556581986143187 0.04777777777777778 0.09930715935334873
1 0.5133333333333333 0.3556581986143187 0.04777777777777778 0.09930715935334873
1 0.5755555555555556 0.3556581986143187 0.04777777777777778 0.09930715935334873
1 0.6383333333333333 0.3556581986143187 0.04777777777777778 0.09930715935334873
1 0.7005555555555556 0.3556581986143187 0.04777777777777778 0.09930715935334873
1 0.7633333333333333 0.3556581986143187 0.04777777777777778 0.09930715935334873
1 0.37722222222222224 0.5993071593533488 0.15777777777777777 0.3279445727482679
1 0.5438888888888889 0.5993071593533488 0.15777777777777777 0.3279445727482679
1 0.7105555555555556 0.5993071593533488 0.15777777777777777 0.3279445727482679
1 0.1775 0.019630484988452657 0.075 0.03926096997690531
2 0.4097222222222222 0.02020785219399538 0.3327777777777778 0.04041570438799076
2 0.4766666666666667 0.017321016166281754 0.0077777777777777776 0.016166281755196306
3 0.5072222222222222 0.018475750577367205 0.08611111111111111 0.03002309468822171
3 0.3411111111111111 0.8602771362586605 0.06388888888888888 0.021939953810623556
3 0.37722222222222224 0.9364896073903002 0.13555555555555557 0.015011547344110854
3 0.5077777777777778 0.8406466512702079 0.06388888888888888 0.021939953810623556
3 0.6744444444444444 0.8406466512702079 0.06388888888888888 0.021939953810623556
3 0.7105555555555556 0.9168591224018475 0.13555555555555557 0.015011547344110854
3 0.5127777777777778 0.017321016166281754 0.059444444444444446 0.023094688221709007
3 0.5127777777777778 0.017321016166281754 0.059444444444444446 0.023094688221709007
3 0.21333333333333335 0.3187066974595843 0.15444444444444444 0.06928406466512702
3 0.37722222222222224 0.9064665127020786 0.13555555555555557 0.04157043879907621
3 0.5438888888888889 0.8868360277136259 0.13555555555555557 0.04157043879907621
3 0.7105555555555556 0.8868360277136259 0.13555555555555557 0.04157043879907621
3 0.30944444444444447 0.07736720554272518 0.025 0.023094688221709007
3 0.3461111111111111 0.07736720554272518 0.027777777777777776 0.023094688221709007
3 0.395 0.07736720554272518 0.05 0.023094688221709007
3 0.43944444444444447 0.07736720554272518 0.019444444444444445 0.023094688221709007
3 0.4716666666666667 0.07736720554272518 0.025 0.023094688221709007
3 0.505 0.07736720554272518 0.021666666666666667 0.023094688221709007
3 0.17222222222222222 0.6431870669745958 0.07222222222222222 0.020785219399538105
3 0.14555555555555555 0.733256351039261 0.019444444444444445 0.020785219399538105
3 0.14555555555555555 0.7609699769053118 0.019444444444444445 0.020785219399538105
3 0.15444444444444444 0.7886836027713626 0.03722222222222222 0.020785219399538105
3 0.14555555555555555 0.8163972286374134 0.019444444444444445 0.020785219399538105
3 0.15 0.8441108545034642 0.027777777777777776 0.020785219399538105
3 0.14666666666666667 0.871824480369515 0.021666666666666667 0.020785219399538105
3 0.15 0.9618937644341802 0.028333333333333332 0.020785219399538105
3 0.14944444444444444 0.9890300230946882 0.027777777777777776 0.019630484988452657
3 0.21888888888888888 0.6431870669745958 0.01611111111111111 0.020785219399538105
3 0.16777777777777778 0.733256351039261 0.017777777777777778 0.020785219399538105
3 0.16777777777777778 0.7609699769053118 0.01888888888888889 0.020785219399538105
3 0.18333333333333332 0.7886836027713626 0.014444444444444444 0.020785219399538105
3 0.16444444444444445 0.8163972286374134 0.012222222222222223 0.020785219399538105
3 0.17222222222222222 0.8441108545034642 0.011666666666666667 0.020785219399538105
3 0.165 0.871824480369515 0.008333333333333333 0.020785219399538105
3 0.175 0.9618937644341802 0.01611111111111111 0.020785219399538105
3 0.1725 0.9890300230946882 0.012777777777777779 0.019630484988452657
3 0.1761111111111111 0.06004618937644342 0.06388888888888888 0.023094688221709007
3 0.17166666666666666 0.08198614318706697 0.06388888888888888 0.023094688221709007
3 0.16722222222222222 0.2540415704387991 0.06277777777777778 0.023094688221709007
3 0.22333333333333333 0.2540415704387991 0.027777777777777776 0.023094688221709007
3 0.2638888888888889 0.2540415704387991 0.03222222222222222 0.023094688221709007