0 0.5832460732984294 0.02717391304347826 0.024083769633507852 0.042391304347826085
0 0.7293193717277487 0.2510869565217391 0.059162303664921465 0.015217391304347827
0 0.8068062827225131 0.3456521739130435 0.016753926701570682 0.034782608695652174
1 0.7136125654450262 0.02826086956521739 0.17801047120418848 0.042391304347826085
1 0.35968586387434553 0.3456521739130435 0.04502617801047121 0.09347826086956522
1 0.418848167539267 0.3456521739130435 0.04502617801047121 0.09347826086956522
1 0.4774869109947644 0.3456521739130435 0.04502617801047121 0.09347826086956522
1 0.5366492146596858 0.3456521739130435 0.04502617801047121 0.09347826086956522
1 0.5952879581151832 0.3456521739130435 0.04502617801047121 0.09347826086956522
1 0.6544502617801047 0.3456521739130435 0.04502617801047121 0.09347826086956522
1 0.7130890052356021 0.3456521739130435 0.04502617801047121 0.09347826086956522
1 0.7722513089005235 0.3456521739130435 0.04502617801047121 0.09347826086956522
1 0.4083769633507853 0.575 0.1486910994764398 0.30869565217391304
1 0.5654450261780105 0.575 0.1486910994764398 0.30869565217391304
1 0.7225130890052356 0.575 0.1486910994764398 0.30869565217391304
1 0.2198952879581152 0.02826086956521739 0.07015706806282722 0.03695652173913044
2 0.4387434554973822 0.02717391304347826 0.31308900523560207 0.042391304347826085
2 0.5020942408376964 0.02717391304347826 0.007329842931937173 0.015217391304347827
3 0.5308900523560209 0.02826086956521739 0.08115183246073299 0.02826086956521739
3 0.3743455497382199 0.8206521739130435 0.060209424083769635 0.020652173913043477
3 0.4083769633507853 0.8923913043478261 0.12774869109947645 0.014130434782608696
3 0.5314136125654451 0.8021739130434783 0.060209424083769635 0.020652173913043477
3 0.6884816753926701 0.8021739130434783 0.060209424083769635 0.020652173913043477
3 0.7225130890052356 0.8739130434782608 0.12774869109947645 0.014130434782608696
3 0.5361256544502618 0.02717391304347826 0.05602094240837696 0.021739130434782608
3 0.5361256544502618 0.02717391304347826 0.05602094240837696 0.021739130434782608
3 0.25392670157068065 0.3108695652173913 0.14554973821989528 0.06521739130434782
3 0.4083769633507853 0.8641304347826086 0.12774869109947645 0.0391304347826087
3 0.5654450261780105 0.8456521739130435 0.12774869109947645 0.0391304347826087
3 0.7225130890052356 0.8456521739130435 0.12774869109947645 0.0391304347826087
3 0.34450261780104713 0.08369565217391305 0.02356020942408377 0.021739130434782608
3 0.37905759162303665 0.08369565217391305 0.02617801047120419 0.021739130434782608
3 0.42513089005235605 0.08369565217391305 0.04712041884816754 0.021739130434782608
3 0.46701570680628274 0.08369565217391305 0.01832460732984293 0.021739130434782608
3 0.4973821989528796 0.08369565217391305 0.02356020942408377 0.021739130434782608
3 0.5287958115183246 0.08369565217391305 0.020418848167539267 0.021739130434782608
3 0.21518324607329842 0.616304347826087 0.06806282722513089 0.01956521739130435
3 0.19005235602094242 0.7010869565217391 0.01832460732984293 0.01956521739130435
3 0.19005235602094242 0.7271739130434782 0.01832460732984293 0.01956521739130435
3 0.19842931937172775 0.7532608695652174 0.03507853403141361 0.01956521739130435
3 0.19005235602094242 0.7793478260869565 0.01832460732984293 0.01956521739130435
3 0.19424083769633507 0.8054347826086956 0.02617801047120419 0.01956521739130435
3 0.19109947643979058 0.8315217391304348 0.020418848167539267 0.01956521739130435
3 0.19424083769633507 0.9163043478260869 0.026701570680628273 0.01956521739130435
3 0.193717277486911 0.9423913043478261 0.025654450261780103 0.01956521739130435
3 0.18952879581151832 0.9684782608695652 0.016753926701570682 0.01956521739130435
3 0.2591623036649215 0.616304347826087 0.015183246073298429 0.01956521739130435
3 0.21099476439790577 0.7010869565217391 0.016753926701570682 0.01956521739130435
3 0.21099476439790577 0.7271739130434782 0.01780104712041885 0.01956521739130435
3 0.2256544502617801 0.7532608695652174 0.013612565445026177 0.01956521739130435
3 0.20785340314136125 0.7793478260869565 0.011518324607329843 0.01956521739130435
3 0.21518324607329842 0.8054347826086956 0.01099476439790576 0.01956521739130435
3 0.20837696335078534 0.8315217391304348 0.007853403141361256 0.01956521739130435
3 0.21780104712041884 0.9163043478260869 0.015183246073298429 0.01956521739130435
3 0.21518324607329842 0.9423913043478261 0.011518324607329843 0.01956521739130435
3 0.20628272251308902 0.9684782608695652 0.012041884816753926 0.01956521739130435
3 0.218848167539267 0.06739130434782609 0.060209424083769635 0.021739130434782608
3 0.21465968586387435 0.08804347826086957 0.060209424083769635 0.021739130434782608
3 0.21047120418848167 0.25 0.059162303664921465 0.021739130434782608
3 0.26335078534031414 0.25 0.02617801047120419 0.021739130434782608
3 0.30157068062827225 0.25 0.030366492146596858 0.021739130434782608