0 0.5626373626373626 0.023972602739726026 0.025274725274725275 0.04452054794520548
0 0.7159340659340659 0.2591324200913242 0.06208791208791209 0.01598173515981735
0 0.7972527472527473 0.3584474885844749 0.017582417582417582 0.0365296803652968
1 0.6994505494505494 0.02511415525114155 0.18681318681318682 0.04452054794520548
1 0.328021978021978 0.3584474885844749 0.04725274725274725 0.09817351598173515
1 0.3901098901098901 0.3584474885844749 0.04725274725274725 0.09817351598173515
1 0.45164835164835165 0.3584474885844749 0.04725274725274725 0.09817351598173515
1 0.5137362637362637 0.3584474885844749 0.04725274725274725 0.09817351598173515
1 0.5752747252747252 0.3584474885844749 0.04725274725274725 0.09817351598173515
1 0.6373626373626373 0.3584474885844749 0.04725274725274725 0.09817351598173515
1 0.6989010989010989 0.3584474885844749 0.04725274725274725 0.09817351598173515
1 0.760989010989011 0.3584474885844749 0.04725274725274725 0.09817351598173515
1 0.3791208791208791 0.5993150684931506 0.15604395604395604 0.3242009132420091
1 0.5439560439560439 0.5993150684931506 0.15604395604395604 0.3242009132420091
1 0.7087912087912088 0.5993150684931506 0.15604395604395604 0.3242009132420091
1 0.1813186813186813 0.02511415525114155 0.07362637362637363 0.03881278538812785
2 0.41098901098901097 0.023972602739726026 0.32857142857142857 0.04452054794520548
2 0.4774725274725275 0.023972602739726026 0.007692307692307693 0.01598173515981735
3 0.5076923076923077 0.02511415525114155 0.08516483516483517 0.02968036529680365
3 0.3434065934065934 0.8378995433789954 0.06318681318681318 0.021689497716894976
3 0.5082417582417582 0.8378995433789954 0.06318681318681318 0.021689497716894976
3 0.6917582417582417 0.8584474885844748 0.1 0.021689497716894976
3 0.7087912087912088 0.9337899543378996 0.13406593406593406 0.014840182648401826
3 0.5131868131868131 0.023972602739726026 0.05879120879120879 0.0228310502283105
3 0.5131868131868131 0.023972602739726026 0.05879120879120879 0.0228310502283105
3 0.21703296703296704 0.3047945205479452 0.15274725274725276 0.03424657534246575
3 0.3791208791208791 0.8835616438356164 0.13406593406593406 0.0410958904109589
3 0.5439560439560439 0.8835616438356164 0.13406593406593406 0.0410958904109589
3 0.7087912087912088 0.9041095890410958 0.13406593406593406 0.0410958904109589
3 0.3120879120879121 0.08333333333333333 0.024725274725274724 0.0228310502283105
3 0.34835164835164834 0.08333333333333333 0.027472527472527472 0.0228310502283105
3 0.3967032967032967 0.08333333333333333 0.04945054945054945 0.0228310502283105
3 0.44065934065934065 0.08333333333333333 0.019230769230769232 0.0228310502283105
3 0.4725274725274725 0.08333333333333333 0.024725274725274724 0.0228310502283105
3 0.5054945054945055 0.08333333333333333 0.02142857142857143 0.0228310502283105
3 0.17637362637362639 0.6084474885844748 0.07142857142857142 0.02054794520547945
3 0.15 0.6974885844748858 0.019230769230769232 0.02054794520547945
3 0.1543956043956044 0.7248858447488584 0.027472527472527472 0.02054794520547945
3 0.15879120879120878 0.752283105022831 0.036813186813186814 0.02054794520547945
3 0.15 0.7796803652968036 0.019230769230769232 0.02054794520547945
3 0.15 0.8070776255707762 0.019230769230769232 0.02054794520547945
3 0.1510989010989011 0.8344748858447488 0.02142857142857143 0.02054794520547945
3 0.1543956043956044 0.9235159817351598 0.028021978021978023 0.02054794520547945
3 0.15384615384615385 0.9509132420091324 0.026923076923076925 0.02054794520547945
3 0.15 0.978310502283105 0.019230769230769232 0.02054794520547945
3 0.22527472527472528 0.6084474885844748 0.020879120879120878 0.02054794520547945
3 0.17362637362637362 0.6974885844748858 0.022527472527472527 0.02054794520547945
3 0.17802197802197803 0.7248858447488584 0.014285714285714285 0.02054794520547945
3 0.18626373626373627 0.752283105022831 0.012087912087912088 0.02054794520547945
3 0.16923076923076924 0.7796803652968036 0.012087912087912088 0.02054794520547945
3 0.16648351648351647 0.8070776255707762 0.008241758241758242 0.02054794520547945
3 0.16923076923076924 0.8344748858447488 0.007692307692307693 0.02054794520547945
3 0.17967032967032967 0.9235159817351598 0.016483516483516484 0.02054794520547945
3 0.17637362637362639 0.9509132420091324 0.012637362637362638 0.02054794520547945
3 0.16813186813186815 0.978310502283105 0.011538461538461539 0.02054794520547945
3 0.18021978021978022 0.06621004566210045 0.06318681318681318 0.0228310502283105
3 0.17582417582417584 0.08789954337899543 0.06318681318681318 0.0228310502283105
3 0.17142857142857143 0.2579908675799087 0.06208791208791209 0.0228310502283105
3 0.22692307692307692 0.2579908675799087 0.027472527472527472 0.0228310502283105
3 0.26703296703296703 0.2579908675799087 0.031868131868131866 0.0228310502283105