0 0.8038194444444444 0.2283653846153846 0.06539351851851852 0.016826923076923076
0 0.8894675925925926 0.3329326923076923 0.018518518518518517 0.038461538461538464
1 0.39525462962962965 0.3329326923076923 0.04976851851851852 0.10336538461538461
1 0.46064814814814814 0.3329326923076923 0.04976851851851852 0.10336538461538461
1 0.5254629629629629 0.3329326923076923 0.04976851851851852 0.10336538461538461
1 0.5908564814814815 0.3329326923076923 0.04976851851851852 0.10336538461538461
1 0.6556712962962963 0.3329326923076923 0.04976851851851852 0.10336538461538461
1 0.7210648148148148 0.3329326923076923 0.04976851851851852 0.10336538461538461
1 0.7858796296296297 0.3329326923076923 0.04976851851851852 0.10336538461538461
1 0.8512731481481481 0.3329326923076923 0.04976851851851852 0.10336538461538461
1 0.44907407407407407 0.5865384615384616 0.16435185185185186 0.34134615384615385
1 0.6226851851851852 0.5865384615384616 0.16435185185185186 0.34134615384615385
1 0.7962962962962963 0.5865384615384616 0.16435185185185186 0.34134615384615385
3 0.4114583333333333 0.8377403846153846 0.06655092592592593 0.02283653846153846
3 0.5850694444444444 0.8377403846153846 0.06655092592592593 0.02283653846153846
3 0.7783564814814815 0.859375 0.10532407407407407 0.02283653846153846
3 0.7962962962962963 0.9387019230769231 0.1412037037037037 0.015625
3 0.27835648148148145 0.2764423076923077 0.16087962962962962 0.036057692307692304
3 0.44907407407407407 0.8858173076923077 0.1412037037037037 0.04326923076923077
3 0.6226851851851852 0.8858173076923077 0.1412037037037037 0.04326923076923077
3 0.7962962962962963 0.9074519230769231 0.1412037037037037 0.04326923076923077
3 0.3784722222222222 0.04326923076923077 0.026041666666666668 0.02403846153846154
3 0.4166666666666667 0.04326923076923077 0.028935185185185185 0.02403846153846154
3 0.4675925925925926 0.04326923076923077 0.052083333333333336 0.02403846153846154
3 0.5138888888888888 0.04326923076923077 0.02025462962962963 0.02403846153846154
3 0.5474537037037037 0.04326923076923077 0.026041666666666668 0.02403846153846154
3 0.5821759259259259 0.04326923076923077 0.022569444444444444 0.02403846153846154
3 0.2355324074074074 0.5961538461538461 0.07523148148148148 0.021634615384615384
3 0.20775462962962962 0.6899038461538461 0.02025462962962963 0.021634615384615384
3 0.21238425925925927 0.71875 0.028935185185185185 0.021634615384615384
3 0.2170138888888889 0.7475961538461539 0.03877314814814815 0.021634615384615384
3 0.20775462962962962 0.7764423076923077 0.02025462962962963 0.021634615384615384
3 0.20775462962962962 0.8052884615384616 0.02025462962962963 0.021634615384615384
3 0.20891203703703703 0.8341346153846154 0.022569444444444444 0.021634615384615384
3 0.21238425925925927 0.9278846153846154 0.029513888888888888 0.021634615384615384
3 0.21180555555555555 0.9567307692307693 0.028356481481481483 0.021634615384615384
3 0.20775462962962962 0.9855769230769231 0.02025462962962963 0.021634615384615384
3 0.28703703703703703 0.5961538461538461 0.02199074074074074 0.021634615384615384
3 0.2326388888888889 0.6899038461538461 0.023726851851851853 0.021634615384615384
3 0.23726851851851852 0.71875 0.015046296296296295 0.021634615384615384
3 0.24594907407407407 0.7475961538461539 0.01273148148148148 0.021634615384615384
3 0.22800925925925927 0.7764423076923077 0.01273148148148148 0.021634615384615384
3 0.22511574074074073 0.8052884615384616 0.008680555555555556 0.021634615384615384
3 0.22800925925925927 0.8341346153846154 0.008101851851851851 0.021634615384615384
3 0.23900462962962962 0.9278846153846154 0.017361111111111112 0.021634615384615384
3 0.2355324074074074 0.9567307692307693 0.013310185185185185 0.021634615384615384
3 0.22685185185185186 0.9855769230769231 0.012152777777777778 0.021634615384615384
3 0.23958333333333334 0.025240384615384616 0.06655092592592593 0.02403846153846154
3 0.2349537037037037 0.04807692307692308 0.06655092592592593 0.02403846153846154
3 0.23032407407407407 0.22716346153846154 0.06539351851851852 0.02403846153846154
3 0.28877314814814814 0.22716346153846154 0.028935185185185185 0.02403846153846154
3 0.33101851851851855 0.22716346153846154 0.03356481481481482 0.02403846153846154