0 0.5641242937853107 0.006455399061032864 0.02655367231638418 0.012910798122065728
0 0.7214689265536723 0.24061032863849766 0.06384180790960452 0.01643192488262911
0 0.6248587570621469 0.4354460093896714 0.061016949152542375 0.03051643192488263
1 0.7048022598870056 0.007042253521126761 0.19265536723163842 0.014084507042253521
1 0.3536723163841808 0.4025821596244131 0.0903954802259887 0.18779342723004694
1 0.3536723163841808 0.6384976525821596 0.0903954802259887 0.18779342723004694
1 0.3536723163841808 0.8955399061032864 0.0903954802259887 0.18779342723004694
1 0.17203389830508475 0.005868544600938967 0.07627118644067797 0.011737089201877934
2 0.4081920903954802 0.006455399061032864 0.3384180790960452 0.012910798122065728
3 0.4915254237288136 0.0035211267605633804 0.11977401129943503 0.007042253521126761
3 0.5892655367231638 0.3474178403755869 0.35423728813559324 0.01643192488262911
3 0.44519774011299434 0.4495305164319249 0.06610169491525424 0.022300469483568074
3 0.5819209039548022 0.4354460093896714 0.020338983050847456 0.02112676056338028
3 0.5892655367231638 0.6255868544600939 0.35423728813559324 0.01643192488262911
3 0.44519774011299434 0.7276995305164319 0.06610169491525424 0.022300469483568074
3 0.5892655367231638 0.8403755868544601 0.35423728813559324 0.01643192488262911
3 0.44519774011299434 0.9424882629107981 0.06610169491525424 0.022300469483568074
3 0.20847457627118643 0.29577464788732394 0.15706214689265538 0.07042253521126761
3 0.5892655367231638 0.323943661971831 0.35423728813559324 0.03051643192488263
3 0.5892655367231638 0.602112676056338 0.35423728813559324 0.03051643192488263
3 0.5892655367231638 0.8169014084507042 0.35423728813559324 0.03051643192488263
3 0.30621468926553674 0.05046948356807512 0.025423728813559324 0.023474178403755867
3 0.34350282485875705 0.05046948356807512 0.02824858757062147 0.023474178403755867
3 0.39322033898305087 0.05046948356807512 0.05084745762711865 0.023474178403755867
3 0.4384180790960452 0.05046948356807512 0.01977401129943503 0.023474178403755867
3 0.4711864406779661 0.05046948356807512 0.025423728813559324 0.023474178403755867
3 0.5050847457627119 0.05046948356807512 0.022033898305084745 0.023474178403755867
3 0.16666666666666666 0.6255868544600939 0.07344632768361582 0.02112676056338028
3 0.17005649717514124 0.7171361502347418 0.08022598870056497 0.02112676056338028
3 0.14632768361581922 0.7453051643192489 0.0327683615819209 0.02112676056338028
3 0.15649717514124295 0.7734741784037559 0.05367231638418079 0.02112676056338028
3 0.13954802259887006 0.8016431924882629 0.0192090395480226 0.02112676056338028
3 0.1401129943502825 0.8931924882629108 0.020338983050847456 0.02112676056338028
3 0.14915254237288136 0.9847417840375586 0.0384180790960452 0.02112676056338028
3 0.21242937853107344 0.6255868544600939 0.012429378531073447 0.02112676056338028
3 0.2214689265536723 0.7171361502347418 0.01694915254237288 0.02112676056338028
3 0.17344632768361581 0.7453051643192489 0.015254237288135594 0.02112676056338028
3 0.18926553672316385 0.7734741784037559 0.0062146892655367235 0.02112676056338028
3 0.15480225988700566 0.8016431924882629 0.0062146892655367235 0.02112676056338028
3 0.16214689265536722 0.8931924882629108 0.01864406779661017 0.02112676056338028
3 0.17853107344632768 0.9847417840375586 0.014689265536723164 0.02112676056338028
3 0.17062146892655367 0.03286384976525822 0.06497175141242938 0.023474178403755867
3 0.16610169491525423 0.05516431924882629 0.06497175141242938 0.023474178403755867
3 0.16214689265536722 0.2300469483568075 0.06497175141242938 0.023474178403755867