0 0.6886574074074074 0.875 0.1840277777777778 0.057692307692307696
0 0.7123842592592593 0.9206730769230769 0.12962962962962962 0.014423076923076924
1 0.1423611111111111 0.11778846153846154 0.05555555555555555 0.08413461538461539
1 0.13831018518518517 0.3112980769230769 0.02546296296296296 0.052884615384615384
1 0.3587962962962963 0.6105769230769231 0.38657407407407407 0.5625
1 0.13831018518518517 0.38341346153846156 0.02546296296296296 0.052884615384615384
1 0.13831018518518517 0.45552884615384615 0.02546296296296296 0.052884615384615384
1 0.13831018518518517 0.5276442307692307 0.02546296296296296 0.052884615384615384
1 0.13831018518518517 0.5997596153846154 0.02546296296296296 0.052884615384615384
1 0.13831018518518517 0.671875 0.02546296296296296 0.052884615384615384
1 0.13831018518518517 0.7439903846153846 0.02546296296296296 0.052884615384615384
3 0.6383101851851852 0.5420673076923077 0.08391203703703703 0.021634615384615384
3 0.6886574074074074 0.8233173076923077 0.1840277777777778 0.025240384615384616
3 0.6886574074074074 0.9639423076923077 0.1840277777777778 0.025240384615384616
3 0.13831018518518517 0.33052884615384615 0.028935185185185185 0.026442307692307692
3 0.13831018518518517 0.4026442307692308 0.028935185185185185 0.026442307692307692
3 0.13831018518518517 0.47475961538461536 0.028935185185185185 0.026442307692307692
3 0.13831018518518517 0.546875 0.028935185185185185 0.026442307692307692
3 0.13831018518518517 0.6189903846153846 0.028935185185185185 0.026442307692307692
3 0.13831018518518517 0.6911057692307693 0.028935185185185185 0.026442307692307692
3 0.13831018518518517 0.7632211538461539 0.028935185185185185 0.026442307692307692
3 0.13831018518518517 0.33052884615384615 0.028935185185185185 0.026442307692307692
3 0.13831018518518517 0.4026442307692308 0.028935185185185185 0.026442307692307692
3 0.13831018518518517 0.47475961538461536 0.028935185185185185 0.026442307692307692
3 0.13831018518518517 0.546875 0.028935185185185185 0.026442307692307692
3 0.13831018518518517 0.6189903846153846 0.028935185185185185 0.026442307692307692
3 0.13831018518518517 0.6911057692307693 0.028935185185185185 0.026442307692307692
3 0.13831018518518517 0.7632211538461539 0.028935185185185185 0.026442307692307692
3 0.6776620370370371 0.37259615384615385 0.16261574074074073 0.06009615384615385
3 0.6973379629629629 0.6165865384615384 0.16666666666666666 0.02403846153846154
3 0.6973379629629629 0.6418269230769231 0.16666666666666666 0.021634615384615384
3 0.6961805555555556 0.7151442307692307 0.1684027777777778 0.02403846153846154
3 0.6961805555555556 0.7403846153846154 0.1684027777777778 0.021634615384615384
3 0.29224537037037035 0.010817307692307692 0.02662037037037037 0.021634615384615384
3 0.3307291666666667 0.010817307692307692 0.029513888888888888 0.021634615384615384
3 0.3816550925925926 0.010817307692307692 0.052662037037037035 0.021634615384615384
3 0.42766203703703703 0.010817307692307692 0.020833333333333332 0.021634615384615384
3 0.46122685185185186 0.010817307692307692 0.02662037037037037 0.021634615384615384
3 0.49594907407407407 0.010817307692307692 0.023148148148148147 0.021634615384615384
3 0.14872685185185186 0.013221153846153846 0.06655092592592593 0.02403846153846154
3 0.22685185185185186 0.22956730769230768 0.06539351851851852 0.016826923076923076
3 0.2847222222222222 0.22956730769230768 0.028935185185185185 0.016826923076923076
3 0.3263888888888889 0.22956730769230768 0.03356481481481482 0.016826923076923076
3 0.3663194444444444 0.22956730769230768 0.024305555555555556 0.016826923076923076
3 0.39872685185185186 0.22956730769230768 0.02025462962962963 0.016826923076923076
3 0.4369212962962963 0.22956730769230768 0.034722222222222224 0.016826923076923076
3 0.4791666666666667 0.22956730769230768 0.029513888888888888 0.016826923076923076