0 0.584375 0.02922077922077922 0.023958333333333335 0.04220779220779221
0 0.7036458333333333 0.8658008658008658 0.165625 0.05194805194805195
0 0.725 0.9069264069264069 0.11666666666666667 0.012987012987012988
1 0.7140625 0.030303030303030304 0.17708333333333334 0.04220779220779221
1 0.21197916666666666 0.18398268398268397 0.05 0.07575757575757576
1 0.20833333333333334 0.3582251082251082 0.022916666666666665 0.047619047619047616
1 0.40677083333333336 0.6277056277056277 0.34791666666666665 0.5064935064935064
1 0.20833333333333334 0.4231601731601732 0.022916666666666665 0.047619047619047616
1 0.20833333333333334 0.4880952380952381 0.022916666666666665 0.047619047619047616
1 0.20833333333333334 0.553030303030303 0.022916666666666665 0.047619047619047616
1 0.20833333333333334 0.6179653679653679 0.022916666666666665 0.047619047619047616
1 0.20833333333333334 0.6829004329004329 0.022916666666666665 0.047619047619047616
1 0.20833333333333334 0.7478354978354979 0.022916666666666665 0.047619047619047616
1 0.22291666666666668 0.030303030303030304 0.06979166666666667 0.0367965367965368
2 0.440625 0.02922077922077922 0.31145833333333334 0.04220779220779221
3 0.6583333333333333 0.566017316017316 0.07552083333333333 0.01948051948051948
3 0.7036458333333333 0.8192640692640693 0.165625 0.022727272727272728
3 0.7036458333333333 0.9458874458874459 0.165625 0.022727272727272728
3 0.20833333333333334 0.37554112554112556 0.026041666666666668 0.023809523809523808
3 0.20833333333333334 0.44047619047619047 0.026041666666666668 0.023809523809523808
3 0.20833333333333334 0.5054112554112554 0.026041666666666668 0.023809523809523808
3 0.20833333333333334 0.5703463203463204 0.026041666666666668 0.023809523809523808
3 0.20833333333333334 0.6352813852813853 0.026041666666666668 0.023809523809523808
3 0.20833333333333334 0.7002164502164502 0.026041666666666668 0.023809523809523808
3 0.20833333333333334 0.7651515151515151 0.026041666666666668 0.023809523809523808
3 0.20833333333333334 0.37554112554112556 0.026041666666666668 0.023809523809523808
3 0.20833333333333334 0.44047619047619047 0.026041666666666668 0.023809523809523808
3 0.20833333333333334 0.5054112554112554 0.026041666666666668 0.023809523809523808
3 0.20833333333333334 0.5703463203463204 0.026041666666666668 0.023809523809523808
3 0.20833333333333334 0.6352813852813853 0.026041666666666668 0.023809523809523808
3 0.20833333333333334 0.7002164502164502 0.026041666666666668 0.023809523809523808
3 0.20833333333333334 0.7651515151515151 0.026041666666666668 0.023809523809523808
3 0.69375 0.4134199134199134 0.14635416666666667 0.05411255411255411
3 0.7114583333333333 0.6331168831168831 0.15 0.021645021645021644
3 0.7114583333333333 0.6558441558441559 0.15 0.01948051948051948
3 0.7104166666666667 0.7218614718614719 0.1515625 0.021645021645021644
3 0.7104166666666667 0.7445887445887446 0.1515625 0.01948051948051948
3 0.346875 0.0854978354978355 0.0234375 0.021645021645021644
3 0.38125 0.0854978354978355 0.026041666666666668 0.021645021645021644
3 0.4270833333333333 0.0854978354978355 0.046875 0.021645021645021644
3 0.46875 0.0854978354978355 0.018229166666666668 0.021645021645021644
3 0.49895833333333334 0.0854978354978355 0.0234375 0.021645021645021644
3 0.5302083333333333 0.0854978354978355 0.0203125 0.021645021645021644
3 0.221875 0.06926406926406926 0.059895833333333336 0.021645021645021644
3 0.21770833333333334 0.08982683982683982 0.059895833333333336 0.021645021645021644
3 0.28802083333333334 0.2846320346320346 0.058854166666666666 0.015151515151515152
3 0.34010416666666665 0.2846320346320346 0.026041666666666668 0.015151515151515152
3 0.3776041666666667 0.2846320346320346 0.030208333333333334 0.015151515151515152
3 0.41354166666666664 0.2846320346320346 0.021875 0.015151515151515152
3 0.4427083333333333 0.2846320346320346 0.018229166666666668 0.015151515151515152
3 0.47708333333333336 0.2846320346320346 0.03125 0.015151515151515152
3 0.5151041666666667 0.2846320346320346 0.0265625 0.015151515151515152