0 0.5943548387096774 0.012276785714285714 0.025268817204301075 0.024553571428571428
0 0.20913978494623656 0.45424107142857145 0.010752688172043012 0.022321428571428572
0 0.26344086021505375 0.45424107142857145 0.010752688172043012 0.022321428571428572
0 0.3086021505376344 0.45424107142857145 0.010752688172043012 0.022321428571428572
0 0.21666666666666667 0.49441964285714285 0.010752688172043012 0.022321428571428572
0 0.7440860215053764 0.2779017857142857 0.06075268817204301 0.015625
1 0.728225806451613 0.012834821428571428 0.18333333333333332 0.025669642857142856
1 0.41451612903225804 0.47879464285714285 0.15268817204301074 0.3169642857142857
1 0.5758064516129032 0.47879464285714285 0.15268817204301074 0.3169642857142857
1 0.7370967741935484 0.47879464285714285 0.15268817204301074 0.3169642857142857
1 0.22123655913978493 0.01171875 0.07258064516129033 0.0234375
2 0.4459677419354839 0.012276785714285714 0.32204301075268815 0.024553571428571428
2 0.511021505376344 0.005580357142857143 0.008064516129032258 0.011160714285714286
3 0.5403225806451613 0.009486607142857142 0.08387096774193549 0.018973214285714284
3 0.3795698924731183 0.7120535714285714 0.06182795698924731 0.021205357142857144
3 0.41451612903225804 0.7857142857142857 0.13118279569892474 0.014508928571428572
3 0.5408602150537635 0.7120535714285714 0.06182795698924731 0.021205357142857144
3 0.6903225806451613 0.7544642857142857 0.038172043010752686 0.015625
3 0.7370967741935484 0.8247767857142857 0.13118279569892474 0.014508928571428572
3 0.5456989247311828 0.007254464285714286 0.05806451612903226 0.014508928571428572
3 0.5456989247311828 0.007254464285714286 0.05806451612903226 0.014508928571428572
3 0.25591397849462366 0.3470982142857143 0.14946236559139786 0.10044642857142858
3 0.41451612903225804 0.7566964285714286 0.13118279569892474 0.04017857142857143
3 0.5758064516129032 0.7566964285714286 0.13118279569892474 0.04017857142857143
3 0.7370967741935484 0.7957589285714286 0.13118279569892474 0.04017857142857143
3 0.3489247311827957 0.060267857142857144 0.024193548387096774 0.022321428571428572
3 0.3844086021505376 0.060267857142857144 0.026881720430107527 0.022321428571428572
3 0.43172043010752686 0.060267857142857144 0.04838709677419355 0.022321428571428572
3 0.4747311827956989 0.060267857142857144 0.01881720430107527 0.022321428571428572
3 0.5059139784946236 0.060267857142857144 0.024193548387096774 0.022321428571428572
3 0.5381720430107527 0.060267857142857144 0.020967741935483872 0.022321428571428572
3 0.2161290322580645 0.7756696428571429 0.06989247311827956 0.020089285714285716
3 0.19516129032258064 0.8627232142857143 0.02849462365591398 0.020089285714285716
3 0.18978494623655914 0.8895089285714286 0.017204301075268817 0.020089285714285716
3 0.18924731182795698 0.9162946428571429 0.016666666666666666 0.020089285714285716
3 0.18763440860215053 0.9430803571428571 0.013440860215053764 0.020089285714285716
3 0.18924731182795698 0.9698660714285714 0.016129032258064516 0.020089285714285716
3 0.260752688172043 0.7756696428571429 0.014516129032258065 0.020089285714285716
3 0.22096774193548388 0.8627232142857143 0.016666666666666666 0.020089285714285716
3 0.2075268817204301 0.8895089285714286 0.011827956989247311 0.020089285714285716
3 0.20698924731182797 0.9162946428571429 0.012365591397849462 0.020089285714285716
3 0.20268817204301076 0.9430803571428571 0.01129032258064516 0.020089285714285716
3 0.20591397849462365 0.9698660714285714 0.012365591397849462 0.020089285714285716
3 0.21989247311827956 0.04352678571428571 0.06182795698924731 0.022321428571428572
3 0.21559139784946235 0.06473214285714286 0.06182795698924731 0.022321428571428572
3 0.21129032258064517 0.26785714285714285 0.06075268817204301 0.022321428571428572
3 0.26559139784946234 0.26785714285714285 0.026881720430107527 0.022321428571428572
3 0.30483870967741933 0.26785714285714285 0.03118279569892473 0.022321428571428572