0 0.6122685185185185 0.025240384615384616 0.02662037037037037 0.046875
0 0.7962962962962963 0.6490384615384616 0.04513888888888889 0.0673076923076923
1 0.7563657407407407 0.026442307692307692 0.19675925925925927 0.046875
1 0.21064814814814814 0.026442307692307692 0.0775462962962963 0.040865384615384616
2 0.4525462962962963 0.025240384615384616 0.3460648148148148 0.046875
2 0.609375 0.6490384615384616 0.3287037037037037 0.0673076923076923
3 0.49971064814814814 0.40685096153846156 0.9994212962962963 0.03485576923076923
3 0.49971064814814814 0.45492788461538464 0.9994212962962963 0.06370192307692307
3 0.3020833333333333 0.08774038461538461 0.045717592592592594 0.02403846153846154
3 0.34837962962962965 0.08774038461538461 0.026041666666666668 0.02403846153846154
3 0.38657407407407407 0.08774038461538461 0.028935185185185185 0.02403846153846154
3 0.4375 0.08774038461538461 0.052083333333333336 0.02403846153846154
3 0.4837962962962963 0.08774038461538461 0.02025462962962963 0.02403846153846154
3 0.5173611111111112 0.08774038461538461 0.026041666666666668 0.02403846153846154
3 0.5520833333333334 0.08774038461538461 0.022569444444444444 0.02403846153846154
3 0.20949074074074073 0.06971153846153846 0.06655092592592593 0.02403846153846154
3 0.2048611111111111 0.09254807692307693 0.06655092592592593 0.02403846153846154