0 0.584375 0.02918918918918919 0.023958333333333335 0.04216216216216216
0 0.7296875 0.16324324324324324 0.058854166666666666 0.015135135135135135
0 0.2234375 0.20972972972972972 0.04635416666666667 0.04108108108108108
0 0.2864583333333333 0.20972972972972972 0.07552083333333333 0.04108108108108108
1 0.7140625 0.03027027027027027 0.17708333333333334 0.04216216216216216
1 0.41041666666666665 0.35783783783783785 0.14791666666666667 0.307027027027027
1 0.5666666666666667 0.35783783783783785 0.14791666666666667 0.307027027027027
1 0.7229166666666667 0.35783783783783785 0.14791666666666667 0.307027027027027
2 0.440625 0.02918918918918919 0.31145833333333334 0.04216216216216216
2 0.4583333333333333 0.02918918918918919 0.007291666666666667 0.015135135135135135
3 0.1828125 0 0 0
3 0.22291666666666668 0.03027027027027027 0.06979166666666667 0.036756756756756756
3 0.6729166666666667 0.08540540540540541 0.057291666666666664 0.021621621621621623
3 0.71875 0.08540540540540541 0.034375 0.021621621621621623
3 0.7609375 0.08540540540540541 0.050520833333333334 0.021621621621621623
3 0.21770833333333334 0.07783783783783783 0.06927083333333334 0.043243243243243246
3 0.30520833333333336 0.08540540540540541 0.04114583333333333 0.021621621621621623
3 0.346875 0.08540540540540541 0.0234375 0.021621621621621623
3 0.38125 0.08540540540540541 0.026041666666666668 0.021621621621621623
3 0.4270833333333333 0.08540540540540541 0.046875 0.021621621621621623
3 0.46875 0.08540540540540541 0.018229166666666668 0.021621621621621623
3 0.49895833333333334 0.08540540540540541 0.0234375 0.021621621621621623
3 0.5302083333333333 0.08540540540540541 0.0203125 0.021621621621621623
3 0.7963541666666667 0.08324324324324324 0.013020833333333334 0.022702702702702703
3 0.7140625 0.03351351351351351 0.17708333333333334 0.04756756756756757
3 0.228125 0.1535135135135135 0.0875 0.021621621621621623
3 0.29739583333333336 0.1535135135135135 0.03229166666666667 0.021621621621621623
3 0.22864583333333333 0.17513513513513512 0.08854166666666667 0.021621621621621623
3 0.25416666666666665 0.18594594594594593 0.14010416666666667 0.043243243243243246
3 0.29322916666666665 0.3762162162162162 0.016666666666666666 0.017297297297297298
3 0.29322916666666665 0.44756756756756755 0.016666666666666666 0.017297297297297298
3 0.22552083333333334 0.5610810810810811 0.08229166666666667 0.01945945945945946
3 0.2046875 0.6454054054054054 0.04114583333333333 0.01945945945945946
3 0.21510416666666668 0.6713513513513514 0.06197916666666667 0.01945945945945946
3 0.20572916666666666 0.6972972972972973 0.043229166666666666 0.01945945945945946
3 0.21510416666666668 0.7232432432432433 0.06197916666666667 0.01945945945945946
3 0.20364583333333333 0.7491891891891892 0.03854166666666667 0.01945945945945946
3 0.20416666666666666 0.7751351351351351 0.03958333333333333 0.01945945945945946
3 0.21770833333333334 0.8010810810810811 0.0671875 0.01945945945945946
3 0.1984375 0.827027027027027 0.028645833333333332 0.01945945945945946
3 0.19895833333333332 0.8529729729729729 0.0296875 0.01945945945945946
3 0.19947916666666668 0.8810810810810811 0.030729166666666665 0.021621621621621623
3 0.20885416666666667 0.9664864864864865 0.04895833333333333 0.01945945945945946
3 0.7807291666666667 0.1654054054054054 0.008333333333333333 0.017297297297297298
3 0.7932291666666667 0.1654054054054054 0.008333333333333333 0.017297297297297298
3 0.41041666666666665 0.35783783783783785 0.14791666666666667 0.307027027027027
3 0.41041666666666665 0.6054054054054054 0.14791666666666667 0.18702702702702703
3 0.5666666666666667 0.35783783783783785 0.14791666666666667 0.307027027027027
3 0.5666666666666667 0.6054054054054054 0.14791666666666667 0.18702702702702703
3 0.7229166666666667 0.35783783783783785 0.14791666666666667 0.307027027027027
3 0.7229166666666667 0.6054054054054054 0.14791666666666667 0.18702702702702703
3 0.5098958333333333 0.03027027027027027 0.12604166666666666 0.02810810810810811
3 0.3651041666666667 0.6 0.03697916666666667 0.015135135135135135
3 0.41041666666666665 0.6681081081081081 0.12708333333333333 0.014054054054054054
3 0.5302083333333333 0.5837837837837838 0.05416666666666667 0.02054054054054054
3 0.6864583333333333 0.5837837837837838 0.05416666666666667 0.02054054054054054
3 0.5151041666666667 0.02918918918918919 0.10104166666666667 0.021621621621621623
3 0.5151041666666667 0.02918918918918919 0.10104166666666667 0.021621621621621623
3 0.25677083333333334 0.2572972972972973 0.14479166666666668 0.06486486486486487
3 0.41041666666666665 0.64 0.12708333333333333 0.03891891891891892
3 0.5666666666666667 0.6270270270270271 0.12708333333333333 0.03891891891891892
3 0.7229166666666667 0.6270270270270271 0.12708333333333333 0.03891891891891892
3 0.26875 0.1545945945945946 0.13697916666666668 0.043243243243243246