0 0.5906417112299466 0.020555555555555556 0.025133689839572194 0.04111111111111111
0 0.24919786096256685 0.5255555555555556 0.01871657754010695 0.027777777777777776
0 0.739572192513369 0.3388888888888889 0.06042780748663101 0.015555555555555555
1 0.7237967914438502 0.021111111111111112 0.18235294117647058 0.042222222222222223
1 0.21818181818181817 0.30333333333333334 0.06524064171122995 0.1
1 0.4117647058823529 0.5388888888888889 0.1518716577540107 0.31555555555555553
1 0.5721925133689839 0.5388888888888889 0.1518716577540107 0.31555555555555553
1 0.732620320855615 0.5388888888888889 0.1518716577540107 0.31555555555555553
1 0.2192513368983957 0.02 0.07165775401069518 0.03777777777777778
2 0.443048128342246 0.020555555555555556 0.32032085561497325 0.04111111111111111
2 0.46951871657754013 0.01888888888888889 0.0074866310160427805 0.015555555555555555
3 0.5181818181818182 0.02 0.12085561497326203 0.028888888888888888
3 0.5235294117647059 0.01888888888888889 0.09518716577540107 0.022222222222222223
3 0.5235294117647059 0.01888888888888889 0.09518716577540107 0.022222222222222223
3 0.2540106951871658 0.47555555555555556 0.14866310160427806 0.06666666666666667
3 0.4117647058823529 0.81 0.1304812834224599 0.02
3 0.5721925133689839 0.81 0.1304812834224599 0.02
3 0.732620320855615 0.81 0.1304812834224599 0.02
3 0.34652406417112297 0.07666666666666666 0.02406417112299465 0.022222222222222223
3 0.38181818181818183 0.07666666666666666 0.026737967914438502 0.022222222222222223
3 0.4288770053475936 0.07666666666666666 0.0481283422459893 0.022222222222222223
3 0.4716577540106952 0.07666666666666666 0.01871657754010695 0.022222222222222223
3 0.5026737967914439 0.07666666666666666 0.02406417112299465 0.022222222222222223
3 0.5347593582887701 0.07666666666666666 0.02085561497326203 0.022222222222222223
3 0.20481283422459892 0.6277777777777778 0.05080213903743316 0.02
3 0.1893048128342246 0.6544444444444445 0.019786096256684493 0.02
3 0.193048128342246 0.6811111111111111 0.026737967914438502 0.02
3 0.19197860962566846 0.7077777777777777 0.025133689839572194 0.02
3 0.2053475935828877 0.7344444444444445 0.051871657754010696 0.02
3 0.18449197860962566 0.7611111111111111 0.009625668449197862 0.02
3 0.19518716577540107 0.7877777777777778 0.03155080213903743 0.02
3 0.193048128342246 0.8144444444444444 0.02727272727272727 0.02
3 0.18877005347593584 0.9011111111111111 0.01871657754010695 0.02
3 0.19197860962566846 0.9277777777777778 0.025133689839572194 0.02
3 0.20748663101604278 0.9544444444444444 0.05614973262032086 0.02
3 0.24010695187165776 0.6277777777777778 0.013903743315508022 0.02
3 0.20855614973262032 0.6544444444444445 0.01229946524064171 0.02
3 0.2144385026737968 0.6811111111111111 0.011229946524064172 0.02
3 0.21336898395721926 0.7077777777777777 0.011764705882352941 0.02
3 0.23957219251336898 0.7344444444444445 0.010160427807486631 0.02
3 0.1962566844919786 0.7611111111111111 0.008021390374331552 0.02
3 0.21711229946524063 0.7877777777777778 0.006951871657754011 0.02
3 0.21229946524064172 0.8144444444444444 0.0053475935828877 0.02
3 0.20962566844919786 0.9011111111111111 0.016042780748663103 0.02
3 0.21229946524064172 0.9277777777777778 0.010160427807486631 0.02
3 0.2449197860962567 0.9544444444444444 0.011764705882352941 0.02
3 0.21818181818181817 0.06 0.06149732620320856 0.022222222222222223
3 0.21390374331550802 0.0811111111111111 0.06149732620320856 0.022222222222222223
3 0.206951871657754 0.39111111111111113 0.05454545454545454 0.022222222222222223
3 0.26844919786096255 0.39111111111111113 0.04866310160427807 0.022222222222222223
3 0.19679144385026737 0.41333333333333333 0.034224598930481284 0.022222222222222223