0 0.5846560846560847 0.026373626373626374 0.02433862433862434 0.04285714285714286
1 0.7164021164021164 0.027472527472527472 0.17989417989417988 0.04285714285714286
1 0.19947089947089947 0.24615384615384617 0.037037037037037035 0.07692307692307693
1 0.40370370370370373 0.4967032967032967 0.36772486772486773 0.5846153846153846
1 0.19947089947089947 0.32857142857142857 0.037037037037037035 0.07692307692307693
1 0.19947089947089947 0.41208791208791207 0.037037037037037035 0.07692307692307693
1 0.19947089947089947 0.4956043956043956 0.037037037037037035 0.07692307692307693
1 0.19947089947089947 0.5791208791208792 0.037037037037037035 0.07692307692307693
1 0.19947089947089947 0.6626373626373626 0.037037037037037035 0.07692307692307693
1 0.19947089947089947 0.7461538461538462 0.037037037037037035 0.07692307692307693
1 0.21746031746031746 0.027472527472527472 0.07089947089947089 0.03736263736263736
2 0.43862433862433864 0.026373626373626374 0.3164021164021164 0.04285714285714286
3 0.22486772486772486 0.13406593406593406 0.09047619047619047 0.02197802197802198
3 0.3835978835978836 0.856043956043956 0.37407407407407406 0.026373626373626374
3 0.6984126984126984 0.7593406593406593 0.18412698412698414 0.01978021978021978
3 0.6190476190476191 0.8054945054945055 0.025925925925925925 0.01978021978021978
3 0.6984126984126984 0.8285714285714286 0.18412698412698414 0.023076923076923078
3 0.6386243386243386 0.8725274725274725 0.06455026455026455 0.013186813186813187
3 0.6984126984126984 0.8978021978021978 0.18412698412698414 0.01978021978021978
3 0.7867724867724868 0.17472527472527472 0.032275132275132276 0.023076923076923078
3 0.2 0.24615384615384617 0.04021164021164021 0.08351648351648351
3 0.2 0.32967032967032966 0.04021164021164021 0.08351648351648351
3 0.2 0.41318681318681316 0.04021164021164021 0.08351648351648351
3 0.2 0.4967032967032967 0.04021164021164021 0.08351648351648351
3 0.2 0.5802197802197803 0.04021164021164021 0.08351648351648351
3 0.2 0.6637362637362637 0.04021164021164021 0.08351648351648351
3 0.2 0.7472527472527473 0.04021164021164021 0.08351648351648351
3 0.6984126984126984 0.634065934065934 0.18624338624338624 0.05274725274725275
3 0.7867724867724868 0.17472527472527472 0.032275132275132276 0.023076923076923078
3 0.2 0.24615384615384617 0.04021164021164021 0.08351648351648351
3 0.2 0.32967032967032966 0.04021164021164021 0.08351648351648351
3 0.2 0.41318681318681316 0.04021164021164021 0.08351648351648351
3 0.2 0.4967032967032967 0.04021164021164021 0.08351648351648351
3 0.2 0.5802197802197803 0.04021164021164021 0.08351648351648351
3 0.2 0.6637362637362637 0.04021164021164021 0.08351648351648351
3 0.2 0.7472527472527473 0.04021164021164021 0.08351648351648351
3 0.6984126984126984 0.634065934065934 0.18624338624338624 0.05274725274725275
3 0.6888888888888889 0.2868131868131868 0.16772486772486772 0.035164835164835165
3 0.3835978835978836 0.9076923076923077 0.37407407407407406 0.025274725274725275
3 0.3835978835978836 0.9318681318681319 0.37407407407407406 0.01868131868131868
3 0.3010582010582011 0.08351648351648351 0.0417989417989418 0.02197802197802198
3 0.3433862433862434 0.08351648351648351 0.023809523809523808 0.02197802197802198
3 0.3783068783068783 0.08351648351648351 0.026455026455026454 0.02197802197802198
3 0.4248677248677249 0.08351648351648351 0.047619047619047616 0.02197802197802198
3 0.4671957671957672 0.08351648351648351 0.018518518518518517 0.02197802197802198
3 0.4978835978835979 0.08351648351648351 0.023809523809523808 0.02197802197802198
3 0.5296296296296297 0.08351648351648351 0.020634920634920634 0.02197802197802198
3 0.2164021164021164 0.06703296703296703 0.06084656084656084 0.02197802197802198
3 0.21216931216931217 0.08791208791208792 0.06084656084656084 0.02197802197802198