0 0.5724043715846995 0.01417233560090703 0.025683060109289616 0.02834467120181406
1 0.7084699453551913 0.01473922902494331 0.18633879781420765 0.02947845804988662
1 0.17431693989071037 0.23242630385487528 0.03825136612021858 0.07936507936507936
1 0.38524590163934425 0.4909297052154195 0.3797814207650273 0.6031746031746031
1 0.17431693989071037 0.31746031746031744 0.03825136612021858 0.07936507936507936
1 0.17431693989071037 0.4036281179138322 0.03825136612021858 0.07936507936507936
1 0.17431693989071037 0.4897959183673469 0.03825136612021858 0.07936507936507936
1 0.17431693989071037 0.5759637188208617 0.03825136612021858 0.07936507936507936
1 0.17431693989071037 0.6621315192743764 0.03825136612021858 0.07936507936507936
1 0.17431693989071037 0.7482993197278912 0.03825136612021858 0.07936507936507936
1 0.19316939890710383 0.013605442176870748 0.07377049180327869 0.027210884353741496
2 0.4215846994535519 0.01417233560090703 0.3273224043715847 0.02834467120181406
3 0.2005464480874317 0.11678004535147392 0.09344262295081968 0.022675736961451247
3 0.3644808743169399 0.8616780045351474 0.38633879781420766 0.027210884353741496
3 0.6896174863387978 0.7619047619047619 0.1901639344262295 0.02040816326530612
3 0.6076502732240437 0.8095238095238095 0.026775956284153007 0.02040816326530612
3 0.6896174863387978 0.8333333333333334 0.1901639344262295 0.023809523809523808
3 0.6278688524590164 0.8786848072562359 0.06666666666666667 0.013605442176870748
3 0.6896174863387978 0.9047619047619048 0.1901639344262295 0.02040816326530612
3 0.7808743169398907 0.15873015873015872 0.03333333333333333 0.023809523809523808
3 0.17486338797814208 0.23242630385487528 0.041530054644808745 0.08616780045351474
3 0.17486338797814208 0.31859410430839 0.041530054644808745 0.08616780045351474
3 0.17486338797814208 0.40476190476190477 0.041530054644808745 0.08616780045351474
3 0.17486338797814208 0.4909297052154195 0.041530054644808745 0.08616780045351474
3 0.17486338797814208 0.5770975056689343 0.041530054644808745 0.08616780045351474
3 0.17486338797814208 0.6632653061224489 0.041530054644808745 0.08616780045351474
3 0.17486338797814208 0.7494331065759637 0.041530054644808745 0.08616780045351474
3 0.6896174863387978 0.6326530612244898 0.1923497267759563 0.05442176870748299
3 0.7808743169398907 0.15873015873015872 0.03333333333333333 0.023809523809523808
3 0.17486338797814208 0.23242630385487528 0.041530054644808745 0.08616780045351474
3 0.17486338797814208 0.31859410430839 0.041530054644808745 0.08616780045351474
3 0.17486338797814208 0.40476190476190477 0.041530054644808745 0.08616780045351474
3 0.17486338797814208 0.4909297052154195 0.041530054644808745 0.08616780045351474
3 0.17486338797814208 0.5770975056689343 0.041530054644808745 0.08616780045351474
3 0.17486338797814208 0.6632653061224489 0.041530054644808745 0.08616780045351474
3 0.17486338797814208 0.7494331065759637 0.041530054644808745 0.08616780045351474
3 0.6896174863387978 0.6326530612244898 0.1923497267759563 0.05442176870748299
3 0.6797814207650273 0.2743764172335601 0.173224043715847 0.036281179138321996
3 0.3644808743169399 0.9149659863945578 0.38633879781420766 0.026077097505668934
3 0.3644808743169399 0.9399092970521542 0.38633879781420766 0.01927437641723356
3 0.2792349726775956 0.06462585034013606 0.04316939890710383 0.022675736961451247
3 0.32295081967213113 0.06462585034013606 0.02459016393442623 0.022675736961451247
3 0.3590163934426229 0.06462585034013606 0.0273224043715847 0.022675736961451247
3 0.40710382513661203 0.06462585034013606 0.04918032786885246 0.022675736961451247
3 0.45081967213114754 0.06462585034013606 0.01912568306010929 0.022675736961451247
3 0.4825136612021858 0.06462585034013606 0.02459016393442623 0.022675736961451247
3 0.5153005464480874 0.06462585034013606 0.021311475409836064 0.022675736961451247
3 0.1918032786885246 0.047619047619047616 0.06284153005464481 0.022675736961451247
3 0.18743169398907103 0.0691609977324263 0.06284153005464481 0.022675736961451247