1 0.7041208791208792 0.0045662100456621 0.18736263736263736 0.0091324200913242
1 0.16703296703296702 0.2134703196347032 0.038461538461538464 0.07990867579908675
1 0.3791208791208791 0.4737442922374429 0.38186813186813184 0.6073059360730594
1 0.16703296703296702 0.2990867579908676 0.038461538461538464 0.07990867579908675
1 0.16703296703296702 0.3858447488584475 0.038461538461538464 0.07990867579908675
1 0.16703296703296702 0.4726027397260274 0.038461538461538464 0.07990867579908675
1 0.16703296703296702 0.5593607305936074 0.038461538461538464 0.07990867579908675
1 0.16703296703296702 0.6461187214611872 0.038461538461538464 0.07990867579908675
1 0.16703296703296702 0.7328767123287672 0.038461538461538464 0.07990867579908675
3 0.1934065934065934 0.09703196347031963 0.09395604395604396 0.0228310502283105
3 0.35824175824175825 0.8470319634703196 0.38846153846153847 0.0273972602739726
3 0.6851648351648352 0.7465753424657534 0.1912087912087912 0.02054794520547945
3 0.6027472527472527 0.7945205479452054 0.026923076923076925 0.02054794520547945
3 0.6851648351648352 0.8184931506849316 0.1912087912087912 0.023972602739726026
3 0.6230769230769231 0.8641552511415526 0.06703296703296703 0.0136986301369863
3 0.6851648351648352 0.8904109589041096 0.1912087912087912 0.02054794520547945
3 0.7769230769230769 0.13926940639269406 0.033516483516483515 0.023972602739726026
3 0.16758241758241757 0.2134703196347032 0.041758241758241756 0.0867579908675799
3 0.16758241758241757 0.3002283105022831 0.041758241758241756 0.0867579908675799
3 0.16758241758241757 0.386986301369863 0.041758241758241756 0.0867579908675799
3 0.16758241758241757 0.4737442922374429 0.041758241758241756 0.0867579908675799
3 0.16758241758241757 0.5605022831050228 0.041758241758241756 0.0867579908675799
3 0.16758241758241757 0.6472602739726028 0.041758241758241756 0.0867579908675799
3 0.16758241758241757 0.7340182648401826 0.041758241758241756 0.0867579908675799
3 0.6851648351648352 0.6164383561643836 0.1934065934065934 0.0547945205479452
3 0.7769230769230769 0.13926940639269406 0.033516483516483515 0.023972602739726026
3 0.16758241758241757 0.2134703196347032 0.041758241758241756 0.0867579908675799
3 0.16758241758241757 0.3002283105022831 0.041758241758241756 0.0867579908675799
3 0.16758241758241757 0.386986301369863 0.041758241758241756 0.0867579908675799
3 0.16758241758241757 0.4737442922374429 0.041758241758241756 0.0867579908675799
3 0.16758241758241757 0.5605022831050228 0.041758241758241756 0.0867579908675799
3 0.16758241758241757 0.6472602739726028 0.041758241758241756 0.0867579908675799
3 0.16758241758241757 0.7340182648401826 0.041758241758241756 0.0867579908675799
3 0.6851648351648352 0.6164383561643836 0.1934065934065934 0.0547945205479452
3 0.6752747252747253 0.2557077625570776 0.17417582417582417 0.0365296803652968
3 0.35824175824175825 0.9006849315068494 0.38846153846153847 0.026255707762557076
3 0.35824175824175825 0.9257990867579908 0.38846153846153847 0.019406392694063926
3 0.2725274725274725 0.04452054794520548 0.043406593406593405 0.0228310502283105
3 0.31648351648351647 0.04452054794520548 0.024725274725274724 0.0228310502283105
3 0.35274725274725277 0.04452054794520548 0.027472527472527472 0.0228310502283105
3 0.4010989010989011 0.04452054794520548 0.04945054945054945 0.0228310502283105
3 0.44505494505494503 0.04452054794520548 0.019230769230769232 0.0228310502283105
3 0.47692307692307695 0.04452054794520548 0.024725274725274724 0.0228310502283105
3 0.5098901098901099 0.04452054794520548 0.02142857142857143 0.0228310502283105
3 0.18461538461538463 0.0273972602739726 0.06318681318681318 0.0228310502283105
3 0.18021978021978022 0.04908675799086758 0.06318681318681318 0.0228310502283105