0 0.19393592677345536 0.18052256532066507 0.02002288329519451 0.029691211401425176
0 0.15732265446224256 0.9156769596199525 0.012585812356979404 0.029691211401425176
0 0.17505720823798626 0.9156769596199525 0.02402745995423341 0.029691211401425176
0 0.7082379862700229 0.09738717339667459 0.06464530892448513 0.0166270783847981
0 0.7643020594965675 0.35629453681710216 0.036613272311212815 0.07600950118764846
1 0.34324942791762014 0.26128266033254155 0.04004576659038902 0.0831353919239905
1 0.35755148741418763 0.7577197149643705 0.16247139588100687 0.33729216152019004
1 0.5291762013729977 0.7577197149643705 0.16247139588100687 0.33729216152019004
1 0.7008009153318078 0.7577197149643705 0.16247139588100687 0.33729216152019004
3 0.18878718535469108 0.14489311163895488 0.15903890160183065 0.035629453681710214
3 0.39702517162471396 0.26009501187648454 0.04977116704805492 0.05344418052256532
3 0.2877574370709382 0.021377672209026127 0.02574370709382151 0.023752969121140142
3 0.3255148741418764 0.021377672209026127 0.028604118993135013 0.023752969121140142
3 0.37585812356979403 0.021377672209026127 0.05148741418764302 0.023752969121140142
3 0.42162471395881007 0.021377672209026127 0.02002288329519451 0.023752969121140142
3 0.4548054919908467 0.021377672209026127 0.02574370709382151 0.023752969121140142
3 0.4891304347826087 0.021377672209026127 0.02231121281464531 0.023752969121140142
3 0.14645308924485126 0.3812351543942993 0.07437070938215103 0.021377672209026127
3 0.15331807780320367 0.47387173396674587 0.08810068649885583 0.021377672209026127
3 0.13958810068649885 0.502375296912114 0.06121281464530892 0.021377672209026127
3 0.13558352402745996 0.5950118764845606 0.05320366132723112 0.021377672209026127
3 0.14244851258581237 0.6235154394299287 0.06693363844393593 0.021377672209026127
3 0.12471395881006865 0.6520190023752969 0.030892448512585814 0.021377672209026127
3 0.14302059496567507 0.6805225653206651 0.06807780320366133 0.021377672209026127
3 0.13844393592677345 0.7090261282660333 0.05892448512585812 0.021377672209026127
3 0.14702517162471396 0.7375296912114014 0.07608695652173914 0.021377672209026127
3 0.12414187643020595 0.7660332541567696 0.029748283752860413 0.021377672209026127
3 0.12471395881006865 0.7945368171021377 0.030892448512585814 0.021377672209026127
3 0.14588100686498856 0.8230403800475059 0.07379862700228833 0.021377672209026127
3 0.14187643020594964 0.9536817102137767 0.06521739130434782 0.021377672209026127
3 0.15846681922196795 0.982185273159145 0.09839816933638444 0.021377672209026127
3 0.19794050343249428 0.3812351543942993 0.02288329519450801 0.021377672209026127
3 0.21681922196796338 0.47387173396674587 0.03260869565217391 0.021377672209026127
3 0.18478260869565216 0.502375296912114 0.021739130434782608 0.021377672209026127
3 0.17791762013729978 0.5950118764845606 0.02574370709382151 0.021377672209026127
3 0.19221967963386727 0.6235154394299287 0.02688787185354691 0.021377672209026127
3 0.15732265446224256 0.6520190023752969 0.028604118993135013 0.021377672209026127
3 0.1945080091533181 0.6805225653206651 0.02803203661327231 0.021377672209026127
3 0.1853546910755149 0.7090261282660333 0.028604118993135013 0.021377672209026127
3 0.20080091533180777 0.7375296912114014 0.02402745995423341 0.021377672209026127
3 0.15389016018306637 0.7660332541567696 0.02345537757437071 0.021377672209026127
3 0.15446224256292906 0.7945368171021377 0.02345537757437071 0.021377672209026127
3 0.19736842105263158 0.8230403800475059 0.02345537757437071 0.021377672209026127
3 0.18993135011441648 0.9536817102137767 0.02517162471395881 0.021377672209026127
3 0.2236842105263158 0.982185273159145 0.02688787185354691 0.021377672209026127
3 0.15045766590389015 0.00831353919239905 0.06636155606407322 0.0166270783847981
3 0.14588100686498856 0.026128266033254157 0.06578947368421052 0.023752969121140142
3 0.12757437070938216 0.09619952494061758 0.036613272311212815 0.023752969121140142
3 0.18306636155606407 0.09619952494061758 0.05434782608695652 0.023752969121140142
3 0.2311212814645309 0.09619952494061758 0.02002288329519451 0.023752969121140142