0 0.2717391304347826 0.1828978622327791 0.02002288329519451 0.029691211401425176
0 0.2351258581235698 0.9180522565320665 0.012585812356979404 0.029691211401425176
0 0.2528604118993135 0.9180522565320665 0.02402745995423341 0.029691211401425176
0 0.7860411899313501 0.0997624703087886 0.06464530892448513 0.0166270783847981
0 0.8421052631578947 0.3586698337292161 0.036613272311212815 0.07600950118764846
1 0.42105263157894735 0.26365795724465557 0.04004576659038902 0.0831353919239905
1 0.4353546910755149 0.7600950118764845 0.16247139588100687 0.33729216152019004
1 0.6069794050343249 0.7600950118764845 0.16247139588100687 0.33729216152019004
1 0.778604118993135 0.7600950118764845 0.16247139588100687 0.33729216152019004
3 0.2665903890160183 0.14726840855106887 0.15903890160183065 0.035629453681710214
3 0.4748283752860412 0.26247030878859856 0.04977116704805492 0.05344418052256532
3 0.36556064073226546 0.023752969121140142 0.02574370709382151 0.023752969121140142
3 0.40331807780320367 0.023752969121140142 0.028604118993135013 0.023752969121140142
3 0.4536613272311213 0.023752969121140142 0.05148741418764302 0.023752969121140142
3 0.4994279176201373 0.023752969121140142 0.02002288329519451 0.023752969121140142
3 0.532608695652174 0.023752969121140142 0.02574370709382151 0.023752969121140142
3 0.566933638443936 0.023752969121140142 0.02231121281464531 0.023752969121140142
3 0.2242562929061785 0.3836104513064133 0.07437070938215103 0.021377672209026127
3 0.2311212814645309 0.47624703087885983 0.08810068649885583 0.021377672209026127
3 0.21739130434782608 0.504750593824228 0.06121281464530892 0.021377672209026127
3 0.2133867276887872 0.5973871733966746 0.05320366132723112 0.021377672209026127
3 0.2202517162471396 0.6258907363420427 0.06693363844393593 0.021377672209026127
3 0.20251716247139587 0.6543942992874109 0.030892448512585814 0.021377672209026127
3 0.2208237986270023 0.6828978622327792 0.06807780320366133 0.021377672209026127
3 0.21624713958810068 0.7114014251781473 0.05892448512585812 0.021377672209026127
3 0.2248283752860412 0.7399049881235155 0.07608695652173914 0.021377672209026127
3 0.20194508009153317 0.7684085510688836 0.029748283752860413 0.021377672209026127
3 0.20251716247139587 0.7969121140142518 0.030892448512585814 0.021377672209026127
3 0.2236842105263158 0.8254156769596199 0.07379862700228833 0.021377672209026127
3 0.21967963386727687 0.9560570071258907 0.06521739130434782 0.021377672209026127
3 0.23627002288329518 0.9845605700712589 0.09839816933638444 0.021377672209026127
3 0.2757437070938215 0.3836104513064133 0.02288329519450801 0.021377672209026127
3 0.29462242562929064 0.47624703087885983 0.03260869565217391 0.021377672209026127
3 0.2625858123569794 0.504750593824228 0.021739130434782608 0.021377672209026127
3 0.255720823798627 0.5973871733966746 0.02574370709382151 0.021377672209026127
3 0.2700228832951945 0.6258907363420427 0.02688787185354691 0.021377672209026127
3 0.2351258581235698 0.6543942992874109 0.028604118993135013 0.021377672209026127
3 0.2723112128146453 0.6828978622327792 0.02803203661327231 0.021377672209026127
3 0.2631578947368421 0.7114014251781473 0.028604118993135013 0.021377672209026127
3 0.27860411899313503 0.7399049881235155 0.02402745995423341 0.021377672209026127
3 0.2316933638443936 0.7684085510688836 0.02345537757437071 0.021377672209026127
3 0.2322654462242563 0.7969121140142518 0.02345537757437071 0.021377672209026127
3 0.2751716247139588 0.8254156769596199 0.02345537757437071 0.021377672209026127
3 0.26773455377574373 0.9560570071258907 0.02517162471395881 0.021377672209026127
3 0.301487414187643 0.9845605700712589 0.02688787185354691 0.021377672209026127
3 0.22826086956521738 0.009501187648456057 0.06636155606407322 0.019002375296912115
3 0.2236842105263158 0.028503562945368172 0.06578947368421052 0.023752969121140142
3 0.2053775743707094 0.09857482185273159 0.036613272311212815 0.023752969121140142
3 0.2608695652173913 0.09857482185273159 0.05434782608695652 0.023752969121140142
3 0.30892448512585813 0.09857482185273159 0.02002288329519451 0.023752969121140142