0 0.5921195652173913 0.01805869074492099 0.025543478260869567 0.03611738148984198
0 0.2554347826086957 0.2234762979683973 0.019021739130434784 0.028216704288939052
0 0.7434782608695653 0.14446952595936793 0.06141304347826087 0.01580135440180587
0 0.7967391304347826 0.3905191873589165 0.034782608695652174 0.07223476297968397
1 0.727445652173913 0.018623024830699775 0.18532608695652175 0.03724604966139955
1 0.3967391304347826 0.3002257336343115 0.03804347826086957 0.07900677200902935
1 0.41032608695652173 0.7720090293453724 0.15434782608695652 0.32054176072234764
1 0.5733695652173914 0.7720090293453724 0.15434782608695652 0.32054176072234764
1 0.7364130434782609 0.7720090293453724 0.15434782608695652 0.32054176072234764
1 0.21494565217391304 0.017494356659142212 0.07336956521739131 0.034988713318284424
2 0.4421195652173913 0.01805869074492099 0.32554347826086955 0.03611738148984198
2 0.5048913043478261 0.013544018058690745 0.007608695652173913 0.01580135440180587
3 0.5364130434782609 0.014672686230248307 0.08695652173913043 0.029345372460496615
3 0.5418478260869565 0.013544018058690745 0.06086956521739131 0.022573363431151242
3 0.5418478260869565 0.013544018058690745 0.06086956521739131 0.022573363431151242
3 0.25 0.18961625282167044 0.15108695652173912 0.033860045146726865
3 0.475 0.29909706546275394 0.10108695652173913 0.050790067720090294
3 0.34402173913043477 0.07223476297968397 0.024456521739130436 0.022573363431151242
3 0.3798913043478261 0.07223476297968397 0.02717391304347826 0.022573363431151242
3 0.4277173913043478 0.07223476297968397 0.04891304347826087 0.022573363431151242
3 0.47119565217391307 0.07223476297968397 0.019021739130434784 0.022573363431151242
3 0.5027173913043478 0.07223476297968397 0.024456521739130436 0.022573363431151242
3 0.5353260869565217 0.07223476297968397 0.021195652173913043 0.022573363431151242
3 0.20978260869565218 0.4142212189616253 0.07065217391304347 0.020316027088036117
3 0.2 0.5022573363431151 0.051630434782608696 0.020316027088036117
3 0.1842391304347826 0.5293453724604966 0.02010869565217391 0.020316027088036117
3 0.18695652173913044 0.5564334085778782 0.025543478260869567 0.020316027088036117
3 0.18804347826086956 0.5835214446952596 0.02717391304347826 0.020316027088036117
3 0.21032608695652175 0.6106094808126411 0.07228260869565217 0.020316027088036117
3 0.18695652173913044 0.6376975169300225 0.025543478260869567 0.020316027088036117
3 0.2016304347826087 0.664785553047404 0.05489130434782609 0.020316027088036117
3 0.19021739130434784 0.6918735891647856 0.03206521739130435 0.020316027088036117
3 0.1793478260869565 0.718961625282167 0.009782608695652175 0.020316027088036117
3 0.18695652173913044 0.837471783295711 0.025543478260869567 0.020316027088036117
3 0.20271739130434782 0.8645598194130926 0.057065217391304345 0.020316027088036117
3 0.18369565217391304 0.891647855530474 0.019021739130434784 0.020316027088036117
3 0.19945652173913042 0.9796839729119639 0.050543478260869565 0.020316027088036117
3 0.2548913043478261 0.4142212189616253 0.014130434782608696 0.020316027088036117
3 0.2418478260869565 0.5022573363431151 0.026630434782608695 0.020316027088036117
3 0.20815217391304347 0.5293453724604966 0.020652173913043477 0.020316027088036117
3 0.21358695652173912 0.5564334085778782 0.022282608695652174 0.020316027088036117
3 0.21521739130434783 0.5835214446952596 0.022282608695652174 0.020316027088036117
3 0.26032608695652176 0.6106094808126411 0.022282608695652174 0.020316027088036117
3 0.21358695652173912 0.6376975169300225 0.020652173913043477 0.020316027088036117
3 0.24130434782608695 0.664785553047404 0.019021739130434784 0.020316027088036117
3 0.21739130434782608 0.6918735891647856 0.01684782608695652 0.020316027088036117
3 0.1956521739130435 0.718961625282167 0.016304347826086956 0.020316027088036117
3 0.21467391304347827 0.837471783295711 0.024456521739130436 0.020316027088036117
3 0.24782608695652175 0.8645598194130926 0.026630434782608695 0.020316027088036117
3 0.20815217391304347 0.891647855530474 0.02282608695652174 0.020316027088036117
3 0.24021739130434783 0.9796839729119639 0.025 0.020316027088036117
3 0.21358695652173912 0.055304740406320545 0.0625 0.022573363431151242
3 0.20923913043478262 0.07674943566591422 0.0625 0.022573363431151242
3 0.19184782608695652 0.1433408577878104 0.034782608695652174 0.022573363431151242