0 0.5867463026166098 0.013002364066193853 0.026734926052332197 0.026004728132387706
1 0.7283845278725825 0.013593380614657211 0.19397042093287828 0.027186761229314422
1 0.17235494880546076 0.23877068557919623 0.03981797497155859 0.08274231678486997
1 0.3919226393629124 0.508274231678487 0.39533560864618883 0.6288416075650118
1 0.17235494880546076 0.32742316784869974 0.03981797497155859 0.08274231678486997
1 0.17235494880546076 0.41725768321513 0.03981797497155859 0.08274231678486997
1 0.19197952218430034 0.012411347517730497 0.07679180887372014 0.024822695035460994
2 0.42974971558589303 0.013002364066193853 0.34072810011376564 0.026004728132387706
3 0.19965870307167236 0.1182033096926714 0.09726962457337884 0.02364066193853428
3 0.3703071672354949 0.8947990543735225 0.4021615472127418 0.028368794326241134
3 0.7087599544937428 0.710401891252955 0.19795221843003413 0.02127659574468085
3 0.6234357224118316 0.7872340425531915 0.027872582480091012 0.02127659574468085
3 0.6427758816837316 0.817966903073286 0.06655290102389079 0.014184397163120567
3 0.6496018202502845 0.8794326241134752 0.07963594994311718 0.024822695035460994
3 0.7087599544937428 0.9148936170212766 0.19795221843003413 0.02127659574468085
3 0.7087599544937428 0.9716312056737588 0.19795221843003413 0.014184397163120567
3 0.8037542662116041 0.16193853427895982 0.034698521046643914 0.024822695035460994
3 0.17292377701934017 0.23877068557919623 0.04323094425483504 0.08983451536643026
3 0.17292377701934017 0.32860520094562645 0.04323094425483504 0.08983451536643026
3 0.17292377701934017 0.41843971631205673 0.04323094425483504 0.08983451536643026
3 0.7087599544937428 0.5756501182033097 0.20022753128555176 0.05673758865248227
3 0.8037542662116041 0.16193853427895982 0.034698521046643914 0.024822695035460994
3 0.17292377701934017 0.23877068557919623 0.04323094425483504 0.08983451536643026
3 0.17292377701934017 0.32860520094562645 0.04323094425483504 0.08983451536643026
3 0.17292377701934017 0.41843971631205673 0.04323094425483504 0.08983451536643026
3 0.7087599544937428 0.5756501182033097 0.20022753128555176 0.05673758865248227
3 0.6985210466439136 0.28250591016548465 0.18031854379977247 0.037825059101654845
3 0.3703071672354949 0.950354609929078 0.4021615472127418 0.027186761229314422
3 0.3703071672354949 0.9763593380614657 0.4021615472127418 0.02009456264775414
3 0.2815699658703072 0.06382978723404255 0.044937428896473265 0.02364066193853428
3 0.32707622298065986 0.06382978723404255 0.025597269624573378 0.02364066193853428
3 0.3646188850967008 0.06382978723404255 0.02844141069397042 0.02364066193853428
3 0.41467576791808874 0.06382978723404255 0.051194539249146756 0.02364066193853428
3 0.4601820250284414 0.06382978723404255 0.019908987485779295 0.02364066193853428
3 0.4931740614334471 0.06382978723404255 0.025597269624573378 0.02364066193853428
3 0.5273037542662116 0.06382978723404255 0.02218430034129693 0.02364066193853428
3 0.19055745164960183 0.04609929078014184 0.06541524459613197 0.02364066193853428
3 0.18600682593856654 0.06855791962174941 0.06541524459613197 0.02364066193853428