0 0.5887096774193549 0.0234375 0.024731182795698924 0.04352678571428571
1 0.7225806451612903 0.024553571428571428 0.1827956989247312 0.04352678571428571
1 0.19731182795698926 0.24665178571428573 0.03763440860215054 0.078125
1 0.40483870967741936 0.5011160714285714 0.3736559139784946 0.59375
1 0.19731182795698926 0.33035714285714285 0.03763440860215054 0.078125
1 0.19731182795698926 0.41517857142857145 0.03763440860215054 0.078125
1 0.21559139784946235 0.024553571428571428 0.07204301075268817 0.03794642857142857
2 0.4403225806451613 0.0234375 0.32150537634408605 0.04352678571428571
3 0.22311827956989247 0.1328125 0.09193548387096774 0.022321428571428572
3 0.3844086021505376 0.8660714285714286 0.38010752688172045 0.026785714285714284
3 0.7043010752688172 0.6919642857142857 0.1870967741935484 0.020089285714285716
3 0.6236559139784946 0.7645089285714286 0.026344086021505377 0.020089285714285716
3 0.6419354838709678 0.7935267857142857 0.06290322580645161 0.013392857142857142
3 0.6483870967741936 0.8515625 0.07526881720430108 0.0234375
3 0.7043010752688172 0.8850446428571429 0.1870967741935484 0.020089285714285716
3 0.7043010752688172 0.9386160714285714 0.1870967741935484 0.013392857142857142
3 0.7940860215053763 0.17410714285714285 0.032795698924731186 0.0234375
3 0.1978494623655914 0.24665178571428573 0.04086021505376344 0.08482142857142858
3 0.1978494623655914 0.3314732142857143 0.04086021505376344 0.08482142857142858
3 0.1978494623655914 0.41629464285714285 0.04086021505376344 0.08482142857142858
3 0.7043010752688172 0.5647321428571429 0.18924731182795698 0.05357142857142857
3 0.7940860215053763 0.17410714285714285 0.032795698924731186 0.0234375
3 0.1978494623655914 0.24665178571428573 0.04086021505376344 0.08482142857142858
3 0.1978494623655914 0.3314732142857143 0.04086021505376344 0.08482142857142858
3 0.1978494623655914 0.41629464285714285 0.04086021505376344 0.08482142857142858
3 0.7043010752688172 0.5647321428571429 0.18924731182795698 0.05357142857142857
3 0.6946236559139785 0.28794642857142855 0.17043010752688173 0.03571428571428571
3 0.3844086021505376 0.9185267857142857 0.38010752688172045 0.025669642857142856
3 0.3844086021505376 0.9430803571428571 0.38010752688172045 0.018973214285714284
3 0.30053763440860215 0.08147321428571429 0.04247311827956989 0.022321428571428572
3 0.3435483870967742 0.08147321428571429 0.024193548387096774 0.022321428571428572
3 0.3790322580645161 0.08147321428571429 0.026881720430107527 0.022321428571428572
3 0.42634408602150536 0.08147321428571429 0.04838709677419355 0.022321428571428572
3 0.4693548387096774 0.08147321428571429 0.01881720430107527 0.022321428571428572
3 0.5005376344086021 0.08147321428571429 0.024193548387096774 0.022321428571428572
3 0.5327956989247312 0.08147321428571429 0.020967741935483872 0.022321428571428572
3 0.21451612903225806 0.06473214285714286 0.06182795698924731 0.022321428571428572
3 0.21021505376344085 0.0859375 0.06182795698924731 0.022321428571428572