0 0.5728021978021978 0.01141552511415525 0.025824175824175823 0.0228310502283105
1 0.7096153846153846 0.011986301369863013 0.18736263736263736 0.023972602739726026
1 0.17252747252747253 0.228310502283105 0.038461538461538464 0.07990867579908675
1 0.38461538461538464 0.4885844748858447 0.38186813186813184 0.6073059360730594
1 0.17252747252747253 0.3139269406392694 0.038461538461538464 0.07990867579908675
1 0.17252747252747253 0.4006849315068493 0.038461538461538464 0.07990867579908675
1 0.1914835164835165 0.010844748858447488 0.07417582417582418 0.021689497716894976
2 0.42115384615384616 0.01141552511415525 0.3291208791208791 0.0228310502283105
3 0.1989010989010989 0.11187214611872145 0.09395604395604396 0.0228310502283105
3 0.3637362637362637 0.8618721461187214 0.38846153846153847 0.0273972602739726
3 0.6906593406593406 0.6837899543378996 0.1912087912087912 0.02054794520547945
3 0.6082417582417582 0.7579908675799086 0.026923076923076925 0.02054794520547945
3 0.6269230769230769 0.7876712328767124 0.06428571428571428 0.0136986301369863
3 0.6335164835164835 0.8470319634703196 0.07692307692307693 0.023972602739726026
3 0.6906593406593406 0.8812785388127854 0.1912087912087912 0.02054794520547945
3 0.6906593406593406 0.9360730593607306 0.1912087912087912 0.0136986301369863
3 0.7824175824175824 0.1541095890410959 0.033516483516483515 0.023972602739726026
3 0.17307692307692307 0.228310502283105 0.041758241758241756 0.0867579908675799
3 0.17307692307692307 0.3150684931506849 0.041758241758241756 0.0867579908675799
3 0.17307692307692307 0.4018264840182648 0.041758241758241756 0.0867579908675799
3 0.6906593406593406 0.5536529680365296 0.1934065934065934 0.0547945205479452
3 0.7824175824175824 0.1541095890410959 0.033516483516483515 0.023972602739726026
3 0.17307692307692307 0.228310502283105 0.041758241758241756 0.0867579908675799
3 0.17307692307692307 0.3150684931506849 0.041758241758241756 0.0867579908675799
3 0.17307692307692307 0.4018264840182648 0.041758241758241756 0.0867579908675799
3 0.6906593406593406 0.5536529680365296 0.1934065934065934 0.0547945205479452
3 0.6807692307692308 0.2705479452054795 0.17417582417582417 0.0365296803652968
3 0.3637362637362637 0.9155251141552512 0.38846153846153847 0.026255707762557076
3 0.3637362637362637 0.9406392694063926 0.38846153846153847 0.019406392694063926
3 0.27802197802197803 0.0593607305936073 0.043406593406593405 0.0228310502283105
3 0.321978021978022 0.0593607305936073 0.024725274725274724 0.0228310502283105
3 0.35824175824175825 0.0593607305936073 0.027472527472527472 0.0228310502283105
3 0.4065934065934066 0.0593607305936073 0.04945054945054945 0.0228310502283105
3 0.45054945054945056 0.0593607305936073 0.019230769230769232 0.0228310502283105
3 0.4824175824175824 0.0593607305936073 0.024725274725274724 0.0228310502283105
3 0.5153846153846153 0.0593607305936073 0.02142857142857143 0.0228310502283105
3 0.1901098901098901 0.04223744292237443 0.06318681318681318 0.0228310502283105
3 0.18571428571428572 0.0639269406392694 0.06318681318681318 0.0228310502283105