0 0.572752808988764 0.015771028037383176 0.026404494382022473 0.03154205607476635
0 0.4651685393258427 0.4696261682242991 0.0033707865168539327 0.007009345794392523
0 0.4764044943820225 0.4696261682242991 0.0056179775280898875 0.011682242990654205
0 0.48764044943820223 0.4696261682242991 0.0033707865168539327 0.007009345794392523
1 0.7126404494382023 0.016355140186915886 0.19157303370786516 0.03271028037383177
1 0.48089887640449436 0.2908878504672897 0.8938202247191012 0.39485981308411217
1 0.20617977528089887 0.7102803738317757 0.1258426966292135 0.2628504672897196
1 0.34101123595505617 0.7102803738317757 0.1258426966292135 0.2628504672897196
1 0.47584269662921347 0.7102803738317757 0.1258426966292135 0.2628504672897196
1 0.6106741573033708 0.7102803738317757 0.1258426966292135 0.2628504672897196
1 0.7455056179775281 0.7102803738317757 0.1258426966292135 0.2628504672897196
1 0.18286516853932586 0.015186915887850467 0.07584269662921349 0.030373831775700934
2 0.41769662921348316 0.015771028037383176 0.3365168539325843 0.03154205607476635
3 0.19269662921348316 0.5502336448598131 0.09831460674157304 0.02102803738317757
3 0.20617977528089887 0.9602803738317757 0.1101123595505618 0.04088785046728972
3 0.34101123595505617 0.9345794392523364 0.1101123595505618 0.04088785046728972
3 0.47584269662921347 0.9602803738317757 0.1101123595505618 0.04088785046728972
3 0.6106741573033708 0.9509345794392523 0.1101123595505618 0.04088785046728972
3 0.7455056179775281 0.9766355140186916 0.1101123595505618 0.04088785046728972
3 0.3162921348314607 0.0689252336448598 0.025280898876404494 0.02336448598130841
3 0.35337078651685394 0.0689252336448598 0.028089887640449437 0.02336448598130841
3 0.4028089887640449 0.0689252336448598 0.05056179775280899 0.02336448598130841
3 0.447752808988764 0.0689252336448598 0.019662921348314606 0.02336448598130841
3 0.4803370786516854 0.0689252336448598 0.025280898876404494 0.02336448598130841
3 0.5140449438202247 0.0689252336448598 0.021910112359550562 0.02336448598130841
3 0.18146067415730338 0.0514018691588785 0.06460674157303371 0.02336448598130841
3 0.17696629213483145 0.07359813084112149 0.06460674157303371 0.02336448598130841