0 0.5878947368421052 0.02516411378555799 0.024210526315789474 0.04266958424507659
0 0.24157894736842106 0.424507658643326 0.010526315789473684 0.02188183807439825
0 0.2557894736842105 0.4638949671772429 0.010526315789473684 0.02188183807439825
0 0.7347368421052631 0.29540481400437635 0.05947368421052632 0.015317286652078774
1 0.7189473684210527 0.0262582056892779 0.17894736842105263 0.04266958424507659
1 0.39210526315789473 0.44638949671772427 0.08421052631578947 0.175054704595186
1 0.39210526315789473 0.6859956236323851 0.08421052631578947 0.175054704595186
1 0.39210526315789473 0.9059080962800875 0.08421052631578947 0.175054704595186
1 0.22263157894736843 0.0262582056892779 0.07052631578947369 0.037199124726477024
2 0.44263157894736843 0.02516411378555799 0.31473684210526315 0.04266958424507659
2 0.47842105263157897 0.02516411378555799 0.007368421052631579 0.015317286652078774
3 0.521578947368421 0.0262582056892779 0.10947368421052632 0.028446389496717725
3 0.611578947368421 0.43435448577680524 0.33 0.015317286652078774
3 0.4673684210526316 0.5295404814004376 0.041578947368421056 0.020787746170678335
3 0.611578947368421 0.6345733041575492 0.33 0.015317286652078774
3 0.4673684210526316 0.7297592997811816 0.041578947368421056 0.020787746170678335
3 0.611578947368421 0.8544857768052516 0.33 0.015317286652078774
3 0.4673684210526316 0.949671772428884 0.041578947368421056 0.020787746170678335
3 0.5268421052631579 0.02516411378555799 0.08421052631578947 0.02188183807439825
3 0.5268421052631579 0.02516411378555799 0.08421052631578947 0.02188183807439825
3 0.25684210526315787 0.3522975929978118 0.1463157894736842 0.03282275711159737
3 0.611578947368421 0.412472647702407 0.33 0.028446389496717725
3 0.611578947368421 0.612691466083151 0.33 0.028446389496717725
3 0.611578947368421 0.8326039387308534 0.33 0.028446389496717725
3 0.34789473684210526 0.08205689277899343 0.02368421052631579 0.02188183807439825
3 0.38263157894736843 0.08205689277899343 0.02631578947368421 0.02188183807439825
3 0.42894736842105263 0.08205689277899343 0.04736842105263158 0.02188183807439825
3 0.4710526315789474 0.08205689277899343 0.018421052631578946 0.02188183807439825
3 0.501578947368421 0.08205689277899343 0.02368421052631579 0.02188183807439825
3 0.533157894736842 0.08205689277899343 0.020526315789473684 0.02188183807439825
3 0.21789473684210525 0.7396061269146609 0.06842105263157895 0.019693654266958426
3 0.2005263157894737 0.824945295404814 0.03368421052631579 0.019693654266958426
3 0.1994736842105263 0.8512035010940919 0.031578947368421054 0.019693654266958426
3 0.19789473684210526 0.8774617067833698 0.028421052631578948 0.019693654266958426
3 0.2026315789473684 0.9037199124726477 0.038421052631578946 0.019693654266958426
3 0.20210526315789473 0.9299781181619255 0.03684210526315789 0.019693654266958426
3 0.21947368421052632 0.9562363238512035 0.07157894736842105 0.019693654266958426
3 0.20421052631578948 0.9824945295404814 0.041578947368421056 0.019693654266958426
3 0.26105263157894737 0.7396061269146609 0.013157894736842105 0.019693654266958426
3 0.22631578947368422 0.824945295404814 0.012105263157894737 0.019693654266958426
3 0.22421052631578947 0.8512035010940919 0.011578947368421053 0.019693654266958426
3 0.22105263157894736 0.8774617067833698 0.012105263157894737 0.019693654266958426
3 0.22842105263157894 0.9037199124726477 0.007894736842105263 0.019693654266958426
3 0.22736842105263158 0.9299781181619255 0.007894736842105263 0.019693654266958426
3 0.2615789473684211 0.9562363238512035 0.007368421052631579 0.019693654266958426
3 0.23210526315789473 0.9824945295404814 0.007894736842105263 0.019693654266958426
3 0.22157894736842104 0.06564551422319474 0.060526315789473685 0.02188183807439825
3 0.21736842105263157 0.08643326039387308 0.060526315789473685 0.02188183807439825
3 0.22789473684210526 0.2855579868708972 0.08842105263157894 0.02188183807439825
3 0.25526315789473686 0.2964989059080963 0.1431578947368421 0.0437636761487965