0 0.5923659673659674 0.021791767554479417 0.027389277389277388 0.043583535108958835
0 0.20862470862470864 0.4612590799031477 0.011655011655011656 0.024213075060532687
0 0.22435897435897437 0.5048426150121066 0.011655011655011656 0.024213075060532687
0 0.7546620046620046 0.31840193704600483 0.06585081585081586 0.01694915254237288
1 0.7374708624708625 0.022397094430992737 0.1987179487179487 0.044794188861985475
1 0.3752913752913753 0.4854721549636804 0.09324009324009325 0.1937046004842615
1 0.3752913752913753 0.7506053268765133 0.09324009324009325 0.1937046004842615
1 0.3755827505827506 0.9479418886198547 0.09382284382284382 0.1016949152542373
1 0.18764568764568765 0.020581113801452784 0.0780885780885781 0.04116222760290557
2 0.43152680652680653 0.021791767554479417 0.34906759906759904 0.043583535108958835
2 0.47086247086247085 0.01937046004842615 0.008158508158508158 0.01694915254237288
3 0.5186480186480187 0.020581113801452784 0.12121212121212122 0.031476997578692496
3 0.6182983682983683 0.4721549636803874 0.36538461538461536 0.01694915254237288
3 0.4586247086247086 0.5774818401937046 0.04603729603729604 0.023002421307506054
3 0.6182983682983683 0.6937046004842615 0.36538461538461536 0.01694915254237288
3 0.4586247086247086 0.7990314769975787 0.04603729603729604 0.023002421307506054
3 0.6182983682983683 0.937046004842615 0.36538461538461536 0.01694915254237288
3 0.5244755244755245 0.01937046004842615 0.09324009324009325 0.024213075060532687
3 0.5244755244755245 0.01937046004842615 0.09324009324009325 0.024213075060532687
3 0.22552447552447552 0.3813559322033898 0.16200466200466201 0.03631961259079903
3 0.6182983682983683 0.44794188861985473 0.36538461538461536 0.031476997578692496
3 0.6182983682983683 0.6694915254237288 0.36538461538461536 0.031476997578692496
3 0.6182983682983683 0.9128329297820823 0.36538461538461536 0.031476997578692496
3 0.32634032634032634 0.08232445520581114 0.026223776223776224 0.024213075060532687
3 0.36480186480186483 0.08232445520581114 0.029137529137529136 0.024213075060532687
3 0.4160839160839161 0.08232445520581114 0.05244755244755245 0.024213075060532687
3 0.4627039627039627 0.08232445520581114 0.020396270396270396 0.024213075060532687
3 0.4965034965034965 0.08232445520581114 0.026223776223776224 0.024213075060532687
3 0.5314685314685315 0.08232445520581114 0.022727272727272728 0.024213075060532687
3 0.18240093240093241 0.8099273607748184 0.07575757575757576 0.021791767554479417
3 0.16317016317016317 0.9043583535108959 0.037296037296037296 0.021791767554479417
3 0.16200466200466201 0.9334140435835351 0.03496503496503497 0.021791767554479417
3 0.16025641025641027 0.9624697336561744 0.03146853146853147 0.021791767554479417
3 0.1655011655011655 0.9897094430992736 0.04312354312354312 0.018159806295399514
3 0.2301864801864802 0.8099273607748184 0.014568764568764568 0.021791767554479417
3 0.19172494172494173 0.9043583535108959 0.013403263403263404 0.021791767554479417
3 0.1893939393939394 0.9334140435835351 0.01282051282051282 0.021791767554479417
3 0.1858974358974359 0.9624697336561744 0.013403263403263404 0.021791767554479417
3 0.19405594405594406 0.9897094430992736 0.009324009324009324 0.018159806295399514
3 0.1864801864801865 0.06416464891041163 0.06701631701631702 0.024213075060532687
3 0.18181818181818182 0.08716707021791767 0.06701631701631702 0.024213075060532687
3 0.19347319347319347 0.3075060532687651 0.0979020979020979 0.024213075060532687
3 0.22377622377622378 0.3196125907990315 0.1585081585081585 0.048426150121065374