0 0.2127777777777778 0.3960739030023095 0.011111111111111112 0.023094688221709007
0 0.25833333333333336 0.3960739030023095 0.011111111111111112 0.023094688221709007
0 0.7183333333333334 0.25981524249422633 0.06277777777777778 0.016166281755196306
1 0.37777777777777777 0.4676674364896074 0.15777777777777777 0.3279445727482679
1 0.5444444444444444 0.4676674364896074 0.15777777777777777 0.3279445727482679
1 0.7111111111111111 0.4676674364896074 0.15777777777777777 0.3279445727482679
3 0.33111111111111113 0.7286374133949192 0.042777777777777776 0.021939953810623556
3 0.5083333333333333 0.7090069284064665 0.06388888888888888 0.021939953810623556
3 0.5444444444444444 0.7852193995381063 0.13555555555555557 0.015011547344110854
3 0.6644444444444444 0.7297921478060047 0.042777777777777776 0.021939953810623556
3 0.7111111111111111 0.8060046189376443 0.13555555555555557 0.015011547344110854
3 0.21388888888888888 0.31986143187066973 0.15444444444444444 0.03464203233256351
3 0.37777777777777777 0.7748267898383372 0.13555555555555557 0.04157043879907621
3 0.5444444444444444 0.7551963048498845 0.13555555555555557 0.04157043879907621
3 0.7111111111111111 0.7759815242494227 0.13555555555555557 0.04157043879907621
3 0.31 0.03464203233256351 0.025 0.023094688221709007
3 0.3466666666666667 0.03464203233256351 0.027777777777777776 0.023094688221709007
3 0.39555555555555555 0.03464203233256351 0.05 0.023094688221709007
3 0.44 0.03464203233256351 0.019444444444444445 0.023094688221709007
3 0.4722222222222222 0.03464203233256351 0.025 0.023094688221709007
3 0.5055555555555555 0.03464203233256351 0.021666666666666667 0.023094688221709007
3 0.17277777777777778 0.687066974595843 0.07222222222222222 0.020785219399538105
3 0.1661111111111111 0.7771362586605081 0.058888888888888886 0.020785219399538105
3 0.1461111111111111 0.8048498845265589 0.01888888888888889 0.020785219399538105
3 0.17888888888888888 0.8325635103926097 0.085 0.020785219399538105
3 0.1738888888888889 0.8602771362586605 0.07444444444444444 0.020785219399538105
3 0.16666666666666666 0.8879907621247113 0.06055555555555556 0.020785219399538105
3 0.17833333333333334 0.9157043879907621 0.08388888888888889 0.020785219399538105
3 0.1811111111111111 0.9434180138568129 0.08944444444444444 0.020785219399538105
3 0.18333333333333332 0.9711316397228638 0.09388888888888888 0.020785219399538105
3 0.1463888888888889 0.99364896073903 0.019444444444444445 0.010392609699769052
3 0.22111111111111112 0.687066974595843 0.01888888888888889 0.020785219399538105
3 0.20944444444444443 0.7771362586605081 0.022222222222222223 0.020785219399538105
3 0.16944444444444445 0.8048498845265589 0.021666666666666667 0.020785219399538105
3 0.23555555555555555 0.8325635103926097 0.02277777777777778 0.020785219399538105
3 0.2238888888888889 0.8602771362586605 0.020555555555555556 0.020785219399538105
3 0.2088888888888889 0.8879907621247113 0.016666666666666666 0.020785219399538105
3 0.2311111111111111 0.9157043879907621 0.014444444444444444 0.020785219399538105
3 0.2361111111111111 0.9434180138568129 0.015 0.020785219399538105
3 0.2411111111111111 0.9711316397228638 0.015 0.020785219399538105
3 0.16583333333333333 0.99364896073903 0.015 0.010392609699769052
3 0.17666666666666667 0.017321016166281754 0.06388888888888888 0.023094688221709007
3 0.17222222222222222 0.03926096997690531 0.06388888888888888 0.023094688221709007
3 0.18333333333333332 0.24942263279445728 0.09333333333333334 0.023094688221709007
3 0.25722222222222224 0.24942263279445728 0.034444444444444444 0.023094688221709007
3 0.14444444444444443 0.27251732101616627 0.015555555555555555 0.023094688221709007