0 0.5853403141361256 0.025 0.024083769633507852 0.042391304347826085
0 0.6848167539267016 0.9869565217391304 0.1256544502617801 0.01956521739130435
1 0.7157068062827225 0.02608695652173913 0.17801047120418848 0.042391304347826085
1 0.21099476439790577 0.18043478260869567 0.050261780104712044 0.07608695652173914
1 0.20732984293193718 0.35543478260869565 0.023036649214659685 0.04782608695652174
1 0.40680628272251307 0.6260869565217392 0.34973821989528797 0.508695652173913
1 0.20732984293193718 0.4206521739130435 0.023036649214659685 0.04782608695652174
1 0.20732984293193718 0.48586956521739133 0.023036649214659685 0.04782608695652174
1 0.20732984293193718 0.5510869565217391 0.023036649214659685 0.04782608695652174
1 0.20732984293193718 0.616304347826087 0.023036649214659685 0.04782608695652174
1 0.20732984293193718 0.6815217391304348 0.023036649214659685 0.04782608695652174
1 0.20732984293193718 0.7467391304347826 0.023036649214659685 0.04782608695652174
1 0.20732984293193718 0.8119565217391305 0.023036649214659685 0.04782608695652174
1 0.22198952879581152 0.02608695652173913 0.07015706806282722 0.03695652173913044
2 0.4408376963350785 0.025 0.31308900523560207 0.042391304347826085
3 0.6596858638743456 0.591304347826087 0.07591623036649214 0.01956521739130435
3 0.6528795811518324 0.8891304347826087 0.06230366492146597 0.01956521739130435
3 0.20732984293193718 0.37282608695652175 0.02617801047120419 0.02391304347826087
3 0.20732984293193718 0.4380434782608696 0.02617801047120419 0.02391304347826087
3 0.20732984293193718 0.5032608695652174 0.02617801047120419 0.02391304347826087
3 0.20732984293193718 0.5684782608695652 0.02617801047120419 0.02391304347826087
3 0.20732984293193718 0.633695652173913 0.02617801047120419 0.02391304347826087
3 0.20732984293193718 0.6989130434782609 0.02617801047120419 0.02391304347826087
3 0.20732984293193718 0.7641304347826087 0.02617801047120419 0.02391304347826087
3 0.20732984293193718 0.8293478260869566 0.02617801047120419 0.02391304347826087
3 0.20732984293193718 0.37282608695652175 0.02617801047120419 0.02391304347826087
3 0.20732984293193718 0.4380434782608696 0.02617801047120419 0.02391304347826087
3 0.20732984293193718 0.5032608695652174 0.02617801047120419 0.02391304347826087
3 0.20732984293193718 0.5684782608695652 0.02617801047120419 0.02391304347826087
3 0.20732984293193718 0.633695652173913 0.02617801047120419 0.02391304347826087
3 0.20732984293193718 0.6989130434782609 0.02617801047120419 0.02391304347826087
3 0.20732984293193718 0.7641304347826087 0.02617801047120419 0.02391304347826087
3 0.20732984293193718 0.8293478260869566 0.02617801047120419 0.02391304347826087
3 0.6952879581151833 0.42391304347826086 0.14712041884816754 0.08152173913043478
3 0.7130890052356021 0.658695652173913 0.15078534031413612 0.021739130434782608
3 0.7130890052356021 0.6815217391304348 0.15078534031413612 0.01956521739130435
3 0.7130890052356021 0.7032608695652174 0.15078534031413612 0.01956521739130435
3 0.7130890052356021 0.725 0.15078534031413612 0.01956521739130435
3 0.7130890052356021 0.7913043478260869 0.15078534031413612 0.021739130434782608
3 0.6528795811518324 0.8695652173913043 0.06230366492146597 0.01847826086956522
3 0.6528795811518324 0.9445652173913044 0.061780104712041886 0.021739130434782608
3 0.34659685863874345 0.08152173913043478 0.02356020942408377 0.021739130434782608
3 0.381151832460733 0.08152173913043478 0.02617801047120419 0.021739130434782608
3 0.4272251308900524 0.08152173913043478 0.04712041884816754 0.021739130434782608
3 0.46910994764397906 0.08152173913043478 0.01832460732984293 0.021739130434782608
3 0.49947643979057593 0.08152173913043478 0.02356020942408377 0.021739130434782608
3 0.5308900523560209 0.08152173913043478 0.020418848167539267 0.021739130434782608
3 0.22094240837696336 0.06521739130434782 0.060209424083769635 0.021739130434782608
3 0.21675392670157068 0.08586956521739131 0.060209424083769635 0.021739130434782608
3 0.3020942408376963 0.28152173913043477 0.08795811518324607 0.015217391304347827
3 0.38481675392670156 0.28152173913043477 0.05863874345549738 0.015217391304347827
3 0.44659685863874343 0.28152173913043477 0.04764397905759162 0.015217391304347827
3 0.48900523560209425 0.28152173913043477 0.01780104712041885 0.015217391304347827
3 0.5178010471204189 0.28152173913043477 0.020942408376963352 0.015217391304347827
3 0.5534031413612566 0.28152173913043477 0.031413612565445025 0.015217391304347827