0 0.584375 0.02918918918918919 0.023958333333333335 0.04216216216216216
0 0.7296875 0.19027027027027027 0.058854166666666666 0.015135135135135135
0 0.8067708333333333 0.2843243243243243 0.016666666666666666 0.034594594594594595
0 0.2234375 0.20972972972972972 0.04635416666666667 0.04108108108108108
0 0.2864583333333333 0.20972972972972972 0.07552083333333333 0.04108108108108108
1 0.7140625 0.03027027027027027 0.17708333333333334 0.04216216216216216
1 0.3619791666666667 0.2843243243243243 0.04479166666666667 0.09297297297297297
1 0.42083333333333334 0.2843243243243243 0.04479166666666667 0.09297297297297297
1 0.4791666666666667 0.2843243243243243 0.04479166666666667 0.09297297297297297
1 0.5380208333333333 0.2843243243243243 0.04479166666666667 0.09297297297297297
1 0.5963541666666666 0.2843243243243243 0.04479166666666667 0.09297297297297297
1 0.6552083333333333 0.2843243243243243 0.04479166666666667 0.09297297297297297
1 0.7135416666666666 0.2843243243243243 0.04479166666666667 0.09297297297297297
1 0.7723958333333333 0.2843243243243243 0.04479166666666667 0.09297297297297297
1 0.390625 0.46702702702702703 0.08333333333333333 0.17297297297297298
1 0.390625 0.6843243243243243 0.08333333333333333 0.17297297297297298
1 0.390625 0.9016216216216216 0.08333333333333333 0.17297297297297298
2 0.440625 0.02918918918918919 0.31145833333333334 0.04216216216216216
2 0.4515625 0.02918918918918919 0.007291666666666667 0.015135135135135135
3 0.1828125 0 0 0
3 0.22291666666666668 0.03027027027027027 0.06979166666666667 0.036756756756756756
3 0.6729166666666667 0.08540540540540541 0.057291666666666664 0.021621621621621623
3 0.71875 0.08540540540540541 0.034375 0.021621621621621623
3 0.7609375 0.08540540540540541 0.050520833333333334 0.021621621621621623
3 0.21770833333333334 0.07783783783783783 0.06927083333333334 0.043243243243243246
3 0.30520833333333336 0.08540540540540541 0.04114583333333333 0.021621621621621623
3 0.346875 0.08540540540540541 0.0234375 0.021621621621621623
3 0.38125 0.08540540540540541 0.026041666666666668 0.021621621621621623
3 0.4270833333333333 0.08540540540540541 0.046875 0.021621621621621623
3 0.46875 0.08540540540540541 0.018229166666666668 0.021621621621621623
3 0.49895833333333334 0.08540540540540541 0.0234375 0.021621621621621623
3 0.5302083333333333 0.08540540540540541 0.0203125 0.021621621621621623
3 0.7963541666666667 0.08324324324324324 0.013020833333333334 0.022702702702702703
3 0.7140625 0.03351351351351351 0.17708333333333334 0.04756756756756757
3 0.2833333333333333 0.13513513513513514 0.029166666666666667 0.021621621621621623
3 0.33229166666666665 0.13513513513513514 0.04791666666666667 0.021621621621621623
3 0.3958333333333333 0.13513513513513514 0.058333333333333334 0.021621621621621623
3 0.44583333333333336 0.13513513513513514 0.0203125 0.021621621621621623
3 0.228125 0.1891891891891892 0.0875 0.021621621621621623
3 0.23125 0.21081081081081082 0.09427083333333333 0.021621621621621623
3 0.29322916666666665 0.3902702702702703 0.016666666666666666 0.017297297297297298
3 0.29322916666666665 0.4616216216216216 0.016666666666666666 0.017297297297297298
3 0.29322916666666665 0.5351351351351351 0.016666666666666666 0.017297297297297298
3 0.23072916666666668 0.6389189189189189 0.09270833333333334 0.01945945945945946
3 0.22760416666666666 0.7232432432432433 0.08645833333333333 0.01945945945945946
3 0.22552083333333334 0.7491891891891892 0.0828125 0.01945945945945946
3 0.22604166666666667 0.7751351351351351 0.08333333333333333 0.01945945945945946
3 0.225 0.8010810810810811 0.08125 0.01945945945945946
3 0.209375 0.827027027027027 0.05 0.01945945945945946
3 0.20885416666666667 0.8529729729729729 0.04895833333333333 0.01945945945945946
3 0.20052083333333334 0.8789189189189189 0.03229166666666667 0.01945945945945946
3 0.20572916666666666 0.9632432432432433 0.043229166666666666 0.01945945945945946
3 0.7807291666666667 0.19243243243243244 0.008333333333333333 0.017297297297297298
3 0.7932291666666667 0.19243243243243244 0.008333333333333333 0.017297297297297298
3 0.36354166666666665 0.2843243243243243 0.058333333333333334 0.11243243243243244
3 0.42239583333333336 0.2843243243243243 0.058333333333333334 0.11243243243243244
3 0.48072916666666665 0.2843243243243243 0.058333333333333334 0.11243243243243244
3 0.5395833333333333 0.2843243243243243 0.058333333333333334 0.11243243243243244
3 0.5979166666666667 0.2843243243243243 0.058333333333333334 0.11243243243243244
3 0.6567708333333333 0.2843243243243243 0.058333333333333334 0.11243243243243244
3 0.7151041666666667 0.2843243243243243 0.058333333333333334 0.11243243243243244
3 0.7739583333333333 0.2843243243243243 0.058333333333333334 0.11243243243243244
3 0.390625 0.46702702702702703 0.08333333333333333 0.17297297297297298
3 0.6078125 0.3945945945945946 0.3265625 0.02810810810810811
3 0.390625 0.6843243243243243 0.08333333333333333 0.17297297297297298
3 0.6078125 0.625945945945946 0.3265625 0.05621621621621622
3 0.390625 0.9016216216216216 0.08333333333333333 0.17297297297297298
3 0.6078125 0.8291891891891892 0.3265625 0.02810810810810811
3 0.50625 0.03027027027027027 0.1328125 0.02810810810810811
3 0.47239583333333335 0.49513513513513513 0.05520833333333333 0.02054054054054054
3 0.4822916666666667 0.7405405405405405 0.075 0.02054054054054054
3 0.47239583333333335 0.9297297297297298 0.05520833333333333 0.02054054054054054
3 0.5114583333333333 0.02918918918918919 0.1078125 0.021621621621621623
3 0.5114583333333333 0.02918918918918919 0.1078125 0.021621621621621623
3 0.25677083333333334 0.27135135135135136 0.14479166666666668 0.06486486486486487
3 0.6078125 0.3945945945945946 0.3265625 0.02810810810810811
3 0.6078125 0.625945945945946 0.3265625 0.05621621621621622
3 0.6078125 0.8291891891891892 0.3265625 0.02810810810810811
3 0.26875 0.1545945945945946 0.13697916666666668 0.043243243243243246