0 0.5756830601092896 0.00510204081632653 0.025683060109289616 0.01020408163265306
0 0.23224043715846995 0.29931972789115646 0.01092896174863388 0.022675736961451247
0 0.24863387978142076 0.3401360544217687 0.01092896174863388 0.022675736961451247
0 0.7278688524590164 0.1564625850340136 0.06174863387978142 0.015873015873015872
0 0.8076502732240437 0.24149659863945577 0.017486338797814208 0.036281179138321996
0 0.19672131147540983 0.17687074829931973 0.048633879781420766 0.04308390022675737
0 0.26284153005464483 0.17687074829931973 0.07923497267759563 0.04308390022675737
1 0.7117486338797814 0.005668934240362812 0.18633879781420765 0.011337868480725623
1 0.33278688524590166 0.24263038548752835 0.030054644808743168 0.06235827664399093
1 0.4557377049180328 0.24263038548752835 0.030054644808743168 0.06235827664399093
1 0.578688524590164 0.24263038548752835 0.030054644808743168 0.06235827664399093
1 0.7016393442622951 0.24263038548752835 0.030054644808743168 0.06235827664399093
1 0.39289617486338796 0.46258503401360546 0.1551912568306011 0.3219954648526077
1 0.5568306010928962 0.46258503401360546 0.1551912568306011 0.3219954648526077
1 0.7207650273224043 0.46258503401360546 0.1551912568306011 0.3219954648526077
1 0.19644808743169398 0.0045351473922902496 0.07377049180327869 0.009070294784580499
2 0.4248633879781421 0.00510204081632653 0.3273224043715847 0.01020408163265306
3 0.3655737704918033 0.7188208616780045 0.07868852459016394 0.021541950113378686
3 0.39289617486338796 0.7936507936507936 0.13333333333333333 0.01473922902494331
3 0.5185792349726775 0.699546485260771 0.05683060109289618 0.021541950113378686
3 0.5568306010928962 0.7743764172335601 0.13333333333333333 0.01473922902494331
3 0.6825136612021858 0.699546485260771 0.05683060109289618 0.021541950113378686
3 0.7207650273224043 0.7743764172335601 0.13333333333333333 0.01473922902494331
3 0.23169398907103825 0.22448979591836735 0.15191256830601094 0.034013605442176874
3 0.39289617486338796 0.764172335600907 0.13333333333333333 0.04081632653061224
3 0.5568306010928962 0.7448979591836735 0.13333333333333333 0.04081632653061224
3 0.7207650273224043 0.7448979591836735 0.13333333333333333 0.04081632653061224
3 0.3885245901639344 0.2290249433106576 0.07103825136612021 0.021541950113378686
3 0.5114754098360655 0.2290249433106576 0.07103825136612021 0.021541950113378686
3 0.6344262295081967 0.2290249433106576 0.07103825136612021 0.021541950113378686
3 0.7573770491803279 0.2290249433106576 0.07103825136612021 0.021541950113378686
3 0.2442622950819672 0.11904761904761904 0.14371584699453552 0.045351473922902494
3 0.3262295081967213 0.046485260770975055 0.02459016393442623 0.022675736961451247
3 0.3622950819672131 0.046485260770975055 0.0273224043715847 0.022675736961451247
3 0.4103825136612022 0.046485260770975055 0.04918032786885246 0.022675736961451247
3 0.4540983606557377 0.046485260770975055 0.01912568306010929 0.022675736961451247
3 0.48579234972677593 0.046485260770975055 0.02459016393442623 0.022675736961451247
3 0.5185792349726775 0.046485260770975055 0.021311475409836064 0.022675736961451247
3 0.1737704918032787 0.6258503401360545 0.0366120218579235 0.02040816326530612
3 0.1650273224043716 0.6530612244897959 0.01912568306010929 0.02040816326530612
3 0.1650273224043716 0.6802721088435374 0.01912568306010929 0.02040816326530612
3 0.1650273224043716 0.7074829931972789 0.01912568306010929 0.02040816326530612
3 0.16939890710382513 0.7346938775510204 0.0273224043715847 0.02040816326530612
3 0.16612021857923498 0.7619047619047619 0.021311475409836064 0.02040816326530612
3 0.16830601092896175 0.8503401360544217 0.025683060109289616 0.02040816326530612
3 0.17431693989071037 0.8775510204081632 0.03715846994535519 0.02040816326530612
3 0.17103825136612022 0.9047619047619048 0.030601092896174863 0.02040816326530612
3 0.1918032786885246 0.9319727891156463 0.0726775956284153 0.02040816326530612
3 0.1721311475409836 0.9591836734693877 0.03333333333333333 0.02040816326530612
3 0.1650273224043716 0.9863945578231292 0.018579234972677595 0.02040816326530612
3 0.2 0.6258503401360545 0.010382513661202186 0.02040816326530612
3 0.18360655737704917 0.6530612244897959 0.012021857923497269 0.02040816326530612
3 0.18415300546448088 0.6802721088435374 0.012021857923497269 0.02040816326530612
3 0.18360655737704917 0.7074829931972789 0.012021857923497269 0.02040816326530612
3 0.1907103825136612 0.7346938775510204 0.010382513661202186 0.02040816326530612
3 0.18415300546448088 0.7619047619047619 0.007650273224043716 0.02040816326530612
3 0.1907103825136612 0.8503401360544217 0.012021857923497269 0.02040816326530612
3 0.1989071038251366 0.8775510204081632 0.007103825136612022 0.02040816326530612
3 0.19617486338797815 0.9047619047619048 0.014754098360655738 0.02040816326530612
3 0.2355191256830601 0.9319727891156463 0.00819672131147541 0.02040816326530612
3 0.19562841530054645 0.9591836734693877 0.007650273224043716 0.02040816326530612
3 0.18032786885245902 0.9863945578231292 0.006010928961748634 0.02040816326530612
3 0.19508196721311474 0.02947845804988662 0.06284153005464481 0.022675736961451247
3 0.1907103825136612 0.05102040816326531 0.06284153005464481 0.022675736961451247
3 0.18633879781420765 0.15532879818594103 0.06174863387978142 0.022675736961451247
3 0.22131147540983606 0.16666666666666666 0.13169398907103824 0.045351473922902494