0 0.5962365591397849 0.024553571428571428 0.024731182795698924 0.04352678571428571
0 0.7462365591397849 0.26339285714285715 0.06075268817204301 0.015625
1 0.7301075268817204 0.025669642857142856 0.1827956989247312 0.04352678571428571
1 0.39623655913978495 0.4174107142857143 0.08602150537634409 0.17857142857142858
1 0.39623655913978495 0.6417410714285714 0.08602150537634409 0.17857142857142858
1 0.39623655913978495 0.8705357142857143 0.08602150537634409 0.17857142857142858
1 0.22311827956989247 0.025669642857142856 0.07204301075268817 0.03794642857142857
2 0.4478494623655914 0.024553571428571428 0.32150537634408605 0.04352678571428571
2 0.4543010752688172 0.024553571428571428 0.007526881720430108 0.015625
3 0.5134408602150538 0.025669642857142856 0.14193548387096774 0.029017857142857144
3 0.4731182795698925 0.4252232142857143 0.04247311827956989 0.021205357142857144
3 0.4731182795698925 0.7109375 0.04247311827956989 0.021205357142857144
3 0.4731182795698925 0.8783482142857143 0.04247311827956989 0.021205357142857144
3 0.5188172043010753 0.024553571428571428 0.11612903225806452 0.022321428571428572
3 0.5188172043010753 0.024553571428571428 0.11612903225806452 0.022321428571428572
3 0.25806451612903225 0.29910714285714285 0.14946236559139786 0.033482142857142856
3 0.6204301075268818 0.34263392857142855 0.3370967741935484 0.029017857142857144
3 0.6204301075268818 0.6071428571428571 0.3370967741935484 0.029017857142857144
3 0.6204301075268818 0.7957589285714286 0.3370967741935484 0.029017857142857144
3 0.3510752688172043 0.08258928571428571 0.024193548387096774 0.022321428571428572
3 0.3865591397849462 0.08258928571428571 0.026881720430107527 0.022321428571428572
3 0.4338709677419355 0.08258928571428571 0.04838709677419355 0.022321428571428572
3 0.4768817204301075 0.08258928571428571 0.01881720430107527 0.022321428571428572
3 0.5080645161290323 0.08258928571428571 0.024193548387096774 0.022321428571428572
3 0.5403225806451613 0.08258928571428571 0.020967741935483872 0.022321428571428572
3 0.21827956989247313 0.5959821428571429 0.06989247311827956 0.020089285714285716
3 0.221505376344086 0.6830357142857143 0.07634408602150537 0.020089285714285716
3 0.19731182795698926 0.7098214285714286 0.02795698924731183 0.020089285714285716
3 0.23172043010752688 0.7366071428571429 0.09731182795698924 0.020089285714285716
3 0.21344086021505376 0.7633928571428571 0.060215053763440864 0.020089285714285716
3 0.21129032258064517 0.7901785714285714 0.056451612903225805 0.020089285714285716
3 0.19301075268817205 0.8772321428571429 0.01935483870967742 0.020089285714285716
3 0.20161290322580644 0.9642857142857143 0.03655913978494624 0.020089285714285716
3 0.22688172043010751 0.9899553571428571 0.08817204301075268 0.017857142857142856
3 0.25967741935483873 0.5959821428571429 0.007526881720430108 0.020089285714285716
3 0.26881720430107525 0.6830357142857143 0.011827956989247311 0.020089285714285716
3 0.22204301075268817 0.7098214285714286 0.016666666666666666 0.020089285714285716
3 0.2887096774193548 0.7366071428571429 0.01021505376344086 0.020089285714285716
3 0.24946236559139784 0.7633928571428571 0.006989247311827957 0.020089285714285716
3 0.24623655913978496 0.7901785714285714 0.007526881720430108 0.020089285714285716
3 0.210752688172043 0.8772321428571429 0.01129032258064516 0.020089285714285716
3 0.2306451612903226 0.9642857142857143 0.016129032258064516 0.020089285714285716
3 0.28198924731182795 0.9899553571428571 0.016666666666666666 0.017857142857142856
3 0.22204301075268817 0.06584821428571429 0.06182795698924731 0.022321428571428572
3 0.21774193548387097 0.08705357142857142 0.06182795698924731 0.022321428571428572
3 0.22849462365591397 0.2533482142857143 0.09032258064516129 0.022321428571428572