0 0.5805084745762712 0.01995305164319249 0.02655367231638418 0.03990610328638498
0 0.7378531073446327 0.2676056338028169 0.06384180790960452 0.01643192488262911
1 0.7211864406779661 0.020539906103286387 0.19265536723163842 0.04107981220657277
1 0.3700564971751412 0.4295774647887324 0.0903954802259887 0.18779342723004694
1 0.3700564971751412 0.6654929577464789 0.0903954802259887 0.18779342723004694
1 0.3700564971751412 0.9014084507042254 0.0903954802259887 0.18779342723004694
1 0.1884180790960452 0.01936619718309859 0.07627118644067797 0.03873239436619718
2 0.4245762711864407 0.01995305164319249 0.3384180790960452 0.03990610328638498
2 0.43107344632768363 0.01643192488262911 0.007909604519774011 0.01643192488262911
3 0.49322033898305084 0.017605633802816902 0.14915254237288136 0.03051643192488263
3 0.4485875706214689 0.4753521126760563 0.04011299435028248 0.01643192488262911
3 0.45084745762711864 0.9096244131455399 0.04463276836158192 0.022300469483568074
3 0.49887005649717514 0.01643192488262911 0.12203389830508475 0.023474178403755867
3 0.49887005649717514 0.01643192488262911 0.12203389830508475 0.023474178403755867
3 0.2248587570621469 0.3051643192488263 0.15706214689265538 0.035211267605633804
3 0.6056497175141243 0.3931924882629108 0.35423728813559324 0.03051643192488263
3 0.6056497175141243 0.5868544600938967 0.35423728813559324 0.03051643192488263
3 0.6056497175141243 0.8227699530516432 0.35423728813559324 0.03051643192488263
3 0.3225988700564972 0.07746478873239436 0.025423728813559324 0.023474178403755867
3 0.35988700564971754 0.07746478873239436 0.02824858757062147 0.023474178403755867
3 0.4096045197740113 0.07746478873239436 0.05084745762711865 0.023474178403755867
3 0.4548022598870056 0.07746478873239436 0.01977401129943503 0.023474178403755867
3 0.48757062146892655 0.07746478873239436 0.025423728813559324 0.023474178403755867
3 0.5214689265536723 0.07746478873239436 0.022033898305084745 0.023474178403755867
3 0.17570621468926553 0.5269953051643192 0.059322033898305086 0.02112676056338028
3 0.17796610169491525 0.5551643192488263 0.06327683615819209 0.02112676056338028
3 0.18135593220338983 0.5833333333333334 0.07062146892655367 0.02112676056338028
3 0.15593220338983052 0.6115023474178404 0.0192090395480226 0.02112676056338028
3 0.15649717514124295 0.7030516431924883 0.020338983050847456 0.02112676056338028
3 0.1655367231638418 0.7946009389671361 0.0384180790960452 0.02112676056338028
3 0.1638418079096045 0.886150234741784 0.03502824858757062 0.02112676056338028
3 0.16440677966101694 0.9776995305164319 0.03672316384180791 0.02112676056338028
3 0.2135593220338983 0.5269953051643192 0.010169491525423728 0.02112676056338028
3 0.21864406779661016 0.5551643192488263 0.012429378531073447 0.02112676056338028
3 0.2231638418079096 0.5833333333333334 0.0062146892655367235 0.02112676056338028
3 0.1711864406779661 0.6115023474178404 0.0062146892655367235 0.02112676056338028
3 0.17457627118644067 0.7030516431924883 0.010734463276836158 0.02112676056338028
3 0.19265536723163842 0.7946009389671361 0.010169491525423728 0.02112676056338028
3 0.19096045197740114 0.886150234741784 0.012994350282485875 0.02112676056338028
3 0.18983050847457628 0.9776995305164319 0.007909604519774011 0.02112676056338028
3 0.18700564971751413 0.05985915492957746 0.06497175141242938 0.023474178403755867
3 0.1824858757062147 0.08215962441314555 0.06497175141242938 0.023474178403755867
3 0.19378531073446328 0.25704225352112675 0.09491525423728814 0.023474178403755867