0 0.5919786096256684 0.027777777777777776 0.02459893048128342 0.043333333333333335
0 0.7411764705882353 0.26555555555555554 0.06042780748663101 0.015555555555555555
1 0.7251336898395722 0.028888888888888888 0.18181818181818182 0.043333333333333335
1 0.393048128342246 0.41888888888888887 0.0855614973262032 0.17777777777777778
1 0.393048128342246 0.6422222222222222 0.0855614973262032 0.17777777777777778
1 0.393048128342246 0.8655555555555555 0.0855614973262032 0.17777777777777778
1 0.22085561497326203 0.028888888888888888 0.07165775401069518 0.03777777777777778
2 0.4443850267379679 0.027777777777777776 0.31978609625668447 0.043333333333333335
2 0.45080213903743316 0.027777777777777776 0.0074866310160427805 0.015555555555555555
3 0.5096256684491979 0.028888888888888888 0.1411764705882353 0.028888888888888888
3 0.46737967914438505 0.4622222222222222 0.03796791443850268 0.015555555555555555
3 0.46951871657754013 0.8733333333333333 0.04224598930481283 0.021111111111111112
3 0.5149732620320856 0.027777777777777776 0.11550802139037433 0.022222222222222223
3 0.5149732620320856 0.027777777777777776 0.11550802139037433 0.022222222222222223
3 0.2556149732620321 0.3011111111111111 0.14866310160427806 0.03333333333333333
3 0.6160427807486631 0.3844444444444444 0.3352941176470588 0.028888888888888888
3 0.6160427807486631 0.5677777777777778 0.3352941176470588 0.028888888888888888
3 0.6160427807486631 0.7911111111111111 0.3352941176470588 0.028888888888888888
3 0.3481283422459893 0.08555555555555555 0.02406417112299465 0.022222222222222223
3 0.38342245989304813 0.08555555555555555 0.026737967914438502 0.022222222222222223
3 0.4304812834224599 0.08555555555555555 0.0481283422459893 0.022222222222222223
3 0.4732620320855615 0.08555555555555555 0.01871657754010695 0.022222222222222223
3 0.5042780748663102 0.08555555555555555 0.02406417112299465 0.022222222222222223
3 0.5363636363636364 0.08555555555555555 0.02085561497326203 0.022222222222222223
3 0.20909090909090908 0.5111111111111111 0.05614973262032086 0.02
3 0.21122994652406418 0.5377777777777778 0.059893048128342244 0.02
3 0.2144385026737968 0.5644444444444444 0.06684491978609626 0.02
3 0.19037433155080213 0.5911111111111111 0.01818181818181818 0.02
3 0.19090909090909092 0.6777777777777778 0.019251336898395723 0.02
3 0.19946524064171123 0.7644444444444445 0.03636363636363636 0.02
3 0.19786096256684493 0.8511111111111112 0.033155080213903745 0.02
3 0.1983957219251337 0.9377777777777778 0.034759358288770054 0.02
3 0.2449197860962567 0.5111111111111111 0.009625668449197862 0.02
3 0.2497326203208556 0.5377777777777778 0.011764705882352941 0.02
3 0.2540106951871658 0.5644444444444444 0.0058823529411764705 0.02
3 0.20481283422459892 0.5911111111111111 0.0058823529411764705 0.02
3 0.20802139037433154 0.6777777777777778 0.010160427807486631 0.02
3 0.2251336898395722 0.7644444444444445 0.009625668449197862 0.02
3 0.2235294117647059 0.8511111111111112 0.01229946524064171 0.02
3 0.22245989304812835 0.9377777777777778 0.0074866310160427805 0.02
3 0.2197860962566845 0.06888888888888889 0.06149732620320856 0.022222222222222223
3 0.21550802139037434 0.09 0.06149732620320856 0.022222222222222223
3 0.22620320855614973 0.25555555555555554 0.08983957219251337 0.022222222222222223