0 0.7588888888888888 0.2540415704387991 0.06277777777777778 0.016166281755196306
1 0.41833333333333333 0.4618937644341801 0.15777777777777777 0.3279445727482679
1 0.585 0.4618937644341801 0.15777777777777777 0.3279445727482679
1 0.7516666666666667 0.4618937644341801 0.15777777777777777 0.3279445727482679
3 0.38222222222222224 0.7032332563510393 0.06388888888888888 0.021939953810623556
3 0.5488888888888889 0.7032332563510393 0.06388888888888888 0.021939953810623556
3 0.705 0.7228637413394919 0.042777777777777776 0.021939953810623556
3 0.2544444444444444 0.3140877598152425 0.15444444444444444 0.03464203233256351
3 0.41833333333333333 0.7390300230946882 0.13555555555555557 0.020785219399538105
3 0.585 0.7390300230946882 0.13555555555555557 0.020785219399538105
3 0.7516666666666667 0.76905311778291 0.13555555555555557 0.04157043879907621
3 0.35055555555555556 0.028868360277136258 0.025 0.023094688221709007
3 0.38722222222222225 0.028868360277136258 0.027777777777777776 0.023094688221709007
3 0.4361111111111111 0.028868360277136258 0.05 0.023094688221709007
3 0.48055555555555557 0.028868360277136258 0.019444444444444445 0.023094688221709007
3 0.5127777777777778 0.028868360277136258 0.025 0.023094688221709007
3 0.5461111111111111 0.028868360277136258 0.021666666666666667 0.023094688221709007
3 0.21333333333333335 0.6212471131639723 0.07222222222222222 0.020785219399538105
3 0.18722222222222223 0.7113163972286374 0.02 0.020785219399538105
3 0.19611111111111112 0.8013856812933026 0.03777777777777778 0.020785219399538105
3 0.2222222222222222 0.8290993071593533 0.09055555555555556 0.020785219399538105
3 0.19444444444444445 0.9191685912240185 0.034444444444444444 0.020785219399538105
3 0.2594444444444444 0.6212471131639723 0.015 0.020785219399538105
3 0.21 0.7113163972286374 0.020555555555555556 0.020785219399538105
3 0.22944444444444445 0.8013856812933026 0.023333333333333334 0.020785219399538105
3 0.2822222222222222 0.8290993071593533 0.023333333333333334 0.020785219399538105
3 0.22666666666666666 0.9191685912240185 0.02388888888888889 0.020785219399538105
3 0.21 0.9468822170900693 0.012777777777777779 0.020785219399538105
3 0.21722222222222223 0.011547344110854504 0.06388888888888888 0.023094688221709007
3 0.2127777777777778 0.03348729792147806 0.06388888888888888 0.023094688221709007
3 0.2238888888888889 0.24364896073903003 0.09333333333333334 0.023094688221709007
3 0.29777777777777775 0.24364896073903003 0.034444444444444444 0.023094688221709007
3 0.185 0.26674364896073904 0.015555555555555555 0.023094688221709007