0 0.584375 0.02918918918918919 0.023958333333333335 0.04216216216216216
0 0.7145833333333333 0.5254054054054054 0.14322916666666666 0.05189189189189189
0 0.7145833333333333 0.585945945945946 0.14322916666666666 0.05189189189189189
1 0.7140625 0.03027027027027027 0.17708333333333334 0.04216216216216216
1 0.20833333333333334 0.24756756756756756 0.022916666666666665 0.04756756756756757
1 0.328125 0.5167567567567568 0.196875 0.505945945945946
1 0.20833333333333334 0.3124324324324324 0.022916666666666665 0.04756756756756757
1 0.20833333333333334 0.3772972972972973 0.022916666666666665 0.04756756756756757
1 0.20833333333333334 0.44216216216216214 0.022916666666666665 0.04756756756756757
1 0.20833333333333334 0.5070270270270271 0.022916666666666665 0.04756756756756757
2 0.440625 0.02918918918918919 0.31145833333333334 0.04216216216216216
3 0.1828125 0 0 0
3 0.22291666666666668 0.03027027027027027 0.06979166666666667 0.036756756756756756
3 0.6729166666666667 0.08540540540540541 0.057291666666666664 0.021621621621621623
3 0.71875 0.08540540540540541 0.034375 0.021621621621621623
3 0.7609375 0.08540540540540541 0.050520833333333334 0.021621621621621623
3 0.21770833333333334 0.07783783783783783 0.06927083333333334 0.043243243243243246
3 0.30520833333333336 0.08540540540540541 0.04114583333333333 0.021621621621621623
3 0.346875 0.08540540540540541 0.0234375 0.021621621621621623
3 0.38125 0.08540540540540541 0.026041666666666668 0.021621621621621623
3 0.4270833333333333 0.08540540540540541 0.046875 0.021621621621621623
3 0.46875 0.08540540540540541 0.018229166666666668 0.021621621621621623
3 0.49895833333333334 0.08540540540540541 0.0234375 0.021621621621621623
3 0.5302083333333333 0.08540540540540541 0.0203125 0.021621621621621623
3 0.7963541666666667 0.08324324324324324 0.013020833333333334 0.022702702702702703
3 0.7140625 0.03351351351351351 0.17708333333333334 0.04756756756756757
3 0.28958333333333336 0.1372972972972973 0.0234375 0.021621621621621623
3 0.35260416666666666 0.1372972972972973 0.0890625 0.021621621621621623
3 0.43072916666666666 0.1372972972972973 0.05364583333333333 0.021621621621621623
3 0.484375 0.1372972972972973 0.04114583333333333 0.021621621621621623
3 0.525 0.1372972972972973 0.028645833333333332 0.021621621621621623
3 0.5765625 0.1372972972972973 0.0609375 0.021621621621621623
3 0.21197916666666666 0.18054054054054053 0.050520833333333334 0.015135135135135135
3 0.2942708333333333 0.18054054054054053 0.0875 0.015135135135135135
3 0.39427083333333335 0.18054054054054053 0.09427083333333333 0.015135135135135135
3 0.4921875 0.18054054054054053 0.0828125 0.015135135135135135
3 0.5739583333333333 0.18054054054054053 0.06145833333333333 0.015135135135135135
3 0.621875 0.18054054054054053 0.015625 0.015135135135135135
3 0.7760416666666666 0.1827027027027027 0.0546875 0.015135135135135135
3 0.4890625 0.3772972972972973 0.0984375 0.01945945945945946
3 0.6114583333333333 0.2572972972972973 0.0125 0.022702702702702703
3 0.47760416666666666 0.5805405405405405 0.07552083333333333 0.01945945945945946
3 0.5286458333333334 0.9264864864864865 0.17760416666666667 0.01945945945945946
3 0.6984375 0.3264864864864865 0.07916666666666666 0.021621621621621623
3 0.7072916666666667 0.37945945945945947 0.04479166666666667 0.015135135135135135
3 0.6828125 0.6475675675675676 0.052083333333333336 0.021621621621621623
3 0.49270833333333336 0.5081081081081081 0.10572916666666667 0.01945945945945946
3 0.5067708333333333 0.6345945945945946 0.13385416666666666 0.01945945945945946
3 0.5286458333333334 0.9762162162162162 0.17760416666666667 0.01945945945945946
3 0.6921875 0.4010810810810811 0.0984375 0.015135135135135135
3 0.6921875 0.4227027027027027 0.0984375 0.015135135135135135
3 0.7145833333333333 0.4648648648648649 0.14322916666666666 0.025945945945945945
3 0.7057291666666666 0.8756756756756757 0.09375 0.01945945945945946
3 0.7083333333333334 0.9383783783783783 0.09947916666666666 0.01945945945945946
3 0.20833333333333334 0.2648648648648649 0.026041666666666668 0.023783783783783784
3 0.20833333333333334 0.32972972972972975 0.026041666666666668 0.023783783783783784
3 0.20833333333333334 0.3945945945945946 0.026041666666666668 0.023783783783783784
3 0.20833333333333334 0.4594594594594595 0.026041666666666668 0.023783783783783784
3 0.20833333333333334 0.5243243243243243 0.026041666666666668 0.023783783783783784
3 0.20833333333333334 0.2648648648648649 0.026041666666666668 0.023783783783783784
3 0.20833333333333334 0.32972972972972975 0.026041666666666668 0.023783783783783784
3 0.20833333333333334 0.3945945945945946 0.026041666666666668 0.023783783783783784
3 0.20833333333333334 0.4594594594594595 0.026041666666666668 0.023783783783783784
3 0.20833333333333334 0.5243243243243243 0.026041666666666668 0.023783783783783784
3 0.525 0.3178378378378378 0.16979166666666667 0.08108108108108109
3 0.7223958333333333 0.2594594594594595 0.12760416666666666 0.021621621621621623
3 0.7223958333333333 0.2918918918918919 0.12760416666666666 0.03891891891891892
3 0.7213541666666666 0.6475675675675676 0.1296875 0.01945945945945946
3 0.7213541666666666 0.6875675675675675 0.1296875 0.01945945945945946
3 0.6921875 0.38054054054054054 0.0984375 0.017297297297297298
3 0.7145833333333333 0.8021621621621622 0.14322916666666666 0.023783783783783784
3 0.7057291666666666 0.8551351351351352 0.09375 0.021621621621621623
3 0.7083333333333334 0.9178378378378378 0.09947916666666666 0.021621621621621623