0 0.7094361334867664 0.22009569377990432 0.06501726121979287 0.01674641148325359
1 0.3567318757192175 0.4354066985645933 0.16340621403912542 0.3397129186602871
1 0.5293440736478712 0.4354066985645933 0.16340621403912542 0.3397129186602871
1 0.7019562715765247 0.4354066985645933 0.16340621403912542 0.3397129186602871
3 0.3084004602991945 0.6854066985645934 0.04430379746835443 0.022727272727272728
3 0.4810126582278481 0.6854066985645934 0.04430379746835443 0.022727272727272728
3 0.6536248561565017 0.6854066985645934 0.04430379746835443 0.022727272727272728
3 0.18699654775604144 0.3062200956937799 0.15995397008055237 0.03588516746411483
3 0.3567318757192175 0.7332535885167464 0.14039125431530494 0.0430622009569378
3 0.5293440736478712 0.7332535885167464 0.14039125431530494 0.0430622009569378
3 0.7019562715765247 0.7332535885167464 0.14039125431530494 0.0430622009569378
3 0.286536248561565 0.02631578947368421 0.025891829689298044 0.023923444976076555
3 0.3245109321058688 0.02631578947368421 0.028768699654775604 0.023923444976076555
3 0.3751438434982739 0.02631578947368421 0.05178365937859609 0.023923444976076555
3 0.42117376294591485 0.02631578947368421 0.020138089758342925 0.023923444976076555
3 0.45454545454545453 0.02631578947368421 0.025891829689298044 0.023923444976076555
3 0.4890678941311853 0.02631578947368421 0.02243958573072497 0.023923444976076555
3 0.14441887226697353 0.6244019138755981 0.07479861910241657 0.0215311004784689
3 0.12025316455696203 0.7177033492822966 0.026467203682393557 0.0215311004784689
3 0.12025316455696203 0.7464114832535885 0.02704257767548907 0.0215311004784689
3 0.12197928653624857 0.7751196172248804 0.03049482163406214 0.0215311004784689
3 0.13176064441887228 0.8038277511961722 0.04948216340621404 0.0215311004784689
3 0.11680092059838895 0.8325358851674641 0.020138089758342925 0.0215311004784689
3 0.13578826237054084 0.861244019138756 0.05753739930955121 0.0215311004784689
3 0.1386651323360184 0.8899521531100478 0.06386651323360185 0.0215311004784689
3 0.12082853855005754 0.9186602870813397 0.02761795166858458 0.0215311004784689
3 0.12313003452243959 0.9473684210526315 0.03222094361334868 0.0215311004784689
3 0.1915995397008055 0.6244019138755981 0.014384349827387802 0.0215311004784689
3 0.14499424626006904 0.7177033492822966 0.017836593785960874 0.0215311004784689
3 0.14499424626006904 0.7464114832535885 0.015535097813578827 0.0215311004784689
3 0.14959723820483314 0.7751196172248804 0.01726121979286536 0.0215311004784689
3 0.167433831990794 0.8038277511961722 0.015535097813578827 0.0215311004784689
3 0.1380897583429229 0.8325358851674641 0.015535097813578827 0.0215311004784689
3 0.17548906789413118 0.861244019138756 0.014959723820483314 0.0215311004784689
3 0.18181818181818182 0.8899521531100478 0.015535097813578827 0.0215311004784689
3 0.14384349827387802 0.9186602870813397 0.013233601841196778 0.0215311004784689
3 0.14844649021864212 0.9473684210526315 0.013233601841196778 0.0215311004784689
3 0.14844649021864212 0.01076555023923445 0.0667433831990794 0.0215311004784689
3 0.14384349827387802 0.03110047846889952 0.0661680092059839 0.023923444976076555
3 0.15535097813578827 0.20933014354066987 0.09666283084004602 0.023923444976076555
3 0.23187571921749137 0.20933014354066987 0.03567318757192175 0.023923444976076555
3 0.15592635212888378 0.2332535885167464 0.09781357882623705 0.023923444976076555
3 0.18411967779056387 0.2452153110047847 0.15477560414269276 0.04784688995215311