0 0.5888888888888889 0.023076923076923078 0.02433862433862434 0.04285714285714286
0 0.7365079365079366 0.25824175824175827 0.059788359788359786 0.015384615384615385
1 0.7206349206349206 0.024175824175824177 0.17989417989417988 0.04285714285714286
1 0.4121693121693122 0.45604395604395603 0.15026455026455027 0.3120879120879121
1 0.5708994708994709 0.45604395604395603 0.15026455026455027 0.3120879120879121
1 0.7296296296296296 0.45604395604395603 0.15026455026455027 0.3120879120879121
1 0.2216931216931217 0.024175824175824177 0.07089947089947089 0.03736263736263736
2 0.44285714285714284 0.023076923076923078 0.3164021164021164 0.04285714285714286
2 0.46084656084656084 0.023076923076923078 0.007407407407407408 0.015384615384615385
3 0.5132275132275133 0.024175824175824177 0.12804232804232804 0.02857142857142857
3 0.36772486772486773 0.6857142857142857 0.040740740740740744 0.020879120879120878
3 0.5264550264550265 0.6857142857142857 0.040740740740740744 0.020879120879120878
3 0.6925925925925925 0.6857142857142857 0.05502645502645503 0.020879120879120878
3 0.5185185185185185 0.023076923076923078 0.10264550264550265 0.02197802197802198
3 0.5185185185185185 0.023076923076923078 0.10264550264550265 0.02197802197802198
3 0.2560846560846561 0.35384615384615387 0.14708994708994708 0.06593406593406594
3 0.4121693121693122 0.7296703296703296 0.1291005291005291 0.03956043956043956
3 0.5708994708994709 0.7296703296703296 0.1291005291005291 0.03956043956043956
3 0.7296296296296296 0.7296703296703296 0.1291005291005291 0.03956043956043956
3 0.3476190476190476 0.08021978021978023 0.023809523809523808 0.02197802197802198
3 0.3825396825396825 0.08021978021978023 0.026455026455026454 0.02197802197802198
3 0.4291005291005291 0.08021978021978023 0.047619047619047616 0.02197802197802198
3 0.4714285714285714 0.08021978021978023 0.018518518518518517 0.02197802197802198
3 0.5021164021164021 0.08021978021978023 0.023809523809523808 0.02197802197802198
3 0.5338624338624338 0.08021978021978023 0.020634920634920634 0.02197802197802198
3 0.21693121693121692 0.6626373626373626 0.06878306878306878 0.01978021978021978
3 0.19470899470899472 0.7483516483516484 0.02486772486772487 0.01978021978021978
3 0.2052910052910053 0.7747252747252747 0.0455026455026455 0.01978021978021978
3 0.19735449735449737 0.8010989010989011 0.02962962962962963 0.01978021978021978
3 0.19523809523809524 0.8274725274725274 0.025396825396825397 0.01978021978021978
3 0.20899470899470898 0.8538461538461538 0.05291005291005291 0.01978021978021978
3 0.20634920634920634 0.8802197802197802 0.04814814814814815 0.01978021978021978
3 0.19470899470899472 0.9065934065934066 0.02433862433862434 0.01978021978021978
3 0.18941798941798943 0.932967032967033 0.013756613756613757 0.01978021978021978
3 0.19523809523809524 0.9593406593406594 0.025925925925925925 0.01978021978021978
3 0.2597883597883598 0.6626373626373626 0.01164021164021164 0.01978021978021978
3 0.21746031746031746 0.7483516483516484 0.014285714285714285 0.01978021978021978
3 0.23756613756613756 0.7747252747252747 0.012698412698412698 0.01978021978021978
3 0.22063492063492063 0.8010989010989011 0.01164021164021164 0.01978021978021978
3 0.2164021164021164 0.8274725274725274 0.01164021164021164 0.01978021978021978
3 0.24338624338624337 0.8538461538461538 0.010052910052910053 0.01978021978021978
3 0.23915343915343915 0.8802197802197802 0.01164021164021164 0.01978021978021978
3 0.21534391534391534 0.9065934065934066 0.01164021164021164 0.01978021978021978
3 0.20423280423280424 0.932967032967033 0.009523809523809525 0.01978021978021978
3 0.21693121693121692 0.9593406593406594 0.01164021164021164 0.01978021978021978
3 0.22063492063492063 0.06373626373626373 0.06084656084656084 0.02197802197802198
3 0.2164021164021164 0.08461538461538462 0.06084656084656084 0.02197802197802198
3 0.22698412698412698 0.24835164835164836 0.08888888888888889 0.02197802197802198
3 0.29735449735449737 0.24835164835164836 0.0328042328042328 0.02197802197802198
3 0.2275132275132275 0.2703296703296703 0.08994708994708994 0.02197802197802198
3 0.25343915343915346 0.2813186813186813 0.14232804232804233 0.04395604395604396