0 0.7536312849162011 0.22389791183294663 0.06312849162011173 0.016241299303944315
1 0.4111731843575419 0.43271461716937354 0.15865921787709497 0.3294663573085847
1 0.5787709497206703 0.43271461716937354 0.15865921787709497 0.3294663573085847
1 0.7463687150837989 0.43271461716937354 0.15865921787709497 0.3294663573085847
3 0.3642458100558659 0.6751740139211136 0.043016759776536316 0.022041763341067284
3 0.5318435754189944 0.6751740139211136 0.043016759776536316 0.022041763341067284
3 0.7072625698324022 0.6751740139211136 0.05810055865921788 0.022041763341067284
3 0.24636871508379887 0.3248259860788863 0.1553072625698324 0.06960556844547564
3 0.4111731843575419 0.7215777262180975 0.13631284916201117 0.04176334106728538
3 0.5787709497206703 0.7215777262180975 0.13631284916201117 0.04176334106728538
3 0.7463687150837989 0.7215777262180975 0.13631284916201117 0.04176334106728538
3 0.34301675977653634 0.03596287703016241 0.025139664804469275 0.02320185614849188
3 0.37988826815642457 0.03596287703016241 0.027932960893854747 0.02320185614849188
3 0.42905027932960893 0.03596287703016241 0.05027932960893855 0.02320185614849188
3 0.47374301675977654 0.03596287703016241 0.019553072625698324 0.02320185614849188
3 0.506145251396648 0.03596287703016241 0.025139664804469275 0.02320185614849188
3 0.5396648044692738 0.03596287703016241 0.021787709497206705 0.02320185614849188
3 0.20502793296089386 0.6508120649651972 0.07262569832402235 0.02088167053364269
3 0.18156424581005587 0.7412993039443155 0.026256983240223464 0.02088167053364269
3 0.19273743016759776 0.7691415313225058 0.048044692737430165 0.02088167053364269
3 0.18435754189944134 0.796983758700696 0.03128491620111732 0.02088167053364269
3 0.18212290502793296 0.8248259860788864 0.026815642458100558 0.02088167053364269
3 0.19664804469273742 0.8526682134570766 0.055865921787709494 0.02088167053364269
3 0.19385474860335195 0.8805104408352669 0.050837988826815644 0.02088167053364269
3 0.18156424581005587 0.9083526682134571 0.02569832402234637 0.02088167053364269
3 0.17597765363128492 0.9361948955916474 0.01452513966480447 0.02088167053364269
3 0.18212290502793296 0.9640371229698376 0.027374301675977653 0.02088167053364269
3 0.25027932960893856 0.6508120649651972 0.012290502793296089 0.02088167053364269
3 0.20558659217877095 0.7412993039443155 0.015083798882681564 0.02088167053364269
3 0.22681564245810057 0.7691415313225058 0.013407821229050279 0.02088167053364269
3 0.20893854748603352 0.796983758700696 0.012290502793296089 0.02088167053364269
3 0.20446927374301677 0.8248259860788864 0.012290502793296089 0.02088167053364269
3 0.2329608938547486 0.8526682134570766 0.010614525139664804 0.02088167053364269
3 0.22849162011173185 0.8805104408352669 0.012290502793296089 0.02088167053364269
3 0.20335195530726258 0.9083526682134571 0.012290502793296089 0.02088167053364269
3 0.19162011173184357 0.9361948955916474 0.01005586592178771 0.02088167053364269
3 0.20502793296089386 0.9640371229698376 0.012290502793296089 0.02088167053364269
3 0.20893854748603352 0.018561484918793503 0.06424581005586592 0.02320185614849188
3 0.20446927374301677 0.04060324825986079 0.06424581005586592 0.02320185614849188
3 0.21564245810055865 0.21345707656612528 0.09385474860335195 0.02320185614849188
3 0.2899441340782123 0.21345707656612528 0.034636871508379886 0.02320185614849188
3 0.21620111731843575 0.23665893271461716 0.09497206703910614 0.02320185614849188
3 0.2435754189944134 0.2482598607888631 0.15027932960893856 0.04640371229698376