0 0.5679749715585893 0.004728132387706856 0.026734926052332197 0.009456264775413711
0 0.7263936291240045 0.23877068557919623 0.06427758816837315 0.016548463356973995
1 0.709613196814562 0.005319148936170213 0.19397042093287828 0.010638297872340425
1 0.37770193401592717 0.4515366430260047 0.161547212741752 0.33569739952718675
1 0.5483503981797497 0.4515366430260047 0.161547212741752 0.33569739952718675
1 0.7189988623435722 0.4515366430260047 0.161547212741752 0.33569739952718675
1 0.17320819112627986 0.004137115839243499 0.07679180887372014 0.008274231678486997
2 0.4109783845278726 0.004728132387706856 0.34072810011376564 0.009456264775413711
3 0.32992036405005687 0.6985815602836879 0.04379977246871445 0.022458628841607566
3 0.5005688282138794 0.7458628841607565 0.04379977246871445 0.022458628841607566
3 0.6712172923777019 0.6985815602836879 0.04379977246871445 0.022458628841607566
3 0.2098976109215017 0.30023640661938533 0.15813424345847554 0.03546099290780142
3 0.37770193401592717 0.7458628841607565 0.13879408418657566 0.0425531914893617
3 0.5483503981797497 0.793144208037825 0.13879408418657566 0.0425531914893617
3 0.7189988623435722 0.7458628841607565 0.13879408418657566 0.0425531914893617
3 0.3083048919226394 0.04728132387706856 0.025597269624573378 0.02364066193853428
3 0.34584755403868034 0.04728132387706856 0.02844141069397042 0.02364066193853428
3 0.39590443686006827 0.04728132387706856 0.051194539249146756 0.02364066193853428
3 0.44141069397042093 0.04728132387706856 0.019908987485779295 0.02364066193853428
3 0.47440273037542663 0.04728132387706856 0.025597269624573378 0.02364066193853428
3 0.5085324232081911 0.04728132387706856 0.02218430034129693 0.02364066193853428
3 0.16780432309442547 0.6146572104018913 0.07394766780432309 0.02127659574468085
3 0.1410693970420933 0.706855791962175 0.020477815699658702 0.02127659574468085
3 0.15017064846416384 0.7990543735224587 0.038680318543799774 0.02127659574468085
3 0.17690557451649602 0.8274231678486997 0.09271899886234357 0.02127659574468085
3 0.14846416382252559 0.9196217494089834 0.03526734926052332 0.02127659574468085
3 0.21274175199089876 0.6146572104018913 0.010238907849829351 0.02127659574468085
3 0.161547212741752 0.706855791962175 0.015358361774744027 0.02127659574468085
3 0.18088737201365188 0.7990543735224587 0.017064846416382253 0.02127659574468085
3 0.23492605233219568 0.8274231678486997 0.017064846416382253 0.02127659574468085
3 0.18031854379977247 0.9196217494089834 0.02218430034129693 0.02127659574468085
3 0.1632536973833902 0.9479905437352246 0.01080773606370876 0.02127659574468085
3 0.17178612059158135 0.02955082742316785 0.06541524459613197 0.02364066193853428
3 0.16723549488054607 0.05200945626477541 0.06541524459613197 0.02364066193853428
3 0.17861205915813425 0.2281323877068558 0.09556313993174062 0.02364066193853428
3 0.25426621160409557 0.2281323877068558 0.03526734926052332 0.02364066193853428
3 0.13879408418657566 0.25177304964539005 0.015927189988623434 0.02364066193853428
3 0.18828213879408418 0.25177304964539005 0.062002275312855515 0.02364066193853428