0 0.7045197740112994 0.903755868544601 0.13559322033898305 0.02112676056338028
0 0.7265536723163842 0.9706572769953051 0.17966101694915254 0.056338028169014086
1 0.18926553672316385 0.20657276995305165 0.024858757062146894 0.051643192488262914
1 0.40451977401129946 0.4988262910798122 0.37740112994350283 0.5492957746478874
3 0.6774011299435029 0.431924882629108 0.08192090395480225 0.02112676056338028
3 0.6836158192090396 0.7981220657276995 0.09435028248587571 0.02112676056338028
3 0.18926553672316385 0.22535211267605634 0.02824858757062147 0.025821596244131457
3 0.18926553672316385 0.22535211267605634 0.02824858757062147 0.025821596244131457
3 0.715819209039548 0.2664319248826291 0.15875706214689267 0.05868544600938967
3 0.39717514124293785 0.9096244131455399 0.4056497175141243 0.07276995305164319
3 0.7350282485875707 0.5046948356807511 0.16271186440677965 0.023474178403755867
3 0.7350282485875707 0.5293427230046949 0.16271186440677965 0.02112676056338028
3 0.7350282485875707 0.5528169014084507 0.16271186440677965 0.02112676056338028
3 0.7350282485875707 0.5762910798122066 0.16271186440677965 0.02112676056338028
3 0.7350282485875707 0.6596244131455399 0.16271186440677965 0.046948356807511735
3 0.7350282485875707 0.6960093896713615 0.16271186440677965 0.02112676056338028
3 0.6836158192090396 0.7769953051643192 0.09435028248587571 0.01995305164319249
3 0.6700564971751413 0.857981220657277 0.06666666666666667 0.023474178403755867
3 0.33954802259887007 0.029342723004694836 0.025423728813559324 0.023474178403755867
3 0.3768361581920904 0.029342723004694836 0.02824858757062147 0.023474178403755867
3 0.4265536723163842 0.029342723004694836 0.05084745762711865 0.023474178403755867
3 0.4717514124293785 0.029342723004694836 0.01977401129943503 0.023474178403755867
3 0.5045197740112994 0.029342723004694836 0.025423728813559324 0.023474178403755867
3 0.5384180790960452 0.029342723004694836 0.022033898305084745 0.023474178403755867
3 0.20395480225988702 0.011737089201877934 0.06497175141242938 0.023474178403755867
3 0.19943502824858758 0.03403755868544601 0.06497175141242938 0.023474178403755867
3 0.2824858757062147 0.13262910798122066 0.09491525423728814 0.01643192488262911
3 0.3576271186440678 0.13262910798122066 0.03502824858757062 0.01643192488262911
3 0.39322033898305087 0.13262910798122066 0.015819209039548022 0.01643192488262911
3 0.45875706214689266 0.13262910798122066 0.09548022598870057 0.01643192488262911