0 0.6843003412969283 0.91725768321513 0.13651877133105803 0.02127659574468085
0 0.7067690557451649 0.9775413711583925 0.18145620022753128 0.0425531914893617
1 0.16552901023890784 0.21513002364066194 0.02502844141069397 0.05200945626477541
1 0.3822525597269625 0.5094562647754137 0.3799772468714448 0.5531914893617021
3 0.6569965870307167 0.44208037825059104 0.08248009101251422 0.02127659574468085
3 0.6632536973833902 0.8108747044917257 0.0949943117178612 0.02127659574468085
3 0.16552901023890784 0.23404255319148937 0.02844141069397042 0.026004728132387706
3 0.16552901023890784 0.23404255319148937 0.02844141069397042 0.026004728132387706
3 0.6956769055745164 0.27541371158392436 0.15984072810011377 0.0591016548463357
3 0.37485779294653016 0.9231678486997635 0.40841865756541523 0.07328605200945626
3 0.7150170648464164 0.5153664302600472 0.16382252559726962 0.02364066193853428
3 0.7150170648464164 0.5401891252955082 0.16382252559726962 0.02127659574468085
3 0.7150170648464164 0.5638297872340425 0.16382252559726962 0.02127659574468085
3 0.7150170648464164 0.5874704491725768 0.16382252559726962 0.02127659574468085
3 0.7150170648464164 0.6713947990543735 0.16382252559726962 0.04728132387706856
3 0.7150170648464164 0.7080378250591016 0.16382252559726962 0.02127659574468085
3 0.6632536973833902 0.789598108747045 0.0949943117178612 0.02009456264775414
3 0.6496018202502845 0.8711583924349882 0.0671217292377702 0.02364066193853428
3 0.31683731513083047 0.03664302600472813 0.025597269624573378 0.02364066193853428
3 0.3543799772468714 0.03664302600472813 0.02844141069397042 0.02364066193853428
3 0.4044368600682594 0.03664302600472813 0.051194539249146756 0.02364066193853428
3 0.4499431171786121 0.03664302600472813 0.019908987485779295 0.02364066193853428
3 0.48293515358361777 0.03664302600472813 0.025597269624573378 0.02364066193853428
3 0.5170648464163823 0.03664302600472813 0.02218430034129693 0.02364066193853428
3 0.18031854379977247 0.018912529550827423 0.06541524459613197 0.02364066193853428
3 0.1757679180887372 0.041371158392434985 0.06541524459613197 0.02364066193853428
3 0.2593856655290102 0.14066193853427897 0.09556313993174062 0.016548463356973995
3 0.33503981797497157 0.14066193853427897 0.03526734926052332 0.016548463356973995
3 0.3708759954493743 0.14066193853427897 0.015927189988623434 0.016548463356973995
3 0.43686006825938567 0.14066193853427897 0.09613196814562003 0.016548463356973995