0 0.5961748633879781 0.02834467120181406 0.025136612021857924 0.04421768707482993
0 0.7486338797814208 0.2709750566893424 0.06174863387978142 0.015873015873015872
1 0.73224043715847 0.02947845804988662 0.18579234972677597 0.04421768707482993
1 0.41366120218579233 0.47505668934240364 0.1551912568306011 0.3219954648526077
1 0.5775956284153005 0.47505668934240364 0.1551912568306011 0.3219954648526077
1 0.7415300546448087 0.47505668934240364 0.1551912568306011 0.3219954648526077
1 0.21693989071038253 0.02947845804988662 0.073224043715847 0.03854875283446712
2 0.4453551912568306 0.02834467120181406 0.326775956284153 0.04421768707482993
2 0.5092896174863388 0.02834467120181406 0.007650273224043716 0.015873015873015872
3 0.5404371584699453 0.02947845804988662 0.08688524590163935 0.02947845804988662
3 0.36775956284153005 0.7573696145124716 0.04207650273224044 0.021541950113378686
3 0.5316939890710383 0.7120181405895691 0.04207650273224044 0.021541950113378686
3 0.6956284153005464 0.7120181405895691 0.04207650273224044 0.021541950113378686
3 0.5459016393442623 0.02834467120181406 0.060655737704918035 0.022675736961451247
3 0.5459016393442623 0.02834467120181406 0.060655737704918035 0.022675736961451247
3 0.25245901639344265 0.3072562358276644 0.15191256830601094 0.034013605442176874
3 0.41366120218579233 0.8027210884353742 0.13333333333333333 0.04081632653061224
3 0.5775956284153005 0.7573696145124716 0.13333333333333333 0.04081632653061224
3 0.7415300546448087 0.7573696145124716 0.13333333333333333 0.04081632653061224
3 0.3469945355191257 0.0873015873015873 0.02459016393442623 0.022675736961451247
3 0.3830601092896175 0.0873015873015873 0.0273224043715847 0.022675736961451247
3 0.4311475409836066 0.0873015873015873 0.04918032786885246 0.022675736961451247
3 0.4748633879781421 0.0873015873015873 0.01912568306010929 0.022675736961451247
3 0.5065573770491804 0.0873015873015873 0.02459016393442623 0.022675736961451247
3 0.5393442622950819 0.0873015873015873 0.021311475409836064 0.022675736961451247
3 0.18415300546448088 0.5215419501133787 0.015300546448087432 0.02040816326530612
3 0.18688524590163935 0.5487528344671202 0.021311475409836064 0.02040816326530612
3 0.20546448087431693 0.5759637188208617 0.05792349726775956 0.02040816326530612
3 0.18743169398907103 0.6031746031746031 0.02185792349726776 0.02040816326530612
3 0.22295081967213115 0.6303854875283447 0.09289617486338798 0.02040816326530612
3 0.21584699453551912 0.6575963718820862 0.07923497267759563 0.02040816326530612
3 0.18579234972677597 0.6848072562358276 0.018579234972677595 0.02040816326530612
3 0.18633879781420765 0.7732426303854876 0.019672131147540985 0.02040816326530612
3 0.19508196721311474 0.8616780045351474 0.03715846994535519 0.02040816326530612
3 0.22076502732240438 0.8888888888888888 0.08907103825136611 0.02040816326530612
3 0.19398907103825136 0.9773242630385488 0.03551912568306011 0.02040816326530612
3 0.20327868852459016 0.5215419501133787 0.01639344262295082 0.02040816326530612
3 0.2081967213114754 0.5487528344671202 0.014754098360655738 0.02040816326530612
3 0.24316939890710382 0.5759637188208617 0.012021857923497269 0.02040816326530612
3 0.20765027322404372 0.6031746031746031 0.012568306010928962 0.02040816326530612
3 0.27704918032786885 0.6303854875283447 0.009836065573770493 0.02040816326530612
3 0.2612021857923497 0.6575963718820862 0.00546448087431694 0.02040816326530612
3 0.20163934426229507 0.6848072562358276 0.00819672131147541 0.02040816326530612
3 0.20491803278688525 0.7732426303854876 0.012021857923497269 0.02040816326530612
3 0.22349726775956283 0.8616780045351474 0.014754098360655738 0.02040816326530612
3 0.2743169398907104 0.8888888888888888 0.012568306010928962 0.02040816326530612
3 0.22185792349726777 0.9773242630385488 0.014207650273224045 0.02040816326530612
3 0.21584699453551912 0.07029478458049887 0.06284153005464481 0.022675736961451247
3 0.21147540983606558 0.09183673469387756 0.06284153005464481 0.022675736961451247
3 0.22240437158469945 0.26077097505668934 0.09180327868852459 0.022675736961451247
3 0.29508196721311475 0.26077097505668934 0.033879781420765025 0.022675736961451247