0 0.5992520138089759 0.022129186602870814 0.02704257767548907 0.04425837320574163
0 0.759493670886076 0.27631578947368424 0.06501726121979287 0.01674641148325359
1 0.7425201380897584 0.022727272727272728 0.1962025316455696 0.045454545454545456
1 0.40678941311852707 0.4916267942583732 0.16340621403912542 0.3397129186602871
1 0.5794016110471807 0.4916267942583732 0.16340621403912542 0.3397129186602871
1 0.7520138089758343 0.4916267942583732 0.16340621403912542 0.3397129186602871
1 0.1996547756041427 0.0215311004784689 0.07710011507479862 0.04066985645933014
2 0.4404487917146145 0.022129186602870814 0.34464902186421176 0.04425837320574163
2 0.5074798619102416 0.02033492822966507 0.00805523590333717 0.01674641148325359
3 0.5402761795166858 0.0215311004784689 0.09148446490218642 0.03110047846889952
3 0.358457997698504 0.7894736842105263 0.04430379746835443 0.022727272727272728
3 0.5310701956271576 0.7416267942583732 0.04430379746835443 0.022727272727272728
3 0.7036823935558113 0.7416267942583732 0.04430379746835443 0.022727272727272728
3 0.546029919447641 0.02033492822966507 0.06386651323360185 0.023923444976076555
3 0.546029919447641 0.02033492822966507 0.06386651323360185 0.023923444976076555
3 0.23705408515535098 0.3145933014354067 0.15995397008055237 0.03588516746411483
3 0.40678941311852707 0.8373205741626795 0.14039125431530494 0.0430622009569378
3 0.5794016110471807 0.7894736842105263 0.14039125431530494 0.0430622009569378
3 0.7520138089758343 0.7894736842105263 0.14039125431530494 0.0430622009569378
3 0.3365937859608746 0.08253588516746412 0.025891829689298044 0.023923444976076555
3 0.37456846950517836 0.08253588516746412 0.028768699654775604 0.023923444976076555
3 0.4252013808975834 0.08253588516746412 0.05178365937859609 0.023923444976076555
3 0.47123130034522437 0.08253588516746412 0.020138089758342925 0.023923444976076555
3 0.5046029919447641 0.08253588516746412 0.025891829689298044 0.023923444976076555
3 0.5391254315304949 0.08253588516746412 0.02243958573072497 0.023923444976076555
3 0.16513233601841196 0.5406698564593302 0.01611047180667434 0.0215311004784689
3 0.16800920598388952 0.569377990430622 0.02243958573072497 0.0215311004784689
3 0.18757192174913695 0.5980861244019139 0.06098964326812428 0.0215311004784689
3 0.16858457997698503 0.6267942583732058 0.023014959723820484 0.0215311004784689
3 0.20598388952819333 0.6555023923444976 0.09781357882623705 0.0215311004784689
3 0.19850402761795166 0.6842105263157895 0.08342922899884925 0.0215311004784689
3 0.1668584579976985 0.7129186602870813 0.019562715765247412 0.0215311004784689
3 0.167433831990794 0.80622009569378 0.020713463751438434 0.0215311004784689
3 0.1766398158803222 0.8995215311004785 0.039125431530494824 0.0215311004784689
3 0.20368239355581128 0.9282296650717703 0.09378596087456847 0.0215311004784689
3 0.1852704257767549 0.5406698564593302 0.01726121979286536 0.0215311004784689
3 0.1904487917146145 0.569377990430622 0.015535097813578827 0.0215311004784689
3 0.22727272727272727 0.5980861244019139 0.012658227848101266 0.0215311004784689
3 0.189873417721519 0.6267942583732058 0.013233601841196778 0.0215311004784689
3 0.262945914844649 0.6555023923444976 0.010356731875719217 0.0215311004784689
3 0.24626006904487918 0.6842105263157895 0.005753739930955121 0.0215311004784689
3 0.18354430379746836 0.7129186602870813 0.00863060989643268 0.0215311004784689
3 0.18699654775604144 0.80622009569378 0.012658227848101266 0.0215311004784689
3 0.20655926352128884 0.8995215311004785 0.015535097813578827 0.0215311004784689
3 0.2600690448791715 0.9282296650717703 0.013233601841196778 0.0215311004784689
3 0.19850402761795166 0.0645933014354067 0.0661680092059839 0.023923444976076555
3 0.19390103567318756 0.08732057416267942 0.0661680092059839 0.023923444976076555
3 0.2054085155350978 0.26555023923444976 0.09666283084004602 0.023923444976076555
3 0.2819332566168009 0.26555023923444976 0.03567318757192175 0.023923444976076555