0 0.5897368421052631 0.021334792122538294 0.024736842105263158 0.04266958424507659
0 0.7363157894736843 0.2549234135667396 0.05947368421052632 0.015317286652078774
1 0.7205263157894737 0.02188183807439825 0.17894736842105263 0.04266958424507659
1 0.41368421052631577 0.45185995623632386 0.14947368421052631 0.31072210065645517
1 0.5715789473684211 0.45185995623632386 0.14947368421052631 0.31072210065645517
1 0.7294736842105263 0.45185995623632386 0.14947368421052631 0.31072210065645517
1 0.22421052631578947 0.02188183807439825 0.07052631578947369 0.037199124726477024
2 0.4444736842105263 0.021334792122538294 0.31526315789473686 0.04266958424507659
2 0.4831578947368421 0.020787746170678335 0.007368421052631579 0.015317286652078774
3 0.5247368421052632 0.02188183807439825 0.10631578947368421 0.028446389496717725
3 0.3794736842105263 0.6805251641137856 0.060526315789473685 0.020787746170678335
3 0.5373684210526316 0.6805251641137856 0.060526315789473685 0.020787746170678335
3 0.6952631578947368 0.6805251641137856 0.060526315789473685 0.020787746170678335
3 0.53 0.020787746170678335 0.08105263157894736 0.02188183807439825
3 0.53 0.020787746170678335 0.08105263157894736 0.02188183807439825
3 0.25842105263157894 0.2899343544857768 0.1463157894736842 0.03282275711159737
3 0.41368421052631577 0.7242888402625821 0.12842105263157894 0.03938730853391685
3 0.5715789473684211 0.7242888402625821 0.12842105263157894 0.03938730853391685
3 0.7294736842105263 0.7242888402625821 0.12842105263157894 0.03938730853391685
3 0.3494736842105263 0.07768052516411379 0.02368421052631579 0.02188183807439825
3 0.38421052631578945 0.07768052516411379 0.02631578947368421 0.02188183807439825
3 0.4305263157894737 0.07768052516411379 0.04736842105263158 0.02188183807439825
3 0.4726315789473684 0.07768052516411379 0.018421052631578946 0.02188183807439825
3 0.5031578947368421 0.07768052516411379 0.02368421052631579 0.02188183807439825
3 0.5347368421052632 0.07768052516411379 0.020526315789473684 0.02188183807439825
3 0.21947368421052632 0.5809628008752735 0.06842105263157895 0.019693654266958426
3 0.19473684210526315 0.6663019693654267 0.018947368421052633 0.019693654266958426
3 0.2031578947368421 0.7516411378555798 0.035789473684210524 0.019693654266958426
3 0.22789473684210526 0.7778993435448578 0.08578947368421053 0.019693654266958426
3 0.20157894736842105 0.8632385120350109 0.03263157894736842 0.019693654266958426
3 0.20210526315789473 0.9748358862144421 0.034210526315789476 0.019693654266958426
3 0.2631578947368421 0.5809628008752735 0.014210526315789474 0.019693654266958426
3 0.21789473684210525 0.6663019693654267 0.022105263157894735 0.019693654266958426
3 0.2331578947368421 0.7516411378555798 0.019473684210526317 0.019693654266958426
3 0.28421052631578947 0.7778993435448578 0.021052631578947368 0.019693654266958426
3 0.23157894736842105 0.8632385120350109 0.021052631578947368 0.019693654266958426
3 0.2163157894736842 0.8894967177242888 0.011578947368421053 0.019693654266958426
3 0.23 0.9748358862144421 0.015789473684210527 0.019693654266958426
3 0.2231578947368421 0.061269146608315096 0.060526315789473685 0.02188183807439825
3 0.21894736842105264 0.08205689277899343 0.060526315789473685 0.02188183807439825
3 0.2294736842105263 0.24507658643326038 0.08842105263157894 0.02188183807439825
3 0.29947368421052634 0.24507658643326038 0.03263157894736842 0.02188183807439825