0 0.2145308924485126 0.27315914489311166 0.011441647597254004 0.023752969121140142
0 0.2665903890160183 0.27315914489311166 0.011441647597254004 0.023752969121140142
0 0.7334096109839817 0.11163895486935867 0.06464530892448513 0.0166270783847981
0 0.816933638443936 0.2007125890736342 0.018306636155606407 0.03800475059382423
0 0.17734553775743708 0.1330166270783848 0.05091533180778032 0.04513064133016627
0 0.2465675057208238 0.1330166270783848 0.08295194508009153 0.04513064133016627
1 0.3197940503432494 0.20190023752969122 0.031464530892448515 0.06532066508313539
1 0.448512585812357 0.20190023752969122 0.031464530892448515 0.06532066508313539
1 0.5772311212814645 0.20190023752969122 0.031464530892448515 0.06532066508313539
1 0.7059496567505721 0.20190023752969122 0.031464530892448515 0.06532066508313539
1 0.38272311212814647 0.4323040380047506 0.16247139588100687 0.33729216152019004
1 0.5543478260869565 0.4323040380047506 0.16247139588100687 0.33729216152019004
1 0.7259725400457666 0.4323040380047506 0.16247139588100687 0.33729216152019004
3 0.33466819221967964 0.7280285035629454 0.044050343249427915 0.022565320665083134
3 0.38272311212814647 0.8064133016627079 0.13958810068649885 0.015439429928741092
3 0.517162471395881 0.6805225653206651 0.06578947368421052 0.022565320665083134
3 0.5543478260869565 0.7589073634204275 0.13958810068649885 0.015439429928741092
3 0.6887871853546911 0.7007125890736342 0.06578947368421052 0.022565320665083134
3 0.7259725400457666 0.7790973871733967 0.13958810068649885 0.015439429928741092
3 0.2139588100686499 0.17695961995249407 0.15903890160183065 0.07125890736342043
3 0.38272311212814647 0.7755344418052257 0.13958810068649885 0.04275534441805225
3 0.5543478260869565 0.7280285035629454 0.13958810068649885 0.04275534441805225
3 0.7259725400457666 0.7482185273159145 0.13958810068649885 0.04275534441805225
3 0.3781464530892448 0.1876484560570071 0.07437070938215103 0.022565320665083134
3 0.5068649885583524 0.1876484560570071 0.07437070938215103 0.022565320665083134
3 0.63558352402746 0.1876484560570071 0.07437070938215103 0.022565320665083134
3 0.7643020594965675 0.1876484560570071 0.07437070938215103 0.022565320665083134
3 0.22711670480549198 0.07244655581947744 0.15045766590389015 0.047505938242280284
3 0.31292906178489704 0.004750593824228029 0.02631578947368421 0.009501187648456057
3 0.3509725400457666 0.004750593824228029 0.02917620137299771 0.009501187648456057
3 0.40131578947368424 0.004750593824228029 0.05205949656750572 0.009501187648456057
3 0.44679633867276886 0.004750593824228029 0.020594965675057208 0.009501187648456057
3 0.4799771167048055 0.004750593824228029 0.02631578947368421 0.009501187648456057
3 0.5143020594965675 0.004750593824228029 0.02288329519450801 0.009501187648456057
3 0.17848970251716248 0.5724465558194775 0.08810068649885583 0.021377672209026127
3 0.14874141876430205 0.6009501187648456 0.028604118993135013 0.021377672209026127
3 0.19279176201372997 0.6294536817102138 0.11727688787185354 0.021377672209026127
3 0.1859267734553776 0.6579572446555819 0.10354691075514874 0.021377672209026127
3 0.16132723112128147 0.6864608076009501 0.05434782608695652 0.021377672209026127
3 0.17048054919908467 0.7149643705463183 0.07208237986270023 0.021377672209026127
3 0.18707093821510298 0.7434679334916865 0.10526315789473684 0.021377672209026127
3 0.16361556064073227 0.7719714964370546 0.05892448512585812 0.021377672209026127
3 0.18192219679633867 0.8004750593824228 0.09553775743707094 0.021377672209026127
3 0.14473684210526316 0.9251781472684085 0.020594965675057208 0.021377672209026127
3 0.2339816933638444 0.5724465558194775 0.017162471395881007 0.021377672209026127
3 0.17677345537757438 0.6009501187648456 0.020594965675057208 0.021377672209026127
3 0.2648741418764302 0.6294536817102138 0.02116704805491991 0.021377672209026127
3 0.2505720823798627 0.6579572446555819 0.019450800915331808 0.021377672209026127
3 0.2030892448512586 0.6864608076009501 0.02288329519450801 0.021377672209026127
3 0.21967963386727687 0.7149643705463183 0.02116704805491991 0.021377672209026127
3 0.2528604118993135 0.7434679334916865 0.020594965675057208 0.021377672209026127
3 0.20652173913043478 0.7719714964370546 0.019450800915331808 0.021377672209026127
3 0.2425629290617849 0.8004750593824228 0.01887871853546911 0.021377672209026127
3 0.16990846681922198 0.9251781472684085 0.02459954233409611 0.021377672209026127
3 0.17105263157894737 0.007125890736342043 0.06636155606407322 0.014251781472684086
3 0.16647597254004576 0.11045130641330166 0.06464530892448513 0.023752969121140142