0 0.6019125683060109 0.017006802721088437 0.025683060109289616 0.034013605442176874
0 0.25846994535519124 0.3344671201814059 0.01092896174863388 0.022675736961451247
0 0.3081967213114754 0.3344671201814059 0.01092896174863388 0.022675736961451247
0 0.7540983606557377 0.18027210884353742 0.06174863387978142 0.015873015873015872
0 0.833879781420765 0.2653061224489796 0.017486338797814208 0.036281179138321996
0 0.22295081967213115 0.20068027210884354 0.048633879781420766 0.04308390022675737
0 0.2890710382513661 0.20068027210884354 0.07923497267759563 0.04308390022675737
1 0.7379781420765027 0.017573696145124718 0.18633879781420765 0.035147392290249435
1 0.3590163934426229 0.26643990929705214 0.030054644808743168 0.06235827664399093
1 0.4819672131147541 0.26643990929705214 0.030054644808743168 0.06235827664399093
1 0.6049180327868853 0.26643990929705214 0.030054644808743168 0.06235827664399093
1 0.7278688524590164 0.26643990929705214 0.030054644808743168 0.06235827664399093
1 0.4191256830601093 0.48639455782312924 0.1551912568306011 0.3219954648526077
1 0.5830601092896175 0.48639455782312924 0.1551912568306011 0.3219954648526077
1 0.7469945355191256 0.48639455782312924 0.1551912568306011 0.3219954648526077
1 0.2226775956284153 0.016439909297052153 0.07377049180327869 0.032879818594104306
2 0.45109289617486337 0.017006802721088437 0.3273224043715847 0.034013605442176874
2 0.492896174863388 0.011337868480725623 0.007650273224043716 0.015873015873015872
3 0.5349726775956284 0.01417233560090703 0.1092896174863388 0.02834467120181406
3 0.373224043715847 0.7687074829931972 0.04207650273224044 0.021541950113378686
3 0.4191256830601093 0.8435374149659864 0.13333333333333333 0.01473922902494331
3 0.5475409836065573 0.7233560090702947 0.06284153005464481 0.021541950113378686
3 0.5830601092896175 0.7981859410430839 0.13333333333333333 0.01473922902494331
3 0.7114754098360656 0.7426303854875284 0.06284153005464481 0.021541950113378686
3 0.7469945355191256 0.8174603174603174 0.13333333333333333 0.01473922902494331
3 0.5404371584699453 0.011337868480725623 0.0825136612021858 0.022675736961451247
3 0.5404371584699453 0.011337868480725623 0.0825136612021858 0.022675736961451247
3 0.25792349726775954 0.24263038548752835 0.15191256830601094 0.06802721088435375
3 0.4191256830601093 0.8140589569160998 0.13333333333333333 0.04081632653061224
3 0.5830601092896175 0.7687074829931972 0.13333333333333333 0.04081632653061224
3 0.7469945355191256 0.7879818594104309 0.13333333333333333 0.04081632653061224
3 0.41475409836065574 0.2528344671201814 0.07103825136612021 0.021541950113378686
3 0.5377049180327869 0.2528344671201814 0.07103825136612021 0.021541950113378686
3 0.660655737704918 0.2528344671201814 0.07103825136612021 0.021541950113378686
3 0.7836065573770492 0.2528344671201814 0.07103825136612021 0.021541950113378686
3 0.27049180327868855 0.14285714285714285 0.14371584699453552 0.045351473922902494
3 0.3524590163934426 0.07029478458049887 0.02459016393442623 0.022675736961451247
3 0.3885245901639344 0.07029478458049887 0.0273224043715847 0.022675736961451247
3 0.43661202185792347 0.07029478458049887 0.04918032786885246 0.022675736961451247
3 0.48032786885245904 0.07029478458049887 0.01912568306010929 0.022675736961451247
3 0.5120218579234973 0.07029478458049887 0.02459016393442623 0.022675736961451247
3 0.5448087431693989 0.07029478458049887 0.021311475409836064 0.022675736961451247
3 0.22404371584699453 0.6201814058956916 0.08415300546448087 0.02040816326530612
3 0.19562841530054645 0.6473922902494331 0.0273224043715847 0.02040816326530612
3 0.23770491803278687 0.6746031746031746 0.11202185792349727 0.02040816326530612
3 0.23114754098360657 0.7018140589569161 0.09890710382513661 0.02040816326530612
3 0.20765027322404372 0.7290249433106576 0.05191256830601093 0.02040816326530612
3 0.21639344262295082 0.7562358276643991 0.06885245901639345 0.02040816326530612
3 0.23224043715846995 0.7834467120181405 0.1005464480874317 0.02040816326530612
3 0.2098360655737705 0.8106575963718821 0.05628415300546448 0.02040816326530612
3 0.2273224043715847 0.8378684807256236 0.0912568306010929 0.02040816326530612
3 0.1918032786885246 0.9569160997732427 0.019672131147540985 0.02040816326530612
3 0.27704918032786885 0.6201814058956916 0.01639344262295082 0.02040816326530612
3 0.22240437158469945 0.6473922902494331 0.019672131147540985 0.02040816326530612
3 0.30655737704918035 0.6746031746031746 0.020218579234972677 0.02040816326530612
3 0.292896174863388 0.7018140589569161 0.018579234972677595 0.02040816326530612
3 0.24754098360655738 0.7290249433106576 0.02185792349726776 0.02040816326530612
3 0.2633879781420765 0.7562358276643991 0.020218579234972677 0.02040816326530612
3 0.29508196721311475 0.7834467120181405 0.019672131147540985 0.02040816326530612
3 0.25081967213114753 0.8106575963718821 0.018579234972677595 0.02040816326530612
3 0.28524590163934427 0.8378684807256236 0.018032786885245903 0.02040816326530612
3 0.21584699453551912 0.9569160997732427 0.023497267759562842 0.02040816326530612
3 0.22131147540983606 0.05328798185941043 0.06284153005464481 0.022675736961451247
3 0.21693989071038253 0.07482993197278912 0.06284153005464481 0.022675736961451247
3 0.21256830601092896 0.17913832199546487 0.06174863387978142 0.022675736961451247