0 0.5722222222222222 0.02424942263279446 0.025555555555555557 0.04503464203233257
0 0.7272222222222222 0.27136258660508084 0.06277777777777778 0.016166281755196306
1 0.7105555555555556 0.025404157043879907 0.18888888888888888 0.04503464203233257
1 0.38666666666666666 0.4792147806004619 0.15777777777777777 0.3279445727482679
1 0.5533333333333333 0.4792147806004619 0.15777777777777777 0.3279445727482679
1 0.72 0.4792147806004619 0.15777777777777777 0.3279445727482679
1 0.18666666666666668 0.025404157043879907 0.07444444444444444 0.03926096997690531
2 0.41888888888888887 0.02424942263279446 0.3322222222222222 0.04503464203233257
2 0.4583333333333333 0.02424942263279446 0.0077777777777777776 0.016166281755196306
3 0.5027777777777778 0.025404157043879907 0.11388888888888889 0.03002309468822171
3 0.34 0.766743648960739 0.042777777777777776 0.021939953810623556
3 0.5066666666666667 0.7205542725173211 0.042777777777777776 0.021939953810623556
3 0.6838888888888889 0.7205542725173211 0.06388888888888888 0.021939953810623556
3 0.5088888888888888 0.02424942263279446 0.08777777777777777 0.023094688221709007
3 0.5088888888888888 0.02424942263279446 0.08777777777777777 0.023094688221709007
3 0.22277777777777777 0.33140877598152424 0.15444444444444444 0.03464203233256351
3 0.38666666666666666 0.812933025404157 0.13555555555555557 0.04157043879907621
3 0.5533333333333333 0.766743648960739 0.13555555555555557 0.04157043879907621
3 0.72 0.766743648960739 0.13555555555555557 0.04157043879907621
3 0.3188888888888889 0.08429561200923788 0.025 0.023094688221709007
3 0.35555555555555557 0.08429561200923788 0.027777777777777776 0.023094688221709007
3 0.40444444444444444 0.08429561200923788 0.05 0.023094688221709007
3 0.4488888888888889 0.08429561200923788 0.019444444444444445 0.023094688221709007
3 0.4811111111111111 0.08429561200923788 0.025 0.023094688221709007
3 0.5144444444444445 0.08429561200923788 0.021666666666666667 0.023094688221709007
3 0.18166666666666667 0.6385681293302541 0.07222222222222222 0.020785219399538105
3 0.15555555555555556 0.7286374133949192 0.02 0.020785219399538105
3 0.16444444444444445 0.8187066974595842 0.03777777777777778 0.020785219399538105
3 0.19055555555555556 0.8464203233256351 0.09055555555555556 0.020785219399538105
3 0.16277777777777777 0.9364896073903002 0.034444444444444444 0.020785219399538105
3 0.22444444444444445 0.6385681293302541 0.0077777777777777776 0.020785219399538105
3 0.17333333333333334 0.7286374133949192 0.010555555555555556 0.020785219399538105
3 0.1922222222222222 0.8187066974595842 0.012222222222222223 0.020785219399538105
3 0.245 0.8464203233256351 0.012222222222222223 0.020785219399538105
3 0.18944444444444444 0.9364896073903002 0.012222222222222223 0.020785219399538105
3 0.1761111111111111 0.964203233256351 0.008333333333333333 0.020785219399538105
3 0.18555555555555556 0.06697459584295612 0.06388888888888888 0.023094688221709007
3 0.1811111111111111 0.08891454965357967 0.06388888888888888 0.023094688221709007
3 0.1922222222222222 0.26096997690531176 0.09333333333333334 0.023094688221709007
3 0.26611111111111113 0.26096997690531176 0.034444444444444444 0.023094688221709007
3 0.15333333333333332 0.2840646651270208 0.015555555555555555 0.023094688221709007
3 0.20166666666666666 0.2840646651270208 0.06055555555555556 0.023094688221709007