0 0.5494851258581236 0.008907363420427554 0.02688787185354691 0.017814726840855107
0 0.7088100686498856 0.24821852731591448 0.06464530892448513 0.0166270783847981
1 0.691933638443936 0.009501187648456057 0.1950800915331808 0.019002375296912115
1 0.35812356979405036 0.46199524940617576 0.16247139588100687 0.33729216152019004
1 0.5297482837528604 0.46199524940617576 0.16247139588100687 0.33729216152019004
1 0.7013729977116705 0.46199524940617576 0.16247139588100687 0.33729216152019004
1 0.1524599542334096 0.00831353919239905 0.07723112128146453 0.0166270783847981
2 0.3915903890160183 0.008907363420427554 0.3426773455377574 0.017814726840855107
2 0.43220823798627 0.0017814726840855108 0.008581235697940504 0.0035629453681710215
3 0.4776887871853547 0.0059382422802850355 0.11784897025171624 0.011876484560570071
3 0.3100686498855835 0.7577197149643705 0.044050343249427915 0.022565320665083134
3 0.4816933638443936 0.7102137767220903 0.044050343249427915 0.022565320665083134
3 0.664187643020595 0.7102137767220903 0.06578947368421052 0.022565320665083134
3 0.48426773455377575 0.0035629453681710215 0.09096109839816933 0.007125890736342043
3 0.48426773455377575 0.0035629453681710215 0.09096109839816933 0.007125890736342043
3 0.18935926773455378 0.30997624703087884 0.15903890160183065 0.035629453681710214
3 0.35812356979405036 0.8052256532066508 0.13958810068649885 0.04275534441805225
3 0.5297482837528604 0.7577197149643705 0.13958810068649885 0.04275534441805225
3 0.7013729977116705 0.7577197149643705 0.13958810068649885 0.04275534441805225
3 0.28832951945080093 0.055819477434679333 0.02574370709382151 0.023752969121140142
3 0.32608695652173914 0.055819477434679333 0.028604118993135013 0.023752969121140142
3 0.37643020594965676 0.055819477434679333 0.05148741418764302 0.023752969121140142
3 0.42219679633867274 0.055819477434679333 0.02002288329519451 0.023752969121140142
3 0.45537757437070936 0.055819477434679333 0.02574370709382151 0.023752969121140142
3 0.4897025171624714 0.055819477434679333 0.02231121281464531 0.023752969121140142
3 0.14702517162471396 0.6258907363420427 0.07437070938215103 0.021377672209026127
3 0.12013729977116705 0.7185273159144893 0.020594965675057208 0.021377672209026127
3 0.12929061784897025 0.8111638954869359 0.038901601830663615 0.021377672209026127
3 0.15617848970251716 0.8396674584323041 0.09324942791762014 0.021377672209026127
3 0.12757437070938216 0.9323040380047506 0.03546910755148741 0.021377672209026127
3 0.19107551487414187 0.6258907363420427 0.008009153318077803 0.021377672209026127
3 0.13844393592677345 0.7185273159144893 0.010869565217391304 0.021377672209026127
3 0.15789473684210525 0.8111638954869359 0.012585812356979404 0.021377672209026127
3 0.2122425629290618 0.8396674584323041 0.012585812356979404 0.021377672209026127
3 0.15503432494279176 0.9323040380047506 0.012585812356979404 0.021377672209026127
3 0.14130434782608695 0.9608076009501187 0.008581235697940504 0.021377672209026127
3 0.15102974828375287 0.03800475059382423 0.06578947368421052 0.023752969121140142
3 0.14645308924485126 0.060570071258907364 0.06578947368421052 0.023752969121140142
3 0.15789473684210525 0.2375296912114014 0.09610983981693363 0.023752969121140142
3 0.2339816933638444 0.2375296912114014 0.03546910755148741 0.023752969121140142
3 0.11784897025171624 0.26128266033254155 0.016018306636155607 0.023752969121140142
3 0.16762013729977115 0.26128266033254155 0.062356979405034325 0.023752969121140142