0 0.6041666666666666 0.01905311778290993 0.026111111111111113 0.03810623556581986
0 0.7588888888888888 0.26212471131639725 0.06277777777777778 0.016166281755196306
1 0.7425 0.019630484988452657 0.18944444444444444 0.03926096997690531
1 0.41833333333333333 0.46997690531177827 0.15777777777777777 0.3279445727482679
1 0.585 0.46997690531177827 0.15777777777777777 0.3279445727482679
1 0.7516666666666667 0.46997690531177827 0.15777777777777777 0.3279445727482679
1 0.21861111111111112 0.018475750577367205 0.075 0.03695150115473441
2 0.4508333333333333 0.01905311778290993 0.3327777777777778 0.03810623556581986
2 0.5155555555555555 0.015011547344110854 0.0077777777777777776 0.016166281755196306
3 0.5472222222222223 0.016166281755196306 0.08833333333333333 0.03002309468822171
3 0.38222222222222224 0.7575057736720554 0.06388888888888888 0.021939953810623556
3 0.5488888888888889 0.7113163972286374 0.06388888888888888 0.021939953810623556
3 0.7155555555555555 0.7113163972286374 0.06388888888888888 0.021939953810623556
3 0.5527777777777778 0.015011547344110854 0.06166666666666667 0.023094688221709007
3 0.5527777777777778 0.015011547344110854 0.06166666666666667 0.023094688221709007
3 0.2544444444444444 0.29907621247113164 0.15444444444444444 0.03464203233256351
3 0.41833333333333333 0.8036951501154734 0.13555555555555557 0.04157043879907621
3 0.585 0.7575057736720554 0.13555555555555557 0.04157043879907621
3 0.7516666666666667 0.7575057736720554 0.13555555555555557 0.04157043879907621
3 0.35055555555555556 0.07505773672055427 0.025 0.023094688221709007
3 0.38722222222222225 0.07505773672055427 0.027777777777777776 0.023094688221709007
3 0.4361111111111111 0.07505773672055427 0.05 0.023094688221709007
3 0.48055555555555557 0.07505773672055427 0.019444444444444445 0.023094688221709007
3 0.5127777777777778 0.07505773672055427 0.025 0.023094688221709007
3 0.5461111111111111 0.07505773672055427 0.021666666666666667 0.023094688221709007
3 0.21333333333333335 0.6062355658198614 0.07222222222222222 0.020785219399538105
3 0.20666666666666667 0.6963048498845266 0.058888888888888886 0.020785219399538105
3 0.21722222222222223 0.7240184757505773 0.08055555555555556 0.020785219399538105
3 0.185 0.7517321016166282 0.015555555555555555 0.020785219399538105
3 0.22611111111111112 0.7794457274826789 0.09777777777777778 0.020785219399538105
3 0.22444444444444445 0.8071593533487298 0.09444444444444444 0.020785219399538105
3 0.22055555555555556 0.8348729792147807 0.08666666666666667 0.020785219399538105
3 0.18777777777777777 0.8625866050808314 0.021666666666666667 0.020785219399538105
3 0.18666666666666668 0.8903002309468823 0.01888888888888889 0.020785219399538105
3 0.18722222222222223 0.9803695150115473 0.02 0.020785219399538105
3 0.25833333333333336 0.6062355658198614 0.012222222222222223 0.020785219399538105
3 0.24722222222222223 0.6963048498845266 0.016666666666666666 0.020785219399538105
3 0.27111111111111114 0.7240184757505773 0.021111111111111112 0.020785219399538105
3 0.2038888888888889 0.7517321016166282 0.015555555555555555 0.020785219399538105
3 0.2833333333333333 0.7794457274826789 0.010555555555555556 0.020785219399538105
3 0.2777777777777778 0.8071593533487298 0.007222222222222222 0.020785219399538105
3 0.27 0.8348729792147807 0.006111111111111111 0.020785219399538105
3 0.205 0.8625866050808314 0.006111111111111111 0.020785219399538105
3 0.2038888888888889 0.8903002309468823 0.01 0.020785219399538105
3 0.21 0.9803695150115473 0.020555555555555556 0.020785219399538105
3 0.21722222222222223 0.057736720554272515 0.06388888888888888 0.023094688221709007
3 0.2127777777777778 0.07967667436489607 0.06388888888888888 0.023094688221709007
3 0.2238888888888889 0.2517321016166282 0.09333333333333334 0.023094688221709007
3 0.29777777777777775 0.2517321016166282 0.034444444444444444 0.023094688221709007