0 0.67 0.8960739030023095 0.14277777777777778 0.020785219399538105
0 0.6872222222222222 0.9618937644341802 0.17666666666666667 0.05542725173210162
1 0.15888888888888889 0.20438799076212472 0.024444444444444446 0.050808314087759814
1 0.3705555555555556 0.49191685912240185 0.3711111111111111 0.5404157043879908
1 0.15888888888888889 0.27367205542725176 0.024444444444444446 0.050808314087759814
1 0.15888888888888889 0.34295612009237875 0.024444444444444446 0.050808314087759814
1 0.15888888888888889 0.4122401847575058 0.024444444444444446 0.050808314087759814
1 0.15888888888888889 0.4815242494226328 0.024444444444444446 0.050808314087759814
3 0.6388888888888888 0.45496535796766746 0.08055555555555556 0.020785219399538105
3 0.6511111111111111 0.792147806004619 0.105 0.020785219399538105
3 0.15888888888888889 0.2228637413394919 0.027777777777777776 0.025404157043879907
3 0.15888888888888889 0.2921478060046189 0.027777777777777776 0.025404157043879907
3 0.15888888888888889 0.36143187066974597 0.027777777777777776 0.025404157043879907
3 0.15888888888888889 0.43071593533487296 0.027777777777777776 0.025404157043879907
3 0.15888888888888889 0.5 0.027777777777777776 0.025404157043879907
3 0.15888888888888889 0.2228637413394919 0.027777777777777776 0.025404157043879907
3 0.15888888888888889 0.2921478060046189 0.027777777777777776 0.025404157043879907
3 0.15888888888888889 0.36143187066974597 0.027777777777777776 0.025404157043879907
3 0.15888888888888889 0.43071593533487296 0.027777777777777776 0.025404157043879907
3 0.15888888888888889 0.5 0.027777777777777776 0.025404157043879907
3 0.6766666666666666 0.27713625866050806 0.15611111111111112 0.08660508083140878
3 0.6955555555555556 0.5265588914549654 0.16 0.023094688221709007
3 0.6955555555555556 0.5508083140877598 0.16 0.020785219399538105
3 0.6955555555555556 0.5739030023094688 0.16 0.020785219399538105
3 0.6955555555555556 0.5969976905311778 0.16 0.020785219399538105
3 0.6955555555555556 0.6789838337182448 0.16 0.046189376443418015
3 0.6511111111111111 0.7713625866050808 0.105 0.019630484988452657
3 0.6316666666666667 0.851039260969977 0.06555555555555556 0.023094688221709007
3 0.30666666666666664 0.03002309468822171 0.025 0.023094688221709007
3 0.3433333333333333 0.03002309468822171 0.027777777777777776 0.023094688221709007
3 0.39222222222222225 0.03002309468822171 0.05 0.023094688221709007
3 0.43666666666666665 0.03002309468822171 0.019444444444444445 0.023094688221709007
3 0.4688888888888889 0.03002309468822171 0.025 0.023094688221709007
3 0.5022222222222222 0.03002309468822171 0.021666666666666667 0.023094688221709007
3 0.17333333333333334 0.012702078521939953 0.06388888888888888 0.023094688221709007
3 0.1688888888888889 0.03464203233256351 0.06388888888888888 0.023094688221709007
3 0.25055555555555553 0.13163972286374134 0.09333333333333334 0.016166281755196306
3 0.3244444444444444 0.13163972286374134 0.034444444444444444 0.016166281755196306
3 0.35944444444444446 0.13163972286374134 0.015555555555555555 0.016166281755196306
3 0.41944444444444445 0.13163972286374134 0.085 0.016166281755196306