0 0.5793650793650794 0.02857142857142857 0.02433862433862434 0.04285714285714286
0 0.726984126984127 0.26373626373626374 0.059788359788359786 0.015384615384615385
1 0.7111111111111111 0.02967032967032967 0.17989417989417988 0.04285714285714286
1 0.40264550264550264 0.46153846153846156 0.15026455026455027 0.3120879120879121
1 0.5613756613756614 0.46153846153846156 0.15026455026455027 0.3120879120879121
1 0.7201058201058201 0.46153846153846156 0.15026455026455027 0.3120879120879121
1 0.21216931216931217 0.02967032967032967 0.07089947089947089 0.03736263736263736
2 0.43333333333333335 0.02857142857142857 0.3164021164021164 0.04285714285714286
2 0.45132275132275135 0.02857142857142857 0.007407407407407408 0.015384615384615385
3 0.5037037037037037 0.02967032967032967 0.12804232804232804 0.02857142857142857
3 0.3582010582010582 0.6912087912087912 0.040740740740740744 0.020879120879120878
3 0.5169312169312169 0.6912087912087912 0.040740740740740744 0.020879120879120878
3 0.683068783068783 0.6912087912087912 0.05502645502645503 0.020879120879120878
3 0.508994708994709 0.02857142857142857 0.10264550264550265 0.02197802197802198
3 0.508994708994709 0.02857142857142857 0.10264550264550265 0.02197802197802198
3 0.24656084656084656 0.35934065934065934 0.14708994708994708 0.06593406593406594
3 0.40264550264550264 0.7351648351648352 0.1291005291005291 0.03956043956043956
3 0.5613756613756614 0.7351648351648352 0.1291005291005291 0.03956043956043956
3 0.7201058201058201 0.7351648351648352 0.1291005291005291 0.03956043956043956
3 0.3380952380952381 0.08571428571428572 0.023809523809523808 0.02197802197802198
3 0.373015873015873 0.08571428571428572 0.026455026455026454 0.02197802197802198
3 0.4195767195767196 0.08571428571428572 0.047619047619047616 0.02197802197802198
3 0.46190476190476193 0.08571428571428572 0.018518518518518517 0.02197802197802198
3 0.4925925925925926 0.08571428571428572 0.023809523809523808 0.02197802197802198
3 0.5243386243386243 0.08571428571428572 0.020634920634920634 0.02197802197802198
3 0.2074074074074074 0.6681318681318681 0.06878306878306878 0.01978021978021978
3 0.18518518518518517 0.7538461538461538 0.02486772486772487 0.01978021978021978
3 0.19576719576719576 0.7802197802197802 0.0455026455026455 0.01978021978021978
3 0.18783068783068782 0.8065934065934066 0.02962962962962963 0.01978021978021978
3 0.18571428571428572 0.832967032967033 0.025396825396825397 0.01978021978021978
3 0.19947089947089947 0.8593406593406593 0.05291005291005291 0.01978021978021978
3 0.19682539682539682 0.8857142857142857 0.04814814814814815 0.01978021978021978
3 0.18518518518518517 0.9120879120879121 0.02433862433862434 0.01978021978021978
3 0.17989417989417988 0.9384615384615385 0.013756613756613757 0.01978021978021978
3 0.18571428571428572 0.9648351648351648 0.025925925925925925 0.01978021978021978
3 0.25026455026455025 0.6681318681318681 0.01164021164021164 0.01978021978021978
3 0.20793650793650795 0.7538461538461538 0.014285714285714285 0.01978021978021978
3 0.22804232804232805 0.7802197802197802 0.012698412698412698 0.01978021978021978
3 0.2111111111111111 0.8065934065934066 0.01164021164021164 0.01978021978021978
3 0.20687830687830688 0.832967032967033 0.01164021164021164 0.01978021978021978
3 0.23386243386243386 0.8593406593406593 0.010052910052910053 0.01978021978021978
3 0.22962962962962963 0.8857142857142857 0.01164021164021164 0.01978021978021978
3 0.20582010582010582 0.9120879120879121 0.01164021164021164 0.01978021978021978
3 0.19470899470899472 0.9384615384615385 0.009523809523809525 0.01978021978021978
3 0.2074074074074074 0.9648351648351648 0.01164021164021164 0.01978021978021978
3 0.2111111111111111 0.06923076923076923 0.06084656084656084 0.02197802197802198
3 0.20687830687830688 0.09010989010989011 0.06084656084656084 0.02197802197802198
3 0.21746031746031746 0.25384615384615383 0.08888888888888889 0.02197802197802198
3 0.2878306878306878 0.25384615384615383 0.0328042328042328 0.02197802197802198
3 0.21798941798941798 0.27582417582417584 0.08994708994708994 0.02197802197802198
3 0.24391534391534392 0.2868131868131868 0.14232804232804233 0.04395604395604396