0 0.6393020594965675 0.0166270783847981 0.02688787185354691 0.0332541567695962
0 0.7986270022883295 0.26365795724465557 0.06464530892448513 0.0166270783847981
1 0.7817505720823799 0.0172209026128266 0.1950800915331808 0.0344418052256532
1 0.44794050343249425 0.47743467933491684 0.16247139588100687 0.33729216152019004
1 0.6195652173913043 0.47743467933491684 0.16247139588100687 0.33729216152019004
1 0.7911899313501144 0.47743467933491684 0.16247139588100687 0.33729216152019004
1 0.24227688787185356 0.016033254156769598 0.07723112128146453 0.032066508313539195
2 0.48140732265446223 0.0166270783847981 0.3426773455377574 0.0332541567695962
2 0.5480549199084668 0.009501187648456057 0.008009153318077803 0.0166270783847981
3 0.5806636155606407 0.013657957244655582 0.09153318077803203 0.027315914489311165
3 0.3998855835240275 0.7945368171021377 0.044050343249427915 0.022565320665083134
3 0.44794050343249425 0.8515439429928741 0.13958810068649885 0.015439429928741092
3 0.5715102974828375 0.7256532066508313 0.044050343249427915 0.022565320665083134
3 0.7620137299771167 0.7470308788598575 0.08123569794050343 0.022565320665083134
3 0.7911899313501144 0.8040380047505938 0.13958810068649885 0.015439429928741092
3 0.5863844393592678 0.011282660332541567 0.06407322654462243 0.022565320665083134
3 0.5863844393592678 0.011282660332541567 0.06407322654462243 0.022565320665083134
3 0.2791762013729977 0.3016627078384798 0.15903890160183065 0.035629453681710214
3 0.44794050343249425 0.831353919239905 0.13958810068649885 0.021377672209026127
3 0.6195652173913043 0.7731591448931117 0.13958810068649885 0.04275534441805225
3 0.7911899313501144 0.7838479809976246 0.13958810068649885 0.021377672209026127
3 0.3781464530892448 0.07125890736342043 0.02574370709382151 0.023752969121140142
3 0.4159038901601831 0.07125890736342043 0.028604118993135013 0.023752969121140142
3 0.4662471395881007 0.07125890736342043 0.05148741418764302 0.023752969121140142
3 0.5120137299771167 0.07125890736342043 0.02002288329519451 0.023752969121140142
3 0.5451945080091534 0.07125890736342043 0.02574370709382151 0.023752969121140142
3 0.5795194508009154 0.07125890736342043 0.02231121281464531 0.023752969121140142
3 0.23684210526315788 0.6175771971496437 0.07437070938215103 0.021377672209026127
3 0.21052631578947367 0.7102137767220903 0.02231121281464531 0.021377672209026127
3 0.20766590389016018 0.7387173396674585 0.016018306636155607 0.021377672209026127
3 0.21109839816933637 0.7672209026128266 0.02288329519450801 0.021377672209026127
3 0.2482837528604119 0.7957244655581948 0.09725400457665904 0.021377672209026127
3 0.2299771167048055 0.8242280285035629 0.06064073226544622 0.021377672209026127
3 0.20995423340961097 0.9168646080760094 0.020594965675057208 0.021377672209026127
3 0.2831807780320366 0.6175771971496437 0.012585812356979404 0.021377672209026127
3 0.2316933638443936 0.7102137767220903 0.013157894736842105 0.021377672209026127
3 0.22540045766590389 0.7387173396674585 0.013157894736842105 0.021377672209026127
3 0.2322654462242563 0.7672209026128266 0.012585812356979404 0.021377672209026127
3 0.3049199084668192 0.7957244655581948 0.010869565217391304 0.021377672209026127
3 0.267162471395881 0.8242280285035629 0.008009153318077803 0.021377672209026127
3 0.2294050343249428 0.9168646080760094 0.012585812356979404 0.021377672209026127
3 0.2408466819221968 0.05344418052256532 0.06578947368421052 0.023752969121140142
3 0.23627002288329518 0.07600950118764846 0.06578947368421052 0.023752969121140142
3 0.2477116704805492 0.2529691211401425 0.09610983981693363 0.023752969121140142
3 0.32379862700228834 0.2529691211401425 0.03546910755148741 0.023752969121140142