0 0.626685393258427 0.014018691588785047 0.026404494382022473 0.028037383177570093
0 0.7831460674157303 0.2546728971962617 0.06348314606741573 0.016355140186915886
1 0.7665730337078651 0.014602803738317757 0.19157303370786516 0.029205607476635514
1 0.4174157303370786 0.4158878504672897 0.0898876404494382 0.18691588785046728
1 0.4174157303370786 0.6507009345794392 0.0898876404494382 0.18691588785046728
1 0.4174157303370786 0.8855140186915887 0.0898876404494382 0.18691588785046728
1 0.23679775280898877 0.013434579439252336 0.07584269662921349 0.026869158878504672
2 0.47162921348314607 0.014018691588785047 0.3365168539325843 0.028037383177570093
2 0.5058988764044944 0.007009345794392523 0.008426966292134831 0.014018691588785047
3 0.5533707865168539 0.011098130841121495 0.12134831460674157 0.02219626168224299
3 0.49550561797752807 0.41939252336448596 0.039887640449438204 0.016355140186915886
3 0.5084269662921348 0.7009345794392523 0.06573033707865168 0.02219626168224299
3 0.49775280898876406 0.8936915887850467 0.044382022471910115 0.02219626168224299
3 0.5589887640449438 0.008761682242990653 0.09438202247191012 0.017523364485981307
3 0.5589887640449438 0.008761682242990653 0.09438202247191012 0.017523364485981307
3 0.27303370786516856 0.338785046728972 0.15617977528089888 0.035046728971962614
3 0.651685393258427 0.33761682242990654 0.35224719101123597 0.030373831775700934
3 0.651685393258427 0.6144859813084113 0.35224719101123597 0.030373831775700934
3 0.651685393258427 0.8072429906542056 0.35224719101123597 0.030373831775700934
3 0.3702247191011236 0.06542056074766354 0.025280898876404494 0.02336448598130841
3 0.40730337078651685 0.06542056074766354 0.028089887640449437 0.02336448598130841
3 0.4567415730337079 0.06542056074766354 0.05056179775280899 0.02336448598130841
3 0.501685393258427 0.06542056074766354 0.019662921348314606 0.02336448598130841
3 0.5342696629213484 0.06542056074766354 0.025280898876404494 0.02336448598130841
3 0.5679775280898877 0.06542056074766354 0.021910112359550562 0.02336448598130841
3 0.23146067415730337 0.5595794392523364 0.07303370786516854 0.02102803738317757
3 0.20337078651685395 0.6507009345794392 0.016853932584269662 0.02102803738317757
3 0.22640449438202248 0.6787383177570093 0.06348314606741573 0.02102803738317757
3 0.20617977528089887 0.7067757009345794 0.023033707865168538 0.02102803738317757
3 0.20337078651685395 0.7348130841121495 0.016853932584269662 0.02102803738317757
3 0.20898876404494382 0.7628504672897196 0.028651685393258425 0.02102803738317757
3 0.20674157303370785 0.8539719626168224 0.024157303370786518 0.02102803738317757
3 0.2095505617977528 0.8820093457943925 0.029775280898876405 0.02102803738317757
3 0.2095505617977528 0.9100467289719626 0.029775280898876405 0.02102803738317757
3 0.2095505617977528 0.9380841121495327 0.029775280898876405 0.02102803738317757
3 0.2095505617977528 0.9661214953271028 0.029775280898876405 0.02102803738317757
3 0.2095505617977528 0.9912383177570093 0.030337078651685393 0.015186915887850467
3 0.2735955056179775 0.5595794392523364 0.0056179775280898875 0.02102803738317757
3 0.22359550561797753 0.6507009345794392 0.01741573033707865 0.02102803738317757
3 0.26741573033707866 0.6787383177570093 0.011235955056179775 0.02102803738317757
3 0.2247191011235955 0.7067757009345794 0.007865168539325843 0.02102803738317757
3 0.21741573033707864 0.7348130841121495 0.0056179775280898875 0.02102803738317757
3 0.22977528089887642 0.7628504672897196 0.006179775280898876 0.02102803738317757
3 0.22865168539325842 0.8539719626168224 0.012921348314606741 0.02102803738317757
3 0.23202247191011235 0.8820093457943925 0.008426966292134831 0.02102803738317757
3 0.23146067415730337 0.9100467289719626 0.007865168539325843 0.02102803738317757
3 0.23089887640449439 0.9380841121495327 0.007303370786516854 0.02102803738317757
3 0.23202247191011235 0.9661214953271028 0.007865168539325843 0.02102803738317757
3 0.2351123595505618 0.9912383177570093 0.015168539325842697 0.015186915887850467
3 0.2353932584269663 0.04789719626168224 0.06460674157303371 0.02336448598130841
3 0.23089887640449439 0.07009345794392523 0.06460674157303371 0.02336448598130841
3 0.24213483146067416 0.2441588785046729 0.09438202247191012 0.02336448598130841
3 0.2455056179775281 0.2675233644859813 0.10168539325842697 0.02336448598130841
3 0.26853932584269663 0.27920560747663553 0.14775280898876406 0.04672897196261682
3 0.29044943820224717 0.2908878504672897 0.06629213483146068 0.02336448598130841