0 0.5863636363636363 0.01888888888888889 0.025133689839572194 0.03777777777777778
0 0.7352941176470589 0.24444444444444444 0.06042780748663101 0.015555555555555555
0 0.8144385026737968 0.3411111111111111 0.017112299465240642 0.035555555555555556
1 0.7195187165775401 0.019444444444444445 0.18235294117647058 0.03888888888888889
1 0.35775401069518714 0.3411111111111111 0.045989304812834225 0.09555555555555556
1 0.41818181818181815 0.3411111111111111 0.045989304812834225 0.09555555555555556
1 0.47807486631016044 0.3411111111111111 0.045989304812834225 0.09555555555555556
1 0.5385026737967914 0.3411111111111111 0.045989304812834225 0.09555555555555556
1 0.5983957219251337 0.3411111111111111 0.045989304812834225 0.09555555555555556
1 0.6588235294117647 0.3411111111111111 0.045989304812834225 0.09555555555555556
1 0.718716577540107 0.3411111111111111 0.045989304812834225 0.09555555555555556
1 0.779144385026738 0.3411111111111111 0.045989304812834225 0.09555555555555556
1 0.3871657754010695 0.5288888888888889 0.0855614973262032 0.17777777777777778
1 0.3871657754010695 0.7522222222222222 0.0855614973262032 0.17777777777777778
1 0.21524064171122995 0.018333333333333333 0.07219251336898395 0.03666666666666667
2 0.43877005347593584 0.01888888888888889 0.32032085561497325 0.03777777777777778
2 0.4711229946524064 0.015555555555555555 0.0074866310160427805 0.015555555555555555
3 0.5165775401069519 0.016666666666666666 0.11497326203208556 0.028888888888888888
3 0.4737967914438503 0.5577777777777778 0.06256684491978609 0.021111111111111112
3 0.46149732620320855 0.8244444444444444 0.03796791443850268 0.015555555555555555
3 0.4636363636363636 0.9844444444444445 0.04224598930481283 0.021111111111111112
3 0.5219251336898396 0.015555555555555555 0.0893048128342246 0.022222222222222223
3 0.5219251336898396 0.015555555555555555 0.0893048128342246 0.022222222222222223
3 0.2497326203208556 0.35 0.14866310160427806 0.06666666666666667
3 0.6101604278074866 0.45444444444444443 0.3352941176470588 0.028888888888888888
3 0.6101604278074866 0.7322222222222222 0.3352941176470588 0.057777777777777775
3 0.6101604278074866 0.9022222222222223 0.3352941176470588 0.028888888888888888
3 0.3422459893048128 0.07333333333333333 0.02406417112299465 0.022222222222222223
3 0.3775401069518717 0.07333333333333333 0.026737967914438502 0.022222222222222223
3 0.42459893048128344 0.07333333333333333 0.0481283422459893 0.022222222222222223
3 0.46737967914438505 0.07333333333333333 0.01871657754010695 0.022222222222222223
3 0.4983957219251337 0.07333333333333333 0.02406417112299465 0.022222222222222223
3 0.5304812834224599 0.07333333333333333 0.02085561497326203 0.022222222222222223
3 0.21016042780748664 0.6622222222222223 0.06951871657754011 0.02
3 0.18663101604278076 0.7488888888888889 0.022994652406417113 0.02
3 0.1893048128342246 0.7755555555555556 0.028342245989304814 0.02
3 0.1893048128342246 0.8022222222222222 0.028342245989304814 0.02
3 0.1893048128342246 0.8288888888888889 0.028342245989304814 0.02
3 0.1893048128342246 0.8555555555555555 0.028342245989304814 0.02
3 0.1893048128342246 0.8822222222222222 0.028342245989304814 0.02
3 0.1893048128342246 0.9088888888888889 0.027807486631016044 0.02
3 0.1893048128342246 0.9355555555555556 0.028342245989304814 0.02
3 0.1893048128342246 0.9622222222222222 0.028342245989304814 0.02
3 0.2540106951871658 0.6622222222222223 0.013368983957219251 0.02
3 0.20748663101604278 0.7488888888888889 0.01229946524064171 0.02
3 0.21283422459893048 0.7755555555555556 0.01229946524064171 0.02
3 0.21176470588235294 0.8022222222222222 0.011229946524064172 0.02
3 0.2144385026737968 0.8288888888888889 0.016042780748663103 0.02
3 0.21336898395721926 0.8555555555555555 0.013368983957219251 0.02
3 0.21336898395721926 0.8822222222222222 0.012834224598930482 0.02
3 0.21229946524064172 0.9088888888888889 0.01229946524064171 0.02
3 0.2144385026737968 0.9355555555555556 0.016577540106951873 0.02
3 0.21283422459893048 0.9622222222222222 0.01229946524064171 0.02
3 0.21390374331550802 0.056666666666666664 0.06149732620320856 0.022222222222222223
3 0.20962566844919786 0.07777777777777778 0.06149732620320856 0.022222222222222223
3 0.22032085561497325 0.24333333333333335 0.08983957219251337 0.022222222222222223
3 0.2235294117647059 0.26555555555555554 0.09679144385026738 0.022222222222222223
3 0.24545454545454545 0.27666666666666667 0.14064171122994654 0.044444444444444446
3 0.2663101604278075 0.2877777777777778 0.06310160427807486 0.022222222222222223