0 0.593646408839779 0.00974770642201835 0.025966850828729283 0.0194954128440367
0 0.7475138121546961 0.24197247706422018 0.062430939226519336 0.016055045871559634
1 0.7312154696132597 0.010321100917431193 0.18839779005524862 0.020642201834862386
1 0.3878453038674033 0.40022935779816515 0.08839779005524862 0.1834862385321101
1 0.3878453038674033 0.643348623853211 0.08839779005524862 0.1834862385321101
1 0.3878453038674033 0.8738532110091743 0.08839779005524862 0.1834862385321101
1 0.21022099447513812 0.009174311926605505 0.07458563535911603 0.01834862385321101
2 0.44116022099447516 0.00974770642201835 0.330939226519337 0.0194954128440367
2 0.4781767955801105 0.0028669724770642203 0.008287292817679558 0.005733944954128441
3 0.5232044198895027 0.006880733944954129 0.11602209944751381 0.013761467889908258
3 0.47734806629834253 0.4793577981651376 0.06464088397790055 0.021788990825688075
3 0.618232044198895 0.5894495412844036 0.34640883977900555 0.016055045871559634
3 0.47734806629834253 0.6892201834862385 0.06464088397790055 0.021788990825688075
3 0.47734806629834253 0.911697247706422 0.06464088397790055 0.021788990825688075
3 0.5287292817679557 0.0045871559633027525 0.08950276243093923 0.009174311926605505
3 0.5287292817679557 0.0045871559633027525 0.08950276243093923 0.009174311926605505
3 0.24585635359116023 0.32454128440366975 0.15359116022099448 0.034403669724770644
3 0.618232044198895 0.3795871559633027 0.34640883977900555 0.05963302752293578
3 0.618232044198895 0.5665137614678899 0.34640883977900555 0.02981651376146789
3 0.618232044198895 0.8119266055045872 0.34640883977900555 0.05963302752293578
3 0.3414364640883978 0.05619266055045872 0.024861878453038673 0.022935779816513763
3 0.37790055248618787 0.05619266055045872 0.027624309392265192 0.022935779816513763
3 0.4265193370165746 0.05619266055045872 0.049723756906077346 0.022935779816513763
3 0.4707182320441989 0.05619266055045872 0.019337016574585635 0.022935779816513763
3 0.5027624309392266 0.05619266055045872 0.024861878453038673 0.022935779816513763
3 0.5359116022099447 0.05619266055045872 0.02154696132596685 0.022935779816513763
3 0.20497237569060772 0.6295871559633027 0.0718232044198895 0.020642201834862386
3 0.18839779005524862 0.7190366972477065 0.039226519337016576 0.020642201834862386
3 0.18729281767955802 0.7465596330275229 0.036464088397790057 0.020642201834862386
3 0.19171270718232045 0.7740825688073395 0.045303867403314914 0.020642201834862386
3 0.18011049723756906 0.801605504587156 0.022099447513812154 0.020642201834862386
3 0.18287292817679557 0.8291284403669725 0.0281767955801105 0.020642201834862386
3 0.17790055248618786 0.856651376146789 0.017679558011049725 0.020642201834862386
3 0.1983425414364641 0.8841743119266054 0.05856353591160221 0.020642201834862386
3 0.18066298342541437 0.911697247706422 0.023756906077348067 0.020642201834862386
3 0.17845303867403314 0.9392201834862385 0.01878453038674033 0.020642201834862386
3 0.25082872928176797 0.6295871559633027 0.014364640883977901 0.020642201834862386
3 0.22154696132596685 0.7190366972477065 0.020441988950276244 0.020642201834862386
3 0.21712707182320443 0.7465596330275229 0.016574585635359115 0.020642201834862386
3 0.22596685082872928 0.7740825688073395 0.01712707182320442 0.020642201834862386
3 0.2022099447513812 0.801605504587156 0.016574585635359115 0.020642201834862386
3 0.20883977900552486 0.8291284403669725 0.016574585635359115 0.020642201834862386
3 0.19779005524861878 0.856651376146789 0.01712707182320442 0.020642201834862386
3 0.23922651933701658 0.8841743119266054 0.016574585635359115 0.020642201834862386
3 0.20276243093922652 0.911697247706422 0.014364640883977901 0.020642201834862386
3 0.19779005524861878 0.9392201834862385 0.014364640883977901 0.020642201834862386
3 0.20883977900552486 0.0389908256880734 0.06353591160220995 0.022935779816513763
3 0.20441988950276244 0.06077981651376147 0.06353591160220995 0.022935779816513763
3 0.2154696132596685 0.231651376146789 0.09281767955801105 0.022935779816513763
3 0.21878453038674034 0.2545871559633027 0.1 0.022935779816513763
3 0.24143646408839778 0.26605504587155965 0.1453038674033149 0.045871559633027525
3 0.2613259668508287 0.2775229357798165 0.061878453038674036 0.022935779816513763