0 0.5887978142076503 0.01870748299319728 0.025683060109289616 0.03741496598639456
0 0.740983606557377 0.25736961451247165 0.06174863387978142 0.015873015873015872
1 0.7248633879781421 0.01927437641723356 0.18633879781420765 0.03854875283446712
1 0.38524590163934425 0.41383219954648526 0.08743169398907104 0.18140589569160998
1 0.38524590163934425 0.6541950113378685 0.08743169398907104 0.18140589569160998
1 0.38524590163934425 0.8820861678004536 0.08743169398907104 0.18140589569160998
1 0.20956284153005464 0.018140589569160998 0.07377049180327869 0.036281179138321996
2 0.4379781420765027 0.01870748299319728 0.3273224043715847 0.03741496598639456
2 0.4743169398907104 0.01473922902494331 0.007650273224043716 0.015873015873015872
3 0.5191256830601093 0.015873015873015872 0.11420765027322405 0.02947845804988662
3 0.4737704918032787 0.49206349206349204 0.06393442622950819 0.021541950113378686
3 0.6131147540983607 0.6009070294784581 0.34262295081967215 0.015873015873015872
3 0.4737704918032787 0.699546485260771 0.06393442622950819 0.021541950113378686
3 0.4737704918032787 0.9195011337868481 0.06393442622950819 0.021541950113378686
3 0.5245901639344263 0.01473922902494331 0.08797814207650273 0.022675736961451247
3 0.5245901639344263 0.01473922902494331 0.08797814207650273 0.022675736961451247
3 0.2448087431693989 0.33900226757369617 0.15191256830601094 0.034013605442176874
3 0.6131147540983607 0.3934240362811791 0.34262295081967215 0.05895691609977324
3 0.6131147540983607 0.5782312925170068 0.34262295081967215 0.02947845804988662
3 0.6131147540983607 0.8208616780045351 0.34262295081967215 0.05895691609977324
3 0.33934426229508197 0.07369614512471655 0.02459016393442623 0.022675736961451247
3 0.37540983606557377 0.07369614512471655 0.0273224043715847 0.022675736961451247
3 0.42349726775956287 0.07369614512471655 0.04918032786885246 0.022675736961451247
3 0.4672131147540984 0.07369614512471655 0.01912568306010929 0.022675736961451247
3 0.4989071038251366 0.07369614512471655 0.02459016393442623 0.022675736961451247
3 0.5316939890710383 0.07369614512471655 0.021311475409836064 0.022675736961451247
3 0.20437158469945355 0.6405895691609977 0.07103825136612021 0.02040816326530612
3 0.18797814207650274 0.7290249433106576 0.03879781420765027 0.02040816326530612
3 0.18688524590163935 0.7562358276643991 0.036065573770491806 0.02040816326530612
3 0.1912568306010929 0.7834467120181405 0.04480874316939891 0.02040816326530612
3 0.17978142076502732 0.8106575963718821 0.02185792349726776 0.02040816326530612
3 0.1825136612021858 0.8378684807256236 0.027868852459016394 0.02040816326530612
3 0.17759562841530055 0.8650793650793651 0.017486338797814208 0.02040816326530612
3 0.19781420765027322 0.8922902494331065 0.05792349726775956 0.02040816326530612
3 0.18032786885245902 0.9195011337868481 0.023497267759562842 0.02040816326530612
3 0.17814207650273223 0.9467120181405896 0.018579234972677595 0.02040816326530612
3 0.24972677595628415 0.6405895691609977 0.014207650273224045 0.02040816326530612
3 0.22076502732240438 0.7290249433106576 0.020218579234972677 0.02040816326530612
3 0.21639344262295082 0.7562358276643991 0.01639344262295082 0.02040816326530612
3 0.22513661202185792 0.7834467120181405 0.016939890710382512 0.02040816326530612
3 0.20163934426229507 0.8106575963718821 0.01639344262295082 0.02040816326530612
3 0.2081967213114754 0.8378684807256236 0.01639344262295082 0.02040816326530612
3 0.19726775956284154 0.8650793650793651 0.016939890710382512 0.02040816326530612
3 0.23825136612021858 0.8922902494331065 0.01639344262295082 0.02040816326530612
3 0.20218579234972678 0.9195011337868481 0.014207650273224045 0.02040816326530612
3 0.19726775956284154 0.9467120181405896 0.014207650273224045 0.02040816326530612
3 0.2081967213114754 0.05668934240362812 0.06284153005464481 0.022675736961451247
3 0.20382513661202187 0.0782312925170068 0.06284153005464481 0.022675736961451247
3 0.21475409836065573 0.2471655328798186 0.09180327868852459 0.022675736961451247
3 0.2180327868852459 0.2698412698412698 0.09890710382513661 0.022675736961451247
3 0.24043715846994534 0.2811791383219955 0.14371584699453552 0.045351473922902494
3 0.26010928961748636 0.2925170068027211 0.06120218579234973 0.022675736961451247