0 0.7552083333333334 0.18629807692307693 0.06539351851851852 0.016826923076923076
1 0.3784722222222222 0.35216346153846156 0.09259259259259259 0.19230769230769232
1 0.3784722222222222 0.59375 0.09259259259259259 0.19230769230769232
1 0.3784722222222222 0.8353365384615384 0.09259259259259259 0.19230769230769232
3 0.4722222222222222 0.3605769230769231 0.06770833333333333 0.02283653846153846
3 0.45891203703703703 0.640625 0.041087962962962965 0.016826923076923076
3 0.4722222222222222 0.8665865384615384 0.06770833333333333 0.02283653846153846
3 0.22974537037037038 0.29086538461538464 0.16087962962962962 0.07211538461538461
3 0.6197916666666666 0.27163461538461536 0.3628472222222222 0.03125
3 0.6197916666666666 0.5564903846153846 0.3628472222222222 0.03125
3 0.6197916666666666 0.7548076923076923 0.3628472222222222 0.03125
3 0.3298611111111111 0.002403846153846154 0.02662037037037037 0.004807692307692308
3 0.3683449074074074 0.002403846153846154 0.029513888888888888 0.004807692307692308
3 0.4192708333333333 0.002403846153846154 0.052662037037037035 0.004807692307692308
3 0.4652777777777778 0.002403846153846154 0.020833333333333332 0.004807692307692308
3 0.4988425925925926 0.002403846153846154 0.02662037037037037 0.004807692307692308
3 0.5335648148148148 0.002403846153846154 0.023148148148148147 0.004807692307692308
3 0.1869212962962963 0.6286057692307693 0.07523148148148148 0.021634615384615384
3 0.16956018518518517 0.7223557692307693 0.041087962962962965 0.021634615384615384
3 0.16666666666666666 0.7512019230769231 0.034722222222222224 0.021634615384615384
3 0.16956018518518517 0.7800480769230769 0.04050925925925926 0.021634615384615384
3 0.1579861111111111 0.8088942307692307 0.017361111111111112 0.021634615384615384
3 0.1684027777777778 0.8377403846153846 0.03819444444444445 0.021634615384615384
3 0.16493055555555555 0.8665865384615384 0.031828703703703706 0.021634615384615384
3 0.16145833333333334 0.9603365384615384 0.02488425925925926 0.021634615384615384
3 0.16435185185185186 0.9885817307692307 0.03125 0.020432692307692308
3 0.23148148148148148 0.6286057692307693 0.008101851851851851 0.021634615384615384
3 0.20023148148148148 0.7223557692307693 0.013310185185185185 0.021634615384615384
3 0.19155092592592593 0.7512019230769231 0.008101851851851851 0.021634615384615384
3 0.19733796296296297 0.7800480769230769 0.008680555555555556 0.021634615384615384
3 0.1736111111111111 0.8088942307692307 0.008680555555555556 0.021634615384615384
3 0.19502314814814814 0.8377403846153846 0.008680555555555556 0.021634615384615384
3 0.1869212962962963 0.8665865384615384 0.005787037037037037 0.021634615384615384
3 0.18287037037037038 0.9603365384615384 0.010416666666666666 0.021634615384615384
3 0.18778935185185186 0.9885817307692307 0.008680555555555556 0.020432692307692308
3 0.1863425925925926 0.004807692307692308 0.06712962962962964 0.009615384615384616
3 0.19791666666666666 0.17548076923076922 0.09722222222222222 0.02403846153846154
3 0.2013888888888889 0.19951923076923078 0.10474537037037036 0.02403846153846154
3 0.22511574074074073 0.21153846153846154 0.15219907407407407 0.04807692307692308
3 0.24768518518518517 0.22355769230769232 0.06828703703703703 0.02403846153846154