0 0.584375 0.02918918918918919 0.023958333333333335 0.04216216216216216
0 0.21145833333333333 0.4345945945945946 0.010416666666666666 0.021621621621621623
0 0.7296875 0.29621621621621624 0.058854166666666666 0.015135135135135135
0 0.2234375 0.20972972972972972 0.04635416666666667 0.04108108108108108
0 0.2864583333333333 0.20972972972972972 0.07552083333333333 0.04108108108108108
1 0.7140625 0.03027027027027027 0.17708333333333334 0.04216216216216216
1 0.41041666666666665 0.4908108108108108 0.14791666666666667 0.307027027027027
1 0.5666666666666667 0.4908108108108108 0.14791666666666667 0.307027027027027
1 0.7229166666666667 0.4908108108108108 0.14791666666666667 0.307027027027027
2 0.440625 0.02918918918918919 0.31145833333333334 0.04216216216216216
2 0.475 0.02918918918918919 0.007291666666666667 0.015135135135135135
3 0.1828125 0 0 0
3 0.22291666666666668 0.03027027027027027 0.06979166666666667 0.036756756756756756
3 0.6729166666666667 0.08540540540540541 0.057291666666666664 0.021621621621621623
3 0.71875 0.08540540540540541 0.034375 0.021621621621621623
3 0.7609375 0.08540540540540541 0.050520833333333334 0.021621621621621623
3 0.21770833333333334 0.07783783783783783 0.06927083333333334 0.043243243243243246
3 0.30520833333333336 0.08540540540540541 0.04114583333333333 0.021621621621621623
3 0.346875 0.08540540540540541 0.0234375 0.021621621621621623
3 0.38125 0.08540540540540541 0.026041666666666668 0.021621621621621623
3 0.4270833333333333 0.08540540540540541 0.046875 0.021621621621621623
3 0.46875 0.08540540540540541 0.018229166666666668 0.021621621621621623
3 0.49895833333333334 0.08540540540540541 0.0234375 0.021621621621621623
3 0.5302083333333333 0.08540540540540541 0.0203125 0.021621621621621623
3 0.7963541666666667 0.08324324324324324 0.013020833333333334 0.022702702702702703
3 0.7140625 0.03351351351351351 0.17708333333333334 0.04756756756756757
3 0.49557291666666664 0.15675675675675677 0.9911458333333333 0.0972972972972973
3 0.2828125 0.23243243243243245 0.028125 0.021621621621621623
3 0.32708333333333334 0.23243243243243245 0.03958333333333333 0.021621621621621623
3 0.36770833333333336 0.23243243243243245 0.020833333333333332 0.021621621621621623
3 0.4166666666666667 0.23243243243243245 0.05520833333333333 0.021621621621621623
3 0.46822916666666664 0.23243243243243245 0.027604166666666666 0.021621621621621623
3 0.21354166666666666 0.2864864864864865 0.058854166666666666 0.021621621621621623
3 0.2015625 0.4345945945945946 0.034895833333333334 0.02810810810810811
3 0.29322916666666665 0.5221621621621622 0.016666666666666666 0.017297297297297298
3 0.29322916666666665 0.5935135135135136 0.016666666666666666 0.017297297297297298
3 0.29322916666666665 0.667027027027027 0.016666666666666666 0.017297297297297298
3 0.23229166666666667 0.7708108108108108 0.09583333333333334 0.01945945945945946
3 0.23854166666666668 0.8551351351351352 0.10885416666666667 0.01945945945945946
3 0.21145833333333333 0.8810810810810811 0.0546875 0.01945945945945946
3 0.2520833333333333 0.907027027027027 0.13541666666666666 0.01945945945945946
3 0.2453125 0.932972972972973 0.12239583333333333 0.01945945945945946
3 0.2421875 0.9589189189189189 0.115625 0.01945945945945946
3 0.21197916666666666 0.9848648648648649 0.05572916666666667 0.01945945945945946
3 0.7807291666666667 0.2983783783783784 0.008333333333333333 0.017297297297297298
3 0.7932291666666667 0.2983783783783784 0.008333333333333333 0.017297297297297298
3 0.41041666666666665 0.4908108108108108 0.14791666666666667 0.307027027027027
3 0.41041666666666665 0.7297297297297297 0.14791666666666667 0.16864864864864865
3 0.5666666666666667 0.4908108108108108 0.14791666666666667 0.307027027027027
3 0.5666666666666667 0.7297297297297297 0.14791666666666667 0.16864864864864865
3 0.7229166666666667 0.4908108108108108 0.14791666666666667 0.307027027027027
3 0.7229166666666667 0.7297297297297297 0.14791666666666667 0.16864864864864865
3 0.5182291666666666 0.03027027027027027 0.109375 0.02810810810810811
3 0.38385416666666666 0.7167567567567568 0.07395833333333333 0.02054054054054054
3 0.5229166666666667 0.7167567567567568 0.04010416666666667 0.02054054054054054
3 0.6791666666666667 0.7167567567567568 0.04010416666666667 0.02054054054054054
3 0.5234375 0.02918918918918919 0.084375 0.021621621621621623
3 0.5234375 0.02918918918918919 0.084375 0.021621621621621623
3 0.25677083333333334 0.34702702702702704 0.14479166666666668 0.06486486486486487
3 0.41041666666666665 0.76 0.12708333333333333 0.03891891891891892
3 0.5666666666666667 0.76 0.12708333333333333 0.03891891891891892
3 0.7229166666666667 0.76 0.12708333333333333 0.03891891891891892
3 0.26875 0.1545945945945946 0.13697916666666668 0.043243243243243246