0 0.5788888888888889 0.028868360277136258 0.025555555555555557 0.04503464203233257
0 0.21055555555555555 0.4053117782909931 0.011111111111111112 0.023094688221709007
0 0.7472222222222222 0.33371824480369516 0.06277777777777778 0.016166281755196306
0 0.39361111111111113 0.99364896073903 0.1361111111111111 0.010392609699769052
0 0.5602777777777778 0.99364896073903 0.1361111111111111 0.010392609699769052
0 0.7269444444444444 0.99364896073903 0.1361111111111111 0.010392609699769052
1 0.7172222222222222 0.03002309468822171 0.18888888888888888 0.04503464203233257
1 0.3016666666666667 0.1836027713625866 0.05555555555555555 0.10392609699769054
1 0.38055555555555554 0.1836027713625866 0.05555555555555555 0.10392609699769054
1 0.4588888888888889 0.1836027713625866 0.05555555555555555 0.10392609699769054
1 0.5377777777777778 0.1836027713625866 0.05555555555555555 0.10392609699769054
1 0.6161111111111112 0.1836027713625866 0.05555555555555555 0.10392609699769054
1 0.695 0.1836027713625866 0.05555555555555555 0.10392609699769054
1 0.7733333333333333 0.1836027713625866 0.05555555555555555 0.10392609699769054
1 0.3933333333333333 0.5415704387990762 0.15777777777777777 0.3279445727482679
1 0.56 0.5415704387990762 0.15777777777777777 0.3279445727482679
1 0.7266666666666667 0.5415704387990762 0.15777777777777777 0.3279445727482679
1 0.19333333333333333 0.03002309468822171 0.07444444444444444 0.03926096997690531
2 0.4255555555555556 0.028868360277136258 0.3322222222222222 0.04503464203233257
2 0.47444444444444445 0.028868360277136258 0.0077777777777777776 0.016166281755196306
3 0.5144444444444445 0.03002309468822171 0.10444444444444445 0.03002309468822171
3 0.3466666666666667 0.8025404157043879 0.042777777777777776 0.021939953810623556
3 0.3933333333333333 0.8787528868360277 0.13555555555555557 0.015011547344110854
3 0.5133333333333333 0.848729792147806 0.042777777777777776 0.021939953810623556
3 0.56 0.9249422632794457 0.13555555555555557 0.015011547344110854
3 0.68 0.8025404157043879 0.042777777777777776 0.021939953810623556
3 0.52 0.028868360277136258 0.07777777777777778 0.023094688221709007
3 0.52 0.028868360277136258 0.07777777777777778 0.023094688221709007
3 0.22944444444444445 0.32909930715935337 0.15444444444444444 0.03464203233256351
3 0.3933333333333333 0.848729792147806 0.13555555555555557 0.04157043879907621
3 0.56 0.894919168591224 0.13555555555555557 0.04157043879907621
3 0.7266666666666667 0.848729792147806 0.13555555555555557 0.04157043879907621
3 0.32555555555555554 0.08891454965357967 0.025 0.023094688221709007
3 0.3622222222222222 0.08891454965357967 0.027777777777777776 0.023094688221709007
3 0.4111111111111111 0.08891454965357967 0.05 0.023094688221709007
3 0.45555555555555555 0.08891454965357967 0.019444444444444445 0.023094688221709007
3 0.48777777777777775 0.08891454965357967 0.025 0.023094688221709007
3 0.5211111111111111 0.08891454965357967 0.021666666666666667 0.023094688221709007
3 0.18666666666666668 0.6316397228637414 0.06944444444444445 0.020785219399538105
3 0.1988888888888889 0.6593533487297921 0.09333333333333334 0.020785219399538105
3 0.19333333333333333 0.687066974595843 0.08222222222222222 0.020785219399538105
3 0.16277777777777777 0.7147806004618937 0.021666666666666667 0.020785219399538105
3 0.20277777777777778 0.7424942263279446 0.10111111111111111 0.020785219399538105
3 0.18777777777777777 0.7702078521939953 0.07166666666666667 0.020785219399538105
3 0.16944444444444445 0.8602771362586605 0.034444444444444444 0.020785219399538105
3 0.17333333333333334 0.9780600461893765 0.042222222222222223 0.020785219399538105
3 0.2361111111111111 0.6316397228637414 0.023333333333333334 0.020785219399538105
3 0.25833333333333336 0.6593533487297921 0.020555555555555556 0.020785219399538105
3 0.24333333333333335 0.687066974595843 0.012777777777777779 0.020785219399538105
3 0.18444444444444444 0.7147806004618937 0.014444444444444444 0.020785219399538105
3 0.2627777777777778 0.7424942263279446 0.012777777777777779 0.020785219399538105
3 0.23277777777777778 0.7702078521939953 0.012222222222222223 0.020785219399538105
3 0.20055555555555554 0.8602771362586605 0.021666666666666667 0.020785219399538105
3 0.18777777777777777 0.8879907621247113 0.018333333333333333 0.020785219399538105
3 0.20722222222222222 0.9780600461893765 0.020555555555555556 0.020785219399538105
3 0.1922222222222222 0.07159353348729793 0.06388888888888888 0.023094688221709007
3 0.18777777777777777 0.09353348729792148 0.06388888888888888 0.023094688221709007