0 0.5983516483516483 0.026255707762557076 0.025274725274725275 0.04452054794520548
0 0.23406593406593407 0.3984018264840183 0.01098901098901099 0.0228310502283105
0 0.7648351648351648 0.3276255707762557 0.06208791208791209 0.01598173515981735
0 0.41510989010989013 0.9868721461187214 0.1346153846153846 0.023972602739726026
0 0.579945054945055 0.9868721461187214 0.1346153846153846 0.023972602739726026
0 0.7447802197802198 0.9868721461187214 0.1346153846153846 0.023972602739726026
1 0.7351648351648352 0.0273972602739726 0.18681318681318682 0.04452054794520548
1 0.3241758241758242 0.17922374429223745 0.054945054945054944 0.10273972602739725
1 0.4021978021978022 0.17922374429223745 0.054945054945054944 0.10273972602739725
1 0.4796703296703297 0.17922374429223745 0.054945054945054944 0.10273972602739725
1 0.5576923076923077 0.17922374429223745 0.054945054945054944 0.10273972602739725
1 0.6351648351648351 0.17922374429223745 0.054945054945054944 0.10273972602739725
1 0.7131868131868132 0.17922374429223745 0.054945054945054944 0.10273972602739725
1 0.7906593406593406 0.17922374429223745 0.054945054945054944 0.10273972602739725
1 0.41483516483516486 0.5331050228310502 0.15604395604395604 0.3242009132420091
1 0.5796703296703297 0.5331050228310502 0.15604395604395604 0.3242009132420091
1 0.7445054945054945 0.5331050228310502 0.15604395604395604 0.3242009132420091
1 0.21703296703296704 0.0273972602739726 0.07362637362637363 0.03881278538812785
2 0.4467032967032967 0.026255707762557076 0.32857142857142857 0.04452054794520548
2 0.4950549450549451 0.026255707762557076 0.007692307692307693 0.01598173515981735
3 0.5346153846153846 0.0273972602739726 0.10329670329670329 0.02968036529680365
3 0.3686813186813187 0.791095890410959 0.04230769230769231 0.021689497716894976
3 0.41483516483516486 0.8664383561643836 0.13406593406593406 0.014840182648401826
3 0.5335164835164835 0.83675799086758 0.04230769230769231 0.021689497716894976
3 0.5796703296703297 0.9121004566210046 0.13406593406593406 0.014840182648401826
3 0.6983516483516483 0.791095890410959 0.04230769230769231 0.021689497716894976
3 0.5401098901098901 0.026255707762557076 0.07692307692307693 0.0228310502283105
3 0.5401098901098901 0.026255707762557076 0.07692307692307693 0.0228310502283105
3 0.25274725274725274 0.3230593607305936 0.15274725274725276 0.03424657534246575
3 0.41483516483516486 0.83675799086758 0.13406593406593406 0.0410958904109589
3 0.5796703296703297 0.882420091324201 0.13406593406593406 0.0410958904109589
3 0.7445054945054945 0.83675799086758 0.13406593406593406 0.0410958904109589
3 0.3478021978021978 0.08561643835616438 0.024725274725274724 0.0228310502283105
3 0.3840659340659341 0.08561643835616438 0.027472527472527472 0.0228310502283105
3 0.43241758241758244 0.08561643835616438 0.04945054945054945 0.0228310502283105
3 0.47637362637362635 0.08561643835616438 0.019230769230769232 0.0228310502283105
3 0.5082417582417582 0.08561643835616438 0.024725274725274724 0.0228310502283105
3 0.5412087912087912 0.08561643835616438 0.02142857142857143 0.0228310502283105
3 0.21043956043956044 0.6221461187214612 0.06868131868131869 0.02054794520547945
3 0.22252747252747251 0.6495433789954338 0.09230769230769231 0.02054794520547945
3 0.21703296703296704 0.6769406392694064 0.08131868131868132 0.02054794520547945
3 0.18681318681318682 0.704337899543379 0.02142857142857143 0.02054794520547945
3 0.22637362637362637 0.7317351598173516 0.1 0.02054794520547945
3 0.21153846153846154 0.7591324200913242 0.07087912087912088 0.02054794520547945
3 0.1934065934065934 0.8481735159817352 0.03406593406593406 0.02054794520547945
3 0.19725274725274725 0.9646118721461188 0.041758241758241756 0.02054794520547945
3 0.20247252747252747 0.990296803652968 0.0521978021978022 0.017123287671232876
3 0.25934065934065936 0.6221461187214612 0.023076923076923078 0.02054794520547945
3 0.2813186813186813 0.6495433789954338 0.02032967032967033 0.02054794520547945
3 0.2664835164835165 0.6769406392694064 0.012637362637362638 0.02054794520547945
3 0.20824175824175825 0.704337899543379 0.014285714285714285 0.02054794520547945
3 0.2857142857142857 0.7317351598173516 0.012637362637362638 0.02054794520547945
3 0.256043956043956 0.7591324200913242 0.012087912087912088 0.02054794520547945
3 0.22417582417582418 0.8481735159817352 0.02142857142857143 0.02054794520547945
3 0.21153846153846154 0.8755707762557078 0.018131868131868133 0.02054794520547945
3 0.23076923076923078 0.9646118721461188 0.02032967032967033 0.02054794520547945
3 0.23956043956043957 0.990296803652968 0.01868131868131868 0.017123287671232876
3 0.21593406593406594 0.0684931506849315 0.06318681318681318 0.0228310502283105
3 0.21153846153846154 0.09018264840182648 0.06318681318681318 0.0228310502283105