0 0.597027027027027 0.01961883408071749 0.025405405405405406 0.03923766816143498
0 0.7605405405405405 0.312780269058296 0.06108108108108108 0.01569506726457399
0 0.41621621621621624 0.922645739910314 0.1318918918918919 0.03811659192825112
0 0.5783783783783784 0.922645739910314 0.1318918918918919 0.03811659192825112
0 0.7405405405405405 0.922645739910314 0.1318918918918919 0.03811659192825112
1 0.7316216216216216 0.020179372197309416 0.18432432432432433 0.04035874439461883
1 0.327027027027027 0.16704035874439463 0.05405405405405406 0.10089686098654709
1 0.40378378378378377 0.16704035874439463 0.05405405405405406 0.10089686098654709
1 0.48 0.16704035874439463 0.05405405405405406 0.10089686098654709
1 0.5567567567567567 0.16704035874439463 0.05405405405405406 0.10089686098654709
1 0.632972972972973 0.16704035874439463 0.05405405405405406 0.10089686098654709
1 0.7097297297297297 0.16704035874439463 0.05405405405405406 0.10089686098654709
1 0.7859459459459459 0.16704035874439463 0.05405405405405406 0.10089686098654709
1 0.41621621621621624 0.5145739910313901 0.1535135135135135 0.3183856502242152
1 0.5783783783783784 0.5145739910313901 0.1535135135135135 0.3183856502242152
1 0.7405405405405405 0.5145739910313901 0.1535135135135135 0.3183856502242152
1 0.2218918918918919 0.01905829596412556 0.07297297297297298 0.03811659192825112
2 0.4478378378378378 0.01961883408071749 0.3237837837837838 0.03923766816143498
2 0.49513513513513513 0.016816143497757848 0.0075675675675675675 0.01569506726457399
3 0.534054054054054 0.017937219730941704 0.10162162162162162 0.02914798206278027
3 0.3891891891891892 0.7488789237668162 0.07783783783783783 0.021300448430493273
3 0.41621621621621624 0.8228699551569507 0.1318918918918919 0.014573991031390135
3 0.532972972972973 0.7488789237668162 0.04162162162162162 0.021300448430493273
3 0.6951351351351351 0.7679372197309418 0.04162162162162162 0.021300448430493273
3 0.7405405405405405 0.8419282511210763 0.1318918918918919 0.014573991031390135
3 0.5394594594594595 0.016816143497757848 0.07567567567567568 0.02242152466367713
3 0.5394594594594595 0.016816143497757848 0.07567567567567568 0.02242152466367713
3 0.25675675675675674 0.3654708520179372 0.15027027027027026 0.06726457399103139
3 0.41621621621621624 0.7937219730941704 0.1318918918918919 0.04035874439461883
3 0.5783783783783784 0.7937219730941704 0.1318918918918919 0.04035874439461883
3 0.7405405405405405 0.8127802690582959 0.1318918918918919 0.04035874439461883
3 0.35027027027027025 0.07511210762331838 0.024324324324324326 0.02242152466367713
3 0.38594594594594595 0.07511210762331838 0.02702702702702703 0.02242152466367713
3 0.4335135135135135 0.07511210762331838 0.04864864864864865 0.02242152466367713
3 0.47675675675675677 0.07511210762331838 0.01891891891891892 0.02242152466367713
3 0.5081081081081081 0.07511210762331838 0.024324324324324326 0.02242152466367713
3 0.5405405405405406 0.07511210762331838 0.02108108108108108 0.02242152466367713
3 0.22108108108108107 0.6177130044843049 0.07891891891891892 0.020179372197309416
3 0.21945945945945947 0.6446188340807175 0.07567567567567568 0.020179372197309416
3 0.2227027027027027 0.67152466367713 0.0827027027027027 0.020179372197309416
3 0.20324324324324325 0.6984304932735426 0.043243243243243246 0.020179372197309416
3 0.22756756756756757 0.7253363228699552 0.0918918918918919 0.020179372197309416
3 0.22324324324324324 0.7522421524663677 0.08378378378378379 0.020179372197309416
3 0.21621621621621623 0.7791479820627802 0.06918918918918919 0.020179372197309416
3 0.1908108108108108 0.8060538116591929 0.018378378378378378 0.020179372197309416
3 0.19837837837837838 0.8934977578475336 0.03351351351351351 0.020179372197309416
3 0.27135135135135136 0.6177130044843049 0.016216216216216217 0.020179372197309416
3 0.2686486486486486 0.6446188340807175 0.016216216216216217 0.020179372197309416
3 0.27513513513513516 0.67152466367713 0.016216216216216217 0.020179372197309416
3 0.23351351351351352 0.6984304932735426 0.012432432432432432 0.020179372197309416
3 0.28216216216216217 0.7253363228699552 0.011891891891891892 0.020179372197309416
3 0.27405405405405403 0.7522421524663677 0.012432432432432432 0.020179372197309416
3 0.2578378378378378 0.7791479820627802 0.008108108108108109 0.020179372197309416
3 0.2064864864864865 0.8060538116591929 0.0075675675675675675 0.020179372197309416
3 0.22702702702702704 0.8934977578475336 0.01783783783783784 0.020179372197309416
3 0.21513513513513513 0.9204035874439462 0.015675675675675675 0.020179372197309416
3 0.22054054054054054 0.05829596412556054 0.062162162162162166 0.02242152466367713
3 0.21621621621621623 0.0795964125560538 0.062162162162162166 0.02242152466367713
3 0.20594594594594595 0.30269058295964124 0.049189189189189186 0.02242152466367713
3 0.25513513513513514 0.30269058295964124 0.02918918918918919 0.02242152466367713