0 0.7718998862343572 0.2706855791962175 0.06427758816837315 0.016548463356973995
0 0.40955631399317405 0.9137115839243499 0.13879408418657566 0.04018912529550828
0 0.5802047781569966 0.9137115839243499 0.13879408418657566 0.04018912529550828
0 0.7508532423208191 0.9137115839243499 0.13879408418657566 0.04018912529550828
1 0.31569965870307165 0.11702127659574468 0.05688282138794084 0.10638297872340426
1 0.39647326507394764 0.11702127659574468 0.05688282138794084 0.10638297872340426
1 0.47667804323094426 0.11702127659574468 0.05688282138794084 0.10638297872340426
1 0.5574516496018203 0.11702127659574468 0.05688282138794084 0.10638297872340426
1 0.6376564277588168 0.11702127659574468 0.05688282138794084 0.10638297872340426
1 0.7184300341296929 0.11702127659574468 0.05688282138794084 0.10638297872340426
1 0.7986348122866894 0.11702127659574468 0.05688282138794084 0.10638297872340426
1 0.40955631399317405 0.483451536643026 0.161547212741752 0.33569739952718675
1 0.5802047781569966 0.483451536643026 0.161547212741752 0.33569739952718675
1 0.7508532423208191 0.483451536643026 0.161547212741752 0.33569739952718675
3 0.38111490329920367 0.7304964539007093 0.08191126279863481 0.022458628841607566
3 0.40955631399317405 0.8085106382978723 0.13879408418657566 0.015366430260047281
3 0.5324232081911263 0.7304964539007093 0.04379977246871445 0.022458628841607566
3 0.7030716723549488 0.7505910165484634 0.04379977246871445 0.022458628841607566
3 0.7508532423208191 0.8286052009456265 0.13879408418657566 0.015366430260047281
3 0.24175199089874858 0.3262411347517731 0.15813424345847554 0.07092198581560284
3 0.40955631399317405 0.7777777777777778 0.13879408418657566 0.0425531914893617
3 0.5802047781569966 0.7777777777777778 0.13879408418657566 0.0425531914893617
3 0.7508532423208191 0.7978723404255319 0.13879408418657566 0.0425531914893617
3 0.34015927189988626 0.02009456264775414 0.025597269624573378 0.02364066193853428
3 0.37770193401592717 0.02009456264775414 0.02844141069397042 0.02364066193853428
3 0.42775881683731515 0.02009456264775414 0.051194539249146756 0.02364066193853428
3 0.4732650739476678 0.02009456264775414 0.019908987485779295 0.02364066193853428
3 0.5062571103526735 0.02009456264775414 0.025597269624573378 0.02364066193853428
3 0.540386803185438 0.02009456264775414 0.02218430034129693 0.02364066193853428
3 0.20420932878270762 0.5921985815602837 0.08304891922639362 0.02127659574468085
3 0.2025028441410694 0.6205673758865248 0.07963594994311718 0.02127659574468085
3 0.20591581342434584 0.648936170212766 0.08703071672354949 0.02127659574468085
3 0.18543799772468714 0.6773049645390071 0.04550625711035267 0.02127659574468085
3 0.21103526734926054 0.7056737588652482 0.09670079635949944 0.02127659574468085
3 0.20648464163822525 0.7340425531914894 0.08816837315130831 0.02127659574468085
3 0.19908987485779295 0.7624113475177305 0.07281001137656427 0.02127659574468085
3 0.17235494880546076 0.7907801418439716 0.019340159271899887 0.02127659574468085
3 0.18031854379977247 0.8829787234042553 0.03526734926052332 0.02127659574468085
3 0.18344709897610922 0.9958628841607565 0.04152445961319681 0.00591016548463357
3 0.2571103526734926 0.5921985815602837 0.017064846416382253 0.02127659574468085
3 0.25426621160409557 0.6205673758865248 0.017064846416382253 0.02127659574468085
3 0.26109215017064846 0.648936170212766 0.017064846416382253 0.02127659574468085
3 0.21729237770193402 0.6773049645390071 0.013083048919226393 0.02127659574468085
3 0.2684869169510808 0.7056737588652482 0.012514220705346985 0.02127659574468085
3 0.25995449374288965 0.7340425531914894 0.013083048919226393 0.02127659574468085
3 0.2428896473265074 0.7624113475177305 0.008532423208191127 0.02127659574468085
3 0.18885096700796358 0.7907801418439716 0.007963594994311717 0.02127659574468085
3 0.21046643913538113 0.8829787234042553 0.01877133105802048 0.02127659574468085
3 0.19795221843003413 0.9113475177304965 0.016496018202502846 0.02127659574468085
3 0.2150170648464164 0.9958628841607565 0.017064846416382253 0.00591016548463357
3 0.2036405005688282 0.0076832151300236405 0.06598407281001138 0.015366430260047281
3 0.19908987485779295 0.024822695035460994 0.06541524459613197 0.02364066193853428
3 0.18828213879408418 0.26004728132387706 0.051763367463026164 0.02364066193853428
3 0.24004550625711035 0.26004728132387706 0.030716723549488054 0.02364066193853428