0 0.5779255319148936 0.017660044150110375 0.025 0.03532008830022075
0 0.47074468085106386 0.4492273730684327 0.0031914893617021275 0.006622516556291391
0 0.48138297872340424 0.4492273730684327 0.0031914893617021275 0.006622516556291391
0 0.4920212765957447 0.4492273730684327 0.0031914893617021275 0.006622516556291391
0 0.5026595744680851 0.4492273730684327 0.005319148936170213 0.011037527593818985
1 0.7103723404255319 0.018211920529801324 0.18138297872340425 0.03642384105960265
1 0.4909574468085106 0.2803532008830022 0.8462765957446808 0.3730684326710817
1 0.23085106382978723 0.6777041942604857 0.11914893617021277 0.24834437086092714
1 0.35851063829787233 0.6777041942604857 0.11914893617021277 0.24834437086092714
1 0.48617021276595745 0.6777041942604857 0.11914893617021277 0.24834437086092714
1 0.6138297872340426 0.6777041942604857 0.11914893617021277 0.24834437086092714
1 0.7414893617021276 0.6777041942604857 0.11914893617021277 0.24834437086092714
1 0.20877659574468085 0.017108167770419427 0.07180851063829788 0.03421633554083885
2 0.43111702127659574 0.017660044150110375 0.31861702127659575 0.03532008830022075
2 0.4776595744680851 0.013245033112582781 0.007446808510638298 0.01545253863134658
3 0.5159574468085106 0.01434878587196468 0.1 0.02869757174392936
3 0.5212765957446809 0.013245033112582781 0.07446808510638298 0.02207505518763797
3 0.5212765957446809 0.013245033112582781 0.07446808510638298 0.02207505518763797
3 0.2271276595744681 0.5253863134657837 0.11117021276595744 0.019867549668874173
3 0.23085106382978723 0.9094922737306843 0.10425531914893617 0.03863134657836645
3 0.35851063829787233 0.9094922737306843 0.10425531914893617 0.03863134657836645
3 0.48617021276595745 0.9293598233995585 0.10425531914893617 0.03863134657836645
3 0.6138297872340426 0.9094922737306843 0.10425531914893617 0.03863134657836645
3 0.7414893617021276 0.9094922737306843 0.10425531914893617 0.03863134657836645
3 0.3351063829787234 0.0706401766004415 0.023936170212765957 0.02207505518763797
3 0.3702127659574468 0.0706401766004415 0.026595744680851064 0.02207505518763797
3 0.41702127659574467 0.0706401766004415 0.047872340425531915 0.02207505518763797
3 0.4595744680851064 0.0706401766004415 0.018617021276595744 0.02207505518763797
3 0.49042553191489363 0.0706401766004415 0.023936170212765957 0.02207505518763797
3 0.5223404255319148 0.0706401766004415 0.02074468085106383 0.02207505518763797
3 0.2074468085106383 0.05408388520971302 0.061170212765957445 0.02207505518763797
3 0.20319148936170212 0.07505518763796909 0.061170212765957445 0.02207505518763797