0 0.584375 0.02918918918918919 0.023958333333333335 0.04216216216216216
1 0.7140625 0.03027027027027027 0.17708333333333334 0.04216216216216216
1 0.20833333333333334 0.24864864864864866 0.022916666666666665 0.04756756756756757
1 0.40677083333333336 0.5178378378378379 0.34791666666666665 0.505945945945946
1 0.6328125 0.798918918918919 0.019791666666666666 0.04108108108108108
1 0.6609375 0.7978378378378378 0.020833333333333332 0.043243243243243246
2 0.440625 0.02918918918918919 0.31145833333333334 0.04216216216216216
3 0.1828125 0 0 0
3 0.22291666666666668 0.03027027027027027 0.06979166666666667 0.036756756756756756
3 0.6729166666666667 0.08540540540540541 0.057291666666666664 0.021621621621621623
3 0.71875 0.08540540540540541 0.034375 0.021621621621621623
3 0.7609375 0.08540540540540541 0.050520833333333334 0.021621621621621623
3 0.21770833333333334 0.07783783783783783 0.06927083333333334 0.043243243243243246
3 0.30520833333333336 0.08540540540540541 0.04114583333333333 0.021621621621621623
3 0.346875 0.08540540540540541 0.0234375 0.021621621621621623
3 0.38125 0.08540540540540541 0.026041666666666668 0.021621621621621623
3 0.4270833333333333 0.08540540540540541 0.046875 0.021621621621621623
3 0.46875 0.08540540540540541 0.018229166666666668 0.021621621621621623
3 0.49895833333333334 0.08540540540540541 0.0234375 0.021621621621621623
3 0.5302083333333333 0.08540540540540541 0.0203125 0.021621621621621623
3 0.7963541666666667 0.08324324324324324 0.013020833333333334 0.022702702702702703
3 0.7140625 0.03351351351351351 0.17708333333333334 0.04756756756756757
3 0.296875 0.1372972972972973 0.03802083333333333 0.021621621621621623
3 0.3572916666666667 0.1372972972972973 0.0703125 0.021621621621621623
3 0.4276041666666667 0.1372972972972973 0.05625 0.021621621621621623
3 0.48802083333333335 0.1372972972972973 0.052083333333333336 0.021621621621621623
3 0.55625 0.1372972972972973 0.071875 0.021621621621621623
3 0.21197916666666666 0.18054054054054053 0.050520833333333334 0.015135135135135135
3 0.28020833333333334 0.18054054054054053 0.059895833333333336 0.015135135135135135
3 0.3541666666666667 0.18054054054054053 0.06927083333333334 0.015135135135135135
3 0.44583333333333336 0.18054054054054053 0.09479166666666666 0.015135135135135135
3 0.7760416666666666 0.1827027027027027 0.0546875 0.015135135135135135
3 0.7807291666666667 0.2875675675675676 0.011458333333333333 0.022702702702702703
3 0.6640625 0.3762162162162162 0.08697916666666666 0.01945945945945946
3 0.6583333333333333 0.4810810810810811 0.07552083333333333 0.01945945945945946
3 0.6796875 0.6129729729729729 0.08645833333333333 0.01945945945945946
3 0.6557291666666667 0.7016216216216217 0.0421875 0.01945945945945946
3 0.6328125 0.798918918918919 0.023958333333333335 0.04972972972972973
3 0.6609375 0.7978378378378378 0.023958333333333335 0.04972972972972973
3 0.6973958333333333 0.8756756756756757 0.06979166666666667 0.021621621621621623
3 0.6583333333333333 0.4562162162162162 0.07552083333333333 0.01945945945945946
3 0.7036458333333333 0.7524324324324324 0.165625 0.022702702702702703
3 0.6765625 0.8951351351351351 0.11145833333333334 0.01945945945945946
3 0.20833333333333334 0.26594594594594595 0.026041666666666668 0.023783783783783784
3 0.20833333333333334 0.26594594594594595 0.026041666666666668 0.023783783783783784
3 0.69375 0.31675675675675674 0.14635416666666667 0.08108108108108109
3 0.7114583333333333 0.5232432432432432 0.15 0.021621621621621623
3 0.7114583333333333 0.5459459459459459 0.15 0.01945945945945946
3 0.7114583333333333 0.5675675675675675 0.15 0.01945945945945946
3 0.7114583333333333 0.5891891891891892 0.15 0.01945945945945946
3 0.7104166666666667 0.6551351351351351 0.1515625 0.021621621621621623
3 0.7104166666666667 0.6778378378378378 0.1515625 0.01945945945945946
3 0.6765625 0.8756756756756757 0.11145833333333334 0.018378378378378378
3 0.6515625 0.9502702702702702 0.06145833333333333 0.021621621621621623