0 0.5952127659574468 0.02869757174392936 0.02446808510638298 0.04304635761589404
0 0.48829787234042554 0.46467991169977924 0.0031914893617021275 0.006622516556291391
0 0.498936170212766 0.46467991169977924 0.0031914893617021275 0.006622516556291391
0 0.5095744680851064 0.46467991169977924 0.0031914893617021275 0.006622516556291391
0 0.5202127659574468 0.46467991169977924 0.005319148936170213 0.011037527593818985
1 0.7276595744680852 0.029801324503311258 0.18085106382978725 0.04304635761589404
1 0.5085106382978724 0.2958057395143488 0.8462765957446808 0.3730684326710817
1 0.24840425531914895 0.6931567328918322 0.11914893617021277 0.24834437086092714
1 0.376063829787234 0.6931567328918322 0.11914893617021277 0.24834437086092714
1 0.5037234042553191 0.6931567328918322 0.11914893617021277 0.24834437086092714
1 0.6313829787234042 0.6931567328918322 0.11914893617021277 0.24834437086092714
1 0.7590425531914894 0.6931567328918322 0.11914893617021277 0.24834437086092714
1 0.22606382978723405 0.029801324503311258 0.07127659574468086 0.037527593818984545
2 0.44840425531914896 0.02869757174392936 0.3180851063829787 0.04304635761589404
2 0.4952127659574468 0.02869757174392936 0.007446808510638298 0.01545253863134658
3 0.5335106382978724 0.029801324503311258 0.1 0.02869757174392936
3 0.5388297872340425 0.02869757174392936 0.07446808510638298 0.02207505518763797
3 0.5388297872340425 0.02869757174392936 0.07446808510638298 0.02207505518763797
3 0.24468085106382978 0.5408388520971302 0.11117021276595744 0.019867549668874173
3 0.24840425531914895 0.9249448123620309 0.10425531914893617 0.03863134657836645
3 0.376063829787234 0.9249448123620309 0.10425531914893617 0.03863134657836645
3 0.5037234042553191 0.9448123620309051 0.10425531914893617 0.03863134657836645
3 0.6313829787234042 0.9249448123620309 0.10425531914893617 0.03863134657836645
3 0.7590425531914894 0.9249448123620309 0.10425531914893617 0.03863134657836645
3 0.3526595744680851 0.08609271523178808 0.023936170212765957 0.02207505518763797
3 0.38776595744680853 0.08609271523178808 0.026595744680851064 0.02207505518763797
3 0.43457446808510636 0.08609271523178808 0.047872340425531915 0.02207505518763797
3 0.47712765957446807 0.08609271523178808 0.018617021276595744 0.02207505518763797
3 0.5079787234042553 0.08609271523178808 0.023936170212765957 0.02207505518763797
3 0.5398936170212766 0.08609271523178808 0.02074468085106383 0.02207505518763797
3 0.225 0.0695364238410596 0.061170212765957445 0.02207505518763797
3 0.22074468085106383 0.09050772626931568 0.061170212765957445 0.02207505518763797