0 0.6035326086956522 0.009029345372460496 0.025543478260869567 0.01805869074492099
0 0.7679347826086956 0.29345372460496616 0.06141304347826087 0.01580135440180587
0 0.4217391304347826 0.90744920993228 0.13260869565217392 0.03837471783295711
0 0.5847826086956521 0.90744920993228 0.13260869565217392 0.03837471783295711
0 0.7478260869565218 0.90744920993228 0.13260869565217392 0.03837471783295711
1 0.7388586956521739 0.009593679458239277 0.18532608695652175 0.019187358916478554
1 0.33206521739130435 0.14672686230248308 0.05434782608695652 0.10158013544018059
1 0.4092391304347826 0.14672686230248308 0.05434782608695652 0.10158013544018059
1 0.48586956521739133 0.14672686230248308 0.05434782608695652 0.10158013544018059
1 0.5630434782608695 0.14672686230248308 0.05434782608695652 0.10158013544018059
1 0.6396739130434783 0.14672686230248308 0.05434782608695652 0.10158013544018059
1 0.7168478260869565 0.14672686230248308 0.05434782608695652 0.10158013544018059
1 0.7934782608695652 0.14672686230248308 0.05434782608695652 0.10158013544018059
1 0.4217391304347826 0.4966139954853273 0.15434782608695652 0.32054176072234764
1 0.5847826086956521 0.4966139954853273 0.15434782608695652 0.32054176072234764
1 0.7478260869565218 0.4966139954853273 0.15434782608695652 0.32054176072234764
1 0.22635869565217392 0.008465011286681716 0.07336956521739131 0.016930022573363433
2 0.45353260869565215 0.009029345372460496 0.32554347826086955 0.01805869074492099
2 0.501358695652174 0.002257336343115124 0.008152173913043478 0.004514672686230248
3 0.5404891304347826 0.006207674943566591 0.10271739130434783 0.012415349887133182
3 0.39456521739130435 0.7516930022573364 0.0782608695652174 0.02144469525959368
3 0.4217391304347826 0.8261851015801355 0.13260869565217392 0.014672686230248307
3 0.5576086956521739 0.7516930022573364 0.0782608695652174 0.02144469525959368
3 0.5847826086956521 0.8261851015801355 0.13260869565217392 0.014672686230248307
3 0.7206521739130435 0.7516930022573364 0.0782608695652174 0.02144469525959368
3 0.7478260869565218 0.8261851015801355 0.13260869565217392 0.014672686230248307
3 0.5459239130434783 0.0039503386004514675 0.0766304347826087 0.007900677200902935
3 0.5459239130434783 0.0039503386004514675 0.0766304347826087 0.007900677200902935
3 0.2614130434782609 0.34650112866817157 0.15108695652173912 0.06772009029345373
3 0.4217391304347826 0.7968397291196389 0.13260869565217392 0.040632054176072234
3 0.5847826086956521 0.7968397291196389 0.13260869565217392 0.040632054176072234
3 0.7478260869565218 0.7968397291196389 0.13260869565217392 0.040632054176072234
3 0.35543478260869565 0.05417607223476298 0.024456521739130436 0.022573363431151242
3 0.391304347826087 0.05417607223476298 0.02717391304347826 0.022573363431151242
3 0.4391304347826087 0.05417607223476298 0.04891304347826087 0.022573363431151242
3 0.4826086956521739 0.05417607223476298 0.019021739130434784 0.022573363431151242
3 0.5141304347826087 0.05417607223476298 0.024456521739130436 0.022573363431151242
3 0.5467391304347826 0.05417607223476298 0.021195652173913043 0.022573363431151242
3 0.21630434782608696 0.600451467268623 0.06086956521739131 0.020316027088036117
3 0.2141304347826087 0.6275395033860045 0.057065217391304345 0.020316027088036117
3 0.21956521739130436 0.654627539503386 0.06793478260869565 0.020316027088036117
3 0.20108695652173914 0.6817155756207675 0.030434782608695653 0.020316027088036117
3 0.2 0.708803611738149 0.02826086956521739 0.020316027088036117
3 0.20326086956521738 0.7358916478555305 0.035326086956521736 0.020316027088036117
3 0.2233695652173913 0.7629796839729119 0.07554347826086956 0.020316027088036117
3 0.22554347826086957 0.7900677200902935 0.07989130434782608 0.020316027088036117
3 0.20271739130434782 0.8781038374717833 0.03369565217391304 0.020316027088036117
3 0.20679347826086958 0.9909706546275395 0.04184782608695652 0.01580135440180587
3 0.26032608695652176 0.600451467268623 0.021739130434782608 0.020316027088036117
3 0.2548913043478261 0.6275395033860045 0.019021739130434784 0.020316027088036117
3 0.2673913043478261 0.654627539503386 0.021195652173913043 0.020316027088036117
3 0.22717391304347825 0.6817155756207675 0.01684782608695652 0.020316027088036117
3 0.22228260869565217 0.708803611738149 0.01141304347826087 0.020316027088036117
3 0.23043478260869565 0.7358916478555305 0.0125 0.020316027088036117
3 0.27010869565217394 0.7629796839729119 0.011956521739130435 0.020316027088036117
3 0.2728260869565217 0.7900677200902935 0.008152173913043478 0.020316027088036117
3 0.23315217391304346 0.8781038374717833 0.020652173913043477 0.020316027088036117
3 0.2233695652173913 0.9051918735891648 0.02282608695652174 0.020316027088036117
3 0.2388586956521739 0.9909706546275395 0.017934782608695653 0.01580135440180587
3 0.225 0.03724604966139955 0.0625 0.022573363431151242
3 0.22065217391304348 0.05869074492099323 0.0625 0.022573363431151242
3 0.21032608695652175 0.2832957110609481 0.049456521739130434 0.022573363431151242
3 0.27445652173913043 0.2832957110609481 0.05923913043478261 0.022573363431151242