1 0.5094972067039106 0.13921113689095127 0.8938547486033519 0.16241299303944315
1 0.5094972067039106 0.33642691415313225 0.6614525139664804 0.191415313225058
1 0.2581005586592179 0.6740139211136891 0.15865921787709497 0.27842227378190254
1 0.42569832402234636 0.6740139211136891 0.15865921787709497 0.27842227378190254
1 0.5932960893854748 0.6740139211136891 0.15865921787709497 0.27842227378190254
1 0.7608938547486034 0.6740139211136891 0.15865921787709497 0.27842227378190254
3 0.5094972067039106 0.5023201856148491 0.6614525139664804 0.05568445475638051
3 0.2581005586592179 0.8120649651972158 0.1318435754189944 0.02320185614849188
3 0.42569832402234636 0.8120649651972158 0.1318435754189944 0.02320185614849188
3 0.5932960893854748 0.8120649651972158 0.1318435754189944 0.02320185614849188
3 0.7608938547486034 0.8120649651972158 0.1318435754189944 0.02320185614849188
3 0.35027932960893854 0.033642691415313224 0.025139664804469275 0.02320185614849188
3 0.3871508379888268 0.033642691415313224 0.027932960893854747 0.02320185614849188
3 0.4363128491620112 0.033642691415313224 0.05027932960893855 0.02320185614849188
3 0.4810055865921788 0.033642691415313224 0.019553072625698324 0.02320185614849188
3 0.5134078212290503 0.033642691415313224 0.025139664804469275 0.02320185614849188
3 0.5469273743016759 0.033642691415313224 0.021787709497206705 0.02320185614849188
3 0.21620111731843575 0.016241299303944315 0.06424581005586592 0.02320185614849188
3 0.211731843575419 0.0382830626450116 0.06424581005586592 0.02320185614849188