0 0.5825136612021858 0.027210884353741496 0.025136612021857924 0.04421768707482993
0 0.23770491803278687 0.35034013605442177 0.01092896174863388 0.022675736961451247
0 0.2825136612021858 0.35034013605442177 0.01092896174863388 0.022675736961451247
0 0.20546448087431693 0.391156462585034 0.01092896174863388 0.022675736961451247
0 0.7349726775956285 0.20521541950113378 0.06174863387978142 0.015873015873015872
1 0.7185792349726776 0.02834467120181406 0.18579234972677597 0.04421768707482993
1 0.37923497267759565 0.36167800453514737 0.08743169398907104 0.18140589569160998
1 0.37923497267759565 0.5895691609977324 0.08743169398907104 0.18140589569160998
1 0.37923497267759565 0.8174603174603174 0.08743169398907104 0.18140589569160998
1 0.20327868852459016 0.02834467120181406 0.073224043715847 0.03854875283446712
2 0.43169398907103823 0.027210884353741496 0.326775956284153 0.04421768707482993
2 0.4666666666666667 0.027210884353741496 0.007650273224043716 0.015873015873015872
3 0.512568306010929 0.02834467120181406 0.11584699453551912 0.02947845804988662
3 0.607103825136612 0.3492063492063492 0.34262295081967215 0.015873015873015872
3 0.46775956284153003 0.42630385487528344 0.06393442622950819 0.021541950113378686
3 0.45737704918032784 0.5975056689342404 0.04316939890710383 0.021541950113378686
3 0.607103825136612 0.764172335600907 0.34262295081967215 0.015873015873015872
3 0.45737704918032784 0.8412698412698413 0.04316939890710383 0.021541950113378686
3 0.5180327868852459 0.027210884353741496 0.08961748633879782 0.022675736961451247
3 0.5180327868852459 0.027210884353741496 0.08961748633879782 0.022675736961451247
3 0.23879781420765028 0.2585034013605442 0.15191256830601094 0.06802721088435375
3 0.607103825136612 0.32653061224489793 0.34262295081967215 0.02947845804988662
3 0.607103825136612 0.5136054421768708 0.34262295081967215 0.02947845804988662
3 0.607103825136612 0.7414965986394558 0.34262295081967215 0.02947845804988662
3 0.607103825136612 0.9693877551020408 0.34262295081967215 0.02947845804988662
3 0.3333333333333333 0.08616780045351474 0.02459016393442623 0.022675736961451247
3 0.3693989071038251 0.08616780045351474 0.0273224043715847 0.022675736961451247
3 0.4174863387978142 0.08616780045351474 0.04918032786885246 0.022675736961451247
3 0.46120218579234973 0.08616780045351474 0.01912568306010929 0.022675736961451247
3 0.492896174863388 0.08616780045351474 0.02459016393442623 0.022675736961451247
3 0.5256830601092897 0.08616780045351474 0.021311475409836064 0.022675736961451247
3 0.19836065573770492 0.6768707482993197 0.07103825136612021 0.02040816326530612
3 0.19726775956284154 0.7653061224489796 0.06885245901639345 0.02040816326530612
3 0.20491803278688525 0.7925170068027211 0.08469945355191257 0.02040816326530612
3 0.20655737704918034 0.8197278911564626 0.08797814207650273 0.02040816326530612
3 0.17704918032786884 0.8469387755102041 0.02841530054644809 0.02040816326530612
3 0.21256830601092896 0.8741496598639455 0.1 0.02040816326530612
3 0.1989071038251366 0.9013605442176871 0.0726775956284153 0.02040816326530612
3 0.21639344262295082 0.9285714285714286 0.10765027322404372 0.02040816326530612
3 0.19726775956284154 0.95578231292517 0.06885245901639345 0.02040816326530612
3 0.19617486338797815 0.9829931972789115 0.06666666666666667 0.02040816326530612
3 0.24699453551912567 0.6768707482993197 0.021311475409836064 0.02040816326530612
3 0.2453551912568306 0.7653061224489796 0.02185792349726776 0.02040816326530612
3 0.26229508196721313 0.7925170068027211 0.024043715846994537 0.02040816326530612
3 0.26284153005464483 0.8197278911564626 0.018579234972677595 0.02040816326530612
3 0.20491803278688525 0.8469387755102041 0.02185792349726776 0.02040816326530612
3 0.27704918032786885 0.8741496598639455 0.022950819672131147 0.02040816326530612
3 0.24808743169398906 0.9013605442176871 0.020218579234972677 0.02040816326530612
3 0.28415300546448086 0.9285714285714286 0.021311475409836064 0.02040816326530612
3 0.2442622950819672 0.95578231292517 0.019672131147540985 0.02040816326530612
3 0.24316939890710382 0.9829931972789115 0.020765027322404372 0.02040816326530612
3 0.20218579234972678 0.0691609977324263 0.06284153005464481 0.022675736961451247
3 0.19781420765027322 0.09070294784580499 0.06284153005464481 0.022675736961451247
3 0.19398907103825136 0.19501133786848074 0.06284153005464481 0.022675736961451247