0 0.5795811518324607 0.02826086956521739 0.024083769633507852 0.042391304347826085
1 0.7099476439790576 0.029347826086956522 0.17801047120418848 0.042391304347826085
1 0.193717277486911 0.33369565217391306 0.0356020942408377 0.07391304347826087
1 0.20052356020942408 0.5271739130434783 0.049738219895287955 0.03804347826086957
1 0.26335078534031414 0.5271739130434783 0.049738219895287955 0.03804347826086957
1 0.2162303664921466 0.029347826086956522 0.07015706806282722 0.03695652173913044
2 0.4350785340314136 0.02826086956521739 0.31308900523560207 0.042391304347826085
3 0.3261780104712042 0.3565217391304348 0.21256544502617802 0.021739130434782608
3 0.4900523560209424 0.4815217391304348 0.6282722513089005 0.021739130434782608
3 0.4900523560209424 0.5793478260869566 0.6282722513089005 0.021739130434782608
3 0.4900523560209424 0.7010869565217391 0.6282722513089005 0.021739130434782608
3 0.4900523560209424 0.20869565217391303 0.6282722513089005 0.04456521739130435
3 0.3261780104712042 0.325 0.21256544502617802 0.02826086956521739
3 0.4900523560209424 0.45 0.6282722513089005 0.02826086956521739
3 0.4900523560209424 0.6695652173913044 0.6282722513089005 0.02826086956521739
3 0.4900523560209424 0.8239130434782609 0.6282722513089005 0.02826086956521739
3 0.3403141361256545 0.08478260869565217 0.02356020942408377 0.021739130434782608
3 0.374869109947644 0.08478260869565217 0.02617801047120419 0.021739130434782608
3 0.42094240837696334 0.08478260869565217 0.04712041884816754 0.021739130434782608
3 0.46335078534031415 0.08478260869565217 0.01832460732984293 0.021739130434782608
3 0.493717277486911 0.08478260869565217 0.02356020942408377 0.021739130434782608
3 0.5246073298429319 0.08478260869565217 0.020418848167539267 0.021739130434782608
3 0.21518324607329842 0.06847826086956521 0.060209424083769635 0.021739130434782608
3 0.21099476439790577 0.0891304347826087 0.060209424083769635 0.021739130434782608