0 0.5876315789473684 0.020787746170678335 0.024736842105263158 0.04157549234135667
0 0.7342105263157894 0.15536105032822758 0.05947368421052632 0.015317286652078774
1 0.7186842105263158 0.021334792122538294 0.1794736842105263 0.04266958424507659
1 0.391578947368421 0.3063457330415755 0.08421052631578947 0.175054704595186
1 0.391578947368421 0.526258205689278 0.08421052631578947 0.175054704595186
1 0.391578947368421 0.7461706783369803 0.08421052631578947 0.175054704595186
1 0.22210526315789475 0.020787746170678335 0.07052631578947369 0.037199124726477024
2 0.4423684210526316 0.020787746170678335 0.31526315789473686 0.04157549234135667
2 0.47578947368421054 0.019693654266958426 0.007368421052631579 0.015317286652078774
3 0.52 0.020787746170678335 0.11157894736842106 0.028446389496717725
3 0.4668421052631579 0.31400437636761486 0.041578947368421056 0.020787746170678335
3 0.4668421052631579 0.5339168490153173 0.041578947368421056 0.020787746170678335
3 0.4668421052631579 0.7538293216630197 0.041578947368421056 0.020787746170678335
3 0.4668421052631579 0.973741794310722 0.041578947368421056 0.020787746170678335
3 0.5252631578947369 0.019693654266958426 0.0863157894736842 0.02188183807439825
3 0.5252631578947369 0.019693654266958426 0.0863157894736842 0.02188183807439825
3 0.2563157894736842 0.19037199124726478 0.1463157894736842 0.03282275711159737
3 0.6110526315789474 0.23304157549234136 0.33 0.028446389496717725
3 0.6110526315789474 0.45295404814004375 0.33 0.028446389496717725
3 0.6110526315789474 0.6728665207877462 0.33 0.028446389496717725
3 0.6110526315789474 0.8927789934354485 0.33 0.028446389496717725
3 0.3473684210526316 0.07658643326039387 0.02368421052631579 0.02188183807439825
3 0.3821052631578947 0.07658643326039387 0.02631578947368421 0.02188183807439825
3 0.4284210526315789 0.07658643326039387 0.04736842105263158 0.02188183807439825
3 0.4705263157894737 0.07658643326039387 0.018421052631578946 0.02188183807439825
3 0.5010526315789474 0.07658643326039387 0.02368421052631579 0.02188183807439825
3 0.5326315789473685 0.07658643326039387 0.020526315789473684 0.02188183807439825
3 0.21736842105263157 0.4814004376367615 0.06842105263157895 0.019693654266958426
3 0.2163157894736842 0.5667396061269147 0.06631578947368422 0.019693654266958426
3 0.23105263157894737 0.5929978118161926 0.09631578947368422 0.019693654266958426
3 0.19789473684210526 0.6192560175054704 0.029473684210526315 0.019693654266958426
3 0.2163157894736842 0.6455142231947484 0.06631578947368422 0.019693654266958426
3 0.2163157894736842 0.6717724288840262 0.06631578947368422 0.019693654266958426
3 0.22894736842105262 0.6980306345733042 0.09157894736842105 0.019693654266958426
3 0.21526315789473685 0.7242888402625821 0.06421052631578947 0.019693654266958426
3 0.21736842105263157 0.75054704595186 0.06842105263157895 0.019693654266958426
3 0.22105263157894736 0.7768052516411379 0.07631578947368421 0.019693654266958426
3 0.19263157894736843 0.8916849015317286 0.018947368421052633 0.019693654266958426
3 0.20105263157894737 0.9770240700218819 0.035789473684210524 0.019693654266958426
3 0.26 0.4814004376367615 0.011578947368421053 0.019693654266958426
3 0.25894736842105265 0.5667396061269147 0.01368421052631579 0.019693654266958426
3 0.2910526315789474 0.5929978118161926 0.018421052631578946 0.019693654266958426
3 0.22105263157894736 0.6192560175054704 0.012105263157894737 0.019693654266958426
3 0.25842105263157894 0.6455142231947484 0.012105263157894737 0.019693654266958426
3 0.25684210526315787 0.6717724288840262 0.01 0.019693654266958426
3 0.28157894736842104 0.6980306345733042 0.007894736842105263 0.019693654266958426
3 0.2542105263157895 0.7242888402625821 0.007894736842105263 0.019693654266958426
3 0.25842105263157894 0.75054704595186 0.007368421052631579 0.019693654266958426
3 0.26473684210526316 0.7768052516411379 0.005789473684210527 0.019693654266958426
3 0.21 0.8916849015317286 0.011052631578947368 0.019693654266958426
3 0.22894736842105262 0.9770240700218819 0.014736842105263158 0.019693654266958426
3 0.22105263157894736 0.060175054704595186 0.060526315789473685 0.02188183807439825
3 0.2168421052631579 0.08096280087527352 0.060526315789473685 0.02188183807439825
3 0.2131578947368421 0.14551422319474835 0.060526315789473685 0.02188183807439825