0 0.5842105263157895 0.028446389496717725 0.024210526315789474 0.04266958424507659
0 0.7310526315789474 0.16411378555798686 0.05947368421052632 0.015317286652078774
1 0.7152631578947368 0.02954048140043764 0.17894736842105263 0.04266958424507659
1 0.38842105263157894 0.3150984682713348 0.08421052631578947 0.175054704595186
1 0.38842105263157894 0.5350109409190372 0.08421052631578947 0.175054704595186
1 0.38842105263157894 0.7549234135667396 0.08421052631578947 0.175054704595186
1 0.21894736842105264 0.02954048140043764 0.07052631578947369 0.037199124726477024
2 0.43894736842105264 0.028446389496717725 0.31473684210526315 0.04266958424507659
2 0.4726315789473684 0.028446389496717725 0.007368421052631579 0.015317286652078774
3 0.5168421052631579 0.02954048140043764 0.11157894736842106 0.028446389496717725
3 0.4636842105263158 0.3227571115973742 0.041578947368421056 0.020787746170678335
3 0.4636842105263158 0.5426695842450766 0.041578947368421056 0.020787746170678335
3 0.4636842105263158 0.762582056892779 0.041578947368421056 0.020787746170678335
3 0.4636842105263158 0.9824945295404814 0.041578947368421056 0.020787746170678335
3 0.5221052631578947 0.028446389496717725 0.0863157894736842 0.02188183807439825
3 0.5221052631578947 0.028446389496717725 0.0863157894736842 0.02188183807439825
3 0.2531578947368421 0.19912472647702406 0.1463157894736842 0.03282275711159737
3 0.6078947368421053 0.24179431072210067 0.33 0.028446389496717725
3 0.6078947368421053 0.4617067833698031 0.33 0.028446389496717725
3 0.6078947368421053 0.6816192560175055 0.33 0.028446389496717725
3 0.6078947368421053 0.9015317286652079 0.33 0.028446389496717725
3 0.34421052631578947 0.08533916849015317 0.02368421052631579 0.02188183807439825
3 0.37894736842105264 0.08533916849015317 0.02631578947368421 0.02188183807439825
3 0.42526315789473684 0.08533916849015317 0.04736842105263158 0.02188183807439825
3 0.4673684210526316 0.08533916849015317 0.018421052631578946 0.02188183807439825
3 0.4978947368421053 0.08533916849015317 0.02368421052631579 0.02188183807439825
3 0.5294736842105263 0.08533916849015317 0.020526315789473684 0.02188183807439825
3 0.21421052631578946 0.49015317286652077 0.06842105263157895 0.019693654266958426
3 0.2131578947368421 0.5754923413566739 0.06631578947368422 0.019693654266958426
3 0.22789473684210526 0.6017505470459519 0.09631578947368422 0.019693654266958426
3 0.19473684210526315 0.6280087527352297 0.029473684210526315 0.019693654266958426
3 0.2131578947368421 0.6542669584245077 0.06631578947368422 0.019693654266958426
3 0.2131578947368421 0.6805251641137856 0.06631578947368422 0.019693654266958426
3 0.22578947368421054 0.7067833698030634 0.09157894736842105 0.019693654266958426
3 0.21210526315789474 0.7330415754923414 0.06421052631578947 0.019693654266958426
3 0.21421052631578946 0.7592997811816192 0.06842105263157895 0.019693654266958426
3 0.21789473684210525 0.7855579868708972 0.07631578947368421 0.019693654266958426
3 0.18947368421052632 0.9004376367614879 0.018947368421052633 0.019693654266958426
3 0.19789473684210526 0.9857768052516411 0.035789473684210524 0.019693654266958426
3 0.25684210526315787 0.49015317286652077 0.011578947368421053 0.019693654266958426
3 0.2557894736842105 0.5754923413566739 0.01368421052631579 0.019693654266958426
3 0.28789473684210526 0.6017505470459519 0.018421052631578946 0.019693654266958426
3 0.21789473684210525 0.6280087527352297 0.012105263157894737 0.019693654266958426
3 0.25526315789473686 0.6542669584245077 0.012105263157894737 0.019693654266958426
3 0.2536842105263158 0.6805251641137856 0.01 0.019693654266958426
3 0.27842105263157896 0.7067833698030634 0.007894736842105263 0.019693654266958426
3 0.25105263157894736 0.7330415754923414 0.007894736842105263 0.019693654266958426
3 0.25526315789473686 0.7592997811816192 0.007368421052631579 0.019693654266958426
3 0.2615789473684211 0.7855579868708972 0.005789473684210527 0.019693654266958426
3 0.20684210526315788 0.9004376367614879 0.011052631578947368 0.019693654266958426
3 0.22578947368421054 0.9857768052516411 0.014736842105263158 0.019693654266958426
3 0.21789473684210525 0.06892778993435449 0.060526315789473685 0.02188183807439825
3 0.21368421052631578 0.08971553610503283 0.060526315789473685 0.02188183807439825
3 0.21 0.15426695842450766 0.060526315789473685 0.02188183807439825