0 0.762087912087912 0.12557077625570776 0.06208791208791209 0.01598173515981735
1 0.4043956043956044 0.2831050228310502 0.08791208791208792 0.182648401826484
1 0.4043956043956044 0.5125570776255708 0.08791208791208792 0.182648401826484
1 0.4043956043956044 0.7420091324200914 0.08791208791208792 0.182648401826484
3 0.48296703296703297 0.2910958904109589 0.043406593406593405 0.021689497716894976
3 0.48296703296703297 0.5205479452054794 0.043406593406593405 0.021689497716894976
3 0.48296703296703297 0.75 0.043406593406593405 0.021689497716894976
3 0.48296703296703297 0.9794520547945206 0.043406593406593405 0.021689497716894976
3 0.2631868131868132 0.16210045662100456 0.15274725274725276 0.03424657534246575
3 0.6335164835164835 0.20662100456621005 0.3445054945054945 0.02968036529680365
3 0.6335164835164835 0.4360730593607306 0.3445054945054945 0.02968036529680365
3 0.6335164835164835 0.6655251141552512 0.3445054945054945 0.02968036529680365
3 0.6335164835164835 0.8949771689497716 0.3445054945054945 0.02968036529680365
3 0.35824175824175825 0.04337899543378995 0.024725274725274724 0.0228310502283105
3 0.3945054945054945 0.04337899543378995 0.027472527472527472 0.0228310502283105
3 0.44285714285714284 0.04337899543378995 0.04945054945054945 0.0228310502283105
3 0.4868131868131868 0.04337899543378995 0.019230769230769232 0.0228310502283105
3 0.5186813186813187 0.04337899543378995 0.024725274725274724 0.0228310502283105
3 0.5516483516483517 0.04337899543378995 0.02142857142857143 0.0228310502283105
3 0.22252747252747251 0.4657534246575342 0.07142857142857142 0.02054794520547945
3 0.22142857142857142 0.5547945205479452 0.06923076923076923 0.02054794520547945
3 0.2368131868131868 0.5821917808219178 0.10054945054945055 0.02054794520547945
3 0.2021978021978022 0.6095890410958904 0.03076923076923077 0.02054794520547945
3 0.22142857142857142 0.636986301369863 0.06923076923076923 0.02054794520547945
3 0.22142857142857142 0.6643835616438356 0.06923076923076923 0.02054794520547945
3 0.23461538461538461 0.6917808219178082 0.0956043956043956 0.02054794520547945
3 0.22032967032967032 0.7191780821917808 0.06703296703296703 0.02054794520547945
3 0.22252747252747251 0.7465753424657534 0.07142857142857142 0.02054794520547945
3 0.22637362637362637 0.773972602739726 0.07967032967032966 0.02054794520547945
3 0.1967032967032967 0.8938356164383562 0.01978021978021978 0.02054794520547945
3 0.20549450549450549 0.9828767123287672 0.03736263736263736 0.02054794520547945
3 0.26703296703296703 0.4657534246575342 0.012087912087912088 0.02054794520547945
3 0.26593406593406593 0.5547945205479452 0.014285714285714285 0.02054794520547945
3 0.29945054945054944 0.5821917808219178 0.019230769230769232 0.02054794520547945
3 0.22637362637362637 0.6095890410958904 0.012637362637362638 0.02054794520547945
3 0.2653846153846154 0.636986301369863 0.012637362637362638 0.02054794520547945
3 0.26373626373626374 0.6643835616438356 0.010439560439560439 0.02054794520547945
3 0.2895604395604396 0.6917808219178082 0.008241758241758242 0.02054794520547945
3 0.260989010989011 0.7191780821917808 0.008241758241758242 0.02054794520547945
3 0.2653846153846154 0.7465753424657534 0.007692307692307693 0.02054794520547945
3 0.27197802197802196 0.773972602739726 0.006043956043956044 0.02054794520547945
3 0.21483516483516482 0.8938356164383562 0.011538461538461539 0.02054794520547945
3 0.23461538461538461 0.9828767123287672 0.015384615384615385 0.02054794520547945
3 0.22637362637362637 0.026255707762557076 0.06318681318681318 0.0228310502283105
3 0.22197802197802197 0.04794520547945205 0.06318681318681318 0.0228310502283105
3 0.21813186813186813 0.11529680365296803 0.06318681318681318 0.0228310502283105