0 0.584375 0.02918918918918919 0.023958333333333335 0.04216216216216216
0 0.7296875 0.26054054054054054 0.058854166666666666 0.015135135135135135
0 0.2234375 0.20972972972972972 0.04635416666666667 0.04108108108108108
0 0.2864583333333333 0.20972972972972972 0.07552083333333333 0.04108108108108108
1 0.7140625 0.03027027027027027 0.17708333333333334 0.04216216216216216
1 0.390625 0.4097297297297297 0.08333333333333333 0.17297297297297298
1 0.390625 0.6270270270270271 0.08333333333333333 0.17297297297297298
1 0.390625 0.8443243243243244 0.08333333333333333 0.17297297297297298
2 0.440625 0.02918918918918919 0.31145833333333334 0.04216216216216216
2 0.46510416666666665 0.02918918918918919 0.007291666666666667 0.015135135135135135
3 0.1828125 0 0 0
3 0.22291666666666668 0.03027027027027027 0.06979166666666667 0.036756756756756756
3 0.6729166666666667 0.08540540540540541 0.057291666666666664 0.021621621621621623
3 0.71875 0.08540540540540541 0.034375 0.021621621621621623
3 0.7609375 0.08540540540540541 0.050520833333333334 0.021621621621621623
3 0.21770833333333334 0.07783783783783783 0.06927083333333334 0.043243243243243246
3 0.30520833333333336 0.08540540540540541 0.04114583333333333 0.021621621621621623
3 0.346875 0.08540540540540541 0.0234375 0.021621621621621623
3 0.38125 0.08540540540540541 0.026041666666666668 0.021621621621621623
3 0.4270833333333333 0.08540540540540541 0.046875 0.021621621621621623
3 0.46875 0.08540540540540541 0.018229166666666668 0.021621621621621623
3 0.49895833333333334 0.08540540540540541 0.0234375 0.021621621621621623
3 0.5302083333333333 0.08540540540540541 0.0203125 0.021621621621621623
3 0.7963541666666667 0.08324324324324324 0.013020833333333334 0.022702702702702703
3 0.7140625 0.03351351351351351 0.17708333333333334 0.04756756756756757
3 0.49557291666666664 0.15675675675675677 0.9911458333333333 0.0972972972972973
3 0.2140625 0.2508108108108108 0.059895833333333336 0.021621621621621623
3 0.28854166666666664 0.2508108108108108 0.06875 0.021621621621621623
3 0.29322916666666665 0.3978378378378378 0.016666666666666666 0.017297297297297298
3 0.29322916666666665 0.46918918918918917 0.016666666666666666 0.017297297297297298
3 0.29322916666666665 0.5427027027027027 0.016666666666666666 0.017297297297297298
3 0.2265625 0.6464864864864864 0.08489583333333334 0.01945945945945946
3 0.24114583333333334 0.7308108108108108 0.11354166666666667 0.01945945945945946
3 0.22604166666666667 0.7567567567567568 0.08333333333333333 0.01945945945945946
3 0.22864583333333333 0.7827027027027027 0.08854166666666667 0.01945945945945946
3 0.24427083333333333 0.8086486486486486 0.11979166666666667 0.01945945945945946
3 0.24583333333333332 0.8345945945945946 0.1234375 0.01945945945945946
3 0.23489583333333333 0.8605405405405405 0.10104166666666667 0.01945945945945946
3 0.20625 0.8864864864864865 0.044270833333333336 0.01945945945945946
3 0.2 0.9124324324324324 0.03177083333333333 0.01945945945945946
3 0.7807291666666667 0.2627027027027027 0.008333333333333333 0.017297297297297298
3 0.7932291666666667 0.2627027027027027 0.008333333333333333 0.017297297297297298
3 0.390625 0.4097297297297297 0.08333333333333333 0.17297297297297298
3 0.6078125 0.3372972972972973 0.3265625 0.02810810810810811
3 0.390625 0.6270270270270271 0.08333333333333333 0.17297297297297298
3 0.6078125 0.5545945945945946 0.3265625 0.02810810810810811
3 0.390625 0.8443243243243244 0.08333333333333333 0.17297297297297298
3 0.6078125 0.7718918918918919 0.3265625 0.02810810810810811
3 0.5130208333333334 0.03027027027027027 0.11927083333333334 0.02810810810810811
3 0.46510416666666665 0.4172972972972973 0.04114583333333333 0.02054054054054054
3 0.475 0.6345945945945946 0.0609375 0.02054054054054054
3 0.475 0.9059459459459459 0.0609375 0.02054054054054054
3 0.5182291666666666 0.02918918918918919 0.09427083333333333 0.021621621621621623
3 0.5182291666666666 0.02918918918918919 0.09427083333333333 0.021621621621621623
3 0.25677083333333334 0.2951351351351351 0.14479166666666668 0.032432432432432434
3 0.6078125 0.3372972972972973 0.3265625 0.02810810810810811
3 0.6078125 0.5545945945945946 0.3265625 0.02810810810810811
3 0.6078125 0.7718918918918919 0.3265625 0.02810810810810811
3 0.26875 0.1545945945945946 0.13697916666666668 0.043243243243243246