0 0.8100233100233101 0.07263922518159806 0.06585081585081586 0.01694915254237288
1 0.43065268065268064 0.2397094430992736 0.09324009324009325 0.1937046004842615
1 0.43065268065268064 0.4830508474576271 0.09324009324009325 0.1937046004842615
1 0.43065268065268064 0.7263922518159807 0.09324009324009325 0.1937046004842615
3 0.513986013986014 0.24818401937046006 0.04603729603729604 0.023002421307506054
3 0.513986013986014 0.5351089588377724 0.04603729603729604 0.023002421307506054
3 0.513986013986014 0.7348668280871671 0.04603729603729604 0.023002421307506054
3 0.513986013986014 0.9782082324455206 0.04603729603729604 0.023002421307506054
3 0.28088578088578087 0.11138014527845036 0.16200466200466201 0.03631961259079903
3 0.6736596736596736 0.1585956416464891 0.36538461538461536 0.031476997578692496
3 0.6736596736596736 0.44552058111380144 0.36538461538461536 0.031476997578692496
3 0.6736596736596736 0.6452784503631961 0.36538461538461536 0.031476997578692496
3 0.6736596736596736 0.8886198547215496 0.36538461538461536 0.031476997578692496
3 0.23776223776223776 0.43341404358353514 0.07575757575757576 0.021791767554479417
3 0.2365967365967366 0.5278450363196125 0.07342657342657342 0.021791767554479417
3 0.24184149184149184 0.5569007263922519 0.0844988344988345 0.021791767554479417
3 0.2529137529137529 0.585956416464891 0.10664335664335664 0.021791767554479417
3 0.23776223776223776 0.6150121065375302 0.07575757575757576 0.021791767554479417
3 0.2465034965034965 0.6440677966101694 0.09382284382284382 0.021791767554479417
3 0.23834498834498835 0.6731234866828087 0.0775058275058275 0.021791767554479417
3 0.2162004662004662 0.7021791767554479 0.03263403263403263 0.021791767554479417
3 0.24242424242424243 0.7312348668280871 0.08566433566433566 0.021791767554479417
3 0.256993006993007 0.7602905569007264 0.1148018648018648 0.021791767554479417
3 0.21037296037296038 0.887409200968523 0.02097902097902098 0.021791767554479417
3 0.2196969696969697 0.9818401937046005 0.039627039627039624 0.021791767554479417
3 0.28613053613053613 0.43341404358353514 0.015734265734265736 0.021791767554479417
3 0.28496503496503495 0.5278450363196125 0.018065268065268064 0.021791767554479417
3 0.2937062937062937 0.5569007263922519 0.013403263403263404 0.021791767554479417
3 0.3181818181818182 0.585956416464891 0.017482517482517484 0.021791767554479417
3 0.28554778554778554 0.6150121065375302 0.013403263403263404 0.021791767554479417
3 0.3041958041958042 0.6440677966101694 0.015151515151515152 0.021791767554479417
3 0.2872960372960373 0.6731234866828087 0.014568764568764568 0.021791767554479417
3 0.24184149184149184 0.7021791767554479 0.013403263403263404 0.021791767554479417
3 0.2948717948717949 0.7312348668280871 0.012237762237762238 0.021791767554479417
3 0.3245920745920746 0.7602905569007264 0.01282051282051282 0.021791767554479417
3 0.23193473193473194 0.887409200968523 0.016317016317016316 0.021791767554479417
3 0.2534965034965035 0.9818401937046005 0.022144522144522144 0.021791767554479417
3 0.2331002331002331 0.06174334140435835 0.06701631701631702 0.024213075060532687