0 0.5571672354948806 0.010638297872340425 0.026734926052332197 0.02127659574468085
0 0.7155858930602957 0.14420803782505912 0.06427758816837315 0.016548463356973995
1 0.6988054607508533 0.011229314420803783 0.19397042093287828 0.022458628841607566
1 0.3452787258248009 0.3073286052009456 0.09101251422070535 0.18912529550827423
1 0.3452787258248009 0.5449172576832151 0.09101251422070535 0.18912529550827423
1 0.3452787258248009 0.7825059101654847 0.09101251422070535 0.18912529550827423
1 0.16240045506257111 0.01004728132387707 0.07679180887372014 0.02009456264775414
2 0.40017064846416384 0.010638297872340425 0.34072810011376564 0.02127659574468085
2 0.436575654152446 0.0035460992907801418 0.008532423208191127 0.0070921985815602835
3 0.4843572241183163 0.0076832151300236405 0.12116040955631399 0.015366430260047281
3 0.42662116040955633 0.31560283687943264 0.044937428896473265 0.022458628841607566
3 0.42662116040955633 0.5957446808510638 0.044937428896473265 0.022458628841607566
3 0.42662116040955633 0.7907801418439716 0.044937428896473265 0.022458628841607566
3 0.49004550625711035 0.005319148936170213 0.09385665529010238 0.010638297872340425
3 0.49004550625711035 0.005319148936170213 0.09385665529010238 0.010638297872340425
3 0.19908987485779295 0.18203309692671396 0.15813424345847554 0.03546099290780142
3 0.5824800910125142 0.2281323877068558 0.35665529010238906 0.030732860520094562
3 0.5824800910125142 0.508274231678487 0.35665529010238906 0.030732860520094562
3 0.5824800910125142 0.7033096926713948 0.35665529010238906 0.030732860520094562
3 0.5824800910125142 0.9408983451536643 0.35665529010238906 0.030732860520094562
3 0.2974971558589306 0.0591016548463357 0.025597269624573378 0.02364066193853428
3 0.33503981797497157 0.0591016548463357 0.02844141069397042 0.02364066193853428
3 0.3850967007963595 0.0591016548463357 0.051194539249146756 0.02364066193853428
3 0.43060295790671216 0.0591016548463357 0.019908987485779295 0.02364066193853428
3 0.46359499431171786 0.0591016548463357 0.025597269624573378 0.02364066193853428
3 0.49772468714448237 0.0591016548463357 0.02218430034129693 0.02364066193853428
3 0.15699658703071673 0.49645390070921985 0.07394766780432309 0.02127659574468085
3 0.1558589306029579 0.5886524822695035 0.07167235494880546 0.02127659574468085
3 0.16097838452787258 0.6170212765957447 0.08248009101251422 0.02127659574468085
3 0.17178612059158135 0.6453900709219859 0.10409556313993173 0.02127659574468085
3 0.15699658703071673 0.6737588652482269 0.07394766780432309 0.02127659574468085
3 0.16552901023890784 0.7021276595744681 0.09158134243458475 0.02127659574468085
3 0.15756541524459614 0.7304964539007093 0.07565415244596133 0.02127659574468085
3 0.13594994311717862 0.7588652482269503 0.03185437997724687 0.02127659574468085
3 0.161547212741752 0.7872340425531915 0.08361774744027303 0.02127659574468085
3 0.1757679180887372 0.8156028368794326 0.11205915813424346 0.02127659574468085
3 0.13026166097838454 0.9397163120567376 0.020477815699658702 0.02127659574468085
3 0.20420932878270762 0.49645390070921985 0.015358361774744027 0.02127659574468085
3 0.2030716723549488 0.5886524822695035 0.01763367463026166 0.02127659574468085
3 0.21160409556313994 0.6170212765957447 0.013083048919226393 0.02127659574468085
3 0.2354948805460751 0.6453900709219859 0.017064846416382253 0.02127659574468085
3 0.2036405005688282 0.6737588652482269 0.013083048919226393 0.02127659574468085
3 0.22184300341296928 0.7021276595744681 0.01478953356086462 0.02127659574468085
3 0.20534698521046643 0.7304964539007093 0.01422070534698521 0.02127659574468085
3 0.16097838452787258 0.7588652482269503 0.013083048919226393 0.02127659574468085
3 0.21274175199089876 0.7872340425531915 0.011945392491467578 0.02127659574468085
3 0.24175199089874858 0.8156028368794326 0.012514220705346985 0.02127659574468085
3 0.15130830489192265 0.9397163120567376 0.015927189988623434 0.02127659574468085
3 0.16097838452787258 0.041371158392434985 0.06541524459613197 0.02364066193853428
3 0.15642775881683732 0.06382978723404255 0.06541524459613197 0.02364066193853428
3 0.15244596131968147 0.13356973995271867 0.06541524459613197 0.02364066193853428