0 0.6305460750853242 0.016548463356973995 0.026734926052332197 0.03309692671394799
0 0.7889647326507395 0.15602836879432624 0.06427758816837315 0.016548463356973995
1 0.7721843003412969 0.017139479905437353 0.19397042093287828 0.034278959810874705
1 0.41865756541524457 0.3191489361702128 0.09101251422070535 0.18912529550827423
1 0.41865756541524457 0.5567375886524822 0.09101251422070535 0.18912529550827423
1 0.41865756541524457 0.7943262411347518 0.09101251422070535 0.18912529550827423
1 0.23577929465301478 0.015957446808510637 0.07679180887372014 0.031914893617021274
2 0.4735494880546075 0.016548463356973995 0.34072810011376564 0.03309692671394799
2 0.472127417519909 0.009456264775413711 0.007963594994311717 0.016548463356973995
3 0.5389647326507395 0.013593380614657211 0.15870307167235495 0.027186761229314422
3 0.6558589306029579 0.2635933806146572 0.35665529010238906 0.016548463356973995
3 0.5 0.34397163120567376 0.044937428896473265 0.022458628841607566
3 0.6558589306029579 0.5011820330969267 0.35665529010238906 0.016548463356973995
3 0.5108077360637088 0.5815602836879432 0.06655290102389079 0.022458628841607566
3 0.5 0.8026004728132388 0.044937428896473265 0.022458628841607566
3 0.6558589306029579 0.9763593380614657 0.35665529010238906 0.016548463356973995
3 0.5446530147895335 0.011229314420803783 0.13139931740614336 0.022458628841607566
3 0.5446530147895335 0.011229314420803783 0.13139931740614336 0.022458628841607566
3 0.2724687144482366 0.21749408983451538 0.15813424345847554 0.03546099290780142
3 0.6558589306029579 0.23995271867612294 0.35665529010238906 0.030732860520094562
3 0.6558589306029579 0.47754137115839246 0.35665529010238906 0.030732860520094562
3 0.6558589306029579 0.7151300236406619 0.35665529010238906 0.030732860520094562
3 0.6558589306029579 0.9527186761229315 0.35665529010238906 0.030732860520094562
3 0.3708759954493743 0.07092198581560284 0.025597269624573378 0.02364066193853428
3 0.40841865756541523 0.07092198581560284 0.02844141069397042 0.02364066193853428
3 0.45847554038680316 0.07092198581560284 0.051194539249146756 0.02364066193853428
3 0.5039817974971559 0.07092198581560284 0.019908987485779295 0.02364066193853428
3 0.5369738339021616 0.07092198581560284 0.025597269624573378 0.02364066193853428
3 0.571103526734926 0.07092198581560284 0.02218430034129693 0.02364066193853428
3 0.23037542662116042 0.5319148936170213 0.07394766780432309 0.02127659574468085
3 0.2445961319681456 0.624113475177305 0.10238907849829351 0.02127659574468085
3 0.24857792946530147 0.6524822695035462 0.11035267349260523 0.02127659574468085
3 0.2030716723549488 0.6808510638297872 0.019340159271899887 0.02127659574468085
3 0.2036405005688282 0.7730496453900709 0.020477815699658702 0.02127659574468085
3 0.21274175199089876 0.8652482269503546 0.038680318543799774 0.02127659574468085
3 0.23947667804323094 0.8936170212765957 0.09271899886234357 0.02127659574468085
3 0.21103526734926054 0.9858156028368794 0.03526734926052332 0.02127659574468085
3 0.2781569965870307 0.5319148936170213 0.015927189988623434 0.02127659574468085
3 0.30887372013651876 0.624113475177305 0.02104664391353811 0.02127659574468085
3 0.31513083048919227 0.6524822695035462 0.016496018202502846 0.02127659574468085
3 0.21956769055745165 0.6808510638297872 0.008532423208191127 0.02127659574468085
3 0.22810011376564276 0.7730496453900709 0.023321956769055744 0.02127659574468085
3 0.24687144482366324 0.8652482269503546 0.023890784982935155 0.02127659574468085
3 0.2992036405005688 0.8936170212765957 0.02104664391353811 0.02127659574468085
3 0.2440273037542662 0.9858156028368794 0.023890784982935155 0.02127659574468085
3 0.23435722411831628 0.05319148936170213 0.06541524459613197 0.02364066193853428
3 0.229806598407281 0.07565011820330969 0.06541524459613197 0.02364066193853428
3 0.22582480091012513 0.1453900709219858 0.06541524459613197 0.02364066193853428
3 0.30716723549488056 0.1453900709219858 0.07508532423208192 0.02364066193853428
3 0.25597269624573377 0.1690307328605201 0.10352673492605233 0.02364066193853428