0 0.7077100115074798 0.11363636363636363 0.06501726121979287 0.01674641148325359
1 0.3331415420023015 0.27870813397129185 0.09205983889528194 0.19138755980861244
1 0.3331415420023015 0.5191387559808612 0.09205983889528194 0.19138755980861244
1 0.3331415420023015 0.7595693779904307 0.09205983889528194 0.19138755980861244
3 0.57307249712313 0.22248803827751196 0.36075949367088606 0.01674641148325359
3 0.4154200230149597 0.3038277511961722 0.045454545454545456 0.022727272727272728
3 0.4154200230149597 0.527511961722488 0.045454545454545456 0.022727272727272728
3 0.57307249712313 0.7033492822966507 0.36075949367088606 0.01674641148325359
3 0.42635212888377444 0.784688995215311 0.06731875719217491 0.022727272727272728
3 0.1852704257767549 0.1519138755980861 0.15995397008055237 0.03588516746411483
3 0.57307249712313 0.19856459330143542 0.36075949367088606 0.03110047846889952
3 0.57307249712313 0.43899521531100477 0.36075949367088606 0.03110047846889952
3 0.57307249712313 0.6794258373205742 0.36075949367088606 0.03110047846889952
3 0.57307249712313 0.9198564593301436 0.36075949367088606 0.03110047846889952
3 0.2848101265822785 0.02751196172248804 0.025891829689298044 0.023923444976076555
3 0.3227848101265823 0.02751196172248804 0.028768699654775604 0.023923444976076555
3 0.37341772151898733 0.02751196172248804 0.05178365937859609 0.023923444976076555
3 0.4194476409666283 0.02751196172248804 0.020138089758342925 0.023923444976076555
3 0.452819332566168 0.02751196172248804 0.025891829689298044 0.023923444976076555
3 0.4873417721518987 0.02751196172248804 0.02243958573072497 0.023923444976076555
3 0.142692750287687 0.4700956937799043 0.07479861910241657 0.0215311004784689
3 0.15765247410817032 0.5633971291866029 0.1047180667433832 0.0215311004784689
3 0.15765247410817032 0.5921052631578947 0.1047180667433832 0.0215311004784689
3 0.13751438434982738 0.6208133971291866 0.06501726121979287 0.0215311004784689
3 0.14441887226697353 0.6495215311004785 0.07882623705408516 0.0215311004784689
3 0.11507479861910241 0.6782296650717703 0.019562715765247412 0.0215311004784689
3 0.11565017261219793 0.7715311004784688 0.020713463751438434 0.0215311004784689
3 0.12485615650172613 0.8648325358851675 0.039125431530494824 0.0215311004784689
3 0.1518987341772152 0.8935406698564593 0.09378596087456847 0.0215311004784689
3 0.12313003452243959 0.9868421052631579 0.03567318757192175 0.0215311004784689
3 0.18872266973532797 0.4700956937799043 0.012082853855005753 0.0215311004784689
3 0.2238204833141542 0.5633971291866029 0.021288837744533946 0.0215311004784689
3 0.21921749136939012 0.5921052631578947 0.012658227848101266 0.0215311004784689
3 0.18009205983889529 0.6208133971291866 0.012658227848101266 0.0215311004784689
3 0.1915995397008055 0.6495215311004785 0.00863060989643268 0.0215311004784689
3 0.13176064441887228 0.6782296650717703 0.00805523590333717 0.0215311004784689
3 0.13578826237054084 0.7715311004784688 0.014384349827387802 0.0215311004784689
3 0.15535097813578827 0.8648325358851675 0.01668584579976985 0.0215311004784689
3 0.2094361334867664 0.8935406698564593 0.015535097813578827 0.0215311004784689
3 0.15477560414269276 0.9868421052631579 0.021288837744533946 0.0215311004784689
3 0.14672036823935558 0.011363636363636364 0.0667433831990794 0.022727272727272728
3 0.14211737629459148 0.03229665071770335 0.0661680092059839 0.023923444976076555
3 0.1380897583429229 0.10287081339712918 0.0661680092059839 0.023923444976076555
3 0.22036823935558114 0.10287081339712918 0.0759493670886076 0.023923444976076555