0 0.5962765957446808 0.02207505518763797 0.02446808510638298 0.04304635761589404
0 0.7446808510638298 0.15894039735099338 0.0601063829787234 0.01545253863134658
1 0.7287234042553191 0.023178807947019868 0.18085106382978725 0.04304635761589404
1 0.3984042553191489 0.31125827814569534 0.0851063829787234 0.17660044150110377
1 0.3984042553191489 0.5331125827814569 0.0851063829787234 0.17660044150110377
1 0.3984042553191489 0.7549668874172185 0.0851063829787234 0.17660044150110377
1 0.2271276595744681 0.023178807947019868 0.07127659574468086 0.037527593818984545
2 0.449468085106383 0.02207505518763797 0.3180851063829787 0.04304635761589404
2 0.474468085106383 0.02207505518763797 0.007446808510638298 0.01545253863134658
3 0.5234042553191489 0.023178807947019868 0.12180851063829787 0.02869757174392936
3 0.6202127659574468 0.25938189845474613 0.33351063829787236 0.01545253863134658
3 0.474468085106383 0.3344370860927152 0.04202127659574468 0.02097130242825607
3 0.474468085106383 0.5408388520971302 0.04202127659574468 0.02097130242825607
3 0.6202127659574468 0.7030905077262694 0.33351063829787236 0.01545253863134658
3 0.4845744680851064 0.7781456953642384 0.06223404255319149 0.02097130242825607
3 0.4845744680851064 0.9845474613686535 0.06223404255319149 0.02097130242825607
3 0.5287234042553192 0.02207505518763797 0.09627659574468085 0.02207505518763797
3 0.5287234042553192 0.02207505518763797 0.09627659574468085 0.02207505518763797
3 0.26170212765957446 0.19426048565121412 0.1478723404255319 0.033112582781456956
3 0.6202127659574468 0.23730684326710816 0.33351063829787236 0.02869757174392936
3 0.6202127659574468 0.45916114790286977 0.33351063829787236 0.02869757174392936
3 0.6202127659574468 0.6810154525386314 0.33351063829787236 0.02869757174392936
3 0.6202127659574468 0.9028697571743929 0.33351063829787236 0.02869757174392936
3 0.3537234042553192 0.07947019867549669 0.023936170212765957 0.02207505518763797
3 0.38882978723404255 0.07947019867549669 0.026595744680851064 0.02207505518763797
3 0.43563829787234043 0.07947019867549669 0.047872340425531915 0.02207505518763797
3 0.47819148936170214 0.07947019867549669 0.018617021276595744 0.02207505518763797
3 0.5090425531914894 0.07947019867549669 0.023936170212765957 0.02207505518763797
3 0.5409574468085107 0.07947019867549669 0.02074468085106383 0.02207505518763797
3 0.22234042553191488 0.4878587196467991 0.06914893617021277 0.019867549668874173
3 0.23617021276595745 0.5739514348785872 0.09680851063829787 0.019867549668874173
3 0.23617021276595745 0.6004415011037527 0.09680851063829787 0.019867549668874173
3 0.2175531914893617 0.6269315673289183 0.0601063829787234 0.019867549668874173
3 0.22393617021276596 0.6534216335540839 0.07287234042553191 0.019867549668874173
3 0.19680851063829788 0.6799116997792495 0.018085106382978722 0.019867549668874173
3 0.1973404255319149 0.7660044150110376 0.019148936170212766 0.019867549668874173
3 0.20585106382978724 0.8520971302428256 0.036170212765957444 0.019867549668874173
3 0.23085106382978723 0.8785871964679912 0.08670212765957447 0.019867549668874173
3 0.20425531914893616 0.9646799116997793 0.03297872340425532 0.019867549668874173
3 0.2648936170212766 0.4878587196467991 0.011170212765957447 0.019867549668874173
3 0.2973404255319149 0.5739514348785872 0.019680851063829788 0.019867549668874173
3 0.29308510638297874 0.6004415011037527 0.011702127659574468 0.019867549668874173
3 0.2569148936170213 0.6269315673289183 0.011702127659574468 0.019867549668874173
3 0.2675531914893617 0.6534216335540839 0.007978723404255319 0.019867549668874173
3 0.21223404255319148 0.6799116997792495 0.007446808510638298 0.019867549668874173
3 0.21595744680851064 0.7660044150110376 0.013297872340425532 0.019867549668874173
3 0.23404255319148937 0.8520971302428256 0.015425531914893617 0.019867549668874173
3 0.28404255319148936 0.8785871964679912 0.014361702127659574 0.019867549668874173
3 0.23351063829787233 0.9646799116997793 0.019680851063829788 0.019867549668874173
3 0.21941489361702127 0.9900662251655629 0.01223404255319149 0.017660044150110375
3 0.22606382978723405 0.06291390728476821 0.061170212765957445 0.02207505518763797
3 0.22180851063829787 0.08388520971302428 0.061170212765957445 0.02207505518763797
3 0.21808510638297873 0.1490066225165563 0.061170212765957445 0.02207505518763797
3 0.29414893617021276 0.1490066225165563 0.07021276595744681 0.02207505518763797