0 0.6151098901098901 0.021118721461187213 0.025824175824175823 0.04223744292237443
0 0.7681318681318682 0.16095890410958905 0.06208791208791209 0.01598173515981735
1 0.7519230769230769 0.021689497716894976 0.18736263736263736 0.04337899543378995
1 0.4104395604395604 0.3184931506849315 0.08791208791208792 0.182648401826484
1 0.4104395604395604 0.547945205479452 0.08791208791208792 0.182648401826484
1 0.4104395604395604 0.7773972602739726 0.08791208791208792 0.182648401826484
1 0.23351648351648352 0.02054794520547945 0.07362637362637363 0.03881278538812785
2 0.4634615384615385 0.021118721461187213 0.3291208791208791 0.04223744292237443
2 0.489010989010989 0.019406392694063926 0.007692307692307693 0.01598173515981735
3 0.5395604395604395 0.02054794520547945 0.12582417582417582 0.02968036529680365
3 0.6395604395604395 0.2648401826484018 0.3445054945054945 0.01598173515981735
3 0.489010989010989 0.3424657534246575 0.043406593406593405 0.021689497716894976
3 0.489010989010989 0.5559360730593608 0.043406593406593405 0.021689497716894976
3 0.6395604395604395 0.723744292237443 0.3445054945054945 0.01598173515981735
3 0.49945054945054945 0.8013698630136986 0.06428571428571428 0.021689497716894976
3 0.545054945054945 0.019406392694063926 0.09945054945054944 0.0228310502283105
3 0.545054945054945 0.019406392694063926 0.09945054945054944 0.0228310502283105
3 0.2692307692307692 0.19748858447488585 0.15274725274725276 0.03424657534246575
3 0.6395604395604395 0.2420091324200913 0.3445054945054945 0.02968036529680365
3 0.6395604395604395 0.4714611872146119 0.3445054945054945 0.02968036529680365
3 0.6395604395604395 0.7009132420091324 0.3445054945054945 0.02968036529680365
3 0.6395604395604395 0.930365296803653 0.3445054945054945 0.02968036529680365
3 0.36428571428571427 0.07876712328767123 0.024725274725274724 0.0228310502283105
3 0.40054945054945057 0.07876712328767123 0.027472527472527472 0.0228310502283105
3 0.4489010989010989 0.07876712328767123 0.04945054945054945 0.0228310502283105
3 0.4928571428571429 0.07876712328767123 0.019230769230769232 0.0228310502283105
3 0.5247252747252747 0.07876712328767123 0.024725274725274724 0.0228310502283105
3 0.5576923076923077 0.07876712328767123 0.02142857142857143 0.0228310502283105
3 0.22857142857142856 0.5011415525114156 0.07142857142857142 0.02054794520547945
3 0.24285714285714285 0.5901826484018264 0.1 0.02054794520547945
3 0.24285714285714285 0.617579908675799 0.1 0.02054794520547945
3 0.22362637362637364 0.6449771689497716 0.06208791208791209 0.02054794520547945
3 0.2302197802197802 0.6723744292237442 0.07527472527472527 0.02054794520547945
3 0.2021978021978022 0.6997716894977168 0.01868131868131868 0.02054794520547945
3 0.20274725274725275 0.7888127853881278 0.01978021978021978 0.02054794520547945
3 0.21153846153846154 0.8778538812785388 0.03736263736263736 0.02054794520547945
3 0.23736263736263735 0.9052511415525114 0.08956043956043956 0.02054794520547945
3 0.21016483516483517 0.9914383561643836 0.03461538461538462 0.014840182648401826
3 0.2725274725274725 0.5011415525114156 0.011538461538461539 0.02054794520547945
3 0.30604395604395607 0.5901826484018264 0.02032967032967033 0.02054794520547945
3 0.30164835164835163 0.617579908675799 0.012087912087912088 0.02054794520547945
3 0.2642857142857143 0.6449771689497716 0.012087912087912088 0.02054794520547945
3 0.2752747252747253 0.6723744292237442 0.008241758241758242 0.02054794520547945
3 0.21813186813186813 0.6997716894977168 0.007692307692307693 0.02054794520547945
3 0.22197802197802197 0.7888127853881278 0.013736263736263736 0.02054794520547945
3 0.24065934065934066 0.8778538812785388 0.015934065934065933 0.02054794520547945
3 0.2923076923076923 0.9052511415525114 0.014835164835164835 0.02054794520547945
3 0.24010989010989012 0.9914383561643836 0.020879120879120878 0.014840182648401826
3 0.23241758241758242 0.06164383561643835 0.06318681318681318 0.0228310502283105
3 0.22802197802197802 0.08333333333333333 0.06318681318681318 0.0228310502283105
3 0.22417582417582418 0.1506849315068493 0.06318681318681318 0.0228310502283105
3 0.3027472527472527 0.1506849315068493 0.07252747252747253 0.0228310502283105