0 0.7203682393555811 0.10526315789473684 0.06501726121979287 0.01674641148325359
0 0.6047180667433832 0.26435406698564595 0.02819332566168009 0.03110047846889952
0 0.6047180667433832 0.5478468899521531 0.02819332566168009 0.03110047846889952
0 0.6047180667433832 0.7619617224880383 0.02819332566168009 0.03110047846889952
1 0.3457997698504028 0.2703349282296651 0.09205983889528194 0.19138755980861244
1 0.3457997698504028 0.5107655502392344 0.09205983889528194 0.19138755980861244
1 0.3457997698504028 0.7511961722488039 0.09205983889528194 0.19138755980861244
3 0.4390103567318757 0.27870813397129185 0.06731875719217491 0.022727272727272728
3 0.5782508630609896 0.26435406698564595 0.020713463751438434 0.0215311004784689
3 0.45972382048331417 0.562200956937799 0.10817031070195628 0.022727272727272728
3 0.5782508630609896 0.5478468899521531 0.020713463751438434 0.0215311004784689
3 0.5857307249712314 0.6949760765550239 0.36075949367088606 0.01674641148325359
3 0.4390103567318757 0.7763157894736842 0.06731875719217491 0.022727272727272728
3 0.5782508630609896 0.7619617224880383 0.020713463751438434 0.0215311004784689
3 0.4390103567318757 0.993421052631579 0.06789413118527042 0.01076555023923445
3 0.19792865362485615 0.1854066985645933 0.15995397008055237 0.07177033492822966
3 0.5857307249712314 0.1901913875598086 0.36075949367088606 0.03110047846889952
3 0.5857307249712314 0.47368421052631576 0.36075949367088606 0.03110047846889952
3 0.5857307249712314 0.6710526315789473 0.36075949367088606 0.03110047846889952
3 0.5857307249712314 0.9114832535885168 0.36075949367088606 0.03110047846889952
3 0.2974683544303797 0.019138755980861243 0.025891829689298044 0.023923444976076555
3 0.33544303797468356 0.019138755980861243 0.028768699654775604 0.023923444976076555
3 0.3860759493670886 0.019138755980861243 0.05178365937859609 0.023923444976076555
3 0.43210586881472957 0.019138755980861243 0.020138089758342925 0.023923444976076555
3 0.4654775604142693 0.019138755980861243 0.025891829689298044 0.023923444976076555
3 0.5 0.019138755980861243 0.02243958573072497 0.023923444976076555
3 0.15535097813578827 0.5215311004784688 0.07479861910241657 0.0215311004784689
3 0.14499424626006904 0.6148325358851675 0.05466052934407365 0.0215311004784689
3 0.15074798619102417 0.6435406698564593 0.06559263521288838 0.0215311004784689
3 0.13693901035673187 0.6722488038277512 0.0379746835443038 0.0215311004784689
3 0.12600690448791715 0.7009569377990431 0.01668584579976985 0.0215311004784689
3 0.13118527042577677 0.7296650717703349 0.02704257767548907 0.0215311004784689
3 0.13924050632911392 0.7583732057416268 0.043153049482163405 0.0215311004784689
3 0.14384349827387802 0.7870813397129187 0.0523590333716916 0.0215311004784689
3 0.1386651323360184 0.8157894736842105 0.04200230149597238 0.0215311004784689
3 0.13636363636363635 0.8444976076555024 0.037399309551208286 0.0215311004784689
3 0.1283084004602992 0.9700956937799043 0.020713463751438434 0.0215311004784689
3 0.20310701956271576 0.5215311004784688 0.014959723820483314 0.0215311004784689
3 0.1852704257767549 0.6148325358851675 0.0189873417721519 0.0215311004784689
3 0.19505178365937859 0.6435406698564593 0.017836593785960874 0.0215311004784689
3 0.16800920598388952 0.6722488038277512 0.01726121979286536 0.0215311004784689
3 0.14499424626006904 0.7009569377990431 0.014959723820483314 0.0215311004784689
3 0.15592635212888378 0.7296650717703349 0.015535097813578827 0.0215311004784689
3 0.17088607594936708 0.7583732057416268 0.013233601841196778 0.0215311004784689
3 0.18009205983889529 0.7870813397129187 0.013233601841196778 0.0215311004784689
3 0.16915995397008055 0.8157894736842105 0.013233601841196778 0.0215311004784689
3 0.16455696202531644 0.8444976076555024 0.012658227848101266 0.0215311004784689
3 0.15304948216340622 0.9700956937799043 0.023014959723820484 0.0215311004784689
3 0.15937859608745686 0.007177033492822967 0.0667433831990794 0.014354066985645933
3 0.15477560414269276 0.023923444976076555 0.0661680092059839 0.023923444976076555
3 0.15074798619102417 0.09449760765550239 0.0661680092059839 0.023923444976076555
3 0.2330264672036824 0.09449760765550239 0.0759493670886076 0.023923444976076555
3 0.17779056386651323 0.11842105263157894 0.09781357882623705 0.023923444976076555