0 0.5 0.41945945945945945 0.15416666666666667 0.05189189189189189
2 0.5 0.31675675675675674 0.15416666666666667 0.025945945945945945
3 0.22760416666666666 0.03027027027027027 0.06979166666666667 0.036756756756756756
3 0.803125 0.02918918918918919 0.01875 0.021621621621621623
3 0.5 0.48 0.15416666666666667 0.05189189189189189
3 0.521875 0.6497297297297298 0.025 0.015135135135135135
3 0.5510416666666667 0.6497297297297298 0.028645833333333332 0.015135135135135135
3 0.49947916666666664 0.9437837837837838 0.09479166666666666 0.021621621621621623
3 0.5 0.31891891891891894 0.15416666666666667 0.07351351351351351
3 0.5 0.31891891891891894 0.15416666666666667 0.07351351351351351
3 0.5 0.21513513513513513 0.15416666666666667 0.032432432432432434