0 0.7262295081967213 0.16326530612244897 0.06174863387978142 0.015873015873015872
1 0.7101092896174863 0.0045351473922902496 0.18633879781420765 0.009070294784580499
1 0.3912568306010929 0.3673469387755102 0.1551912568306011 0.3219954648526077
1 0.5551912568306011 0.3673469387755102 0.1551912568306011 0.3219954648526077
1 0.7191256830601093 0.3673469387755102 0.1551912568306011 0.3219954648526077
3 0.3557377049180328 0.6043083900226758 0.06284153005464481 0.021541950113378686
3 0.3912568306010929 0.6791383219954649 0.13333333333333333 0.01473922902494331
3 0.519672131147541 0.6043083900226758 0.06284153005464481 0.021541950113378686
3 0.5551912568306011 0.6791383219954649 0.13333333333333333 0.01473922902494331
3 0.673224043715847 0.6043083900226758 0.04207650273224044 0.021541950113378686
3 0.23005464480874316 0.19954648526077098 0.15191256830601094 0.034013605442176874
3 0.3912568306010929 0.6496598639455783 0.13333333333333333 0.04081632653061224
3 0.5551912568306011 0.6496598639455783 0.13333333333333333 0.04081632653061224
3 0.7191256830601093 0.6496598639455783 0.13333333333333333 0.04081632653061224
3 0.32459016393442625 0.04421768707482993 0.02459016393442623 0.022675736961451247
3 0.36065573770491804 0.04421768707482993 0.0273224043715847 0.022675736961451247
3 0.4087431693989071 0.04421768707482993 0.04918032786885246 0.022675736961451247
3 0.4524590163934426 0.04421768707482993 0.01912568306010929 0.022675736961451247
3 0.48415300546448087 0.04421768707482993 0.02459016393442623 0.022675736961451247
3 0.5169398907103825 0.04421768707482993 0.021311475409836064 0.022675736961451247
3 0.18961748633879782 0.5011337868480725 0.07103825136612021 0.02040816326530612
3 0.16174863387978142 0.5895691609977324 0.015846994535519125 0.02040816326530612
3 0.16666666666666666 0.6167800453514739 0.025683060109289616 0.02040816326530612
3 0.1721311475409836 0.6439909297052154 0.036065573770491806 0.02040816326530612
3 0.16229508196721312 0.671201814058957 0.016939890710382512 0.02040816326530612
3 0.1633879781420765 0.6984126984126984 0.01912568306010929 0.02040816326530612
3 0.16557377049180327 0.7256235827664399 0.022950819672131147 0.02040816326530612
3 0.16612021857923498 0.7528344671201814 0.02459016393442623 0.02040816326530612
3 0.1737704918032787 0.780045351473923 0.03934426229508197 0.02040816326530612
3 0.16120218579234974 0.8072562358276644 0.014754098360655738 0.02040816326530612
3 0.16229508196721312 0.9263038548752834 0.01639344262295082 0.02040816326530612
3 0.16010928961748633 0.953514739229025 0.012568306010928962 0.02040816326530612
3 0.16065573770491803 0.9807256235827665 0.01366120218579235 0.02040816326530612
3 0.2355191256830601 0.5011337868480725 0.015846994535519125 0.02040816326530612
3 0.18633879781420765 0.5895691609977324 0.0273224043715847 0.02040816326530612
3 0.19344262295081968 0.6167800453514739 0.021311475409836064 0.02040816326530612
3 0.20491803278688525 0.6439909297052154 0.022950819672131147 0.02040816326530612
3 0.18469945355191256 0.671201814058957 0.020765027322404372 0.02040816326530612
3 0.18415300546448088 0.6984126984126984 0.016939890710382512 0.02040816326530612
3 0.1885245901639344 0.7256235827664399 0.016939890710382512 0.02040816326530612
3 0.1901639344262295 0.7528344671201814 0.016939890710382512 0.02040816326530612
3 0.20327868852459016 0.780045351473923 0.014754098360655738 0.02040816326530612
3 0.17923497267759564 0.8072562358276644 0.014754098360655738 0.02040816326530612
3 0.1814207650273224 0.9263038548752834 0.01639344262295082 0.02040816326530612
3 0.18032786885245902 0.953514739229025 0.021311475409836064 0.02040816326530612
3 0.17595628415300546 0.9807256235827665 0.011475409836065573 0.02040816326530612
3 0.19344262295081968 0.027210884353741496 0.06284153005464481 0.022675736961451247
3 0.18907103825136612 0.048752834467120185 0.06284153005464481 0.022675736961451247
3 0.18524590163934426 0.15306122448979592 0.06284153005464481 0.022675736961451247
3 0.2633879781420765 0.15306122448979592 0.07213114754098361 0.022675736961451247