0 0.584375 0.02918918918918919 0.023958333333333335 0.04216216216216216
0 0.796875 0.5081081081081081 0.03333333333333333 0.06918918918918919
1 0.7140625 0.03027027027027027 0.17708333333333334 0.04216216216216216
1 0.24895833333333334 0.46594594594594596 0.11666666666666667 0.24216216216216216
1 0.371875 0.46594594594594596 0.11666666666666667 0.24216216216216216
1 0.4947916666666667 0.46594594594594596 0.11666666666666667 0.24216216216216216
1 0.6177083333333333 0.46594594594594596 0.11666666666666667 0.24216216216216216
1 0.740625 0.46594594594594596 0.11666666666666667 0.24216216216216216
1 0.21197916666666666 0.8464864864864865 0.05 0.07567567567567568
2 0.440625 0.02918918918918919 0.31145833333333334 0.04216216216216216
3 0.1828125 0 0 0
3 0.22291666666666668 0.03027027027027027 0.06979166666666667 0.036756756756756756
3 0.6729166666666667 0.08540540540540541 0.057291666666666664 0.021621621621621623
3 0.71875 0.08540540540540541 0.034375 0.021621621621621623
3 0.7609375 0.08540540540540541 0.050520833333333334 0.021621621621621623
3 0.21770833333333334 0.07783783783783783 0.06927083333333334 0.043243243243243246
3 0.30520833333333336 0.08540540540540541 0.04114583333333333 0.021621621621621623
3 0.346875 0.08540540540540541 0.0234375 0.021621621621621623
3 0.38125 0.08540540540540541 0.026041666666666668 0.021621621621621623
3 0.4270833333333333 0.08540540540540541 0.046875 0.021621621621621623
3 0.46875 0.08540540540540541 0.018229166666666668 0.021621621621621623
3 0.49895833333333334 0.08540540540540541 0.0234375 0.021621621621621623
3 0.5302083333333333 0.08540540540540541 0.0203125 0.021621621621621623
3 0.7963541666666667 0.08324324324324324 0.013020833333333334 0.022702702702702703
3 0.7140625 0.03351351351351351 0.17708333333333334 0.04756756756756757
3 0.30885416666666665 0.1372972972972973 0.06197916666666667 0.021621621621621623
3 0.37864583333333335 0.1372972972972973 0.06510416666666667 0.021621621621621623
3 0.24895833333333334 0.5383783783783784 0.11770833333333333 0.3891891891891892
3 0.371875 0.5383783783783784 0.11770833333333333 0.3891891891891892
3 0.4947916666666667 0.5383783783783784 0.11770833333333333 0.3891891891891892
3 0.6177083333333333 0.5383783783783784 0.11770833333333333 0.3891891891891892
3 0.740625 0.5383783783783784 0.11770833333333333 0.3891891891891892
3 0.2203125 0.9491891891891892 0.050520833333333334 0.015135135135135135
3 0.28854166666666664 0.9491891891891892 0.059895833333333336 0.015135135135135135
3 0.3619791666666667 0.9491891891891892 0.06770833333333333 0.015135135135135135
3 0.41458333333333336 0.9491891891891892 0.017708333333333333 0.015135135135135135
3 0.7677083333333333 0.9513513513513514 0.0546875 0.015135135135135135
3 0.18697916666666667 0.7708108108108108 0 0
3 0.25104166666666666 0.6713513513513514 0.10416666666666667 0.03891891891891892
3 0.37395833333333334 0.6713513513513514 0.10416666666666667 0.03891891891891892
3 0.496875 0.6713513513513514 0.10416666666666667 0.03891891891891892
3 0.6197916666666666 0.6854054054054054 0.10416666666666667 0.03891891891891892
3 0.7427083333333333 0.6713513513513514 0.10416666666666667 0.03891891891891892