0 0.6019337016574585 0.02121559633027523 0.025966850828729283 0.04243119266055046
0 0.7558011049723757 0.16169724770642202 0.062430939226519336 0.016055045871559634
1 0.7395027624309393 0.021788990825688075 0.18839779005524862 0.04357798165137615
1 0.3961325966850829 0.31995412844036697 0.08839779005524862 0.1834862385321101
1 0.3961325966850829 0.5504587155963303 0.08839779005524862 0.1834862385321101
1 0.3961325966850829 0.7809633027522935 0.08839779005524862 0.1834862385321101
1 0.21823204419889503 0.020642201834862386 0.07403314917127071 0.0389908256880734
2 0.4494475138121547 0.02121559633027523 0.330939226519337 0.04243119266055046
2 0.47513812154696133 0.0194954128440367 0.0077348066298342545 0.016055045871559634
3 0.5259668508287293 0.020642201834862386 0.12651933701657458 0.02981651376146789
3 0.47513812154696133 0.32798165137614677 0.04364640883977901 0.021788990825688075
3 0.4856353591160221 0.5584862385321101 0.06464088397790055 0.021788990825688075
3 0.47513812154696133 0.7889908256880734 0.04364640883977901 0.021788990825688075
3 0.6265193370165746 0.9575688073394495 0.34640883977900555 0.016055045871559634
3 0.5314917127071823 0.0194954128440367 0.1 0.022935779816513763
3 0.5314917127071823 0.0194954128440367 0.1 0.022935779816513763
3 0.2541436464088398 0.19839449541284404 0.15359116022099448 0.034403669724770644
3 0.6265193370165746 0.24311926605504589 0.34640883977900555 0.02981651376146789
3 0.6265193370165746 0.4736238532110092 0.34640883977900555 0.02981651376146789
3 0.6265193370165746 0.7041284403669725 0.34640883977900555 0.02981651376146789
3 0.6265193370165746 0.9346330275229358 0.34640883977900555 0.02981651376146789
3 0.3497237569060773 0.07912844036697247 0.024861878453038673 0.022935779816513763
3 0.3861878453038674 0.07912844036697247 0.027624309392265192 0.022935779816513763
3 0.43480662983425417 0.07912844036697247 0.049723756906077346 0.022935779816513763
3 0.4790055248618785 0.07912844036697247 0.019337016574585635 0.022935779816513763
3 0.511049723756906 0.07912844036697247 0.024861878453038673 0.022935779816513763
3 0.5441988950276243 0.07912844036697247 0.02154696132596685 0.022935779816513763
3 0.2132596685082873 0.5034403669724771 0.0718232044198895 0.020642201834862386
3 0.2276243093922652 0.5928899082568807 0.1005524861878453 0.020642201834862386
3 0.20828729281767955 0.6204128440366973 0.062430939226519336 0.020642201834862386
3 0.2149171270718232 0.6479357798165137 0.07569060773480663 0.020642201834862386
3 0.2276243093922652 0.6754587155963303 0.1005524861878453 0.020642201834862386
3 0.23480662983425415 0.7029816513761468 0.11491712707182321 0.020642201834862386
3 0.22430939226519336 0.7305045871559633 0.09392265193370165 0.020642201834862386
3 0.19502762430939227 0.7580275229357798 0.03591160220994475 0.020642201834862386
3 0.1867403314917127 0.7855504587155964 0.01878453038674033 0.020642201834862386
3 0.18729281767955802 0.875 0.019889502762430938 0.020642201834862386
3 0.19613259668508287 0.9644495412844036 0.03756906077348066 0.020642201834862386
3 0.22209944751381216 0.9902522935779816 0.09060773480662983 0.017201834862385322
3 0.2580110497237569 0.5034403669724771 0.01270718232044199 0.020642201834862386
3 0.28895027624309394 0.5928899082568807 0.016022099447513812 0.020642201834862386
3 0.2541436464088398 0.6204128440366973 0.022651933701657457 0.020642201834862386
3 0.26464088397790053 0.6479357798165137 0.016574585635359115 0.020642201834862386
3 0.29171270718232045 0.6754587155963303 0.022099447513812154 0.020642201834862386
3 0.30165745856353593 0.7029816513761468 0.01270718232044199 0.020642201834862386
3 0.28066298342541435 0.7305045871559633 0.012154696132596685 0.020642201834862386
3 0.21988950276243094 0.7580275229357798 0.0077348066298342545 0.020642201834862386
3 0.20497237569060772 0.7855504587155964 0.01270718232044199 0.020642201834862386
3 0.20994475138121546 0.875 0.020441988950276244 0.020642201834862386
3 0.2265193370165746 0.9644495412844036 0.018232044198895028 0.020642201834862386
3 0.2803867403314917 0.9902522935779816 0.020441988950276244 0.017201834862385322
3 0.21712707182320443 0.06192660550458716 0.06353591160220995 0.022935779816513763
3 0.212707182320442 0.08371559633027523 0.06353591160220995 0.022935779816513763
3 0.20883977900552486 0.15137614678899083 0.06353591160220995 0.022935779816513763
3 0.2878453038674033 0.15137614678899083 0.07292817679558011 0.022935779816513763