0 0.7089887640449438 0.1191588785046729 0.06348314606741573 0.016355140186915886
0 0.5960674157303371 0.27453271028037385 0.02752808988764045 0.030373831775700934
0 0.5960674157303371 0.5257009345794392 0.02752808988764045 0.030373831775700934
0 0.5960674157303371 0.7862149532710281 0.02752808988764045 0.030373831775700934
0 0.5960674157303371 0.9894859813084113 0.028089887640449437 0.018691588785046728
1 0.3432584269662921 0.2803738317757009 0.0898876404494382 0.18691588785046728
1 0.3432584269662921 0.5151869158878505 0.0898876404494382 0.18691588785046728
1 0.3432584269662921 0.75 0.0898876404494382 0.18691588785046728
3 0.43426966292134833 0.2885514018691589 0.06573033707865168 0.02219626168224299
3 0.5702247191011236 0.27453271028037385 0.020224719101123594 0.02102803738317757
3 0.5775280898876405 0.4602803738317757 0.35224719101123597 0.016355140186915886
3 0.43426966292134833 0.5397196261682243 0.06573033707865168 0.02219626168224299
3 0.5702247191011236 0.5257009345794392 0.020224719101123594 0.02102803738317757
3 0.4544943820224719 0.8002336448598131 0.10561797752808989 0.02219626168224299
3 0.5702247191011236 0.7862149532710281 0.020224719101123594 0.02102803738317757
3 0.5775280898876405 0.9299065420560748 0.35224719101123597 0.016355140186915886
3 0.5705056179775281 0.991822429906542 0.020786516853932586 0.014018691588785047
3 0.19887640449438201 0.17990654205607476 0.15617977528089888 0.035046728971962614
3 0.5775280898876405 0.20210280373831777 0.35224719101123597 0.030373831775700934
3 0.5775280898876405 0.4369158878504673 0.35224719101123597 0.030373831775700934
3 0.5775280898876405 0.7137850467289719 0.35224719101123597 0.030373831775700934
3 0.5775280898876405 0.9065420560747663 0.35224719101123597 0.030373831775700934
3 0.29606741573033707 0.035046728971962614 0.025280898876404494 0.02336448598130841
3 0.33314606741573033 0.035046728971962614 0.028089887640449437 0.02336448598130841
3 0.38258426966292136 0.035046728971962614 0.05056179775280899 0.02336448598130841
3 0.42752808988764046 0.035046728971962614 0.019662921348314606 0.02336448598130841
3 0.4601123595505618 0.035046728971962614 0.025280898876404494 0.02336448598130841
3 0.49382022471910114 0.035046728971962614 0.021910112359550562 0.02336448598130841
3 0.15730337078651685 0.49065420560747663 0.07303370786516854 0.02102803738317757
3 0.14719101123595504 0.5817757009345794 0.05337078651685393 0.02102803738317757
3 0.15280898876404495 0.6098130841121495 0.06404494382022471 0.02102803738317757
3 0.1393258426966292 0.6378504672897196 0.03707865168539326 0.02102803738317757
3 0.1286516853932584 0.6658878504672897 0.016292134831460674 0.02102803738317757
3 0.13370786516853933 0.6939252336448598 0.026404494382022473 0.02102803738317757
3 0.14157303370786517 0.7219626168224299 0.042134831460674156 0.02102803738317757
3 0.14606741573033707 0.75 0.05112359550561798 0.02102803738317757
3 0.14101123595505619 0.7780373831775701 0.04101123595505618 0.02102803738317757
3 0.13876404494382022 0.8060747663551402 0.03651685393258427 0.02102803738317757
3 0.13089887640449438 0.9287383177570093 0.020224719101123594 0.02102803738317757
3 0.20393258426966293 0.49065420560747663 0.014606741573033709 0.02102803738317757
3 0.18651685393258427 0.5817757009345794 0.01853932584269663 0.02102803738317757
3 0.1960674157303371 0.6098130841121495 0.01741573033707865 0.02102803738317757
3 0.1696629213483146 0.6378504672897196 0.016853932584269662 0.02102803738317757
3 0.14719101123595504 0.6658878504672897 0.014606741573033709 0.02102803738317757
3 0.15786516853932583 0.6939252336448598 0.015168539325842697 0.02102803738317757
3 0.17247191011235954 0.7219626168224299 0.012921348314606741 0.02102803738317757
3 0.18146067415730338 0.75 0.012921348314606741 0.02102803738317757
3 0.1707865168539326 0.7780373831775701 0.012921348314606741 0.02102803738317757
3 0.1662921348314607 0.8060747663551402 0.012359550561797753 0.02102803738317757
3 0.1550561797752809 0.9287383177570093 0.02247191011235955 0.02102803738317757
3 0.16123595505617977 0.017523364485981307 0.06460674157303371 0.02336448598130841
3 0.15674157303370786 0.0397196261682243 0.06460674157303371 0.02336448598130841
3 0.15280898876404495 0.10864485981308411 0.06460674157303371 0.02336448598130841
3 0.23314606741573032 0.10864485981308411 0.07415730337078652 0.02336448598130841
3 0.17921348314606741 0.13200934579439252 0.09550561797752809 0.02336448598130841