0 0.5863874345549738 0.02717391304347826 0.024083769633507852 0.042391304347826085
0 0.7324607329842932 0.16195652173913044 0.059162303664921465 0.015217391304347827
0 0.6272251308900524 0.3065217391304348 0.025654450261780103 0.02826086956521739
0 0.6272251308900524 0.5402173913043479 0.025654450261780103 0.02826086956521739
0 0.6272251308900524 0.782608695652174 0.025654450261780103 0.02826086956521739
0 0.6272251308900524 0.9771739130434782 0.025654450261780103 0.02826086956521739
1 0.7167539267015707 0.02826086956521739 0.17801047120418848 0.042391304347826085
1 0.39162303664921466 0.3119565217391304 0.08376963350785341 0.17391304347826086
1 0.39162303664921466 0.5304347826086957 0.08376963350785341 0.17391304347826086
1 0.39162303664921466 0.7489130434782608 0.08376963350785341 0.17391304347826086
1 0.22303664921465968 0.02826086956521739 0.07015706806282722 0.03695652173913044
2 0.4418848167539267 0.02717391304347826 0.31308900523560207 0.042391304347826085
2 0.44712041884816756 0.02717391304347826 0.007329842931937173 0.015217391304347827
3 0.5052356020942408 0.02826086956521739 0.13926701570680627 0.02826086956521739
3 0.47643979057591623 0.31956521739130433 0.0612565445026178 0.020652173913043477
3 0.6031413612565445 0.3065217391304348 0.018848167539267015 0.01956521739130435
3 0.6099476439790575 0.47934782608695653 0.32827225130890053 0.015217391304347827
3 0.47643979057591623 0.5532608695652174 0.0612565445026178 0.020652173913043477
3 0.6031413612565445 0.5402173913043479 0.018848167539267015 0.01956521739130435
3 0.4952879581151832 0.7956521739130434 0.09842931937172775 0.020652173913043477
3 0.6031413612565445 0.782608695652174 0.018848167539267015 0.01956521739130435
3 0.6099476439790575 0.9163043478260869 0.32827225130890053 0.015217391304347827
3 0.47643979057591623 0.9891304347826086 0.061780104712041886 0.01956521739130435
3 0.6031413612565445 0.9771739130434782 0.018848167539267015 0.01956521739130435
3 0.5104712041884817 0.02717391304347826 0.11413612565445026 0.021739130434782608
3 0.5104712041884817 0.02717391304347826 0.11413612565445026 0.021739130434782608
3 0.2570680628272251 0.2184782608695652 0.14554973821989528 0.03260869565217391
3 0.6099476439790575 0.2391304347826087 0.32827225130890053 0.02826086956521739
3 0.6099476439790575 0.45760869565217394 0.32827225130890053 0.02826086956521739
3 0.6099476439790575 0.7152173913043478 0.32827225130890053 0.02826086956521739
3 0.6099476439790575 0.8945652173913043 0.32827225130890053 0.02826086956521739
3 0.34764397905759165 0.08369565217391305 0.02356020942408377 0.021739130434782608
3 0.38219895287958117 0.08369565217391305 0.02617801047120419 0.021739130434782608
3 0.4282722513089005 0.08369565217391305 0.04712041884816754 0.021739130434782608
3 0.4701570680628272 0.08369565217391305 0.01832460732984293 0.021739130434782608
3 0.5005235602094241 0.08369565217391305 0.02356020942408377 0.021739130434782608
3 0.5319371727748691 0.08369565217391305 0.020418848167539267 0.021739130434782608
3 0.21832460732984293 0.5076086956521739 0.06806282722513089 0.01956521739130435
3 0.2089005235602094 0.592391304347826 0.049738219895287955 0.01956521739130435
3 0.21413612565445025 0.6184782608695653 0.05968586387434555 0.01956521739130435
3 0.20157068062827224 0.6445652173913043 0.03455497382198953 0.01956521739130435
3 0.19162303664921465 0.6706521739130434 0.015183246073298429 0.01956521739130435
3 0.19633507853403143 0.6967391304347826 0.024607329842931937 0.01956521739130435
3 0.2036649214659686 0.7228260869565217 0.03926701570680628 0.01956521739130435
3 0.20785340314136125 0.7489130434782608 0.04764397905759162 0.01956521739130435
3 0.2031413612565445 0.775 0.03821989528795811 0.01956521739130435
3 0.20104712041884817 0.8010869565217391 0.034031413612565446 0.01956521739130435
3 0.193717277486911 0.9152173913043479 0.018848167539267015 0.01956521739130435
3 0.2617801047120419 0.5076086956521739 0.013612565445026177 0.01956521739130435
3 0.24554973821989529 0.592391304347826 0.017277486910994764 0.01956521739130435
3 0.2544502617801047 0.6184782608695653 0.016230366492146597 0.01956521739130435
3 0.22984293193717278 0.6445652173913043 0.015706806282722512 0.01956521739130435
3 0.2089005235602094 0.6706521739130434 0.013612565445026177 0.01956521739130435
3 0.218848167539267 0.6967391304347826 0.014136125654450262 0.01956521739130435
3 0.2324607329842932 0.7228260869565217 0.012041884816753926 0.01956521739130435
3 0.24083769633507854 0.7489130434782608 0.012041884816753926 0.01956521739130435
3 0.23089005235602095 0.775 0.012041884816753926 0.01956521739130435
3 0.22670157068062827 0.8010869565217391 0.011518324607329843 0.01956521739130435
3 0.2162303664921466 0.9152173913043479 0.020942408376963352 0.01956521739130435
3 0.22198952879581152 0.06739130434782609 0.060209424083769635 0.021739130434782608
3 0.21780104712041884 0.08804347826086957 0.060209424083769635 0.021739130434782608
3 0.21413612565445025 0.15217391304347827 0.060209424083769635 0.021739130434782608
3 0.28900523560209423 0.15217391304347827 0.06910994764397906 0.021739130434782608
3 0.2387434554973822 0.17391304347826086 0.08900523560209424 0.021739130434782608