0 0.584375 0.02918918918918919 0.023958333333333335 0.04216216216216216
1 0.7140625 0.03027027027027027 0.17708333333333334 0.04216216216216216
2 0.440625 0.02918918918918919 0.31145833333333334 0.04216216216216216
3 0.1828125 0 0 0
3 0.22291666666666668 0.03027027027027027 0.06979166666666667 0.036756756756756756
3 0.6729166666666667 0.08540540540540541 0.057291666666666664 0.021621621621621623
3 0.71875 0.08540540540540541 0.034375 0.021621621621621623
3 0.7609375 0.08540540540540541 0.050520833333333334 0.021621621621621623
3 0.21770833333333334 0.07783783783783783 0.06927083333333334 0.043243243243243246
3 0.30520833333333336 0.08540540540540541 0.04114583333333333 0.021621621621621623
3 0.346875 0.08540540540540541 0.0234375 0.021621621621621623
3 0.38125 0.08540540540540541 0.026041666666666668 0.021621621621621623
3 0.4270833333333333 0.08540540540540541 0.046875 0.021621621621621623
3 0.46875 0.08540540540540541 0.018229166666666668 0.021621621621621623
3 0.49895833333333334 0.08540540540540541 0.0234375 0.021621621621621623
3 0.5302083333333333 0.08540540540540541 0.0203125 0.021621621621621623
3 0.7963541666666667 0.08324324324324324 0.013020833333333334 0.022702702702702703
3 0.7140625 0.03351351351351351 0.17708333333333334 0.04756756756756757
3 0.22083333333333333 0.9308108108108109 0.06614583333333333 0.02054054054054054
3 0.29270833333333335 0.9308108108108109 0.07760416666666667 0.02054054054054054
3 0.3802083333333333 0.9308108108108109 0.096875 0.02054054054054054
3 0.48072916666666665 0.9308108108108109 0.10416666666666667 0.02054054054054054
3 0.5463541666666667 0.9308108108108109 0.027604166666666666 0.02054054054054054
3 0.5854166666666667 0.9308108108108109 0.050520833333333334 0.02054054054054054
3 0.4953125 0.3762162162162162 0.134375 0.015135135135135135
3 0.4953125 0.9762162162162162 0.6145833333333334 0.012972972972972972
3 0.4947916666666667 0.8897297297297297 0.07864583333333333 0.034594594594594595
3 0.4947916666666667 0.8897297297297297 0.07864583333333333 0.034594594594594595
3 0.4953125 0.32972972972972975 0.134375 0.021621621621621623