0 0.584375 0.02918918918918919 0.023958333333333335 0.04216216216216216
1 0.7140625 0.03027027027027027 0.17708333333333334 0.04216216216216216
1 0.21197916666666666 0.1837837837837838 0.05 0.07567567567567568
1 0.20833333333333334 0.35783783783783785 0.022916666666666665 0.04756756756756757
1 0.40677083333333336 0.6270270270270271 0.34791666666666665 0.505945945945946
1 0.20833333333333334 0.4227027027027027 0.022916666666666665 0.04756756756756757
1 0.20833333333333334 0.4875675675675676 0.022916666666666665 0.04756756756756757
1 0.20833333333333334 0.5524324324324325 0.022916666666666665 0.04756756756756757
1 0.6333333333333333 0.8810810810810811 0.022916666666666665 0.04756756756756757
2 0.440625 0.02918918918918919 0.31145833333333334 0.04216216216216216
3 0.1828125 0 0 0
3 0.22291666666666668 0.03027027027027027 0.06979166666666667 0.036756756756756756
3 0.6729166666666667 0.08540540540540541 0.057291666666666664 0.021621621621621623
3 0.71875 0.08540540540540541 0.034375 0.021621621621621623
3 0.7609375 0.08540540540540541 0.050520833333333334 0.021621621621621623
3 0.21770833333333334 0.07783783783783783 0.06927083333333334 0.043243243243243246
3 0.30520833333333336 0.08540540540540541 0.04114583333333333 0.021621621621621623
3 0.346875 0.08540540540540541 0.0234375 0.021621621621621623
3 0.38125 0.08540540540540541 0.026041666666666668 0.021621621621621623
3 0.4270833333333333 0.08540540540540541 0.046875 0.021621621621621623
3 0.46875 0.08540540540540541 0.018229166666666668 0.021621621621621623
3 0.49895833333333334 0.08540540540540541 0.0234375 0.021621621621621623
3 0.5302083333333333 0.08540540540540541 0.0203125 0.021621621621621623
3 0.7963541666666667 0.08324324324324324 0.013020833333333334 0.022702702702702703
3 0.7140625 0.03351351351351351 0.17708333333333334 0.04756756756756757
3 0.2203125 0.2843243243243243 0.050520833333333334 0.015135135135135135
3 0.28854166666666664 0.2843243243243243 0.059895833333333336 0.015135135135135135
3 0.36822916666666666 0.2843243243243243 0.08072916666666667 0.015135135135135135
3 0.44427083333333334 0.2843243243243243 0.05260416666666667 0.015135135135135135
3 0.4895833333333333 0.2843243243243243 0.01875 0.015135135135135135
3 0.7677083333333333 0.2864864864864865 0.0546875 0.015135135135135135
3 0.18697916666666667 0.10810810810810811 0 0
3 0.7807291666666667 0.39675675675675676 0.011458333333333333 0.022702702702702703
3 0.6666666666666666 0.45837837837837836 0.0921875 0.01945945945945946
3 0.6583333333333333 0.5902702702702702 0.07552083333333333 0.01945945945945946
3 0.6796875 0.7221621621621621 0.08645833333333333 0.01945945945945946
3 0.6557291666666667 0.8108108108108109 0.0421875 0.01945945945945946
3 0.7135416666666666 0.8702702702702703 0.03177083333333333 0.021621621621621623
3 0.6583333333333333 0.5654054054054054 0.07552083333333333 0.01945945945945946
3 0.6911458333333333 0.8897297297297297 0.0765625 0.01945945945945946
3 0.20833333333333334 0.37513513513513513 0.026041666666666668 0.023783783783783784
3 0.20833333333333334 0.44 0.026041666666666668 0.023783783783783784
3 0.20833333333333334 0.5048648648648648 0.026041666666666668 0.023783783783783784
3 0.20833333333333334 0.5697297297297297 0.026041666666666668 0.023783783783783784
3 0.20833333333333334 0.37513513513513513 0.026041666666666668 0.023783783783783784
3 0.20833333333333334 0.44 0.026041666666666668 0.023783783783783784
3 0.20833333333333334 0.5048648648648648 0.026041666666666668 0.023783783783783784
3 0.20833333333333334 0.5697297297297297 0.026041666666666668 0.023783783783783784
3 0.69375 0.412972972972973 0.14635416666666667 0.05405405405405406
3 0.7114583333333333 0.6324324324324324 0.15 0.021621621621621623
3 0.7114583333333333 0.6551351351351351 0.15 0.01945945945945946
3 0.7114583333333333 0.6767567567567567 0.15 0.01945945945945946
3 0.7114583333333333 0.6983783783783784 0.15 0.01945945945945946
3 0.7104166666666667 0.7643243243243243 0.1515625 0.021621621621621623
3 0.7104166666666667 0.787027027027027 0.1515625 0.01945945945945946
3 0.6911458333333333 0.8702702702702703 0.0765625 0.018378378378378378
3 0.6515625 0.9524324324324325 0.06145833333333333 0.021621621621621623