0 0.5664556962025317 0.019138755980861243 0.02704257767548907 0.03827751196172249
0 0.6588032220943614 0.4677033492822967 0.06904487917146145 0.05741626794258373
1 0.7097238204833142 0.019736842105263157 0.1962025316455696 0.039473684210526314
1 0.46777905638665135 0.19736842105263158 0.9205983889528193 0.19138755980861244
1 0.29804372842347526 0.6339712918660287 0.07710011507479862 0.08014354066985646
1 0.41139240506329117 0.6339712918660287 0.07710011507479862 0.08014354066985646
1 0.5247410817031071 0.6339712918660287 0.07710011507479862 0.08014354066985646
1 0.6380897583429229 0.6339712918660287 0.07710011507479862 0.08014354066985646
1 0.29804372842347526 0.8696172248803827 0.07710011507479862 0.08014354066985646
1 0.41139240506329117 0.8696172248803827 0.07710011507479862 0.08014354066985646
1 0.5247410817031071 0.8696172248803827 0.07710011507479862 0.08014354066985646
1 0.6380897583429229 0.8696172248803827 0.07710011507479862 0.08014354066985646
1 0.16714614499424627 0.01854066985645933 0.07767548906789414 0.03708133971291866
2 0.4076524741081703 0.019138755980861243 0.34464902186421176 0.03827751196172249
2 0.46777905638665135 0.36004784688995217 0.45109321058688145 0.04904306220095694
3 0.46777905638665135 0.35167464114832536 0.45109321058688145 0.07894736842105263
3 0.46777905638665135 0.35167464114832536 0.45109321058688145 0.07894736842105263
3 0.3037974683544304 0.07655502392344497 0.025891829689298044 0.023923444976076555
3 0.34177215189873417 0.07655502392344497 0.028768699654775604 0.023923444976076555
3 0.3924050632911392 0.07655502392344497 0.05178365937859609 0.023923444976076555
3 0.43843498273878023 0.07655502392344497 0.020138089758342925 0.023923444976076555
3 0.4718066743383199 0.07655502392344497 0.025891829689298044 0.023923444976076555
3 0.5063291139240507 0.07655502392344497 0.02243958573072497 0.023923444976076555
3 0.16570771001150747 0.05861244019138756 0.0661680092059839 0.023923444976076555
3 0.1611047180667434 0.08133971291866028 0.0661680092059839 0.023923444976076555