0 0.589095744680851 0.016004415011037526 0.025 0.03200883002207505
0 0.22393617021276596 0.5309050772626932 0.010638297872340425 0.02207505518763797
0 0.7372340425531915 0.32781456953642385 0.0601063829787234 0.01545253863134658
1 0.7215425531914894 0.016556291390728478 0.18138297872340425 0.033112582781456956
1 0.21861702127659574 0.2924944812362031 0.06489361702127659 0.09933774834437085
1 0.41117021276595744 0.5264900662251656 0.15106382978723404 0.31346578366445915
1 0.5707446808510638 0.5264900662251656 0.15106382978723404 0.31346578366445915
1 0.7303191489361702 0.5264900662251656 0.15106382978723404 0.31346578366445915
1 0.2199468085106383 0.01545253863134658 0.07180851063829788 0.03090507726269316
2 0.4422872340425532 0.016004415011037526 0.31861702127659575 0.03200883002207505
2 0.48351063829787233 0.009933774834437087 0.007446808510638298 0.01545253863134658
3 0.5247340425531914 0.013245033112582781 0.10585106382978723 0.026490066225165563
3 0.37659574468085105 0.7571743929359823 0.061170212765957445 0.02097130242825607
3 0.5260638297872341 0.7571743929359823 0.040957446808510635 0.02097130242825607
3 0.6957446808510638 0.7571743929359823 0.061170212765957445 0.02097130242825607
3 0.5300531914893617 0.011037527593818985 0.08031914893617022 0.02207505518763797
3 0.5300531914893617 0.011037527593818985 0.08031914893617022 0.02207505518763797
3 0.2542553191489362 0.44150110375275936 0.1478723404255319 0.06622516556291391
3 0.41117021276595744 0.8013245033112583 0.12978723404255318 0.039735099337748346
3 0.5707446808510638 0.8013245033112583 0.12978723404255318 0.039735099337748346
3 0.7303191489361702 0.8013245033112583 0.12978723404255318 0.039735099337748346
3 0.34627659574468084 0.0673289183222958 0.023936170212765957 0.02207505518763797
3 0.38138297872340426 0.0673289183222958 0.026595744680851064 0.02207505518763797
3 0.42819148936170215 0.0673289183222958 0.047872340425531915 0.02207505518763797
3 0.47074468085106386 0.0673289183222958 0.018617021276595744 0.02207505518763797
3 0.5015957446808511 0.0673289183222958 0.023936170212765957 0.02207505518763797
3 0.5335106382978724 0.0673289183222958 0.02074468085106383 0.02207505518763797
3 0.21063829787234042 0.7240618101545254 0.061170212765957445 0.019867549668874173
3 0.19042553191489361 0.7505518763796909 0.02074468085106383 0.019867549668874173
3 0.21010638297872342 0.7770419426048565 0.0601063829787234 0.019867549668874173
3 0.22606382978723405 0.8035320088300221 0.09148936170212765 0.019867549668874173
3 0.21914893617021278 0.8300220750551877 0.07765957446808511 0.019867549668874173
3 0.22127659574468084 0.8565121412803532 0.08191489361702127 0.019867549668874173
3 0.21968085106382979 0.8830022075055187 0.07872340425531915 0.019867549668874173
3 0.21648936170212765 0.9094922737306843 0.07234042553191489 0.019867549668874173
3 0.21063829787234042 0.9359823399558499 0.061170212765957445 0.019867549668874173
3 0.2547872340425532 0.7240618101545254 0.02021276595744681 0.019867549668874173
3 0.21117021276595746 0.7505518763796909 0.014361702127659574 0.019867549668874173
3 0.25053191489361704 0.7770419426048565 0.013829787234042552 0.019867549668874173
3 0.28138297872340423 0.8035320088300221 0.014361702127659574 0.019867549668874173
3 0.2670212765957447 0.8300220750551877 0.01223404255319149 0.019867549668874173
3 0.2702127659574468 0.8565121412803532 0.010106382978723405 0.019867549668874173
3 0.26648936170212767 0.8830022075055187 0.009574468085106383 0.019867549668874173
3 0.2590425531914894 0.9094922737306843 0.007446808510638298 0.019867549668874173
3 0.2478723404255319 0.9359823399558499 0.007446808510638298 0.019867549668874173
3 0.21861702127659574 0.05077262693156733 0.061170212765957445 0.02207505518763797
3 0.21436170212765956 0.0717439293598234 0.061170212765957445 0.02207505518763797
3 0.2074468085106383 0.37969094922737306 0.05425531914893617 0.02207505518763797
3 0.26063829787234044 0.37969094922737306 0.032446808510638296 0.02207505518763797