0 0.5978378378378378 0.030269058295964126 0.024864864864864864 0.043721973094170405
0 0.22702702702702704 0.5594170403587444 0.010810810810810811 0.02242152466367713
0 0.7486486486486487 0.3531390134529148 0.06108108108108108 0.01569506726457399
1 0.7324324324324324 0.03139013452914798 0.1837837837837838 0.043721973094170405
1 0.22162162162162163 0.3172645739910314 0.06594594594594595 0.10089686098654709
1 0.4172972972972973 0.554932735426009 0.1535135135135135 0.3183856502242152
1 0.5794594594594594 0.554932735426009 0.1535135135135135 0.3183856502242152
1 0.7416216216216216 0.554932735426009 0.1535135135135135 0.3183856502242152
1 0.2227027027027027 0.03139013452914798 0.07243243243243243 0.03811659192825112
2 0.4486486486486487 0.030269058295964126 0.3232432432432432 0.043721973094170405
2 0.4908108108108108 0.030269058295964126 0.0075675675675675675 0.01569506726457399
3 0.5324324324324324 0.03139013452914798 0.10702702702702703 0.02914798206278027
3 0.38216216216216214 0.7892376681614349 0.062162162162162166 0.021300448430493273
3 0.534054054054054 0.7892376681614349 0.04162162162162162 0.021300448430493273
3 0.7064864864864865 0.7892376681614349 0.062162162162162166 0.021300448430493273
3 0.5378378378378378 0.030269058295964126 0.08108108108108109 0.02242152466367713
3 0.5378378378378378 0.030269058295964126 0.08108108108108109 0.02242152466367713
3 0.2578378378378378 0.46860986547085204 0.15027027027027026 0.06726457399103139
3 0.4172972972972973 0.8340807174887892 0.1318918918918919 0.04035874439461883
3 0.5794594594594594 0.8340807174887892 0.1318918918918919 0.04035874439461883
3 0.7416216216216216 0.8340807174887892 0.1318918918918919 0.04035874439461883
3 0.35135135135135137 0.08856502242152467 0.024324324324324326 0.02242152466367713
3 0.387027027027027 0.08856502242152467 0.02702702702702703 0.02242152466367713
3 0.4345945945945946 0.08856502242152467 0.04864864864864865 0.02242152466367713
3 0.47783783783783784 0.08856502242152467 0.01891891891891892 0.02242152466367713
3 0.5091891891891892 0.08856502242152467 0.024324324324324326 0.02242152466367713
3 0.5416216216216216 0.08856502242152467 0.02108108108108108 0.02242152466367713
3 0.21351351351351353 0.7556053811659192 0.062162162162162166 0.020179372197309416
3 0.19297297297297297 0.7825112107623319 0.02108108108108108 0.020179372197309416
3 0.21297297297297296 0.8094170403587444 0.06108108108108108 0.020179372197309416
3 0.22918918918918918 0.8363228699551569 0.09297297297297297 0.020179372197309416
3 0.22216216216216217 0.8632286995515696 0.07891891891891892 0.020179372197309416
3 0.22432432432432434 0.8901345291479821 0.08324324324324324 0.020179372197309416
3 0.2227027027027027 0.9170403587443946 0.08 0.020179372197309416
3 0.21945945945945947 0.9439461883408071 0.07351351351351351 0.020179372197309416
3 0.21351351351351353 0.9708520179372198 0.062162162162162166 0.020179372197309416
3 0.2583783783783784 0.7556053811659192 0.02054054054054054 0.020179372197309416
3 0.21405405405405406 0.7825112107623319 0.014594594594594595 0.020179372197309416
3 0.25405405405405407 0.8094170403587444 0.014054054054054054 0.020179372197309416
3 0.28540540540540543 0.8363228699551569 0.014594594594594595 0.020179372197309416
3 0.2708108108108108 0.8632286995515696 0.012432432432432432 0.020179372197309416
3 0.27405405405405403 0.8901345291479821 0.01027027027027027 0.020179372197309416
3 0.2702702702702703 0.9170403587443946 0.00972972972972973 0.020179372197309416
3 0.2627027027027027 0.9439461883408071 0.0075675675675675675 0.020179372197309416
3 0.25135135135135134 0.9708520179372198 0.0075675675675675675 0.020179372197309416
3 0.22162162162162163 0.07174887892376682 0.062162162162162166 0.02242152466367713
3 0.2172972972972973 0.0930493273542601 0.062162162162162166 0.02242152466367713
3 0.21027027027027026 0.40582959641255606 0.055135135135135134 0.02242152466367713
3 0.26432432432432434 0.40582959641255606 0.032972972972972976 0.02242152466367713