0 0.6008152173913044 0.010158013544018058 0.025543478260869567 0.020316027088036117
0 0.22771739130434782 0.5304740406320542 0.010869565217391304 0.022573363431151242
0 0.7521739130434782 0.3227990970654628 0.06141304347826087 0.01580135440180587
1 0.7361413043478261 0.01072234762979684 0.18532608695652175 0.02144469525959368
1 0.22228260869565217 0.2866817155756208 0.06630434782608696 0.10158013544018059
1 0.4190217391304348 0.5259593679458239 0.15434782608695652 0.32054176072234764
1 0.5820652173913043 0.5259593679458239 0.15434782608695652 0.32054176072234764
1 0.7451086956521739 0.5259593679458239 0.15434782608695652 0.32054176072234764
1 0.2236413043478261 0.009593679458239277 0.07336956521739131 0.019187358916478554
2 0.45081521739130437 0.010158013544018058 0.32554347826086955 0.020316027088036117
2 0.49320652173913043 0.003386004514672686 0.008152173913043478 0.006772009029345372
3 0.535054347826087 0.007336343115124154 0.10815217391304348 0.014672686230248307
3 0.38369565217391305 0.7618510158013544 0.0625 0.02144469525959368
3 0.5364130434782609 0.7618510158013544 0.04184782608695652 0.02144469525959368
3 0.7097826086956521 0.7618510158013544 0.0625 0.02144469525959368
3 0.5404891304347826 0.005079006772009029 0.08206521739130435 0.010158013544018058
3 0.5404891304347826 0.005079006772009029 0.08206521739130435 0.010158013544018058
3 0.25869565217391305 0.43905191873589167 0.15108695652173912 0.06772009029345373
3 0.4190217391304348 0.8069977426636569 0.13260869565217392 0.040632054176072234
3 0.5820652173913043 0.8069977426636569 0.13260869565217392 0.040632054176072234
3 0.7451086956521739 0.8069977426636569 0.13260869565217392 0.040632054176072234
3 0.3527173913043478 0.056433408577878104 0.024456521739130436 0.022573363431151242
3 0.38858695652173914 0.056433408577878104 0.02717391304347826 0.022573363431151242
3 0.4364130434782609 0.056433408577878104 0.04891304347826087 0.022573363431151242
3 0.47989130434782606 0.056433408577878104 0.019021739130434784 0.022573363431151242
3 0.5114130434782609 0.056433408577878104 0.024456521739130436 0.022573363431151242
3 0.5440217391304348 0.056433408577878104 0.021195652173913043 0.022573363431151242
3 0.2141304347826087 0.7279909706546276 0.0625 0.020316027088036117
3 0.1934782608695652 0.755079006772009 0.021195652173913043 0.020316027088036117
3 0.21358695652173912 0.7821670428893905 0.06141304347826087 0.020316027088036117
3 0.2298913043478261 0.809255079006772 0.09347826086956522 0.020316027088036117
3 0.22282608695652173 0.8363431151241535 0.07934782608695652 0.020316027088036117
3 0.225 0.863431151241535 0.08369565217391305 0.020316027088036117
3 0.2233695652173913 0.8905191873589164 0.08043478260869565 0.020316027088036117
3 0.22010869565217392 0.917607223476298 0.07391304347826087 0.020316027088036117
3 0.2141304347826087 0.9446952595936795 0.0625 0.020316027088036117
3 0.2592391304347826 0.7279909706546276 0.020652173913043477 0.020316027088036117
3 0.21467391304347827 0.755079006772009 0.014673913043478261 0.020316027088036117
3 0.2548913043478261 0.7821670428893905 0.014130434782608696 0.020316027088036117
3 0.28641304347826085 0.809255079006772 0.014673913043478261 0.020316027088036117
3 0.2717391304347826 0.8363431151241535 0.0125 0.020316027088036117
3 0.275 0.863431151241535 0.010326086956521738 0.020316027088036117
3 0.27119565217391306 0.8905191873589164 0.009782608695652175 0.020316027088036117
3 0.26358695652173914 0.917607223476298 0.007608695652173913 0.020316027088036117
3 0.25217391304347825 0.9446952595936795 0.007608695652173913 0.020316027088036117
3 0.22228260869565217 0.039503386004514675 0.0625 0.022573363431151242
3 0.21793478260869564 0.060948081264108354 0.0625 0.022573363431151242
3 0.2108695652173913 0.3758465011286682 0.05543478260869565 0.022573363431151242
3 0.26521739130434785 0.3758465011286682 0.03315217391304348 0.022573363431151242