0 0.5731182795698925 0.029017857142857144 0.024731182795698924 0.04352678571428571
0 0.1817204301075269 0.5558035714285714 0.010752688172043012 0.022321428571428572
0 0.7231182795698925 0.35044642857142855 0.06075268817204301 0.015625
1 0.706989247311828 0.030133928571428572 0.1827956989247312 0.04352678571428571
1 0.1989247311827957 0.31473214285714285 0.06559139784946237 0.10044642857142858
1 0.3935483870967742 0.5513392857142857 0.15268817204301074 0.3169642857142857
1 0.5548387096774193 0.5513392857142857 0.15268817204301074 0.3169642857142857
1 0.7161290322580646 0.5513392857142857 0.15268817204301074 0.3169642857142857
1 0.2 0.030133928571428572 0.07204301075268817 0.03794642857142857
2 0.42473118279569894 0.029017857142857144 0.32150537634408605 0.04352678571428571
2 0.4666666666666667 0.029017857142857144 0.007526881720430108 0.015625
3 0.5080645161290323 0.030133928571428572 0.1064516129032258 0.029017857142857144
3 0.36666666666666664 0.7845982142857143 0.07741935483870968 0.021205357142857144
3 0.5279569892473118 0.7845982142857143 0.07741935483870968 0.021205357142857144
3 0.689247311827957 0.7845982142857143 0.07741935483870968 0.021205357142857144
3 0.5134408602150538 0.029017857142857144 0.08064516129032258 0.022321428571428572
3 0.5134408602150538 0.029017857142857144 0.08064516129032258 0.022321428571428572
3 0.2349462365591398 0.4654017857142857 0.14946236559139786 0.06696428571428571
3 0.3935483870967742 0.8292410714285714 0.13118279569892474 0.04017857142857143
3 0.5548387096774193 0.8292410714285714 0.13118279569892474 0.04017857142857143
3 0.7161290322580646 0.8292410714285714 0.13118279569892474 0.04017857142857143
3 0.3279569892473118 0.08705357142857142 0.024193548387096774 0.022321428571428572
3 0.3634408602150538 0.08705357142857142 0.026881720430107527 0.022321428571428572
3 0.410752688172043 0.08705357142857142 0.04838709677419355 0.022321428571428572
3 0.45376344086021503 0.08705357142857142 0.01881720430107527 0.022321428571428572
3 0.48494623655913977 0.08705357142857142 0.024193548387096774 0.022321428571428572
3 0.5172043010752688 0.08705357142857142 0.020967741935483872 0.022321428571428572
3 0.19086021505376344 0.8370535714285714 0.06182795698924731 0.020089285714285716
3 0.17043010752688173 0.8638392857142857 0.020967741935483872 0.020089285714285716
3 0.19946236559139785 0.890625 0.07849462365591398 0.020089285714285716
3 0.2064516129032258 0.9174107142857143 0.09247311827956989 0.020089285714285716
3 0.19032258064516128 0.9441964285714286 0.06075268817204301 0.020089285714285716
3 0.1967741935483871 0.9709821428571429 0.07311827956989247 0.020089285714285716
3 0.20026881720430106 0.9933035714285714 0.08010752688172043 0.011160714285714286
3 0.23333333333333334 0.8370535714285714 0.016129032258064516 0.020089285714285716
3 0.19032258064516128 0.8638392857142857 0.011827956989247311 0.020089285714285716
3 0.2478494623655914 0.890625 0.011827956989247311 0.020089285714285716
3 0.26021505376344084 0.9174107142857143 0.00967741935483871 0.020089285714285716
3 0.22903225806451613 0.9441964285714286 0.01021505376344086 0.020089285714285716
3 0.23978494623655913 0.9709821428571429 0.007526881720430108 0.020089285714285716
3 0.246505376344086 0.9933035714285714 0.008064516129032258 0.011160714285714286
3 0.1989247311827957 0.0703125 0.06182795698924731 0.022321428571428572
3 0.19462365591397848 0.09151785714285714 0.06182795698924731 0.022321428571428572
3 0.18763440860215053 0.4029017857142857 0.054838709677419356 0.022321428571428572
3 0.2413978494623656 0.4029017857142857 0.032795698924731186 0.022321428571428572