0 0.6005555555555555 0.025404157043879907 0.025555555555555557 0.04503464203233257
0 0.7063888888888888 0.9890300230946882 0.1338888888888889 0.019630484988452657
1 0.7388888888888889 0.026558891454965358 0.18888888888888888 0.04503464203233257
1 0.20333333333333334 0.1905311778290993 0.05333333333333334 0.08083140877598152
1 0.19944444444444445 0.37644341801385683 0.024444444444444446 0.050808314087759814
1 0.4111111111111111 0.663972286374134 0.3711111111111111 0.5404157043879908
1 0.19944444444444445 0.4457274826789838 0.024444444444444446 0.050808314087759814
1 0.19944444444444445 0.5150115473441108 0.024444444444444446 0.050808314087759814
1 0.19944444444444445 0.5842956120092379 0.024444444444444446 0.050808314087759814
1 0.6527777777777778 0.8683602771362586 0.024444444444444446 0.050808314087759814
1 0.215 0.026558891454965358 0.07444444444444444 0.03926096997690531
2 0.44722222222222224 0.025404157043879907 0.3322222222222222 0.04503464203233257
3 0.6794444444444444 0.5773672055427251 0.08055555555555556 0.020785219399538105
3 0.7144444444444444 0.8775981524249422 0.08166666666666667 0.020785219399538105
3 0.19944444444444445 0.394919168591224 0.027777777777777776 0.025404157043879907
3 0.19944444444444445 0.46420323325635104 0.027777777777777776 0.025404157043879907
3 0.19944444444444445 0.5334872979214781 0.027777777777777776 0.025404157043879907
3 0.19944444444444445 0.6027713625866051 0.027777777777777776 0.025404157043879907
3 0.19944444444444445 0.394919168591224 0.027777777777777776 0.025404157043879907
3 0.19944444444444445 0.46420323325635104 0.027777777777777776 0.025404157043879907
3 0.19944444444444445 0.5334872979214781 0.027777777777777776 0.025404157043879907
3 0.19944444444444445 0.6027713625866051 0.027777777777777776 0.025404157043879907
3 0.7172222222222222 0.4491916859122402 0.15611111111111112 0.08660508083140878
3 0.7361111111111112 0.648960739030023 0.16 0.023094688221709007
3 0.7361111111111112 0.6732101616628176 0.16 0.020785219399538105
3 0.735 0.74364896073903 0.16166666666666665 0.023094688221709007
3 0.735 0.7678983833718245 0.16166666666666665 0.020785219399538105
3 0.7144444444444444 0.8568129330254042 0.08166666666666667 0.019630484988452657
3 0.6722222222222223 0.9445727482678984 0.06555555555555556 0.023094688221709007
3 0.3472222222222222 0.08545034642032333 0.025 0.023094688221709007
3 0.3838888888888889 0.08545034642032333 0.027777777777777776 0.023094688221709007
3 0.43277777777777776 0.08545034642032333 0.05 0.023094688221709007
3 0.4772222222222222 0.08545034642032333 0.019444444444444445 0.023094688221709007
3 0.5094444444444445 0.08545034642032333 0.025 0.023094688221709007
3 0.5427777777777778 0.08545034642032333 0.021666666666666667 0.023094688221709007
3 0.21388888888888888 0.06812933025404157 0.06388888888888888 0.023094688221709007
3 0.20944444444444443 0.09006928406466513 0.06388888888888888 0.023094688221709007
3 0.285 0.2979214780600462 0.06388888888888888 0.016166281755196306
3 0.3611111111111111 0.2979214780600462 0.06777777777777778 0.016166281755196306
3 0.43833333333333335 0.2979214780600462 0.0661111111111111 0.016166281755196306