0 0.5791891891891892 0.017937219730941704 0.025405405405405406 0.03587443946188341
1 0.7137837837837838 0.018497757847533634 0.18432432432432433 0.03699551569506727
1 0.20405405405405405 0.017376681614349777 0.07297297297297298 0.034753363228699555
2 0.43 0.017937219730941704 0.3237837837837838 0.03587443946188341
3 0.1945945945945946 0.3542600896860987 0.06486486486486487 0.04035874439461883
3 0.1945945945945946 0.4316143497757848 0.06486486486486487 0.06053811659192825
3 0.5313513513513514 0.3542600896860987 0.5589189189189189 0.06726457399103139
3 0.1945945945945946 0.6199551569506726 0.06486486486486487 0.04035874439461883
3 0.1945945945945946 0.6771300448430493 0.06486486486486487 0.020179372197309416
3 0.5313513513513514 0.6580717488789237 0.5589189189189189 0.13452914798206278
3 0.1945945945945946 0.8878923766816144 0.06486486486486487 0.04035874439461883
3 0.1945945945945946 0.945067264573991 0.06486486486486487 0.020179372197309416
3 0.4864864864864865 0.17376681614349776 0.6486486486486487 0.04596412556053812
3 0.5313513513513514 0.28139013452914796 0.5589189189189189 0.034753363228699555
3 0.5313513513513514 0.5515695067264574 0.5589189189189189 0.034753363228699555
3 0.5313513513513514 0.8150224215246636 0.5589189189189189 0.034753363228699555
3 0.3318918918918919 0.07174887892376682 0.024324324324324326 0.02242152466367713
3 0.3675675675675676 0.07174887892376682 0.02702702702702703 0.02242152466367713
3 0.4151351351351351 0.07174887892376682 0.04864864864864865 0.02242152466367713
3 0.4589189189189189 0.07174887892376682 0.01891891891891892 0.02242152466367713
3 0.49027027027027026 0.07174887892376682 0.024324324324324326 0.02242152466367713
3 0.5221621621621622 0.07174887892376682 0.02108108108108108 0.02242152466367713
3 0.20270270270270271 0.05493273542600897 0.062162162162162166 0.02242152466367713
3 0.19837837837837838 0.07623318385650224 0.062162162162162166 0.02242152466367713