0 0.6002702702702702 0.016255605381165918 0.025405405405405406 0.032511210762331835
0 0.7508108108108108 0.1860986547085202 0.06108108108108108 0.01569506726457399
1 0.7348648648648649 0.016816143497757848 0.18432432432432433 0.033632286995515695
1 0.3989189189189189 0.34080717488789236 0.08648648648648649 0.17937219730941703
1 0.3989189189189189 0.5661434977578476 0.08648648648648649 0.17937219730941703
1 0.3989189189189189 0.7914798206278026 0.08648648648648649 0.17937219730941703
1 0.22513513513513514 0.01569506726457399 0.07297297297297298 0.03139013452914798
2 0.4510810810810811 0.016255605381165918 0.3237837837837838 0.032511210762331835
2 0.4735135135135135 0.010089686098654708 0.0075675675675675675 0.01569506726457399
3 0.5251351351351351 0.013452914798206279 0.12702702702702703 0.026905829596412557
3 0.47621621621621624 0.3486547085201794 0.042702702702702704 0.021300448430493273
3 0.6243243243243243 0.5134529147982063 0.3389189189189189 0.01569506726457399
3 0.47621621621621624 0.5896860986547086 0.042702702702702704 0.021300448430493273
3 0.47621621621621624 0.7993273542600897 0.042702702702702704 0.021300448430493273
3 0.5305405405405406 0.011210762331838564 0.10108108108108108 0.02242152466367713
3 0.5305405405405406 0.011210762331838564 0.10108108108108108 0.02242152466367713
3 0.26 0.26121076233183854 0.15027027027027026 0.06726457399103139
3 0.6243243243243243 0.265695067264574 0.3389189189189189 0.02914798206278027
3 0.6243243243243243 0.4910313901345291 0.3389189189189189 0.02914798206278027
3 0.6243243243243243 0.7163677130044843 0.3389189189189189 0.02914798206278027
3 0.6243243243243243 0.9417040358744395 0.3389189189189189 0.02914798206278027
3 0.3535135135135135 0.06838565022421525 0.024324324324324326 0.02242152466367713
3 0.3891891891891892 0.06838565022421525 0.02702702702702703 0.02242152466367713
3 0.43675675675675674 0.06838565022421525 0.04864864864864865 0.02242152466367713
3 0.48 0.06838565022421525 0.01891891891891892 0.02242152466367713
3 0.5113513513513513 0.06838565022421525 0.024324324324324326 0.02242152466367713
3 0.5437837837837838 0.06838565022421525 0.02108108108108108 0.02242152466367713
3 0.22 0.5762331838565022 0.07027027027027027 0.020179372197309416
3 0.1945945945945946 0.6636771300448431 0.01945945945945946 0.020179372197309416
3 0.20324324324324325 0.7511210762331838 0.036756756756756756 0.020179372197309416
3 0.22864864864864864 0.7780269058295964 0.08810810810810811 0.020179372197309416
3 0.20162162162162162 0.8654708520179372 0.03351351351351351 0.020179372197309416
3 0.20216216216216215 0.9798206278026906 0.03513513513513514 0.020179372197309416
3 0.2654054054054054 0.5762331838565022 0.015675675675675675 0.020179372197309416
3 0.21405405405405406 0.6636771300448431 0.014054054054054054 0.020179372197309416
3 0.23405405405405405 0.7511210762331838 0.02 0.020179372197309416
3 0.28486486486486484 0.7780269058295964 0.01891891891891892 0.020179372197309416
3 0.23243243243243245 0.8654708520179372 0.02216216216216216 0.020179372197309416
3 0.21567567567567567 0.8923766816143498 0.01027027027027027 0.020179372197309416
3 0.23027027027027028 0.9798206278026906 0.015675675675675675 0.020179372197309416
3 0.22378378378378377 0.0515695067264574 0.062162162162162166 0.02242152466367713
3 0.21945945945945947 0.07286995515695067 0.062162162162162166 0.02242152466367713
3 0.21567567567567567 0.17600896860986548 0.062162162162162166 0.02242152466367713
3 0.29243243243243244 0.17600896860986548 0.07027027027027027 0.02242152466367713
3 0.23243243243243245 0.1984304932735426 0.0745945945945946 0.02242152466367713