0 0.5693820224719102 0.012850467289719626 0.026404494382022473 0.02570093457943925
0 0.7258426966292135 0.18574766355140188 0.06348314606741573 0.016355140186915886
0 0.6140449438202247 0.8691588785046729 0.029213483146067417 0.030373831775700934
1 0.7092696629213483 0.013434579439252336 0.19157303370786516 0.026869158878504672
1 0.3601123595505618 0.3469626168224299 0.0898876404494382 0.18691588785046728
1 0.3601123595505618 0.5817757009345794 0.0898876404494382 0.18691588785046728
1 0.3601123595505618 0.8165887850467289 0.0898876404494382 0.18691588785046728
1 0.17949438202247192 0.012266355140186916 0.07584269662921349 0.02453271028037383
2 0.4143258426966292 0.012850467289719626 0.3365168539325843 0.02570093457943925
2 0.44185393258426964 0.005841121495327103 0.008426966292134831 0.011682242990654205
3 0.4926966292134832 0.009929906542056074 0.12808988764044943 0.01985981308411215
3 0.451123595505618 0.35514018691588783 0.06573033707865168 0.02219626168224299
3 0.4404494382022472 0.5899532710280374 0.044382022471910115 0.02219626168224299
3 0.5943820224719101 0.8037383177570093 0.35224719101123597 0.016355140186915886
3 0.451123595505618 0.883177570093458 0.06573033707865168 0.02219626168224299
3 0.5870786516853933 0.8691588785046729 0.020224719101123594 0.02102803738317757
3 0.5943820224719101 0.9935747663551402 0.35280898876404493 0.010514018691588784
3 0.498314606741573 0.007593457943925234 0.10112359550561797 0.015186915887850467
3 0.498314606741573 0.007593457943925234 0.10112359550561797 0.015186915887850467
3 0.2157303370786517 0.22313084112149534 0.15617977528089888 0.035046728971962614
3 0.5943820224719101 0.26869158878504673 0.35224719101123597 0.030373831775700934
3 0.5943820224719101 0.5035046728971962 0.35224719101123597 0.030373831775700934
3 0.5943820224719101 0.780373831775701 0.35224719101123597 0.030373831775700934
3 0.5943820224719101 0.9731308411214953 0.35224719101123597 0.030373831775700934
3 0.3129213483146067 0.0630841121495327 0.025280898876404494 0.02336448598130841
3 0.35 0.0630841121495327 0.028089887640449437 0.02336448598130841
3 0.399438202247191 0.0630841121495327 0.05056179775280899 0.02336448598130841
3 0.4443820224719101 0.0630841121495327 0.019662921348314606 0.02336448598130841
3 0.47696629213483144 0.0630841121495327 0.025280898876404494 0.02336448598130841
3 0.5106741573033707 0.0630841121495327 0.021910112359550562 0.02336448598130841
3 0.17415730337078653 0.5338785046728972 0.07303370786516854 0.02102803738317757
3 0.19157303370786516 0.625 0.10786516853932585 0.02102803738317757
3 0.1544943820224719 0.6530373831775701 0.034269662921348316 0.02102803738317757
3 0.1556179775280899 0.6810747663551402 0.035955056179775284 0.02102803738317757
3 0.17752808988764046 0.7091121495327103 0.08033707865168539 0.02102803738317757
3 0.15056179775280898 0.7371495327102804 0.026404494382022473 0.02102803738317757
3 0.17640449438202246 0.7651869158878505 0.07752808988764046 0.02102803738317757
3 0.18146067415730338 0.7932242990654206 0.08764044943820225 0.02102803738317757
3 0.1702247191011236 0.8212616822429907 0.06573033707865168 0.02102803738317757
3 0.17752808988764046 0.8492990654205608 0.08033707865168539 0.02102803738317757
3 0.14775280898876406 0.9719626168224299 0.020224719101123594 0.02102803738317757
3 0.22415730337078651 0.5338785046728972 0.021348314606741574 0.02102803738317757
3 0.25786516853932584 0.625 0.019101123595505618 0.02102803738317757
3 0.18483146067415732 0.6530373831775701 0.019662921348314606 0.02102803738317757
3 0.18707865168539325 0.6810747663551402 0.021910112359550562 0.02102803738317757
3 0.23202247191011235 0.7091121495327103 0.02247191011235955 0.02102803738317757
3 0.17752808988764046 0.7371495327102804 0.021348314606741574 0.02102803738317757
3 0.2292134831460674 0.7651869158878505 0.02247191011235955 0.02102803738317757
3 0.2398876404494382 0.7932242990654206 0.023033707865168538 0.02102803738317757
3 0.21741573033707864 0.8212616822429907 0.02247191011235955 0.02102803738317757
3 0.23202247191011235 0.8492990654205608 0.023033707865168538 0.02102803738317757
3 0.17247191011235954 0.9719626168224299 0.024157303370786518 0.02102803738317757
3 0.17808988764044945 0.0455607476635514 0.06460674157303371 0.02336448598130841
3 0.17359550561797754 0.06775700934579439 0.06460674157303371 0.02336448598130841
3 0.1696629213483146 0.17523364485981308 0.06460674157303371 0.02336448598130841