0 0.5947513812154697 0.00974770642201835 0.025966850828729283 0.0194954128440367
0 0.1994475138121547 0.3463302752293578 0.011049723756906077 0.022935779816513763
0 0.2585635359116022 0.8692660550458715 0.013259668508287293 0.027522935779816515
0 0.7486187845303868 0.17660550458715596 0.062430939226519336 0.016055045871559634
1 0.7323204419889503 0.010321100917431193 0.18839779005524862 0.020642201834862386
1 0.3889502762430939 0.3348623853211009 0.08839779005524862 0.1834862385321101
1 0.3889502762430939 0.5653669724770642 0.08839779005524862 0.1834862385321101
1 0.3889502762430939 0.7958715596330275 0.08839779005524862 0.1834862385321101
1 0.21132596685082872 0.009174311926605505 0.07458563535911603 0.01834862385321101
2 0.44226519337016573 0.00974770642201835 0.330939226519337 0.0194954128440367
2 0.48535911602209947 0.0028669724770642203 0.008287292817679558 0.005733944954128441
2 0.1867403314917127 0.8669724770642202 0.03425414364640884 0.028669724770642203
2 0.23093922651933702 0.8669724770642202 0.03425414364640884 0.028669724770642203
3 0.5279005524861878 0.006880733944954129 0.10994475138121547 0.013761467889908258
3 0.46795580110497237 0.34288990825688076 0.04364640883977901 0.021788990825688075
3 0.46795580110497237 0.573394495412844 0.04364640883977901 0.021788990825688075
3 0.6193370165745856 0.7419724770642202 0.34640883977900555 0.016055045871559634
3 0.46795580110497237 0.819954128440367 0.04364640883977901 0.021788990825688075
3 0.5334254143646409 0.0045871559633027525 0.08342541436464089 0.009174311926605505
3 0.1867403314917127 0.8692660550458715 0.03314917127071823 0.03555045871559633
3 0.23093922651933702 0.8692660550458715 0.03314917127071823 0.03555045871559633
3 0.5334254143646409 0.0045871559633027525 0.08342541436464089 0.009174311926605505
3 0.1867403314917127 0.8692660550458715 0.03314917127071823 0.03555045871559633
3 0.23093922651933702 0.8692660550458715 0.03314917127071823 0.03555045871559633
3 0.24696132596685083 0.25344036697247707 0.15359116022099448 0.06880733944954129
3 0.6193370165745856 0.2580275229357798 0.34640883977900555 0.02981651376146789
3 0.6193370165745856 0.48853211009174313 0.34640883977900555 0.02981651376146789
3 0.6193370165745856 0.7190366972477065 0.34640883977900555 0.02981651376146789
3 0.6193370165745856 0.9873853211009175 0.3469613259668508 0.022935779816513763
3 0.3425414364640884 0.05619266055045872 0.024861878453038673 0.022935779816513763
3 0.37900552486187844 0.05619266055045872 0.027624309392265192 0.022935779816513763
3 0.4276243093922652 0.05619266055045872 0.049723756906077346 0.022935779816513763
3 0.4718232044198895 0.05619266055045872 0.019337016574585635 0.022935779816513763
3 0.5038674033149171 0.05619266055045872 0.024861878453038673 0.022935779816513763
3 0.5370165745856353 0.05619266055045872 0.02154696132596685 0.022935779816513763
3 0.20607734806629835 0.6353211009174312 0.0718232044198895 0.020642201834862386
3 0.1994475138121547 0.7247706422018348 0.05856353591160221 0.020642201834862386
3 0.1878453038674033 0.7522935779816514 0.03535911602209945 0.020642201834862386
3 0.18176795580110497 0.7798165137614679 0.023204419889502764 0.020642201834862386
3 0.18729281767955802 0.8073394495412844 0.034806629834254144 0.020642201834862386
3 0.19392265193370165 0.8348623853211009 0.04806629834254143 0.020642201834862386
3 0.18011049723756906 0.9655963302752294 0.019889502762430938 0.020642201834862386
3 0.25082872928176797 0.6353211009174312 0.012154696132596685 0.020642201834862386
3 0.23867403314917127 0.7247706422018348 0.014364640883977901 0.020642201834862386
3 0.2154696132596685 0.7522935779816514 0.014917127071823204 0.020642201834862386
3 0.20441988950276244 0.7798165137614679 0.016574585635359115 0.020642201834862386
3 0.2143646408839779 0.8073394495412844 0.012154696132596685 0.020642201834862386
3 0.22707182320441988 0.8348623853211009 0.01270718232044199 0.020642201834862386
3 0.2 0.9655963302752294 0.014364640883977901 0.020642201834862386
3 0.20994475138121546 0.0389908256880734 0.06353591160220995 0.022935779816513763
3 0.20552486187845304 0.06077981651376147 0.06353591160220995 0.022935779816513763
3 0.20165745856353592 0.16628440366972477 0.06353591160220995 0.022935779816513763
3 0.23812154696132598 0.17775229357798164 0.13591160220994475 0.045871559633027525
3 0.22983425414364642 0.18922018348623854 0.05580110497237569 0.022935779816513763