0 0.1646067415730337 0.31542056074766356 0.011235955056179775 0.02336448598130841
0 0.2247191011235955 0.8481308411214953 0.01348314606741573 0.028037383177570093
0 0.7230337078651685 0.1425233644859813 0.06348314606741573 0.016355140186915886
1 0.35730337078651686 0.3037383177570093 0.0898876404494382 0.18691588785046728
1 0.35730337078651686 0.5385514018691588 0.0898876404494382 0.18691588785046728
1 0.35730337078651686 0.7733644859813084 0.0898876404494382 0.18691588785046728
2 0.15168539325842698 0.8457943925233645 0.0348314606741573 0.029205607476635514
2 0.19662921348314608 0.8457943925233645 0.0348314606741573 0.029205607476635514
3 0.43764044943820224 0.3119158878504673 0.044382022471910115 0.02219626168224299
3 0.43764044943820224 0.5467289719626168 0.044382022471910115 0.02219626168224299
3 0.5915730337078652 0.7184579439252337 0.35224719101123597 0.016355140186915886
3 0.43764044943820224 0.7978971962616822 0.044382022471910115 0.02219626168224299
3 0.15168539325842698 0.8481308411214953 0.033707865168539325 0.036214953271028034
3 0.19662921348314608 0.8481308411214953 0.033707865168539325 0.036214953271028034
3 0.15168539325842698 0.8481308411214953 0.033707865168539325 0.036214953271028034
3 0.19662921348314608 0.8481308411214953 0.033707865168539325 0.036214953271028034
3 0.21292134831460674 0.2207943925233645 0.15617977528089888 0.07009345794392523
3 0.5915730337078652 0.22546728971962618 0.35224719101123597 0.030373831775700934
3 0.5915730337078652 0.4602803738317757 0.35224719101123597 0.030373831775700934
3 0.5915730337078652 0.6950934579439252 0.35224719101123597 0.030373831775700934
3 0.5915730337078652 0.9719626168224299 0.35224719101123597 0.030373831775700934
3 0.3101123595505618 0.01985981308411215 0.025280898876404494 0.02336448598130841
3 0.3471910112359551 0.01985981308411215 0.028089887640449437 0.02336448598130841
3 0.39662921348314606 0.01985981308411215 0.05056179775280899 0.02336448598130841
3 0.44157303370786516 0.01985981308411215 0.019662921348314606 0.02336448598130841
3 0.47415730337078654 0.01985981308411215 0.025280898876404494 0.02336448598130841
3 0.5078651685393258 0.01985981308411215 0.021910112359550562 0.02336448598130841
3 0.17134831460674158 0.6098130841121495 0.07303370786516854 0.02102803738317757
3 0.1646067415730337 0.7009345794392523 0.05955056179775281 0.02102803738317757
3 0.15280898876404495 0.7289719626168224 0.035955056179775284 0.02102803738317757
3 0.14662921348314606 0.7570093457943925 0.02359550561797753 0.02102803738317757
3 0.15224719101123596 0.7850467289719626 0.03539325842696629 0.02102803738317757
3 0.15898876404494383 0.8130841121495327 0.04887640449438202 0.02102803738317757
3 0.1449438202247191 0.9462616822429907 0.020224719101123594 0.02102803738317757
3 0.21685393258426966 0.6098130841121495 0.012359550561797753 0.02102803738317757
3 0.20449438202247192 0.7009345794392523 0.014606741573033709 0.02102803738317757
3 0.18089887640449437 0.7289719626168224 0.015168539325842697 0.02102803738317757
3 0.1696629213483146 0.7570093457943925 0.016853932584269662 0.02102803738317757
3 0.1797752808988764 0.7850467289719626 0.012359550561797753 0.02102803738317757
3 0.19269662921348316 0.8130841121495327 0.012921348314606741 0.02102803738317757
3 0.1651685393258427 0.9462616822429907 0.014606741573033709 0.02102803738317757
3 0.1752808988764045 0.007593457943925234 0.0651685393258427 0.015186915887850467
3 0.1707865168539326 0.02453271028037383 0.06460674157303371 0.02336448598130841
3 0.16685393258426967 0.13200934579439252 0.06460674157303371 0.02336448598130841
3 0.20393258426966293 0.14369158878504673 0.13820224719101123 0.04672897196261682
3 0.19550561797752808 0.15537383177570094 0.056741573033707866 0.02336448598130841