0 0.5896174863387978 0.023809523809523808 0.025136612021857924 0.04421768707482993
0 0.7420765027322405 0.2018140589569161 0.06174863387978142 0.015873015873015872
1 0.7256830601092896 0.024943310657596373 0.18579234972677597 0.04421768707482993
1 0.38633879781420766 0.35827664399092973 0.08743169398907104 0.18140589569160998
1 0.38633879781420766 0.5861678004535147 0.08743169398907104 0.18140589569160998
1 0.38633879781420766 0.8140589569160998 0.08743169398907104 0.18140589569160998
1 0.2103825136612022 0.024943310657596373 0.073224043715847 0.03854875283446712
2 0.4387978142076503 0.023809523809523808 0.326775956284153 0.04421768707482993
2 0.4524590163934426 0.023809523809523808 0.007650273224043716 0.015873015873015872
3 0.5087431693989071 0.024943310657596373 0.1371584699453552 0.02947845804988662
3 0.4644808743169399 0.36621315192743764 0.04316939890710383 0.021541950113378686
3 0.614207650273224 0.5328798185941043 0.34262295081967215 0.015873015873015872
3 0.4644808743169399 0.6099773242630385 0.04316939890710383 0.021541950113378686
3 0.614207650273224 0.7607709750566893 0.34262295081967215 0.015873015873015872
3 0.4644808743169399 0.8378684807256236 0.04316939890710383 0.021541950113378686
3 0.514207650273224 0.023809523809523808 0.11092896174863388 0.022675736961451247
3 0.514207650273224 0.023809523809523808 0.11092896174863388 0.022675736961451247
3 0.2459016393442623 0.25510204081632654 0.15191256830601094 0.06802721088435375
3 0.614207650273224 0.282312925170068 0.34262295081967215 0.02947845804988662
3 0.614207650273224 0.5102040816326531 0.34262295081967215 0.02947845804988662
3 0.614207650273224 0.7380952380952381 0.34262295081967215 0.02947845804988662
3 0.614207650273224 0.9659863945578231 0.34262295081967215 0.02947845804988662
3 0.3404371584699454 0.08276643990929705 0.02459016393442623 0.022675736961451247
3 0.3765027322404372 0.08276643990929705 0.0273224043715847 0.022675736961451247
3 0.4245901639344262 0.08276643990929705 0.04918032786885246 0.022675736961451247
3 0.46830601092896174 0.08276643990929705 0.01912568306010929 0.022675736961451247
3 0.5 0.08276643990929705 0.02459016393442623 0.022675736961451247
3 0.5327868852459017 0.08276643990929705 0.021311475409836064 0.022675736961451247
3 0.20546448087431693 0.5736961451247166 0.07103825136612021 0.02040816326530612
3 0.19726775956284154 0.6621315192743764 0.055191256830601096 0.02040816326530612
3 0.2180327868852459 0.6893424036281179 0.09617486338797815 0.02040816326530612
3 0.17923497267759564 0.7165532879818595 0.01912568306010929 0.02040816326530612
3 0.1825136612021858 0.7437641723356009 0.025683060109289616 0.02040816326530612
3 0.1989071038251366 0.7709750566893424 0.05792349726775956 0.02040816326530612
3 0.2 0.7981859410430839 0.060109289617486336 0.02040816326530612
3 0.1808743169398907 0.8253968253968254 0.02185792349726776 0.02040816326530612
3 0.19781420765027322 0.8526077097505669 0.05573770491803279 0.02040816326530612
3 0.17923497267759564 0.8798185941043084 0.018579234972677595 0.02040816326530612
3 0.17978142076502732 0.9682539682539683 0.019672131147540985 0.02040816326530612
3 0.2540983606557377 0.5736961451247166 0.020765027322404372 0.02040816326530612
3 0.24153005464480876 0.6621315192743764 0.02622950819672131 0.02040816326530612
3 0.2825136612021858 0.6893424036281179 0.0273224043715847 0.02040816326530612
3 0.20382513661202187 0.7165532879818595 0.022950819672131147 0.02040816326530612
3 0.20765027322404372 0.7437641723356009 0.018032786885245903 0.02040816326530612
3 0.24262295081967214 0.7709750566893424 0.023497267759562842 0.02040816326530612
3 0.24316939890710382 0.7981859410430839 0.020765027322404372 0.02040816326530612
3 0.20218579234972678 0.8253968253968254 0.015846994535519125 0.02040816326530612
3 0.2355191256830601 0.8526077097505669 0.014754098360655738 0.02040816326530612
3 0.20218579234972678 0.8798185941043084 0.022404371584699455 0.02040816326530612
3 0.20327868852459016 0.9682539682539683 0.02185792349726776 0.02040816326530612
3 0.20928961748633879 0.06575963718820861 0.06284153005464481 0.022675736961451247
3 0.20491803278688525 0.0873015873015873 0.06284153005464481 0.022675736961451247
3 0.2010928961748634 0.19160997732426305 0.06284153005464481 0.022675736961451247