0 0.5752717391304348 0.018623024830699775 0.025543478260869567 0.03724604966139955
0 0.7266304347826087 0.19187358916478556 0.06141304347826087 0.01580135440180587
1 0.7105978260869565 0.019187358916478554 0.18532608695652175 0.03837471783295711
1 0.37282608695652175 0.3476297968397291 0.08695652173913043 0.18058690744920994
1 0.37282608695652175 0.5744920993227991 0.08695652173913043 0.18058690744920994
1 0.37282608695652175 0.801354401805869 0.08695652173913043 0.18058690744920994
1 0.19809782608695653 0.01805869074492099 0.07336956521739131 0.03611738148984198
2 0.42527173913043476 0.018623024830699775 0.32554347826086955 0.03724604966139955
2 0.4940217391304348 0.014672686230248307 0.007608695652173913 0.01580135440180587
3 0.5222826086956521 0.01580135440180587 0.08097826086956522 0.029345372460496615
3 0.4608695652173913 0.3961625282167043 0.06358695652173912 0.02144469525959368
3 0.45054347826086955 0.6038374717832957 0.042934782608695654 0.02144469525959368
3 0.45054347826086955 0.809255079006772 0.042934782608695654 0.02144469525959368
3 0.5277173913043478 0.014672686230248307 0.05489130434782609 0.022573363431151242
3 0.5277173913043478 0.014672686230248307 0.05489130434782609 0.022573363431151242
3 0.23315217391304346 0.2505643340857788 0.15108695652173912 0.033860045146726865
3 0.5994565217391304 0.3126410835214447 0.3407608695652174 0.029345372460496615
3 0.5994565217391304 0.49887133182844245 0.3407608695652174 0.029345372460496615
3 0.5994565217391304 0.7257336343115124 0.3407608695652174 0.029345372460496615
3 0.5994565217391304 0.9525959367945824 0.3407608695652174 0.029345372460496615
3 0.32717391304347826 0.07336343115124154 0.024456521739130436 0.022573363431151242
3 0.3630434782608696 0.07336343115124154 0.02717391304347826 0.022573363431151242
3 0.4108695652173913 0.07336343115124154 0.04891304347826087 0.022573363431151242
3 0.4543478260869565 0.07336343115124154 0.019021739130434784 0.022573363431151242
3 0.48586956521739133 0.07336343115124154 0.024456521739130436 0.022573363431151242
3 0.5184782608695652 0.07336343115124154 0.021195652173913043 0.022573363431151242
3 0.19293478260869565 0.5507900677200903 0.07065217391304347 0.020316027088036117
3 0.16793478260869565 0.6388261851015802 0.020652173913043477 0.020316027088036117
3 0.17282608695652174 0.6659142212189616 0.03097826086956522 0.020316027088036117
3 0.18315217391304348 0.6930022573363431 0.051086956521739134 0.020316027088036117
3 0.16956521739130434 0.7200902934537246 0.024456521739130436 0.020316027088036117
3 0.17282608695652174 0.7471783295711061 0.030434782608695653 0.020316027088036117
3 0.1733695652173913 0.7742663656884876 0.03152173913043478 0.020316027088036117
3 0.16902173913043478 0.801354401805869 0.02282608695652174 0.020316027088036117
3 0.16630434782608697 0.8284424379232506 0.017391304347826087 0.020316027088036117
3 0.175 0.8555304740406321 0.035326086956521736 0.020316027088036117
3 0.1673913043478261 0.9740406320541761 0.01956521739130435 0.020316027088036117
3 0.23695652173913043 0.5507900677200903 0.011956521739130435 0.020316027088036117
3 0.18804347826086956 0.6388261851015802 0.013043478260869565 0.020316027088036117
3 0.1967391304347826 0.6659142212189616 0.010326086956521738 0.020316027088036117
3 0.21793478260869564 0.6930022573363431 0.0125 0.020316027088036117
3 0.1907608695652174 0.7200902934537246 0.011956521739130435 0.020316027088036117
3 0.1967391304347826 0.7471783295711061 0.011956521739130435 0.020316027088036117
3 0.1983695652173913 0.7742663656884876 0.011956521739130435 0.020316027088036117
3 0.18804347826086956 0.801354401805869 0.010326086956521738 0.020316027088036117
3 0.18206521739130435 0.8284424379232506 0.00923913043478261 0.020316027088036117
3 0.20054347826086957 0.8555304740406321 0.009782608695652175 0.020316027088036117
3 0.1875 0.9740406320541761 0.01576086956521739 0.020316027088036117
3 0.1967391304347826 0.056433408577878104 0.0625 0.022573363431151242
3 0.1923913043478261 0.07787810383747178 0.0625 0.022573363431151242
3 0.18858695652173912 0.18171557562076748 0.0625 0.022573363431151242
3 0.22771739130434782 0.1930022573363431 0.14021739130434782 0.045146726862302484