0 0.7309392265193371 0.1628440366972477 0.062430939226519336 0.016055045871559634
1 0.3712707182320442 0.3211009174311927 0.08839779005524862 0.1834862385321101
1 0.3712707182320442 0.551605504587156 0.08839779005524862 0.1834862385321101
1 0.3712707182320442 0.7821100917431193 0.08839779005524862 0.1834862385321101
3 0.4607734806629834 0.3704128440366973 0.06464088397790055 0.021788990825688075
3 0.45027624309392267 0.5814220183486238 0.04364640883977901 0.021788990825688075
3 0.45027624309392267 0.7901376146788991 0.04364640883977901 0.021788990825688075
3 0.2292817679558011 0.22247706422018348 0.15359116022099448 0.034403669724770644
3 0.6016574585635359 0.2855504587155963 0.34640883977900555 0.02981651376146789
3 0.6016574585635359 0.47477064220183485 0.34640883977900555 0.02981651376146789
3 0.6016574585635359 0.7052752293577982 0.34640883977900555 0.02981651376146789
3 0.6016574585635359 0.9357798165137615 0.34640883977900555 0.02981651376146789
3 0.32486187845303865 0.04243119266055046 0.024861878453038673 0.022935779816513763
3 0.36132596685082874 0.04243119266055046 0.027624309392265192 0.022935779816513763
3 0.40994475138121544 0.04243119266055046 0.049723756906077346 0.022935779816513763
3 0.45414364640883975 0.04243119266055046 0.019337016574585635 0.022935779816513763
3 0.4861878453038674 0.04243119266055046 0.024861878453038673 0.022935779816513763
3 0.5193370165745856 0.04243119266055046 0.02154696132596685 0.022935779816513763
3 0.18839779005524862 0.5275229357798165 0.0718232044198895 0.020642201834862386
3 0.16298342541436464 0.6169724770642202 0.020994475138121547 0.020642201834862386
3 0.16795580110497238 0.6444954128440367 0.03149171270718232 0.020642201834862386
3 0.17845303867403314 0.6720183486238532 0.051933701657458566 0.020642201834862386
3 0.16464088397790055 0.6995412844036697 0.024861878453038673 0.020642201834862386
3 0.16795580110497238 0.7270642201834863 0.030939226519337018 0.020642201834862386
3 0.1685082872928177 0.7545871559633027 0.032044198895027624 0.020642201834862386
3 0.16408839779005524 0.7821100917431193 0.023204419889502764 0.020642201834862386
3 0.16132596685082873 0.8096330275229358 0.017679558011049725 0.020642201834862386
3 0.17016574585635358 0.8371559633027523 0.03591160220994475 0.020642201834862386
3 0.16243093922651933 0.9575688073394495 0.019889502762430938 0.020642201834862386
3 0.23314917127071824 0.5275229357798165 0.012154696132596685 0.020642201834862386
3 0.18342541436464088 0.6169724770642202 0.013259668508287293 0.020642201834862386
3 0.19226519337016573 0.6444954128440367 0.010497237569060774 0.020642201834862386
3 0.2138121546961326 0.6720183486238532 0.01270718232044199 0.020642201834862386
3 0.1861878453038674 0.6995412844036697 0.012154696132596685 0.020642201834862386
3 0.19226519337016573 0.7270642201834863 0.012154696132596685 0.020642201834862386
3 0.19392265193370165 0.7545871559633027 0.012154696132596685 0.020642201834862386
3 0.18342541436464088 0.7821100917431193 0.010497237569060774 0.020642201834862386
3 0.17734806629834254 0.8096330275229358 0.009392265193370166 0.020642201834862386
3 0.19613259668508287 0.8371559633027523 0.009944751381215469 0.020642201834862386
3 0.18287292817679557 0.9575688073394495 0.016022099447513812 0.020642201834862386
3 0.19226519337016573 0.02522935779816514 0.06353591160220995 0.022935779816513763
3 0.1878453038674033 0.047018348623853214 0.06353591160220995 0.022935779816513763
3 0.1839779005524862 0.15252293577981652 0.06353591160220995 0.022935779816513763
3 0.22375690607734808 0.16399082568807338 0.1425414364640884 0.045871559633027525