0 0.5679347826086957 0.02708803611738149 0.025 0.04401805869074492
0 0.7195652173913043 0.20428893905191872 0.06141304347826087 0.01580135440180587
1 0.7032608695652174 0.028216704288939052 0.18478260869565216 0.04401805869074492
1 0.3657608695652174 0.3600451467268623 0.08695652173913043 0.18058690744920994
1 0.3657608695652174 0.5869074492099323 0.08695652173913043 0.18058690744920994
1 0.3657608695652174 0.8137697516930023 0.08695652173913043 0.18058690744920994
1 0.1907608695652174 0.028216704288939052 0.07282608695652174 0.03837471783295711
2 0.41793478260869565 0.02708803611738149 0.325 0.04401805869074492
2 0.48695652173913045 0.02708803611738149 0.007608695652173913 0.01580135440180587
3 0.5152173913043478 0.028216704288939052 0.08097826086956522 0.029345372460496615
3 0.453804347826087 0.40857787810383744 0.06358695652173912 0.02144469525959368
3 0.4434782608695652 0.6162528216704289 0.042934782608695654 0.02144469525959368
3 0.4434782608695652 0.8216704288939052 0.042934782608695654 0.02144469525959368
3 0.5206521739130435 0.02708803611738149 0.05489130434782609 0.022573363431151242
3 0.5206521739130435 0.02708803611738149 0.05489130434782609 0.022573363431151242
3 0.22608695652173913 0.26297968397291194 0.15108695652173912 0.033860045146726865
3 0.592391304347826 0.32505643340857787 0.3407608695652174 0.029345372460496615
3 0.592391304347826 0.5112866817155757 0.3407608695652174 0.029345372460496615
3 0.592391304347826 0.7381489841986456 0.3407608695652174 0.029345372460496615
3 0.592391304347826 0.9650112866817155 0.3407608695652174 0.029345372460496615
3 0.3201086956521739 0.08577878103837472 0.024456521739130436 0.022573363431151242
3 0.35597826086956524 0.08577878103837472 0.02717391304347826 0.022573363431151242
3 0.40380434782608693 0.08577878103837472 0.04891304347826087 0.022573363431151242
3 0.4472826086956522 0.08577878103837472 0.019021739130434784 0.022573363431151242
3 0.47880434782608694 0.08577878103837472 0.024456521739130436 0.022573363431151242
3 0.5114130434782609 0.08577878103837472 0.021195652173913043 0.022573363431151242
3 0.1858695652173913 0.5632054176072234 0.07065217391304347 0.020316027088036117
3 0.1608695652173913 0.6512415349887133 0.020652173913043477 0.020316027088036117
3 0.16576086956521738 0.6783295711060948 0.03097826086956522 0.020316027088036117
3 0.17608695652173914 0.7054176072234764 0.051086956521739134 0.020316027088036117
3 0.1625 0.7325056433408578 0.024456521739130436 0.020316027088036117
3 0.16576086956521738 0.7595936794582393 0.030434782608695653 0.020316027088036117
3 0.16630434782608697 0.7866817155756207 0.03152173913043478 0.020316027088036117
3 0.16195652173913044 0.8137697516930023 0.02282608695652174 0.020316027088036117
3 0.1592391304347826 0.8408577878103838 0.017391304347826087 0.020316027088036117
3 0.16793478260869565 0.8679458239277652 0.035326086956521736 0.020316027088036117
3 0.16032608695652173 0.9864559819413092 0.01956521739130435 0.020316027088036117
3 0.2298913043478261 0.5632054176072234 0.011956521739130435 0.020316027088036117
3 0.18097826086956523 0.6512415349887133 0.013043478260869565 0.020316027088036117
3 0.18967391304347825 0.6783295711060948 0.010326086956521738 0.020316027088036117
3 0.2108695652173913 0.7054176072234764 0.0125 0.020316027088036117
3 0.18369565217391304 0.7325056433408578 0.011956521739130435 0.020316027088036117
3 0.18967391304347825 0.7595936794582393 0.011956521739130435 0.020316027088036117
3 0.19130434782608696 0.7866817155756207 0.011956521739130435 0.020316027088036117
3 0.18097826086956523 0.8137697516930023 0.010326086956521738 0.020316027088036117
3 0.175 0.8408577878103838 0.00923913043478261 0.020316027088036117
3 0.1934782608695652 0.8679458239277652 0.009782608695652175 0.020316027088036117
3 0.18043478260869567 0.9864559819413092 0.01576086956521739 0.020316027088036117
3 0.18967391304347825 0.06884875846501129 0.0625 0.022573363431151242
3 0.18532608695652175 0.09029345372460497 0.0625 0.022573363431151242
3 0.1815217391304348 0.19413092550790068 0.0625 0.022573363431151242
3 0.22065217391304348 0.2054176072234763 0.14021739130434782 0.045146726862302484