0 0.582010582010582 0.027472527472527472 0.02433862433862434 0.04285714285714286
0 0.7296296296296296 0.16373626373626374 0.059788359788359786 0.015384615384615385
1 0.7137566137566138 0.02857142857142857 0.17989417989417988 0.04285714285714286
1 0.3851851851851852 0.3153846153846154 0.08465608465608465 0.17582417582417584
1 0.3851851851851852 0.5362637362637362 0.08465608465608465 0.17582417582417584
1 0.3851851851851852 0.7571428571428571 0.08465608465608465 0.17582417582417584
1 0.21481481481481482 0.02857142857142857 0.07089947089947089 0.03736263736263736
2 0.43597883597883597 0.027472527472527472 0.3164021164021164 0.04285714285714286
2 0.4650793650793651 0.027472527472527472 0.007407407407407408 0.015384615384615385
3 0.5116402116402117 0.02857142857142857 0.11693121693121693 0.02857142857142857
3 0.46084656084656084 0.3626373626373626 0.0417989417989418 0.020879120879120878
3 0.46084656084656084 0.5439560439560439 0.0417989417989418 0.020879120879120878
3 0.46084656084656084 0.7648351648351648 0.0417989417989418 0.020879120879120878
3 0.46084656084656084 0.9857142857142858 0.0417989417989418 0.020879120879120878
3 0.5169312169312169 0.027472527472527472 0.09153439153439154 0.02197802197802198
3 0.5169312169312169 0.027472527472527472 0.09153439153439154 0.02197802197802198
3 0.2492063492063492 0.22087912087912087 0.14708994708994708 0.03296703296703297
3 0.6058201058201058 0.2813186813186813 0.33174603174603173 0.02857142857142857
3 0.6058201058201058 0.46263736263736266 0.33174603174603173 0.02857142857142857
3 0.6058201058201058 0.6835164835164835 0.33174603174603173 0.02857142857142857
3 0.6058201058201058 0.9043956043956044 0.33174603174603173 0.02857142857142857
3 0.34074074074074073 0.08461538461538462 0.023809523809523808 0.02197802197802198
3 0.37566137566137564 0.08461538461538462 0.026455026455026454 0.02197802197802198
3 0.4222222222222222 0.08461538461538462 0.047619047619047616 0.02197802197802198
3 0.46455026455026455 0.08461538461538462 0.018518518518518517 0.02197802197802198
3 0.49523809523809526 0.08461538461538462 0.023809523809523808 0.02197802197802198
3 0.526984126984127 0.08461538461538462 0.020634920634920634 0.02197802197802198
3 0.21005291005291005 0.5131868131868131 0.06878306878306878 0.01978021978021978
3 0.18518518518518517 0.5989010989010989 0.01904761904761905 0.01978021978021978
3 0.19365079365079366 0.6846153846153846 0.03597883597883598 0.01978021978021978
3 0.21851851851851853 0.710989010989011 0.08624338624338625 0.01978021978021978
3 0.19206349206349208 0.7967032967032966 0.0328042328042328 0.01978021978021978
3 0.1925925925925926 0.9087912087912088 0.03439153439153439 0.01978021978021978
3 0.1865079365079365 0.9917582417582418 0.021693121693121695 0.014285714285714285
3 0.2529100529100529 0.5131868131868131 0.01164021164021164 0.01978021978021978
3 0.20423280423280424 0.5989010989010989 0.013756613756613757 0.01978021978021978
3 0.2216931216931217 0.6846153846153846 0.015343915343915344 0.01978021978021978
3 0.2724867724867725 0.710989010989011 0.015873015873015872 0.01978021978021978
3 0.2201058201058201 0.7967032967032966 0.01746031746031746 0.01978021978021978
3 0.20687830687830688 0.823076923076923 0.01216931216931217 0.01978021978021978
3 0.22063492063492063 0.9087912087912088 0.015873015873015872 0.01978021978021978
3 0.20846560846560847 0.9917582417582418 0.01798941798941799 0.014285714285714285
3 0.21375661375661376 0.06813186813186813 0.06084656084656084 0.02197802197802198
3 0.20952380952380953 0.08901098901098901 0.06084656084656084 0.02197802197802198
3 0.20582010582010582 0.15384615384615385 0.06084656084656084 0.02197802197802198
3 0.24391534391534392 0.16483516483516483 0.1365079365079365 0.04395604395604396
3 0.25502645502645505 0.17582417582417584 0.0656084656084656 0.02197802197802198