0 0.5791666666666667 0.011547344110854504 0.026111111111111113 0.023094688221709007
0 0.7338888888888889 0.14318706697459585 0.06277777777777778 0.016166281755196306
1 0.7175 0.01212471131639723 0.18944444444444444 0.02424942263279446
1 0.37222222222222223 0.302540415704388 0.08888888888888889 0.18475750577367206
1 0.37222222222222223 0.5346420323325635 0.08888888888888889 0.18475750577367206
1 0.37222222222222223 0.766743648960739 0.08888888888888889 0.18475750577367206
1 0.19361111111111112 0.010969976905311778 0.075 0.021939953810623556
2 0.42583333333333334 0.011547344110854504 0.3327777777777778 0.023094688221709007
2 0.4563888888888889 0.004618937644341801 0.008333333333333333 0.009237875288683603
3 0.505 0.008660508083140877 0.12333333333333334 0.017321016166281754
3 0.6038888888888889 0.24826789838337182 0.34833333333333333 0.016166281755196306
3 0.4622222222222222 0.32678983833718245 0.065 0.021939953810623556
3 0.6038888888888889 0.48036951501154734 0.34833333333333333 0.016166281755196306
3 0.45166666666666666 0.558891454965358 0.04388888888888889 0.021939953810623556
3 0.4711111111111111 0.8163972286374134 0.08277777777777778 0.021939953810623556
3 0.6038888888888889 0.9445727482678984 0.34833333333333333 0.016166281755196306
3 0.5105555555555555 0.006351039260969977 0.09666666666666666 0.012702078521939953
3 0.5105555555555555 0.006351039260969977 0.09666666666666666 0.012702078521939953
3 0.22944444444444445 0.20323325635103925 0.15444444444444444 0.03464203233256351
3 0.6038888888888889 0.2251732101616628 0.34833333333333333 0.03002309468822171
3 0.6038888888888889 0.45727482678983833 0.34833333333333333 0.03002309468822171
3 0.6038888888888889 0.73094688221709 0.34833333333333333 0.03002309468822171
3 0.6038888888888889 0.9214780600461894 0.34833333333333333 0.03002309468822171
3 0.32555555555555554 0.06004618937644342 0.025 0.023094688221709007
3 0.3622222222222222 0.06004618937644342 0.027777777777777776 0.023094688221709007
3 0.4111111111111111 0.06004618937644342 0.05 0.023094688221709007
3 0.45555555555555555 0.06004618937644342 0.019444444444444445 0.023094688221709007
3 0.48777777777777775 0.06004618937644342 0.025 0.023094688221709007
3 0.5211111111111111 0.06004618937644342 0.021666666666666667 0.023094688221709007
3 0.18833333333333332 0.5103926096997691 0.07222222222222222 0.020785219399538105
3 0.1622222222222222 0.6004618937644342 0.02 0.020785219399538105
3 0.1711111111111111 0.6905311778290993 0.03777777777777778 0.020785219399538105
3 0.19722222222222222 0.7182448036951501 0.09055555555555556 0.020785219399538105
3 0.16944444444444445 0.8083140877598153 0.034444444444444444 0.020785219399538105
3 0.17 0.9260969976905312 0.03611111111111111 0.020785219399538105
3 0.23444444444444446 0.5103926096997691 0.014444444444444444 0.020785219399538105
3 0.185 0.6004618937644342 0.020555555555555556 0.020785219399538105
3 0.2 0.6905311778290993 0.015 0.020785219399538105
3 0.2561111111111111 0.7182448036951501 0.021111111111111112 0.020785219399538105
3 0.20055555555555554 0.8083140877598153 0.021111111111111112 0.020785219399538105
3 0.18388888888888888 0.836027713625866 0.01 0.020785219399538105
3 0.1988888888888889 0.9260969976905312 0.01611111111111111 0.020785219399538105
3 0.1922222222222222 0.042725173210161664 0.06388888888888888 0.023094688221709007
3 0.18777777777777777 0.06466512702078522 0.06388888888888888 0.023094688221709007
3 0.18388888888888888 0.13279445727482678 0.06388888888888888 0.023094688221709007
3 0.2238888888888889 0.14434180138568128 0.14333333333333334 0.046189376443418015
3 0.23555555555555555 0.1558891454965358 0.06888888888888889 0.023094688221709007