0 0.5884408602150538 0.017857142857142856 0.025268817204301075 0.03571428571428571
0 0.7381720430107527 0.15178571428571427 0.06075268817204301 0.015625
1 0.7223118279569892 0.018415178571428572 0.18333333333333332 0.036830357142857144
1 0.3881720430107527 0.30580357142857145 0.08602150537634409 0.17857142857142858
1 0.3881720430107527 0.5301339285714286 0.08602150537634409 0.17857142857142858
1 0.3881720430107527 0.7544642857142857 0.08602150537634409 0.17857142857142858
1 0.2153225806451613 0.017299107142857144 0.07258064516129033 0.03459821428571429
2 0.4400537634408602 0.017857142857142856 0.32204301075268815 0.03571428571428571
2 0.4693548387096774 0.013392857142857142 0.007526881720430108 0.015625
3 0.5166666666666667 0.014508928571428572 0.11881720430107527 0.029017857142857144
3 0.6123655913978494 0.2533482142857143 0.3370967741935484 0.015625
3 0.4752688172043011 0.32924107142857145 0.06290322580645161 0.021205357142857144
3 0.6123655913978494 0.47767857142857145 0.3370967741935484 0.015625
3 0.4650537634408602 0.5535714285714286 0.04247311827956989 0.021205357142857144
3 0.4838709677419355 0.8024553571428571 0.08010752688172043 0.021205357142857144
3 0.6123655913978494 0.9263392857142857 0.3370967741935484 0.015625
3 0.4752688172043011 0.9949776785714286 0.06344086021505377 0.0078125
3 0.5220430107526882 0.013392857142857142 0.09301075268817205 0.022321428571428572
3 0.5220430107526882 0.013392857142857142 0.09301075268817205 0.022321428571428572
3 0.25 0.20982142857142858 0.14946236559139786 0.033482142857142856
3 0.6123655913978494 0.23102678571428573 0.3370967741935484 0.029017857142857144
3 0.6123655913978494 0.45535714285714285 0.3370967741935484 0.029017857142857144
3 0.6123655913978494 0.7198660714285714 0.3370967741935484 0.029017857142857144
3 0.6123655913978494 0.9040178571428571 0.3370967741935484 0.029017857142857144
3 0.34301075268817205 0.07142857142857142 0.024193548387096774 0.022321428571428572
3 0.37849462365591396 0.07142857142857142 0.026881720430107527 0.022321428571428572
3 0.4258064516129032 0.07142857142857142 0.04838709677419355 0.022321428571428572
3 0.46881720430107526 0.07142857142857142 0.01881720430107527 0.022321428571428572
3 0.5 0.07142857142857142 0.024193548387096774 0.022321428571428572
3 0.532258064516129 0.07142857142857142 0.020967741935483872 0.022321428571428572
3 0.21021505376344085 0.5066964285714286 0.06989247311827956 0.020089285714285716
3 0.18494623655913978 0.59375 0.01935483870967742 0.020089285714285716
3 0.1935483870967742 0.6808035714285714 0.03655913978494624 0.020089285714285716
3 0.21881720430107526 0.7075892857142857 0.08763440860215053 0.020089285714285716
3 0.19193548387096773 0.7946428571428571 0.03333333333333333 0.020089285714285716
3 0.1924731182795699 0.9084821428571429 0.03494623655913978 0.020089285714285716
3 0.18629032258064515 0.9921875 0.02204301075268817 0.013392857142857142
3 0.25483870967741934 0.5066964285714286 0.013978494623655914 0.020089285714285716
3 0.20698924731182797 0.59375 0.01989247311827957 0.020089285714285716
3 0.221505376344086 0.6808035714285714 0.014516129032258065 0.020089285714285716
3 0.27580645161290324 0.7075892857142857 0.02043010752688172 0.020089285714285716
3 0.22204301075268817 0.7946428571428571 0.02043010752688172 0.020089285714285716
3 0.20591397849462365 0.8214285714285714 0.00967741935483871 0.020089285714285716
3 0.22043010752688172 0.9084821428571429 0.015591397849462365 0.020089285714285716
3 0.21021505376344085 0.9921875 0.021505376344086023 0.013392857142857142
3 0.21397849462365592 0.0546875 0.06182795698924731 0.022321428571428572
3 0.20967741935483872 0.07589285714285714 0.06182795698924731 0.022321428571428572
3 0.20591397849462365 0.14174107142857142 0.06182795698924731 0.022321428571428572
3 0.2446236559139785 0.15290178571428573 0.13870967741935483 0.044642857142857144
3 0.25591397849462366 0.1640625 0.06666666666666667 0.022321428571428572