0 0.5827225130890052 0.02826086956521739 0.024083769633507852 0.042391304347826085
1 0.7130890052356021 0.029347826086956522 0.17801047120418848 0.042391304347826085
1 0.20471204188481676 0.24891304347826088 0.023036649214659685 0.04782608695652174
1 0.4041884816753927 0.5195652173913043 0.34973821989528797 0.508695652173913
1 0.631413612565445 0.8021739130434783 0.019895287958115182 0.041304347826086954
1 0.6596858638743456 0.8010869565217391 0.020942408376963352 0.043478260869565216
1 0.2193717277486911 0.029347826086956522 0.07015706806282722 0.03695652173913044
2 0.4382198952879581 0.02826086956521739 0.31308900523560207 0.042391304347826085
3 0.6570680628272252 0.45760869565217394 0.07591623036649214 0.01956521739130435
3 0.7026178010471205 0.7554347826086957 0.16649214659685863 0.02282608695652174
3 0.6717277486910995 0.8989130434782608 0.10471204188481675 0.01956521739130435
3 0.20471204188481676 0.266304347826087 0.02617801047120419 0.02391304347826087
3 0.20471204188481676 0.266304347826087 0.02617801047120419 0.02391304347826087
3 0.6926701570680628 0.3173913043478261 0.14712041884816754 0.08152173913043478
3 0.7104712041884816 0.525 0.15078534031413612 0.021739130434782608
3 0.7104712041884816 0.5478260869565217 0.15078534031413612 0.01956521739130435
3 0.7104712041884816 0.5695652173913044 0.15078534031413612 0.01956521739130435
3 0.7104712041884816 0.591304347826087 0.15078534031413612 0.01956521739130435
3 0.7094240837696335 0.657608695652174 0.15235602094240838 0.021739130434782608
3 0.7094240837696335 0.6804347826086956 0.15235602094240838 0.01956521739130435
3 0.6717277486910995 0.8793478260869565 0.10471204188481675 0.01847826086956522
3 0.650261780104712 0.9543478260869566 0.061780104712041886 0.021739130434782608
3 0.34397905759162306 0.08478260869565217 0.02356020942408377 0.021739130434782608
3 0.3785340314136126 0.08478260869565217 0.02617801047120419 0.021739130434782608
3 0.4246073298429319 0.08478260869565217 0.04712041884816754 0.021739130434782608
3 0.4664921465968586 0.08478260869565217 0.01832460732984293 0.021739130434782608
3 0.4968586387434555 0.08478260869565217 0.02356020942408377 0.021739130434782608
3 0.5282722513089005 0.08478260869565217 0.020418848167539267 0.021739130434782608
3 0.21832460732984293 0.06847826086956521 0.060209424083769635 0.021739130434782608
3 0.21413612565445025 0.0891304347826087 0.060209424083769635 0.021739130434782608
3 0.2769633507853403 0.18043478260869567 0.060209424083769635 0.015217391304347827
3 0.3680628272251309 0.18043478260869567 0.10314136125654451 0.015217391304347827
3 0.44345549738219897 0.18043478260869567 0.027225130890052355 0.015217391304347827