0 0.6024861878453038 0.00974770642201835 0.025966850828729283 0.0194954128440367
1 0.7400552486187846 0.010321100917431193 0.18839779005524862 0.020642201834862386
1 0.20331491712707184 0.22935779816513763 0.02430939226519337 0.05045871559633028
1 0.4138121546961326 0.5149082568807339 0.36906077348066296 0.536697247706422
1 0.6535911602209945 0.8130733944954128 0.020994475138121547 0.04357798165137615
1 0.6834254143646409 0.8119266055045872 0.022099447513812154 0.045871559633027525
1 0.219060773480663 0.009174311926605505 0.07458563535911603 0.01834862385321101
2 0.45 0.00974770642201835 0.330939226519337 0.0194954128440367
3 0.6806629834254143 0.44954128440366975 0.08011049723756906 0.020642201834862386
3 0.7287292817679558 0.7637614678899083 0.17569060773480663 0.02408256880733945
3 0.6961325966850829 0.9151376146788991 0.11049723756906077 0.020642201834862386
3 0.20331491712707184 0.24770642201834864 0.027624309392265192 0.02522935779816514
3 0.20331491712707184 0.24770642201834864 0.027624309392265192 0.02522935779816514
3 0.7182320441988951 0.30160550458715596 0.1552486187845304 0.0860091743119266
3 0.7370165745856354 0.5206422018348624 0.1591160220994475 0.022935779816513763
3 0.7370165745856354 0.5447247706422018 0.1591160220994475 0.020642201834862386
3 0.7370165745856354 0.5676605504587156 0.1591160220994475 0.020642201834862386
3 0.7370165745856354 0.5905963302752294 0.1591160220994475 0.020642201834862386
3 0.7359116022099448 0.6605504587155964 0.16077348066298341 0.022935779816513763
3 0.7359116022099448 0.6846330275229358 0.16077348066298341 0.020642201834862386
3 0.6961325966850829 0.8944954128440367 0.11049723756906077 0.0194954128440367
3 0.6734806629834255 0.9736238532110092 0.06519337016574586 0.022935779816513763
3 0.35027624309392263 0.05619266055045872 0.024861878453038673 0.022935779816513763
3 0.3867403314917127 0.05619266055045872 0.027624309392265192 0.022935779816513763
3 0.4353591160220994 0.05619266055045872 0.049723756906077346 0.022935779816513763
3 0.47955801104972373 0.05619266055045872 0.019337016574585635 0.022935779816513763
3 0.5116022099447514 0.05619266055045872 0.024861878453038673 0.022935779816513763
3 0.5447513812154696 0.05619266055045872 0.02154696132596685 0.022935779816513763
3 0.2176795580110497 0.0389908256880734 0.06353591160220995 0.022935779816513763
3 0.2132596685082873 0.06077981651376147 0.06353591160220995 0.022935779816513763
3 0.2795580110497238 0.15711009174311927 0.06353591160220995 0.016055045871559634
3 0.3756906077348066 0.15711009174311927 0.10883977900552486 0.016055045871559634
3 0.4552486187845304 0.15711009174311927 0.028729281767955802 0.016055045871559634