1 0.204233409610984 0.19358669833729217 0.02517162471395881 0.052256532066508314
1 0.42219679633867274 0.48931116389548696 0.38215102974828374 0.5558194774346793
1 0.204233409610984 0.2648456057007126 0.02517162471395881 0.052256532066508314
1 0.6704805491990846 0.8266033254156769 0.02288329519450801 0.047505938242280284
1 0.7013729977116705 0.827790973871734 0.021739130434782608 0.04513064133016627
3 0.698512585812357 0.4513064133016627 0.08295194508009153 0.021377672209026127
3 0.7482837528604119 0.7767220902612827 0.18192219679633867 0.02494061757719715
3 0.7145308924485125 0.9334916864608076 0.11441647597254005 0.021377672209026127
3 0.204233409610984 0.21258907363420426 0.028604118993135013 0.026128266033254157
3 0.204233409610984 0.2838479809976247 0.028604118993135013 0.026128266033254157
3 0.204233409610984 0.21258907363420426 0.028604118993135013 0.026128266033254157
3 0.204233409610984 0.2838479809976247 0.028604118993135013 0.026128266033254157
3 0.7374141876430206 0.2684085510688836 0.16075514874141877 0.08907363420427554
3 0.7568649885583524 0.5249406175771971 0.16475972540045766 0.023752969121140142
3 0.7568649885583524 0.5498812351543944 0.16475972540045766 0.021377672209026127
3 0.7568649885583524 0.5736342042755345 0.16475972540045766 0.021377672209026127
3 0.7568649885583524 0.5973871733966746 0.16475972540045766 0.021377672209026127
3 0.755720823798627 0.669833729216152 0.16647597254004576 0.023752969121140142
3 0.755720823798627 0.6947743467933492 0.16647597254004576 0.021377672209026127
3 0.7145308924485125 0.9121140142517815 0.11441647597254005 0.020190023752969122
3 0.6913615560640732 0.9904988123515439 0.06807780320366133 0.0166270783847981
3 0.35640732265446223 0.014251781472684086 0.02574370709382151 0.023752969121140142
3 0.39416475972540044 0.014251781472684086 0.028604118993135013 0.023752969121140142
3 0.44450800915331806 0.014251781472684086 0.05148741418764302 0.023752969121140142
3 0.4902745995423341 0.014251781472684086 0.02002288329519451 0.023752969121140142
3 0.5234553775743707 0.014251781472684086 0.02574370709382151 0.023752969121140142
3 0.5577803203661327 0.014251781472684086 0.02231121281464531 0.023752969121140142
3 0.21910755148741418 0.004750593824228029 0.06636155606407322 0.009501187648456057
3 0.2145308924485126 0.019002375296912115 0.06578947368421052 0.023752969121140142
3 0.2831807780320366 0.1187648456057007 0.06578947368421052 0.0166270783847981
3 0.38272311212814647 0.1187648456057007 0.11270022883295194 0.0166270783847981
3 0.4776887871853547 0.1187648456057007 0.055491990846681924 0.0166270783847981