0 0.6055811277330264 0.020933014354066987 0.02704257767548907 0.041866028708133975
1 0.748849252013809 0.0215311004784689 0.1962025316455696 0.0430622009569378
1 0.189873417721519 0.2607655502392344 0.02531645569620253 0.05263157894736842
1 0.4090909090909091 0.5586124401913876 0.38434982738780205 0.5598086124401914
1 0.189873417721519 0.33253588516746413 0.02531645569620253 0.05263157894736842
1 0.6588032220943614 0.8983253588516746 0.023014959723820484 0.04784688995215311
1 0.689873417721519 0.8995215311004785 0.02186421173762946 0.045454545454545456
1 0.20627157652474107 0.02033492822966507 0.07767548906789414 0.04066985645933014
2 0.44677790563866515 0.020933014354066987 0.34464902186421176 0.041866028708133975
3 0.6869965477560415 0.5203349282296651 0.08342922899884925 0.0215311004784689
3 0.737054085155351 0.8480861244019139 0.18296892980437285 0.025119617224880382
3 0.189873417721519 0.2799043062200957 0.028768699654775604 0.02631578947368421
3 0.189873417721519 0.35167464114832536 0.028768699654775604 0.02631578947368421
3 0.189873417721519 0.2799043062200957 0.028768699654775604 0.02631578947368421
3 0.189873417721519 0.35167464114832536 0.028768699654775604 0.02631578947368421
3 0.7261219792865362 0.3361244019138756 0.1616800920598389 0.08971291866028708
3 0.7456846950517837 0.5944976076555024 0.16570771001150747 0.023923444976076555
3 0.7456846950517837 0.6196172248803827 0.16570771001150747 0.0215311004784689
3 0.7456846950517837 0.6435406698564593 0.16570771001150747 0.0215311004784689
3 0.7456846950517837 0.6674641148325359 0.16570771001150747 0.0215311004784689
3 0.7445339470655926 0.7404306220095693 0.167433831990794 0.023923444976076555
3 0.7445339470655926 0.7655502392344498 0.167433831990794 0.0215311004784689
3 0.7031070195627158 0.9844497607655502 0.11507479861910241 0.02033492822966507
3 0.3429228998849252 0.08014354066985646 0.025891829689298044 0.023923444976076555
3 0.380897583429229 0.08014354066985646 0.028768699654775604 0.023923444976076555
3 0.4315304948216341 0.08014354066985646 0.05178365937859609 0.023923444976076555
3 0.47756041426927504 0.08014354066985646 0.020138089758342925 0.023923444976076555
3 0.5109321058688148 0.08014354066985646 0.025891829689298044 0.023923444976076555
3 0.5454545454545454 0.08014354066985646 0.02243958573072497 0.023923444976076555
3 0.2048331415420023 0.06220095693779904 0.0661680092059839 0.023923444976076555
3 0.2002301495972382 0.08492822966507177 0.0661680092059839 0.023923444976076555
3 0.26927502876869963 0.1854066985645933 0.0661680092059839 0.01674641148325359
3 0.3693901035673188 0.1854066985645933 0.11334867663981588 0.01674641148325359
3 0.46490218642117376 0.1854066985645933 0.05581127733026467 0.01674641148325359