0 0.5818918918918919 0.017937219730941704 0.025405405405405406 0.03587443946188341
0 0.7324324324324324 0.15246636771300448 0.06108108108108108 0.01569506726457399
1 0.7164864864864865 0.018497757847533634 0.18432432432432433 0.03699551569506727
1 0.38054054054054054 0.3071748878923767 0.08648648648648649 0.17937219730941703
1 0.38054054054054054 0.5325112107623319 0.08648648648648649 0.17937219730941703
1 0.38054054054054054 0.757847533632287 0.08648648648648649 0.17937219730941703
1 0.20675675675675675 0.017376681614349777 0.07297297297297298 0.034753363228699555
2 0.4327027027027027 0.017937219730941704 0.3237837837837838 0.03587443946188341
2 0.46216216216216216 0.013452914798206279 0.0075675675675675675 0.01569506726457399
3 0.5097297297297297 0.014573991031390135 0.11945945945945946 0.02914798206278027
3 0.605945945945946 0.25448430493273544 0.3389189189189189 0.01569506726457399
3 0.4681081081081081 0.3307174887892377 0.06324324324324325 0.021300448430493273
3 0.605945945945946 0.4798206278026906 0.3389189189189189 0.01569506726457399
3 0.4578378378378378 0.5560538116591929 0.042702702702702704 0.021300448430493273
3 0.47675675675675677 0.8060538116591929 0.08054054054054054 0.021300448430493273
3 0.605945945945946 0.9304932735426009 0.3389189189189189 0.01569506726457399
3 0.5151351351351351 0.013452914798206279 0.09351351351351352 0.02242152466367713
3 0.5151351351351351 0.013452914798206279 0.09351351351351352 0.02242152466367713
3 0.24162162162162162 0.21076233183856502 0.15027027027027026 0.033632286995515695
3 0.605945945945946 0.2320627802690583 0.3389189189189189 0.02914798206278027
3 0.605945945945946 0.45739910313901344 0.3389189189189189 0.02914798206278027
3 0.605945945945946 0.7230941704035875 0.3389189189189189 0.02914798206278027
3 0.605945945945946 0.9080717488789237 0.3389189189189189 0.02914798206278027
3 0.33513513513513515 0.07174887892376682 0.024324324324324326 0.02242152466367713
3 0.3708108108108108 0.07174887892376682 0.02702702702702703 0.02242152466367713
3 0.4183783783783784 0.07174887892376682 0.04864864864864865 0.02242152466367713
3 0.4616216216216216 0.07174887892376682 0.01891891891891892 0.02242152466367713
3 0.492972972972973 0.07174887892376682 0.024324324324324326 0.02242152466367713
3 0.5254054054054054 0.07174887892376682 0.02108108108108108 0.02242152466367713
3 0.20162162162162162 0.5089686098654709 0.07027027027027027 0.020179372197309416
3 0.17621621621621622 0.5964125560538116 0.01945945945945946 0.020179372197309416
3 0.18486486486486486 0.6838565022421524 0.036756756756756756 0.020179372197309416
3 0.21027027027027026 0.7107623318385651 0.08810810810810811 0.020179372197309416
3 0.18324324324324323 0.7982062780269058 0.03351351351351351 0.020179372197309416
3 0.1837837837837838 0.9125560538116592 0.03513513513513514 0.020179372197309416
3 0.17756756756756756 0.9943946188340808 0.02216216216216216 0.008968609865470852
3 0.2464864864864865 0.5089686098654709 0.014054054054054054 0.020179372197309416
3 0.1989189189189189 0.5964125560538116 0.02054054054054054 0.020179372197309416
3 0.21297297297297296 0.6838565022421524 0.014594594594594595 0.020179372197309416
3 0.267027027027027 0.7107623318385651 0.02 0.020179372197309416
3 0.21351351351351353 0.7982062780269058 0.02054054054054054 0.020179372197309416
3 0.19837837837837838 0.8251121076233184 0.011891891891891892 0.020179372197309416
3 0.2118918918918919 0.9125560538116592 0.015675675675675675 0.020179372197309416
3 0.20054054054054055 0.9943946188340808 0.01945945945945946 0.008968609865470852
3 0.20540540540540542 0.05493273542600897 0.062162162162162166 0.02242152466367713
3 0.20108108108108108 0.07623318385650224 0.062162162162162166 0.02242152466367713
3 0.1972972972972973 0.14237668161434977 0.062162162162162166 0.02242152466367713
3 0.23621621621621622 0.15358744394618834 0.13945945945945945 0.04484304932735426
3 0.24756756756756756 0.1647982062780269 0.06702702702702702 0.02242152466367713