0 0.6046195652173914 0.011851015801354402 0.025543478260869567 0.023702031602708805
0 0.22554347826086957 0.3115124153498871 0.010869565217391304 0.022573363431151242
0 0.7559782608695652 0.17832957110609482 0.06141304347826087 0.01580135440180587
1 0.7399456521739131 0.012415349887133182 0.18532608695652175 0.024830699774266364
1 0.40217391304347827 0.3340857787810384 0.08695652173913043 0.18058690744920994
1 0.40217391304347827 0.5609480812641083 0.08695652173913043 0.18058690744920994
1 0.40217391304347827 0.7878103837471784 0.08695652173913043 0.18058690744920994
1 0.22744565217391305 0.011286681715575621 0.07336956521739131 0.022573363431151242
2 0.45461956521739133 0.011851015801354402 0.32554347826086955 0.023702031602708805
2 0.5236413043478261 0.005079006772009029 0.008152173913043478 0.010158013544018058
3 0.5516304347826086 0.009029345372460496 0.08152173913043478 0.01805869074492099
3 0.4902173913043478 0.34198645598194133 0.06358695652173912 0.02144469525959368
3 0.47989130434782606 0.7957110609480813 0.042934782608695654 0.02144469525959368
3 0.5570652173913043 0.006772009029345372 0.05543478260869565 0.013544018058690745
3 0.5570652173913043 0.006772009029345372 0.05543478260869565 0.013544018058690745
3 0.2625 0.23702031602708803 0.15108695652173912 0.033860045146726865
3 0.628804347826087 0.2584650112866817 0.3407608695652174 0.029345372460496615
3 0.628804347826087 0.5259593679458239 0.3407608695652174 0.029345372460496615
3 0.628804347826087 0.7121896162528216 0.3407608695652174 0.029345372460496615
3 0.628804347826087 0.9390519187358917 0.3407608695652174 0.029345372460496615
3 0.3565217391304348 0.05981941309255079 0.024456521739130436 0.022573363431151242
3 0.3923913043478261 0.05981941309255079 0.02717391304347826 0.022573363431151242
3 0.44021739130434784 0.05981941309255079 0.04891304347826087 0.022573363431151242
3 0.483695652173913 0.05981941309255079 0.019021739130434784 0.022573363431151242
3 0.5152173913043478 0.05981941309255079 0.024456521739130436 0.022573363431151242
3 0.5478260869565217 0.05981941309255079 0.021195652173913043 0.022573363431151242
3 0.1967391304347826 0.5090293453724605 0.01956521739130435 0.020316027088036117
3 0.20543478260869566 0.5970654627539503 0.03695652173913044 0.020316027088036117
3 0.20434782608695654 0.6851015801354402 0.035326086956521736 0.020316027088036117
3 0.19782608695652174 0.7731376975169301 0.021739130434782608 0.020316027088036117
3 0.19782608695652174 0.8002257336343115 0.021739130434782608 0.020316027088036117
3 0.21195652173913043 0.8882618510158014 0.050543478260869565 0.020316027088036117
3 0.21467391304347827 0.9153498871331829 0.05597826086956522 0.020316027088036117
3 0.2190217391304348 0.9424379232505643 0.06467391304347826 0.020316027088036117
3 0.2184782608695652 0.9695259593679458 0.06358695652173912 0.020316027088036117
3 0.2217391304347826 0.9926636568848759 0.07065217391304347 0.012415349887133182
3 0.21304347826086956 0.5090293453724605 0.007608695652173913 0.020316027088036117
3 0.2298913043478261 0.5970654627539503 0.007065217391304348 0.020316027088036117
3 0.22880434782608697 0.6851015801354402 0.008152173913043478 0.020316027088036117
3 0.21793478260869564 0.7731376975169301 0.0125 0.020316027088036117
3 0.21521739130434783 0.8002257336343115 0.007608695652173913 0.020316027088036117
3 0.2451086956521739 0.8882618510158014 0.010326086956521738 0.020316027088036117
3 0.24945652173913044 0.9153498871331829 0.007608695652173913 0.020316027088036117
3 0.25869565217391305 0.9424379232505643 0.007608695652173913 0.020316027088036117
3 0.25706521739130433 0.9695259593679458 0.007608695652173913 0.020316027088036117
3 0.2638586956521739 0.9926636568848759 0.008152173913043478 0.012415349887133182
3 0.22608695652173913 0.04288939051918736 0.0625 0.022573363431151242
3 0.2217391304347826 0.06433408577878104 0.0625 0.022573363431151242
3 0.21793478260869564 0.16817155756207675 0.0625 0.022573363431151242
3 0.25706521739130433 0.17945823927765236 0.14021739130434782 0.045146726862302484
3 0.24891304347826088 0.19074492099322798 0.02826086956521739 0.022573363431151242