0 0.5980978260869565 0.014672686230248307 0.025543478260869567 0.029345372460496615
0 0.2190217391304348 0.31715575620767494 0.010869565217391304 0.022573363431151242
0 0.7494565217391305 0.18397291196388263 0.06141304347826087 0.01580135440180587
1 0.7334239130434783 0.015237020316027089 0.18532608695652175 0.030474040632054177
1 0.39565217391304347 0.3397291196388262 0.08695652173913043 0.18058690744920994
1 0.39565217391304347 0.5665914221218962 0.08695652173913043 0.18058690744920994
1 0.39565217391304347 0.7934537246049661 0.08695652173913043 0.18058690744920994
1 0.22092391304347825 0.014108352144469526 0.07336956521739131 0.028216704288939052
2 0.44809782608695653 0.014672686230248307 0.32554347826086955 0.029345372460496615
2 0.5171195652173913 0.007900677200902935 0.008152173913043478 0.01580135440180587
3 0.5451086956521739 0.011851015801354402 0.08152173913043478 0.023702031602708805
3 0.483695652173913 0.3476297968397291 0.06358695652173912 0.02144469525959368
3 0.4733695652173913 0.801354401805869 0.042934782608695654 0.02144469525959368
3 0.5505434782608696 0.009593679458239277 0.05543478260869565 0.019187358916478554
3 0.5505434782608696 0.009593679458239277 0.05543478260869565 0.019187358916478554
3 0.2559782608695652 0.24266365688487584 0.15108695652173912 0.033860045146726865
3 0.6222826086956522 0.26410835214446954 0.3407608695652174 0.029345372460496615
3 0.6222826086956522 0.5316027088036117 0.3407608695652174 0.029345372460496615
3 0.6222826086956522 0.7178329571106095 0.3407608695652174 0.029345372460496615
3 0.6222826086956522 0.9446952595936795 0.3407608695652174 0.029345372460496615
3 0.35 0.0654627539503386 0.024456521739130436 0.022573363431151242
3 0.3858695652173913 0.0654627539503386 0.02717391304347826 0.022573363431151242
3 0.43369565217391304 0.0654627539503386 0.04891304347826087 0.022573363431151242
3 0.4771739130434783 0.0654627539503386 0.019021739130434784 0.022573363431151242
3 0.508695652173913 0.0654627539503386 0.024456521739130436 0.022573363431151242
3 0.5413043478260869 0.0654627539503386 0.021195652173913043 0.022573363431151242
3 0.19021739130434784 0.5146726862302483 0.01956521739130435 0.020316027088036117
3 0.19891304347826086 0.6027088036117382 0.03695652173913044 0.020316027088036117
3 0.19782608695652174 0.690744920993228 0.035326086956521736 0.020316027088036117
3 0.19130434782608696 0.7787810383747178 0.021739130434782608 0.020316027088036117
3 0.19130434782608696 0.8058690744920993 0.021739130434782608 0.020316027088036117
3 0.20543478260869566 0.8939051918735892 0.050543478260869565 0.020316027088036117
3 0.20815217391304347 0.9209932279909706 0.05597826086956522 0.020316027088036117
3 0.2125 0.9480812641083521 0.06467391304347826 0.020316027088036117
3 0.21195652173913043 0.9751693002257337 0.06358695652173912 0.020316027088036117
3 0.21521739130434783 0.9954853273137697 0.07065217391304347 0.006772009029345372
3 0.20652173913043478 0.5146726862302483 0.007608695652173913 0.020316027088036117
3 0.2233695652173913 0.6027088036117382 0.007065217391304348 0.020316027088036117
3 0.22228260869565217 0.690744920993228 0.008152173913043478 0.020316027088036117
3 0.21141304347826087 0.7787810383747178 0.0125 0.020316027088036117
3 0.20869565217391303 0.8058690744920993 0.007608695652173913 0.020316027088036117
3 0.23858695652173914 0.8939051918735892 0.010326086956521738 0.020316027088036117
3 0.24293478260869567 0.9209932279909706 0.007608695652173913 0.020316027088036117
3 0.25217391304347825 0.9480812641083521 0.007608695652173913 0.020316027088036117
3 0.2505434782608696 0.9751693002257337 0.007608695652173913 0.020316027088036117
3 0.25733695652173916 0.9954853273137697 0.008152173913043478 0.006772009029345372
3 0.21956521739130436 0.04853273137697517 0.0625 0.022573363431151242
3 0.21521739130434783 0.06997742663656885 0.0625 0.022573363431151242
3 0.21141304347826087 0.17381489841986456 0.0625 0.022573363431151242
3 0.2505434782608696 0.18510158013544017 0.14021739130434782 0.045146726862302484
3 0.24239130434782608 0.1963882618510158 0.02826086956521739 0.022573363431151242