0 0.5819148936170213 0.025386313465783666 0.02446808510638298 0.04304635761589404
0 0.7303191489361702 0.1986754966887417 0.0601063829787234 0.01545253863134658
1 0.7143617021276596 0.026490066225165563 0.18085106382978725 0.04304635761589404
1 0.3840425531914894 0.3509933774834437 0.0851063829787234 0.17660044150110377
1 0.3840425531914894 0.5772626931567328 0.0851063829787234 0.17660044150110377
1 0.3840425531914894 0.7991169977924945 0.0851063829787234 0.17660044150110377
1 0.2127659574468085 0.026490066225165563 0.07127659574468086 0.037527593818984545
2 0.4351063829787234 0.025386313465783666 0.3180851063829787 0.04304635761589404
2 0.46914893617021275 0.025386313465783666 0.007446808510638298 0.01545253863134658
3 0.5138297872340426 0.026490066225165563 0.1127659574468085 0.02869757174392936
3 0.4601063829787234 0.4194260485651214 0.04202127659574468 0.02097130242825607
3 0.4601063829787234 0.5849889624724062 0.04202127659574468 0.02097130242825607
3 0.6058510638297873 0.7472406181015453 0.33351063829787236 0.01545253863134658
3 0.4702127659574468 0.8222958057395143 0.06223404255319149 0.02097130242825607
3 0.6058510638297873 0.9690949227373068 0.33351063829787236 0.01545253863134658
3 0.5191489361702127 0.025386313465783666 0.08723404255319149 0.02207505518763797
3 0.5191489361702127 0.025386313465783666 0.08723404255319149 0.02207505518763797
3 0.2473404255319149 0.19426048565121412 0.1478723404255319 0.033112582781456956
3 0.6058510638297873 0.31677704194260486 0.33351063829787236 0.02869757174392936
3 0.6058510638297873 0.5033112582781457 0.33351063829787236 0.02869757174392936
3 0.6058510638297873 0.7251655629139073 0.33351063829787236 0.02869757174392936
3 0.6058510638297873 0.9470198675496688 0.33351063829787236 0.02869757174392936
3 0.3393617021276596 0.08278145695364239 0.023936170212765957 0.02207505518763797
3 0.37446808510638296 0.08278145695364239 0.026595744680851064 0.02207505518763797
3 0.42127659574468085 0.08278145695364239 0.047872340425531915 0.02207505518763797
3 0.46382978723404256 0.08278145695364239 0.018617021276595744 0.02207505518763797
3 0.4946808510638298 0.08278145695364239 0.023936170212765957 0.02207505518763797
3 0.526595744680851 0.08278145695364239 0.02074468085106383 0.02207505518763797
3 0.20797872340425533 0.4878587196467991 0.06914893617021277 0.019867549668874173
3 0.20691489361702128 0.5739514348785872 0.06702127659574468 0.019867549668874173
3 0.21436170212765956 0.6004415011037527 0.08244680851063829 0.019867549668874173
3 0.20851063829787234 0.6269315673289183 0.07074468085106383 0.019867549668874173
3 0.18723404255319148 0.6534216335540839 0.027659574468085105 0.019867549668874173
3 0.20797872340425533 0.6799116997792495 0.06914893617021277 0.019867549668874173
3 0.21968085106382979 0.7064017660044151 0.09308510638297872 0.019867549668874173
3 0.18829787234042553 0.7328918322295805 0.029787234042553193 0.019867549668874173
3 0.21595744680851064 0.7593818984547461 0.08563829787234042 0.019867549668874173
3 0.22180851063829787 0.7858719646799117 0.0973404255319149 0.019867549668874173
3 0.1829787234042553 0.9017660044150111 0.019148936170212766 0.019867549668874173
3 0.19148936170212766 0.9878587196467992 0.036170212765957444 0.019867549668874173
3 0.2579787234042553 0.4878587196467991 0.026063829787234042 0.019867549668874173
3 0.2579787234042553 0.5739514348785872 0.03031914893617021 0.019867549668874173
3 0.2723404255319149 0.6004415011037527 0.028191489361702127 0.019867549668874173
3 0.26063829787234044 0.6269315673289183 0.027659574468085105 0.019867549668874173
3 0.2148936170212766 0.6534216335540839 0.022340425531914895 0.019867549668874173
3 0.2590425531914894 0.6799116997792495 0.027127659574468086 0.019867549668874173
3 0.28138297872340423 0.7064017660044151 0.023936170212765957 0.019867549668874173
3 0.21808510638297873 0.7328918322295805 0.02446808510638298 0.019867549668874173
3 0.2734042553191489 0.7593818984547461 0.023404255319148935 0.019867549668874173
3 0.28617021276595744 0.7858719646799117 0.026063829787234042 0.019867549668874173
3 0.20904255319148937 0.9017660044150111 0.028191489361702127 0.019867549668874173
3 0.2271276595744681 0.9878587196467992 0.03031914893617021 0.019867549668874173
3 0.21170212765957447 0.06622516556291391 0.061170212765957445 0.02207505518763797
3 0.2074468085106383 0.08719646799116998 0.061170212765957445 0.02207505518763797