0 0.5922043010752688 0.020647321428571428 0.025268817204301075 0.041294642857142856
0 0.7419354838709677 0.19419642857142858 0.06075268817204301 0.015625
1 0.7260752688172043 0.021205357142857144 0.18333333333333332 0.04241071428571429
1 0.3919354838709677 0.3482142857142857 0.08602150537634409 0.17857142857142858
1 0.3919354838709677 0.5770089285714286 0.08602150537634409 0.17857142857142858
1 0.3919354838709677 0.8013392857142857 0.08602150537634409 0.17857142857142858
1 0.21881720430107526 0.020089285714285716 0.07204301075268817 0.03794642857142857
2 0.4438172043010753 0.020647321428571428 0.32204301075268815 0.041294642857142856
2 0.47795698924731184 0.018973214285714284 0.007526881720430108 0.015625
3 0.5231182795698924 0.020089285714285716 0.11397849462365592 0.029017857142857144
3 0.46881720430107526 0.4174107142857143 0.04247311827956989 0.021205357142857144
3 0.46881720430107526 0.5848214285714286 0.04247311827956989 0.021205357142857144
3 0.6161290322580645 0.7488839285714286 0.3370967741935484 0.015625
3 0.4790322580645161 0.8247767857142857 0.06290322580645161 0.021205357142857144
3 0.6161290322580645 0.9732142857142857 0.3370967741935484 0.015625
3 0.5284946236559139 0.018973214285714284 0.08817204301075268 0.022321428571428572
3 0.5284946236559139 0.018973214285714284 0.08817204301075268 0.022321428571428572
3 0.2537634408602151 0.18973214285714285 0.14946236559139786 0.033482142857142856
3 0.6161290322580645 0.31361607142857145 0.3370967741935484 0.029017857142857144
3 0.6161290322580645 0.5022321428571429 0.3370967741935484 0.029017857142857144
3 0.6161290322580645 0.7265625 0.3370967741935484 0.029017857142857144
3 0.6161290322580645 0.9508928571428571 0.3370967741935484 0.029017857142857144
3 0.3467741935483871 0.07700892857142858 0.024193548387096774 0.022321428571428572
3 0.38225806451612904 0.07700892857142858 0.026881720430107527 0.022321428571428572
3 0.4295698924731183 0.07700892857142858 0.04838709677419355 0.022321428571428572
3 0.47258064516129034 0.07700892857142858 0.01881720430107527 0.022321428571428572
3 0.5037634408602151 0.07700892857142858 0.024193548387096774 0.022321428571428572
3 0.5360215053763441 0.07700892857142858 0.020967741935483872 0.022321428571428572
3 0.21397849462365592 0.48660714285714285 0.06989247311827956 0.020089285714285716
3 0.2129032258064516 0.5736607142857143 0.06774193548387097 0.020089285714285716
3 0.22043010752688172 0.6004464285714286 0.08333333333333333 0.020089285714285716
3 0.21451612903225806 0.6272321428571429 0.07150537634408602 0.020089285714285716
3 0.19301075268817205 0.6540178571428571 0.02795698924731183 0.020089285714285716
3 0.21397849462365592 0.6808035714285714 0.06989247311827956 0.020089285714285716
3 0.22580645161290322 0.7075892857142857 0.09408602150537634 0.020089285714285716
3 0.19408602150537635 0.734375 0.030107526881720432 0.020089285714285716
3 0.22204301075268817 0.7611607142857143 0.08655913978494624 0.020089285714285716
3 0.22795698924731184 0.7879464285714286 0.09838709677419355 0.020089285714285716
3 0.18870967741935485 0.9051339285714286 0.01935483870967742 0.020089285714285716
3 0.1975806451612903 0.9905133928571429 0.037096774193548385 0.016741071428571428
3 0.2645161290322581 0.48660714285714285 0.026344086021505377 0.020089285714285716
3 0.2645161290322581 0.5736607142857143 0.03064516129032258 0.020089285714285716
3 0.27903225806451615 0.6004464285714286 0.02849462365591398 0.020089285714285716
3 0.2672043010752688 0.6272321428571429 0.02795698924731183 0.020089285714285716
3 0.22096774193548388 0.6540178571428571 0.02258064516129032 0.020089285714285716
3 0.26559139784946234 0.6808035714285714 0.027419354838709678 0.020089285714285716
3 0.28817204301075267 0.7075892857142857 0.024193548387096774 0.020089285714285716
3 0.22419354838709676 0.734375 0.024731182795698924 0.020089285714285716
3 0.2801075268817204 0.7611607142857143 0.023655913978494623 0.020089285714285716
3 0.29301075268817206 0.7879464285714286 0.026344086021505377 0.020089285714285716
3 0.21505376344086022 0.9051339285714286 0.02849462365591398 0.020089285714285716
3 0.23333333333333334 0.9905133928571429 0.03118279569892473 0.016741071428571428
3 0.21774193548387097 0.060267857142857144 0.06182795698924731 0.022321428571428572
3 0.21344086021505376 0.08147321428571429 0.06182795698924731 0.022321428571428572