0 0.5708333333333333 0.021362586605080832 0.026111111111111113 0.042725173210161664
0 0.7255555555555555 0.1628175519630485 0.06277777777777778 0.016166281755196306
0 0.7788888888888889 0.4780600461893764 0.02 0.04157043879907621
1 0.7091666666666666 0.021939953810623556 0.18944444444444444 0.04387990762124711
1 0.3638888888888889 0.32217090069284066 0.08888888888888889 0.18475750577367206
1 0.3638888888888889 0.5542725173210161 0.08888888888888889 0.18475750577367206
1 0.3638888888888889 0.7863741339491916 0.08888888888888889 0.18475750577367206
1 0.185 0.020785219399538105 0.07444444444444444 0.03926096997690531
2 0.4175 0.021362586605080832 0.3327777777777778 0.042725173210161664
2 0.4527777777777778 0.019630484988452657 0.0077777777777777776 0.016166281755196306
3 0.49944444444444447 0.020785219399538105 0.11777777777777777 0.03002309468822171
3 0.44333333333333336 0.3302540415704388 0.04388888888888889 0.021939953810623556
3 0.44333333333333336 0.6039260969976905 0.04388888888888889 0.021939953810623556
3 0.44333333333333336 0.7944572748267898 0.04388888888888889 0.021939953810623556
3 0.505 0.019630484988452657 0.09111111111111111 0.023094688221709007
3 0.505 0.019630484988452657 0.09111111111111111 0.023094688221709007
3 0.22111111111111112 0.1997690531177829 0.15444444444444444 0.03464203233256351
3 0.5955555555555555 0.24480369515011546 0.34833333333333333 0.03002309468822171
3 0.5955555555555555 0.5184757505773672 0.34833333333333333 0.03002309468822171
3 0.5955555555555555 0.7090069284064665 0.34833333333333333 0.03002309468822171
3 0.5955555555555555 0.941108545034642 0.34833333333333333 0.03002309468822171
3 0.31722222222222224 0.07967667436489607 0.025 0.023094688221709007
3 0.35388888888888886 0.07967667436489607 0.027777777777777776 0.023094688221709007
3 0.4027777777777778 0.07967667436489607 0.05 0.023094688221709007
3 0.44722222222222224 0.07967667436489607 0.019444444444444445 0.023094688221709007
3 0.47944444444444445 0.07967667436489607 0.025 0.023094688221709007
3 0.5127777777777778 0.07967667436489607 0.021666666666666667 0.023094688221709007
3 0.18 0.5069284064665127 0.07222222222222222 0.020785219399538105
3 0.17888888888888888 0.5969976905311778 0.07 0.020785219399538105
3 0.18388888888888888 0.6247113163972287 0.08055555555555556 0.020785219399538105
3 0.19444444444444445 0.6524249422632794 0.10166666666666667 0.020785219399538105
3 0.18 0.6801385681293303 0.07222222222222222 0.020785219399538105
3 0.18833333333333332 0.707852193995381 0.08944444444444444 0.020785219399538105
3 0.18055555555555555 0.7355658198614319 0.07388888888888889 0.020785219399538105
3 0.15944444444444444 0.7632794457274826 0.03111111111111111 0.020785219399538105
3 0.18444444444444444 0.7909930715935335 0.08166666666666667 0.020785219399538105
3 0.19833333333333333 0.8187066974595842 0.10944444444444444 0.020785219399538105
3 0.15388888888888888 0.9399538106235565 0.02 0.020785219399538105
3 0.22611111111111112 0.5069284064665127 0.015 0.020785219399538105
3 0.225 0.5969976905311778 0.016666666666666666 0.020785219399538105
3 0.23333333333333334 0.6247113163972287 0.012777777777777779 0.020785219399538105
3 0.25666666666666665 0.6524249422632794 0.016666666666666666 0.020785219399538105
3 0.22777777777777777 0.6801385681293303 0.017222222222222222 0.020785219399538105
3 0.24333333333333335 0.707852193995381 0.014444444444444444 0.020785219399538105
3 0.22722222222222221 0.7355658198614319 0.013888888888888888 0.020785219399538105
3 0.18388888888888888 0.7632794457274826 0.012777777777777779 0.020785219399538105
3 0.23444444444444446 0.7909930715935335 0.011666666666666667 0.020785219399538105
3 0.2627777777777778 0.8187066974595842 0.012222222222222223 0.020785219399538105
3 0.17444444444444446 0.9399538106235565 0.015555555555555555 0.020785219399538105
3 0.18388888888888888 0.06235565819861432 0.06388888888888888 0.023094688221709007
3 0.17944444444444443 0.08429561200923788 0.06388888888888888 0.023094688221709007
3 0.17555555555555555 0.15242494226327943 0.06388888888888888 0.023094688221709007