0 0.7454233409610984 0.11995249406175772 0.06464530892448513 0.0166270783847981
0 0.8003432494279176 0.44418052256532065 0.020594965675057208 0.04275534441805225
1 0.37299771167048057 0.2838479809976247 0.09153318077803203 0.19002375296912113
1 0.37299771167048057 0.5225653206650831 0.09153318077803203 0.19002375296912113
1 0.37299771167048057 0.7612826603325415 0.09153318077803203 0.19002375296912113
3 0.4548054919908467 0.2921615201900237 0.04519450800915332 0.022565320665083134
3 0.4548054919908467 0.5736342042755345 0.04519450800915332 0.022565320665083134
3 0.4548054919908467 0.7695961995249406 0.04519450800915332 0.022565320665083134
3 0.22597254004576658 0.15795724465558195 0.15903890160183065 0.035629453681710214
3 0.6115560640732265 0.2042755344418052 0.358695652173913 0.030878859857482184
3 0.6115560640732265 0.4857482185273159 0.358695652173913 0.030878859857482184
3 0.6115560640732265 0.6817102137767221 0.358695652173913 0.030878859857482184
3 0.6115560640732265 0.9204275534441805 0.358695652173913 0.030878859857482184
3 0.32494279176201374 0.0344418052256532 0.02574370709382151 0.023752969121140142
3 0.36270022883295194 0.0344418052256532 0.028604118993135013 0.023752969121140142
3 0.41304347826086957 0.0344418052256532 0.05148741418764302 0.023752969121140142
3 0.4588100686498856 0.0344418052256532 0.02002288329519451 0.023752969121140142
3 0.4919908466819222 0.0344418052256532 0.02574370709382151 0.023752969121140142
3 0.5263157894736842 0.0344418052256532 0.02231121281464531 0.023752969121140142
3 0.18363844393592677 0.47387173396674587 0.07437070938215103 0.021377672209026127
3 0.18249427917620137 0.5665083135391924 0.07208237986270023 0.021377672209026127
3 0.18764302059496568 0.5950118764845606 0.08295194508009153 0.021377672209026127
3 0.19851258581235698 0.6235154394299287 0.10469107551487414 0.021377672209026127
3 0.18363844393592677 0.6520190023752969 0.07437070938215103 0.021377672209026127
3 0.19221967963386727 0.6805225653206651 0.09210526315789473 0.021377672209026127
3 0.18421052631578946 0.7090261282660333 0.07608695652173914 0.021377672209026127
3 0.16247139588100687 0.7375296912114014 0.032036613272311214 0.021377672209026127
3 0.18821510297482838 0.7660332541567696 0.08409610983981694 0.021377672209026127
3 0.20251716247139587 0.7945368171021377 0.11270022883295194 0.021377672209026127
3 0.15675057208237986 0.9192399049881235 0.020594965675057208 0.021377672209026127
3 0.2311212814645309 0.47387173396674587 0.015446224256292907 0.021377672209026127
3 0.2299771167048055 0.5665083135391924 0.017162471395881007 0.021377672209026127
3 0.238558352402746 0.5950118764845606 0.013157894736842105 0.021377672209026127
3 0.2625858123569794 0.6235154394299287 0.017162471395881007 0.021377672209026127
3 0.232837528604119 0.6520190023752969 0.017734553775743706 0.021377672209026127
3 0.2488558352402746 0.6805225653206651 0.014874141876430207 0.021377672209026127
3 0.2322654462242563 0.7090261282660333 0.014302059496567507 0.021377672209026127
3 0.18764302059496568 0.7375296912114014 0.013157894736842105 0.021377672209026127
3 0.2397025171624714 0.7660332541567696 0.012013729977116704 0.021377672209026127
3 0.26887871853546913 0.7945368171021377 0.012585812356979404 0.021377672209026127
3 0.17791762013729978 0.9192399049881235 0.016018306636155607 0.021377672209026127
3 0.18764302059496568 0.0166270783847981 0.06578947368421052 0.023752969121140142
3 0.18306636155606407 0.039192399049881234 0.06578947368421052 0.023752969121140142
3 0.17906178489702518 0.10926365795724466 0.06578947368421052 0.023752969121140142