0 0.5811475409836065 0.01870748299319728 0.025683060109289616 0.03741496598639456
0 0.19344262295081968 0.42857142857142855 0.01092896174863388 0.022675736961451247
0 0.2366120218579235 0.42857142857142855 0.01092896174863388 0.022675736961451247
0 0.7333333333333333 0.2947845804988662 0.06174863387978142 0.015873015873015872
1 0.7172131147540983 0.01927437641723356 0.18633879781420765 0.03854875283446712
1 0.37759562841530053 0.4512471655328798 0.08743169398907104 0.18140589569160998
1 0.37759562841530053 0.6791383219954649 0.08743169398907104 0.18140589569160998
1 0.37759562841530053 0.9070294784580499 0.08743169398907104 0.18140589569160998
1 0.20191256830601093 0.018140589569160998 0.07377049180327869 0.036281179138321996
2 0.430327868852459 0.01870748299319728 0.3273224043715847 0.03741496598639456
2 0.4448087431693989 0.01473922902494331 0.007650273224043716 0.015873015873015872
3 0.5005464480874317 0.015873015873015872 0.1360655737704918 0.02947845804988662
3 0.46612021857923497 0.5 0.06393442622950819 0.021541950113378686
3 0.46612021857923497 0.6870748299319728 0.06393442622950819 0.021541950113378686
3 0.46612021857923497 0.9149659863945578 0.06393442622950819 0.021541950113378686
3 0.5060109289617486 0.01473922902494331 0.10983606557377049 0.022675736961451247
3 0.5060109289617486 0.01473922902494331 0.10983606557377049 0.022675736961451247
3 0.2371584699453552 0.35374149659863946 0.15191256830601094 0.034013605442176874
3 0.6054644808743169 0.41609977324263037 0.34262295081967215 0.02947845804988662
3 0.6054644808743169 0.6031746031746031 0.34262295081967215 0.02947845804988662
3 0.6054644808743169 0.8310657596371882 0.34262295081967215 0.02947845804988662
3 0.33169398907103825 0.07369614512471655 0.02459016393442623 0.022675736961451247
3 0.36775956284153005 0.07369614512471655 0.0273224043715847 0.022675736961451247
3 0.4158469945355191 0.07369614512471655 0.04918032786885246 0.022675736961451247
3 0.45956284153005467 0.07369614512471655 0.01912568306010929 0.022675736961451247
3 0.4912568306010929 0.07369614512471655 0.02459016393442623 0.022675736961451247
3 0.5240437158469945 0.07369614512471655 0.021311475409836064 0.022675736961451247
3 0.19672131147540983 0.7142857142857143 0.07103825136612021 0.02040816326530612
3 0.17595628415300546 0.8027210884353742 0.029508196721311476 0.02040816326530612
3 0.17759562841530055 0.8299319727891157 0.03333333333333333 0.02040816326530612
3 0.18360655737704917 0.8571428571428571 0.0453551912568306 0.02040816326530612
3 0.17595628415300546 0.8843537414965986 0.030054644808743168 0.02040816326530612
3 0.17595628415300546 0.9115646258503401 0.030054644808743168 0.02040816326530612
3 0.18415300546448088 0.9387755102040817 0.04590163934426229 0.02040816326530612
3 0.17595628415300546 0.9659863945578231 0.029508196721311476 0.02040816326530612
3 0.17896174863387979 0.9909297052154195 0.03551912568306011 0.015873015873015872
3 0.24098360655737705 0.7142857142857143 0.012021857923497269 0.02040816326530612
3 0.20437158469945355 0.8027210884353742 0.02185792349726776 0.02040816326530612
3 0.20928961748633879 0.8299319727891157 0.023497267759562842 0.02040816326530612
3 0.22021857923497268 0.8571428571428571 0.022404371584699455 0.02040816326530612
3 0.20546448087431693 0.8843537414965986 0.022950819672131147 0.02040816326530612
3 0.20437158469945355 0.9115646258503401 0.020218579234972677 0.02040816326530612
3 0.22021857923497268 0.9387755102040817 0.020765027322404372 0.02040816326530612
3 0.20437158469945355 0.9659863945578231 0.021311475409836064 0.02040816326530612
3 0.20737704918032787 0.9909297052154195 0.016939890710382512 0.015873015873015872
3 0.2005464480874317 0.05668934240362812 0.06284153005464481 0.022675736961451247
3 0.19617486338797815 0.0782312925170068 0.06284153005464481 0.022675736961451247
3 0.19672131147540983 0.28458049886621317 0.0715846994535519 0.022675736961451247
3 0.22076502732240438 0.29591836734693877 0.11912568306010929 0.045351473922902494