0 0.5676966292134832 0.02161214953271028 0.026404494382022473 0.04322429906542056
0 0.1691011235955056 0.4462616822429907 0.011235955056179775 0.02336448598130841
0 0.21348314606741572 0.4462616822429907 0.011235955056179775 0.02336448598130841
0 0.7241573033707865 0.308411214953271 0.06348314606741573 0.016355140186915886
1 0.7075842696629213 0.02219626168224299 0.19157303370786516 0.04439252336448598
1 0.35842696629213483 0.4696261682242991 0.0898876404494382 0.18691588785046728
1 0.35842696629213483 0.7044392523364486 0.0898876404494382 0.18691588785046728
1 0.3587078651685393 0.9223130841121495 0.09044943820224718 0.1530373831775701
1 0.17752808988764046 0.02102803738317757 0.07528089887640449 0.0397196261682243
2 0.4126404494382023 0.02161214953271028 0.3365168539325843 0.04322429906542056
2 0.42752808988764046 0.01985981308411215 0.007865168539325843 0.016355140186915886
3 0.4848314606741573 0.02102803738317757 0.1398876404494382 0.030373831775700934
3 0.449438202247191 0.5198598130841121 0.06573033707865168 0.02219626168224299
3 0.449438202247191 0.7126168224299065 0.06573033707865168 0.02219626168224299
3 0.449438202247191 0.947429906542056 0.06573033707865168 0.02219626168224299
3 0.4904494382022472 0.01985981308411215 0.11292134831460675 0.02336448598130841
3 0.4904494382022472 0.01985981308411215 0.11292134831460675 0.02336448598130841
3 0.2140449438202247 0.3691588785046729 0.15617977528089888 0.035046728971962614
3 0.5926966292134831 0.433411214953271 0.35224719101123597 0.030373831775700934
3 0.5926966292134831 0.6261682242990654 0.35224719101123597 0.030373831775700934
3 0.5926966292134831 0.860981308411215 0.35224719101123597 0.030373831775700934
3 0.3112359550561798 0.08060747663551401 0.025280898876404494 0.02336448598130841
3 0.34831460674157305 0.08060747663551401 0.028089887640449437 0.02336448598130841
3 0.39775280898876403 0.08060747663551401 0.05056179775280899 0.02336448598130841
3 0.44269662921348313 0.08060747663551401 0.019662921348314606 0.02336448598130841
3 0.4752808988764045 0.08060747663551401 0.025280898876404494 0.02336448598130841
3 0.5089887640449439 0.08060747663551401 0.021910112359550562 0.02336448598130841
3 0.17247191011235954 0.7406542056074766 0.07303370786516854 0.02102803738317757
3 0.151123595505618 0.8317757009345794 0.030337078651685393 0.02102803738317757
3 0.15280898876404495 0.8598130841121495 0.034269662921348316 0.02102803738317757
3 0.15898876404494383 0.8878504672897196 0.04662921348314607 0.02102803738317757
3 0.151123595505618 0.9158878504672897 0.03089887640449438 0.02102803738317757
3 0.151123595505618 0.9439252336448598 0.03089887640449438 0.02102803738317757
3 0.15955056179775282 0.9719626168224299 0.04719101123595506 0.02102803738317757
3 0.15140449438202247 0.9941588785046729 0.03089887640449438 0.009345794392523364
3 0.21797752808988763 0.7406542056074766 0.012359550561797753 0.02102803738317757
3 0.18033707865168538 0.8317757009345794 0.02247191011235955 0.02102803738317757
3 0.1853932584269663 0.8598130841121495 0.024157303370786518 0.02102803738317757
3 0.19662921348314608 0.8878504672897196 0.023033707865168538 0.02102803738317757
3 0.18146067415730338 0.9158878504672897 0.02359550561797753 0.02102803738317757
3 0.18033707865168538 0.9439252336448598 0.020786516853932586 0.02102803738317757
3 0.19662921348314608 0.9719626168224299 0.021348314606741574 0.02102803738317757
3 0.18033707865168538 0.9941588785046729 0.02247191011235955 0.009345794392523364
3 0.17640449438202246 0.0630841121495327 0.06460674157303371 0.02336448598130841
3 0.17191011235955056 0.0852803738317757 0.06460674157303371 0.02336448598130841
3 0.17247191011235954 0.29789719626168226 0.07359550561797752 0.02336448598130841
3 0.19719101123595506 0.30957943925233644 0.12247191011235956 0.04672897196261682