0 0.15187713310580206 0.41134751773049644 0.011376564277588168 0.02364066193853428
0 0.19681456200227532 0.41134751773049644 0.011376564277588168 0.02364066193853428
0 0.7138794084186576 0.2718676122931442 0.06427758816837315 0.016548463356973995
1 0.3435722411831627 0.43498817966903075 0.09101251422070535 0.18912529550827423
1 0.3435722411831627 0.6725768321513003 0.09101251422070535 0.18912529550827423
1 0.3438566552901024 0.9072104018912529 0.09158134243458475 0.18321513002364065
3 0.43572241183162685 0.4858156028368794 0.06655290102389079 0.022458628841607566
3 0.43572241183162685 0.6808510638297872 0.06655290102389079 0.022458628841607566
3 0.43572241183162685 0.9184397163120568 0.06655290102389079 0.022458628841607566
3 0.19738339021615472 0.3333333333333333 0.15813424345847554 0.03546099290780142
3 0.580773606370876 0.3983451536643026 0.35665529010238906 0.030732860520094562
3 0.580773606370876 0.5933806146572104 0.35665529010238906 0.030732860520094562
3 0.580773606370876 0.8309692671394799 0.35665529010238906 0.030732860520094562
3 0.29579067121729236 0.041371158392434985 0.025597269624573378 0.02364066193853428
3 0.3333333333333333 0.041371158392434985 0.02844141069397042 0.02364066193853428
3 0.3833902161547213 0.041371158392434985 0.051194539249146756 0.02364066193853428
3 0.42889647326507396 0.041371158392434985 0.019908987485779295 0.02364066193853428
3 0.46188850967007966 0.041371158392434985 0.025597269624573378 0.02364066193853428
3 0.4960182025028441 0.041371158392434985 0.02218430034129693 0.02364066193853428
3 0.1552901023890785 0.7092198581560284 0.07394766780432309 0.02127659574468085
3 0.133674630261661 0.8014184397163121 0.030716723549488054 0.02127659574468085
3 0.1353811149032992 0.8297872340425532 0.034698521046643914 0.02127659574468085
3 0.1416382252559727 0.8581560283687943 0.047212741751990896 0.02127659574468085
3 0.133674630261661 0.8865248226950354 0.03128555176336746 0.02127659574468085
3 0.133674630261661 0.9148936170212766 0.03128555176336746 0.02127659574468085
3 0.1422070534698521 0.9432624113475178 0.04778156996587031 0.02127659574468085
3 0.133674630261661 0.9716312056737588 0.030716723549488054 0.02127659574468085
3 0.13680318543799772 0.9940898345153665 0.036973833902161544 0.009456264775413711
3 0.20136518771331058 0.7092198581560284 0.012514220705346985 0.02127659574468085
3 0.1632536973833902 0.8014184397163121 0.022753128555176336 0.02127659574468085
3 0.16837315130830488 0.8297872340425532 0.024459613196814563 0.02127659574468085
3 0.17974971558589306 0.8581560283687943 0.023321956769055744 0.02127659574468085
3 0.16439135381114903 0.8865248226950354 0.023890784982935155 0.02127659574468085
3 0.1632536973833902 0.9148936170212766 0.02104664391353811 0.02127659574468085
3 0.17974971558589306 0.9432624113475178 0.02161547212741752 0.02127659574468085
3 0.1632536973833902 0.9716312056737588 0.02218430034129693 0.02127659574468085
3 0.16638225255972697 0.9940898345153665 0.01763367463026166 0.009456264775413711
3 0.15927189988623436 0.02364066193853428 0.06541524459613197 0.02364066193853428
3 0.1547212741751991 0.04609929078014184 0.06541524459613197 0.02364066193853428
3 0.1552901023890785 0.26122931442080377 0.0745164960182025 0.02364066193853428
3 0.18031854379977247 0.2730496453900709 0.12400455062571103 0.04728132387706856