0 0.597027027027027 0.020739910313901346 0.025405405405405406 0.04147982062780269
1 0.7316216216216216 0.021300448430493273 0.18432432432432433 0.042600896860986545
1 0.5086486486486487 0.29035874439461884 0.86 0.3789237668161435
1 0.22162162162162163 0.020179372197309416 0.07243243243243243 0.03811659192825112
2 0.4478378378378378 0.020739910313901346 0.3237837837837838 0.04147982062780269
3 0.35027027027027025 0.0773542600896861 0.024324324324324326 0.02242152466367713
3 0.38594594594594595 0.0773542600896861 0.02702702702702703 0.02242152466367713
3 0.4335135135135135 0.0773542600896861 0.04864864864864865 0.02242152466367713
3 0.47675675675675677 0.0773542600896861 0.01891891891891892 0.02242152466367713
3 0.5081081081081081 0.0773542600896861 0.024324324324324326 0.02242152466367713
3 0.5405405405405406 0.0773542600896861 0.02108108108108108 0.02242152466367713
3 0.22054054054054054 0.06053811659192825 0.062162162162162166 0.02242152466367713
3 0.21621621621621623 0.08183856502242152 0.062162162162162166 0.02242152466367713