0 0.6098314606741573 0.015771028037383176 0.026404494382022473 0.03154205607476635
0 0.7662921348314606 0.25817757009345793 0.06348314606741573 0.016355140186915886
1 0.7497191011235955 0.016355140186915886 0.19157303370786516 0.03271028037383177
1 0.400561797752809 0.41939252336448596 0.0898876404494382 0.18691588785046728
1 0.400561797752809 0.6542056074766355 0.0898876404494382 0.18691588785046728
1 0.400561797752809 0.889018691588785 0.0898876404494382 0.18691588785046728
1 0.2199438202247191 0.015186915887850467 0.07584269662921349 0.030373831775700934
2 0.4547752808988764 0.015771028037383176 0.3365168539325843 0.03154205607476635
2 0.48146067415730337 0.008177570093457943 0.007865168539325843 0.016355140186915886
3 0.5334269662921348 0.012850467289719626 0.1286516853932584 0.02570093457943925
3 0.48089887640449436 0.47079439252336447 0.044382022471910115 0.02219626168224299
3 0.49157303370786515 0.6623831775700935 0.06573033707865168 0.02219626168224299
3 0.48089887640449436 0.897196261682243 0.044382022471910115 0.02219626168224299
3 0.5390449438202247 0.010514018691588784 0.10168539325842697 0.02102803738317757
3 0.5390449438202247 0.010514018691588784 0.10168539325842697 0.02102803738317757
3 0.25617977528089886 0.2955607476635514 0.15617977528089888 0.035046728971962614
3 0.6348314606741573 0.3411214953271028 0.35224719101123597 0.030373831775700934
3 0.6348314606741573 0.5759345794392523 0.35224719101123597 0.030373831775700934
3 0.6348314606741573 0.8107476635514018 0.35224719101123597 0.030373831775700934
3 0.35337078651685394 0.0689252336448598 0.025280898876404494 0.02336448598130841
3 0.3904494382022472 0.0689252336448598 0.028089887640449437 0.02336448598130841
3 0.4398876404494382 0.0689252336448598 0.05056179775280899 0.02336448598130841
3 0.4848314606741573 0.0689252336448598 0.019662921348314606 0.02336448598130841
3 0.5174157303370787 0.0689252336448598 0.025280898876404494 0.02336448598130841
3 0.551123595505618 0.0689252336448598 0.021910112359550562 0.02336448598130841
3 0.21460674157303372 0.6063084112149533 0.07303370786516854 0.02102803738317757
3 0.22303370786516855 0.697429906542056 0.0898876404494382 0.02102803738317757
3 0.22078651685393258 0.7254672897196262 0.08595505617977528 0.02102803738317757
3 0.22415730337078651 0.7535046728971962 0.09213483146067415 0.02102803738317757
3 0.22528089887640448 0.7815420560747663 0.09438202247191012 0.02102803738317757
3 0.18820224719101122 0.8726635514018691 0.020224719101123594 0.02102803738317757
3 0.19719101123595506 0.9637850467289719 0.038202247191011236 0.02102803738317757
3 0.22359550561797753 0.990070093457944 0.09213483146067415 0.017523364485981307
3 0.26235955056179777 0.6063084112149533 0.016853932584269662 0.02102803738317757
3 0.28258426966292133 0.697429906542056 0.023033707865168538 0.02102803738317757
3 0.2735955056179775 0.7254672897196262 0.012359550561797753 0.02102803738317757
3 0.2769662921348315 0.7535046728971962 0.007865168539325843 0.02102803738317757
3 0.2797752808988764 0.7815420560747663 0.008426966292134831 0.02102803738317757
3 0.21292134831460674 0.8726635514018691 0.02359550561797753 0.02102803738317757
3 0.2303370786516854 0.9637850467289719 0.02247191011235955 0.02102803738317757
3 0.28258426966292133 0.990070093457944 0.021348314606741574 0.017523364485981307
3 0.21853932584269664 0.0514018691588785 0.06460674157303371 0.02336448598130841
3 0.2140449438202247 0.07359813084112149 0.06460674157303371 0.02336448598130841
3 0.21460674157303372 0.24766355140186916 0.07359550561797752 0.02336448598130841