0 0.6076923076923076 0.028538812785388126 0.025274725274725275 0.04452054794520548
0 0.21868131868131868 0.4075342465753425 0.01098901098901099 0.0228310502283105
0 0.2681318681318681 0.4075342465753425 0.01098901098901099 0.0228310502283105
0 0.321978021978022 0.4075342465753425 0.01098901098901099 0.0228310502283105
0 0.760989010989011 0.2728310502283105 0.06208791208791209 0.01598173515981735
1 0.7445054945054945 0.02968036529680365 0.18681318681318682 0.04452054794520548
1 0.4032967032967033 0.430365296803653 0.08791208791208792 0.182648401826484
1 0.4032967032967033 0.6598173515981736 0.08791208791208792 0.182648401826484
1 0.4032967032967033 0.889269406392694 0.08791208791208792 0.182648401826484
1 0.22637362637362637 0.02968036529680365 0.07362637362637363 0.03881278538812785
2 0.45604395604395603 0.028538812785388126 0.32857142857142857 0.04452054794520548
2 0.47087912087912087 0.028538812785388126 0.007692307692307693 0.01598173515981735
3 0.5269230769230769 0.02968036529680365 0.13681318681318683 0.02968036529680365
3 0.6324175824175824 0.3767123287671233 0.3445054945054945 0.01598173515981735
3 0.512087912087912 0.4748858447488584 0.10329670329670329 0.021689497716894976
3 0.6324175824175824 0.6061643835616438 0.3445054945054945 0.01598173515981735
3 0.512087912087912 0.704337899543379 0.10329670329670329 0.021689497716894976
3 0.49230769230769234 0.9178082191780822 0.06428571428571428 0.021689497716894976
3 0.5324175824175824 0.028538812785388126 0.11043956043956044 0.0228310502283105
3 0.5324175824175824 0.028538812785388126 0.11043956043956044 0.0228310502283105
3 0.2620879120879121 0.3321917808219178 0.15274725274725276 0.03424657534246575
3 0.6324175824175824 0.3538812785388128 0.3445054945054945 0.02968036529680365
3 0.6324175824175824 0.5833333333333334 0.3445054945054945 0.02968036529680365
3 0.6324175824175824 0.8127853881278538 0.3445054945054945 0.02968036529680365
3 0.35714285714285715 0.08789954337899543 0.024725274725274724 0.0228310502283105
3 0.3934065934065934 0.08789954337899543 0.027472527472527472 0.0228310502283105
3 0.44175824175824174 0.08789954337899543 0.04945054945054945 0.0228310502283105
3 0.4857142857142857 0.08789954337899543 0.019230769230769232 0.0228310502283105
3 0.5175824175824176 0.08789954337899543 0.024725274725274724 0.0228310502283105
3 0.5505494505494506 0.08789954337899543 0.02142857142857143 0.0228310502283105
3 0.22142857142857142 0.6952054794520548 0.07142857142857142 0.02054794520547945
3 0.2 0.7842465753424658 0.02912087912087912 0.02054794520547945
3 0.19725274725274725 0.8116438356164384 0.023076923076923078 0.02054794520547945
3 0.20604395604395603 0.839041095890411 0.04120879120879121 0.02054794520547945
3 0.1934065934065934 0.928082191780822 0.015934065934065933 0.02054794520547945
3 0.19175824175824177 0.9554794520547946 0.012087912087912088 0.02054794520547945
3 0.2032967032967033 0.9828767123287672 0.035164835164835165 0.02054794520547945
3 0.2631868131868132 0.6952054794520548 0.007142857142857143 0.02054794520547945
3 0.22692307692307692 0.7842465753424658 0.017582417582417582 0.02054794520547945
3 0.2175824175824176 0.8116438356164384 0.012087912087912088 0.02054794520547945
3 0.23406593406593407 0.839041095890411 0.007692307692307693 0.02054794520547945
3 0.21153846153846154 0.928082191780822 0.014285714285714285 0.02054794520547945
3 0.20824175824175825 0.9554794520547946 0.015934065934065933 0.02054794520547945
3 0.2302197802197802 0.9828767123287672 0.012637362637362638 0.02054794520547945
3 0.22527472527472528 0.07077625570776255 0.06318681318681318 0.0228310502283105
3 0.22087912087912087 0.09246575342465753 0.06318681318681318 0.0228310502283105
3 0.22142857142857142 0.2625570776255708 0.07197802197802197 0.0228310502283105
3 0.2456043956043956 0.273972602739726 0.11978021978021978 0.045662100456621