0 0.14359267734553777 0.33729216152019004 0.011441647597254004 0.023752969121140142
0 0.1950800915331808 0.33729216152019004 0.011441647597254004 0.023752969121140142
0 0.2511441647597254 0.33729216152019004 0.011441647597254004 0.023752969121140142
0 0.7082379862700229 0.19714964370546317 0.06464530892448513 0.0166270783847981
1 0.33581235697940504 0.36104513064133015 0.09153318077803203 0.19002375296912113
1 0.33581235697940504 0.5997624703087886 0.09153318077803203 0.19002375296912113
1 0.33581235697940504 0.838479809976247 0.09153318077803203 0.19002375296912113
3 0.5743707093821511 0.30522565320665085 0.358695652173913 0.0166270783847981
3 0.4490846681922197 0.40736342042755347 0.10755148741418764 0.022565320665083134
3 0.5743707093821511 0.5439429928741093 0.358695652173913 0.0166270783847981
3 0.4490846681922197 0.6460807600950119 0.10755148741418764 0.022565320665083134
3 0.42848970251716245 0.8681710213776722 0.06693363844393593 0.022565320665083134
3 0.18878718535469108 0.2589073634204275 0.15903890160183065 0.035629453681710214
3 0.5743707093821511 0.2814726840855107 0.358695652173913 0.030878859857482184
3 0.5743707093821511 0.5201900237529691 0.358695652173913 0.030878859857482184
3 0.5743707093821511 0.7589073634204275 0.358695652173913 0.030878859857482184
3 0.2877574370709382 0.008907363420427554 0.02631578947368421 0.017814726840855107
3 0.32580091533180777 0.008907363420427554 0.02917620137299771 0.017814726840855107
3 0.3761441647597254 0.008907363420427554 0.05205949656750572 0.017814726840855107
3 0.42162471395881007 0.008907363420427554 0.020594965675057208 0.017814726840855107
3 0.4548054919908467 0.008907363420427554 0.02631578947368421 0.017814726840855107
3 0.4891304347826087 0.008907363420427554 0.02288329519450801 0.017814726840855107
3 0.14645308924485126 0.6365795724465558 0.07437070938215103 0.021377672209026127
3 0.12414187643020595 0.7292161520190024 0.03032036613272311 0.021377672209026127
3 0.12128146453089245 0.7577197149643705 0.02402745995423341 0.021377672209026127
3 0.13043478260869565 0.7862232779097387 0.04290617848970252 0.021377672209026127
3 0.11727688787185354 0.8788598574821853 0.016590389016018305 0.021377672209026127
3 0.11556064073226545 0.9073634204275535 0.012585812356979404 0.021377672209026127
3 0.12757437070938216 0.9358669833729216 0.036613272311212815 0.021377672209026127
3 0.12528604118993136 0.9643705463182898 0.03260869565217391 0.021377672209026127
3 0.11727688787185354 0.9904988123515439 0.017162471395881007 0.0166270783847981
3 0.18993135011441648 0.6365795724465558 0.007437070938215103 0.021377672209026127
3 0.15217391304347827 0.7292161520190024 0.018306636155606407 0.021377672209026127
3 0.14244851258581237 0.7577197149643705 0.012585812356979404 0.021377672209026127
3 0.15961098398169338 0.7862232779097387 0.008009153318077803 0.021377672209026127
3 0.13615560640732266 0.8788598574821853 0.014874141876430207 0.021377672209026127
3 0.13272311212814644 0.9073634204275535 0.016590389016018305 0.021377672209026127
3 0.15560640732265446 0.9358669833729216 0.013157894736842105 0.021377672209026127
3 0.15160183066361557 0.9643705463182898 0.013157894736842105 0.021377672209026127
3 0.13329519450800914 0.9904988123515439 0.009153318077803204 0.0166270783847981
3 0.14588100686498856 0.011282660332541567 0.06636155606407322 0.022565320665083134
3 0.14645308924485126 0.18646080760095013 0.07494279176201372 0.023752969121140142
3 0.17162471395881007 0.19833729216152018 0.12471395881006865 0.047505938242280284