0 0.5952243958573072 0.01375598086124402 0.02704257767548907 0.02751196172248804
0 0.18757192174913695 0.4007177033492823 0.011507479861910242 0.023923444976076555
0 0.23935558112773303 0.4007177033492823 0.011507479861910242 0.023923444976076555
0 0.2957422324510932 0.4007177033492823 0.011507479861910242 0.023923444976076555
0 0.7554660529344074 0.2595693779904306 0.06501726121979287 0.01674641148325359
0 0.8107019562715765 0.3456937799043062 0.020713463751438434 0.0430622009569378
1 0.7384925201380897 0.014354066985645933 0.1962025316455696 0.028708133971291867
1 0.380897583429229 0.4246411483253589 0.09205983889528194 0.19138755980861244
1 0.380897583429229 0.6650717703349283 0.09205983889528194 0.19138755980861244
1 0.38118527042577677 0.9043062200956937 0.09263521288837745 0.18899521531100477
1 0.19591484464902187 0.013157894736842105 0.07767548906789414 0.02631578947368421
2 0.4364211737629459 0.01375598086124402 0.34464902186421176 0.02751196172248804
2 0.45195627157652474 0.006578947368421052 0.00863060989643268 0.013157894736842105
3 0.5103567318757192 0.01076555023923445 0.14384349827387802 0.0215311004784689
3 0.6208285385500575 0.3684210526315789 0.36075949367088606 0.01674641148325359
3 0.4948216340621404 0.47129186602870815 0.10817031070195628 0.022727272727272728
3 0.47410817031070196 0.6949760765550239 0.06731875719217491 0.022727272727272728
3 0.47410817031070196 0.9138755980861244 0.06731875719217491 0.022727272727272728
3 0.5161104718066744 0.008373205741626795 0.11622554660529344 0.01674641148325359
3 0.5161104718066744 0.008373205741626795 0.11622554660529344 0.01674641148325359
3 0.2330264672036824 0.32177033492822965 0.15995397008055237 0.03588516746411483
3 0.6208285385500575 0.3444976076555024 0.36075949367088606 0.03110047846889952
3 0.6208285385500575 0.5849282296650717 0.36075949367088606 0.03110047846889952
3 0.6208285385500575 0.8253588516746412 0.36075949367088606 0.03110047846889952
3 0.33256616800920596 0.06578947368421052 0.025891829689298044 0.023923444976076555
3 0.3705408515535098 0.06578947368421052 0.028768699654775604 0.023923444976076555
3 0.42117376294591485 0.06578947368421052 0.05178365937859609 0.023923444976076555
3 0.4672036823935558 0.06578947368421052 0.020138089758342925 0.023923444976076555
3 0.5005753739930955 0.06578947368421052 0.025891829689298044 0.023923444976076555
3 0.5350978135788262 0.06578947368421052 0.02243958573072497 0.023923444976076555
3 0.1904487917146145 0.7021531100478469 0.07479861910241657 0.0215311004784689
3 0.16800920598388952 0.7954545454545454 0.03049482163406214 0.0215311004784689
3 0.16858457997698503 0.8241626794258373 0.031070195627157654 0.0215311004784689
3 0.16800920598388952 0.8528708133971292 0.02991944764096663 0.0215311004784689
3 0.16513233601841196 0.881578947368421 0.024165707710011506 0.0215311004784689
3 0.167433831990794 0.9748803827751196 0.029344073647871116 0.0215311004784689
3 0.15937859608745686 0.9958133971291866 0.01380897583429229 0.005980861244019139
3 0.2336018411967779 0.7021531100478469 0.005753739930955121 0.0215311004784689
3 0.1956271576524741 0.7954545454545454 0.017836593785960874 0.0215311004784689
3 0.1962025316455696 0.8241626794258373 0.017836593785960874 0.0215311004784689
3 0.19217491369390102 0.8528708133971292 0.012658227848101266 0.0215311004784689
3 0.18411967779056387 0.881578947368421 0.00805523590333717 0.0215311004784689
3 0.19390103567318756 0.9748803827751196 0.01726121979286536 0.0215311004784689
3 0.17692750287686995 0.9958133971291866 0.015535097813578827 0.005980861244019139
3 0.19447640966628307 0.04784688995215311 0.0661680092059839 0.023923444976076555
3 0.189873417721519 0.07057416267942583 0.0661680092059839 0.023923444976076555
3 0.1904487917146145 0.24880382775119617 0.07537399309551208 0.023923444976076555
3 0.21576524741081704 0.2607655502392344 0.12543153049482164 0.04784688995215311