0 0.5827127659574468 0.019315673289183224 0.025 0.03863134657836645
0 0.20851063829787234 0.3830022075055188 0.010638297872340425 0.02207505518763797
0 0.25957446808510637 0.3830022075055188 0.010638297872340425 0.02207505518763797
0 0.7308510638297873 0.25275938189845476 0.0601063829787234 0.01545253863134658
1 0.7151595744680851 0.019867549668874173 0.18138297872340425 0.039735099337748346
1 0.38457446808510637 0.40507726269315675 0.0851063829787234 0.17660044150110377
1 0.38457446808510637 0.6269315673289183 0.0851063829787234 0.17660044150110377
1 0.38457446808510637 0.8675496688741722 0.0851063829787234 0.17660044150110377
1 0.21356382978723404 0.018763796909492272 0.07180851063829788 0.037527593818984545
2 0.43590425531914895 0.019315673289183224 0.31861702127659575 0.03863134657836645
2 0.45 0.016556291390728478 0.007446808510638298 0.01545253863134658
3 0.5042553191489362 0.017660044150110375 0.1324468085106383 0.02869757174392936
3 0.47074468085106386 0.41280353200883 0.06223404255319149 0.02097130242825607
3 0.6063829787234043 0.6147902869757175 0.33351063829787236 0.01545253863134658
3 0.4898936170212766 0.7097130242825607 0.1 0.02097130242825607
3 0.47074468085106386 0.8951434878587197 0.06223404255319149 0.02097130242825607
3 0.5095744680851064 0.016556291390728478 0.10691489361702128 0.02207505518763797
3 0.5095744680851064 0.016556291390728478 0.10691489361702128 0.02207505518763797
3 0.2478723404255319 0.31015452538631344 0.1478723404255319 0.033112582781456956
3 0.6063829787234043 0.33112582781456956 0.33351063829787236 0.02869757174392936
3 0.6063829787234043 0.5927152317880795 0.33351063829787236 0.02869757174392936
3 0.6063829787234043 0.7935982339955849 0.33351063829787236 0.02869757174392936
3 0.3398936170212766 0.0739514348785872 0.023936170212765957 0.02207505518763797
3 0.375 0.0739514348785872 0.026595744680851064 0.02207505518763797
3 0.4218085106382979 0.0739514348785872 0.047872340425531915 0.02207505518763797
3 0.4643617021276596 0.0739514348785872 0.018617021276595744 0.02207505518763797
3 0.4952127659574468 0.0739514348785872 0.023936170212765957 0.02207505518763797
3 0.527127659574468 0.0739514348785872 0.02074468085106383 0.02207505518763797
3 0.20851063829787234 0.6611479028697572 0.06914893617021277 0.019867549668874173
3 0.18563829787234043 0.7472406181015453 0.023936170212765957 0.019867549668874173
3 0.1851063829787234 0.7737306843267108 0.022872340425531913 0.019867549668874173
3 0.18085106382978725 0.8002207505518764 0.013829787234042552 0.019867549668874173
3 0.18563829787234043 0.826710816777042 0.023404255319148935 0.019867549668874173
3 0.1819148936170213 0.8532008830022075 0.01648936170212766 0.019867549668874173
3 0.1851063829787234 0.8796909492273731 0.022872340425531913 0.019867549668874173
3 0.18563829787234043 0.9061810154525386 0.023936170212765957 0.019867549668874173
3 0.1824468085106383 0.9326710816777042 0.01702127659574468 0.019867549668874173
3 0.1851063829787234 0.9591611479028698 0.022872340425531913 0.019867549668874173
3 0.25159574468085105 0.6611479028697572 0.011702127659574468 0.019867549668874173
3 0.21223404255319148 0.7472406181015453 0.022340425531914895 0.019867549668874173
3 0.21010638297872342 0.7737306843267108 0.02021276595744681 0.019867549668874173
3 0.19840425531914893 0.8002207505518764 0.015425531914893617 0.019867549668874173
3 0.20851063829787234 0.826710816777042 0.015957446808510637 0.019867549668874173
3 0.20159574468085106 0.8532008830022075 0.01648936170212766 0.019867549668874173
3 0.2074468085106383 0.8796909492273731 0.015425531914893617 0.019867549668874173
3 0.20797872340425533 0.9061810154525386 0.015425531914893617 0.019867549668874173
3 0.20053191489361702 0.9326710816777042 0.014361702127659574 0.019867549668874173
3 0.2053191489361702 0.9591611479028698 0.011702127659574468 0.019867549668874173
3 0.21223404255319148 0.05739514348785872 0.061170212765957445 0.02207505518763797
3 0.20797872340425533 0.07836644591611479 0.061170212765957445 0.02207505518763797
3 0.20851063829787234 0.24282560706401765 0.06968085106382979 0.02207505518763797
3 0.23191489361702128 0.25386313465783666 0.11595744680851064 0.04415011037527594