0 0.14988558352402745 0.3657957244655582 0.011441647597254004 0.023752969121140142
0 0.20137299771167047 0.3657957244655582 0.011441647597254004 0.023752969121140142
0 0.2562929061784897 0.3657957244655582 0.011441647597254004 0.023752969121140142
0 0.20709382151029748 0.9370546318289786 0.013729977116704805 0.028503562945368172
0 0.7145308924485125 0.22565320665083136 0.06464530892448513 0.0166270783847981
1 0.34210526315789475 0.38954869358669836 0.09153318077803203 0.19002375296912113
1 0.34210526315789475 0.6282660332541568 0.09153318077803203 0.19002375296912113
1 0.34210526315789475 0.8669833729216152 0.09153318077803203 0.19002375296912113
2 0.13272311212814644 0.9346793349168646 0.03546910755148741 0.029691211401425176
2 0.17848970251716248 0.9346793349168646 0.03546910755148741 0.029691211401425176
3 0.43478260869565216 0.3978622327790974 0.06693363844393593 0.022565320665083134
3 0.42162471395881007 0.6318289786223278 0.04061784897025172 0.0166270783847981
3 0.42162471395881007 0.8705463182897862 0.04061784897025172 0.0166270783847981
3 0.13272311212814644 0.9370546318289786 0.034324942791762014 0.03681710213776722
3 0.17848970251716248 0.9370546318289786 0.034324942791762014 0.03681710213776722
3 0.13272311212814644 0.9370546318289786 0.034324942791762014 0.03681710213776722
3 0.17848970251716248 0.9370546318289786 0.034324942791762014 0.03681710213776722
3 0.1950800915331808 0.28741092636579574 0.15903890160183065 0.035629453681710214
3 0.5806636155606407 0.30997624703087884 0.358695652173913 0.030878859857482184
3 0.5806636155606407 0.5486935866983373 0.358695652173913 0.030878859857482184
3 0.5806636155606407 0.7874109263657957 0.358695652173913 0.030878859857482184
3 0.2940503432494279 0.0332541567695962 0.02574370709382151 0.023752969121140142
3 0.3318077803203661 0.0332541567695962 0.028604118993135013 0.023752969121140142
3 0.38215102974828374 0.0332541567695962 0.05148741418764302 0.023752969121140142
3 0.4279176201372998 0.0332541567695962 0.02002288329519451 0.023752969121140142
3 0.4610983981693364 0.0332541567695962 0.02574370709382151 0.023752969121140142
3 0.4954233409610984 0.0332541567695962 0.02231121281464531 0.023752969121140142
3 0.12814645308924486 0.5736342042755345 0.02574370709382151 0.021377672209026127
3 0.12414187643020595 0.6021377672209026 0.017734553775743706 0.021377672209026127
3 0.12871853546910755 0.6947743467933492 0.02688787185354691 0.021377672209026127
3 0.14530892448512586 0.7232779097387173 0.060068649885583525 0.021377672209026127
3 0.12871853546910755 0.7517814726840855 0.02688787185354691 0.021377672209026127
3 0.12871853546910755 0.7802850356294537 0.02688787185354691 0.021377672209026127
3 0.14645308924485126 0.8729216152019003 0.06178489702517163 0.021377672209026127
3 0.13958810068649885 0.9014251781472684 0.04805491990846682 0.021377672209026127
3 0.15217391304347827 0.5736342042755345 0.015446224256292907 0.021377672209026127
3 0.13958810068649885 0.6021377672209026 0.006292906178489702 0.021377672209026127
3 0.15331807780320367 0.6947743467933492 0.014874141876430207 0.021377672209026127
3 0.18421052631578946 0.7232779097387173 0.010297482837528604 0.021377672209026127
3 0.14988558352402745 0.7517814726840855 0.008581235697940504 0.021377672209026127
3 0.14874141876430205 0.7802850356294537 0.006292906178489702 0.021377672209026127
3 0.18821510297482838 0.8729216152019003 0.015446224256292907 0.021377672209026127
3 0.17048054919908467 0.9014251781472684 0.008009153318077803 0.021377672209026127
3 0.15675057208237986 0.015439429928741092 0.06578947368421052 0.023752969121140142
3 0.15217391304347827 0.03800475059382423 0.06578947368421052 0.023752969121140142
3 0.15274599542334097 0.21496437054631828 0.07494279176201372 0.023752969121140142
3 0.17791762013729978 0.22684085510688837 0.12471395881006865 0.047505938242280284