0 0.5825396825396826 0.02197802197802198 0.02433862433862434 0.04285714285714286
0 0.2105820105820106 0.3868131868131868 0.010582010582010581 0.02197802197802198
0 0.24232804232804234 0.3868131868131868 0.010582010582010581 0.02197802197802198
0 0.2608465608465608 0.856043956043956 0.012698412698412698 0.026373626373626374
0 0.7301587301587301 0.2571428571428571 0.059788359788359786 0.015384615384615385
0 0.6312169312169312 0.4032967032967033 0.04021164021164021 0.02857142857142857
1 0.7142857142857143 0.023076923076923078 0.17989417989417988 0.04285714285714286
1 0.38571428571428573 0.4087912087912088 0.08465608465608465 0.17582417582417584
1 0.38571428571428573 0.6296703296703297 0.08465608465608465 0.17582417582417584
1 0.38571428571428573 0.8505494505494505 0.08465608465608465 0.17582417582417584
1 0.21534391534391534 0.023076923076923078 0.07089947089947089 0.03736263736263736
2 0.4365079365079365 0.02197802197802198 0.3164021164021164 0.04285714285714286
2 0.4507936507936508 0.02197802197802198 0.007407407407407408 0.015384615384615385
2 0.19206349206349208 0.8538461538461538 0.0328042328042328 0.027472527472527472
2 0.2343915343915344 0.8538461538461538 0.0328042328042328 0.027472527472527472
3 0.5047619047619047 0.023076923076923078 0.13174603174603175 0.02857142857142857
3 0.4714285714285714 0.4164835164835165 0.06190476190476191 0.020879120879120878
3 0.5994708994708995 0.4032967032967033 0.01904761904761905 0.01978021978021978
3 0.47883597883597884 0.6373626373626373 0.0761904761904762 0.020879120879120878
3 0.45925925925925926 0.8736263736263736 0.03756613756613757 0.015384615384615385
3 0.5100529100529101 0.02197802197802198 0.10634920634920635 0.02197802197802198
3 0.19206349206349208 0.856043956043956 0.031746031746031744 0.03406593406593406
3 0.2343915343915344 0.856043956043956 0.031746031746031744 0.03406593406593406
3 0.5100529100529101 0.02197802197802198 0.10634920634920635 0.02197802197802198
3 0.19206349206349208 0.856043956043956 0.031746031746031744 0.03406593406593406
3 0.2343915343915344 0.856043956043956 0.031746031746031744 0.03406593406593406
3 0.24973544973544973 0.3142857142857143 0.14708994708994708 0.03296703296703297
3 0.6063492063492063 0.33516483516483514 0.33174603174603173 0.02857142857142857
3 0.6063492063492063 0.5560439560439561 0.33174603174603173 0.02857142857142857
3 0.6063492063492063 0.7769230769230769 0.33174603174603173 0.02857142857142857
3 0.3412698412698413 0.07912087912087912 0.023809523809523808 0.02197802197802198
3 0.3761904761904762 0.07912087912087912 0.026455026455026454 0.02197802197802198
3 0.42275132275132277 0.07912087912087912 0.047619047619047616 0.02197802197802198
3 0.4650793650793651 0.07912087912087912 0.018518518518518517 0.02197802197802198
3 0.49576719576719575 0.07912087912087912 0.023809523809523808 0.02197802197802198
3 0.5275132275132275 0.07912087912087912 0.020634920634920634 0.02197802197802198
3 0.19206349206349208 0.5791208791208792 0.032275132275132276 0.01978021978021978
3 0.182010582010582 0.6054945054945055 0.01164021164021164 0.01978021978021978
3 0.18835978835978837 0.6318681318681318 0.02486772486772487 0.01978021978021978
3 0.2074074074074074 0.6582417582417582 0.06296296296296296 0.01978021978021978
3 0.191005291005291 0.6846153846153846 0.03015873015873016 0.01978021978021978
3 0.19735449735449737 0.710989010989011 0.042328042328042326 0.01978021978021978
3 0.20317460317460317 0.7967032967032966 0.054497354497354496 0.01978021978021978
3 0.19682539682539682 0.823076923076923 0.0417989417989418 0.01978021978021978
3 0.19894179894179895 0.9483516483516483 0.046031746031746035 0.01978021978021978
3 0.18412698412698414 0.9747252747252747 0.015873015873015872 0.01978021978021978
3 0.21746031746031746 0.5791208791208792 0.01216931216931217 0.01978021978021978
3 0.19576719576719576 0.6054945054945055 0.011111111111111112 0.01978021978021978
3 0.20899470899470898 0.6318681318681318 0.010052910052910053 0.01978021978021978
3 0.24603174603174602 0.6582417582417582 0.007936507936507936 0.01978021978021978
3 0.21164021164021163 0.6846153846153846 0.005291005291005291 0.01978021978021978
3 0.22380952380952382 0.710989010989011 0.00582010582010582 0.01978021978021978
3 0.24074074074074073 0.7967032967032966 0.014285714285714285 0.01978021978021978
3 0.22433862433862434 0.823076923076923 0.007407407407407408 0.01978021978021978
3 0.23227513227513227 0.9483516483516483 0.014285714285714285 0.01978021978021978
3 0.19788359788359788 0.9747252747252747 0.00582010582010582 0.01978021978021978
3 0.21428571428571427 0.06263736263736264 0.06084656084656084 0.02197802197802198
3 0.21005291005291005 0.08351648351648351 0.06084656084656084 0.02197802197802198
3 0.2105820105820106 0.24725274725274726 0.06931216931216931 0.02197802197802198
3 0.23386243386243386 0.25824175824175827 0.11534391534391535 0.04395604395604396