0 0.20828538550057538 0.37679425837320574 0.011507479861910242 0.023923444976076555
0 0.2554660529344074 0.37679425837320574 0.011507479861910242 0.023923444976076555
0 0.30782508630609895 0.37679425837320574 0.011507479861910242 0.023923444976076555
0 0.20138089758342922 0.41985645933014354 0.011507479861910242 0.023923444976076555
0 0.7761795166858458 0.23564593301435408 0.06501726121979287 0.01674641148325359
1 0.4016110471806674 0.4007177033492823 0.09205983889528194 0.19138755980861244
1 0.4016110471806674 0.6411483253588517 0.09205983889528194 0.19138755980861244
1 0.4016110471806674 0.881578947368421 0.09205983889528194 0.19138755980861244
3 0.5028768699654775 0.4090909090909091 0.08285385500575373 0.022727272727272728
3 0.4948216340621404 0.6495215311004785 0.06731875719217491 0.022727272727272728
3 0.4948216340621404 0.8899521531100478 0.06731875719217491 0.022727272727272728
3 0.2537399309551208 0.29784688995215314 0.15995397008055237 0.03588516746411483
3 0.6415420023014959 0.32057416267942584 0.36075949367088606 0.03110047846889952
3 0.6415420023014959 0.5610047846889952 0.36075949367088606 0.03110047846889952
3 0.6415420023014959 0.8014354066985646 0.36075949367088606 0.03110047846889952
3 0.3532796317606444 0.041866028708133975 0.025891829689298044 0.023923444976076555
3 0.3912543153049482 0.041866028708133975 0.028768699654775604 0.023923444976076555
3 0.44188722669735325 0.041866028708133975 0.05178365937859609 0.023923444976076555
3 0.48791714614499426 0.041866028708133975 0.020138089758342925 0.023923444976076555
3 0.5212888377445339 0.041866028708133975 0.025891829689298044 0.023923444976076555
3 0.5558112773302647 0.041866028708133975 0.02243958573072497 0.023923444976076555
3 0.18009205983889529 0.6291866028708134 0.013233601841196778 0.0215311004784689
3 0.17836593785960875 0.6578947368421053 0.009205983889528193 0.0215311004784689
3 0.17951668584579977 0.6866028708133971 0.011507479861910242 0.0215311004784689
3 0.17721518987341772 0.715311004784689 0.006904487917146145 0.0215311004784689
3 0.189873417721519 0.7440191387559809 0.03222094361334868 0.0215311004784689
3 0.18872266973532797 0.7727272727272727 0.02991944764096663 0.0215311004784689
3 0.17836593785960875 0.8014354066985646 0.009205983889528193 0.0215311004784689
3 0.1892980437284235 0.8301435406698564 0.03164556962025317 0.0215311004784689
3 0.17894131185270426 0.8588516746411483 0.010356731875719217 0.0215311004784689
3 0.20310701956271576 0.9844497607655502 0.059263521288837745 0.0215311004784689
3 0.19677790563866512 0.6291866028708134 0.013233601841196778 0.0215311004784689
3 0.19275028768699654 0.6578947368421053 0.013233601841196778 0.0215311004784689
3 0.19447640966628307 0.6866028708133971 0.012658227848101266 0.0215311004784689
3 0.18872266973532797 0.715311004784689 0.01093210586881473 0.0215311004784689
3 0.2140391254315305 0.7440191387559809 0.01093210586881473 0.0215311004784689
3 0.21231300345224396 0.7727272727272727 0.01093210586881473 0.0215311004784689
3 0.1915995397008055 0.8014354066985646 0.01093210586881473 0.0215311004784689
3 0.2140391254315305 0.8301435406698564 0.010356731875719217 0.0215311004784689
3 0.19275028768699654 0.8588516746411483 0.01093210586881473 0.0215311004784689
3 0.24338319907940162 0.9844497607655502 0.014384349827387802 0.0215311004784689
3 0.21518987341772153 0.023923444976076555 0.0661680092059839 0.023923444976076555
3 0.21058688147295743 0.04665071770334928 0.0661680092059839 0.023923444976076555
3 0.21116225546605294 0.22488038277511962 0.07537399309551208 0.023923444976076555
3 0.23647871116225547 0.23684210526315788 0.12543153049482164 0.04784688995215311