0 0.6035326086956522 0.01636568848758465 0.025543478260869567 0.0327313769751693
0 0.2184782608695652 0.38487584650112866 0.010869565217391304 0.022573363431151242
0 0.26304347826086955 0.38487584650112866 0.010869565217391304 0.022573363431151242
0 0.3125 0.38487584650112866 0.010869565217391304 0.022573363431151242
0 0.21195652173913043 0.4255079006772009 0.010869565217391304 0.022573363431151242
0 0.7548913043478261 0.2516930022573363 0.06141304347826087 0.01580135440180587
1 0.7388586956521739 0.016930022573363433 0.18532608695652175 0.033860045146726865
1 0.40108695652173915 0.4074492099322799 0.08695652173913043 0.18058690744920994
1 0.40108695652173915 0.6343115124153499 0.08695652173913043 0.18058690744920994
1 0.40108695652173915 0.8611738148984198 0.08695652173913043 0.18058690744920994
1 0.22635869565217392 0.01580135440180587 0.07336956521739131 0.03160270880361174
2 0.45353260869565215 0.01636568848758465 0.32554347826086955 0.0327313769751693
2 0.46793478260869564 0.010158013544018058 0.007608695652173913 0.01580135440180587
3 0.5233695652173913 0.013544018058690745 0.1358695652173913 0.02708803611738149
3 0.4967391304347826 0.4153498871331828 0.0782608695652174 0.02144469525959368
3 0.4891304347826087 0.6422121896162528 0.06358695652173912 0.02144469525959368
3 0.4891304347826087 0.8690744920993227 0.06358695652173912 0.02144469525959368
3 0.528804347826087 0.011286681715575621 0.10978260869565218 0.022573363431151242
3 0.528804347826087 0.011286681715575621 0.10978260869565218 0.022573363431151242
3 0.2614130434782609 0.31038374717832956 0.15108695652173912 0.033860045146726865
3 0.6277173913043478 0.33182844243792325 0.3407608695652174 0.029345372460496615
3 0.6277173913043478 0.5586907449209932 0.3407608695652174 0.029345372460496615
3 0.6277173913043478 0.7855530474040632 0.3407608695652174 0.029345372460496615
3 0.35543478260869565 0.06884875846501129 0.024456521739130436 0.022573363431151242
3 0.391304347826087 0.06884875846501129 0.02717391304347826 0.022573363431151242
3 0.4391304347826087 0.06884875846501129 0.04891304347826087 0.022573363431151242
3 0.4826086956521739 0.06884875846501129 0.019021739130434784 0.022573363431151242
3 0.5141304347826087 0.06884875846501129 0.024456521739130436 0.022573363431151242
3 0.5467391304347826 0.06884875846501129 0.021195652173913043 0.022573363431151242
3 0.19184782608695652 0.6230248306997742 0.0125 0.020316027088036117
3 0.19021739130434784 0.6501128668171557 0.008695652173913044 0.020316027088036117
3 0.19130434782608696 0.6772009029345373 0.010869565217391304 0.020316027088036117
3 0.1891304347826087 0.7042889390519187 0.006521739130434782 0.020316027088036117
3 0.20108695652173914 0.7313769751693002 0.030434782608695653 0.020316027088036117
3 0.2 0.7584650112866818 0.02826086956521739 0.020316027088036117
3 0.19021739130434784 0.7855530474040632 0.008695652173913044 0.020316027088036117
3 0.20054347826086957 0.8126410835214447 0.029891304347826088 0.020316027088036117
3 0.1907608695652174 0.8397291196388262 0.009782608695652175 0.020316027088036117
3 0.21358695652173912 0.9582392776523702 0.05597826086956522 0.020316027088036117
3 0.20434782608695654 0.9853273137697517 0.0375 0.020316027088036117
3 0.2076086956521739 0.6230248306997742 0.0125 0.020316027088036117
3 0.20380434782608695 0.6501128668171557 0.0125 0.020316027088036117
3 0.20543478260869566 0.6772009029345373 0.011956521739130435 0.020316027088036117
3 0.2 0.7042889390519187 0.010326086956521738 0.020316027088036117
3 0.22391304347826088 0.7313769751693002 0.010326086956521738 0.020316027088036117
3 0.22228260869565217 0.7584650112866818 0.010326086956521738 0.020316027088036117
3 0.20271739130434782 0.7855530474040632 0.010326086956521738 0.020316027088036117
3 0.22391304347826088 0.8126410835214447 0.009782608695652175 0.020316027088036117
3 0.20380434782608695 0.8397291196388262 0.010326086956521738 0.020316027088036117
3 0.2516304347826087 0.9582392776523702 0.01358695652173913 0.020316027088036117
3 0.23369565217391305 0.9853273137697517 0.014130434782608696 0.020316027088036117
3 0.225 0.05191873589164785 0.0625 0.022573363431151242
3 0.22065217391304348 0.07336343115124154 0.0625 0.022573363431151242
3 0.22119565217391304 0.24153498871331827 0.07119565217391305 0.022573363431151242
3 0.2451086956521739 0.2528216704288939 0.11847826086956521 0.045146726862302484