0 0.5804232804232804 0.026373626373626374 0.02433862433862434 0.04285714285714286
0 0.2052910052910053 0.3912087912087912 0.010582010582010581 0.02197802197802198
0 0.728042328042328 0.26153846153846155 0.059788359788359786 0.015384615384615385
1 0.7121693121693121 0.027472527472527472 0.17989417989417988 0.04285714285714286
1 0.3835978835978836 0.41318681318681316 0.08465608465608465 0.17582417582417584
1 0.3835978835978836 0.634065934065934 0.08465608465608465 0.17582417582417584
1 0.3835978835978836 0.8549450549450549 0.08465608465608465 0.17582417582417584
1 0.21322751322751324 0.027472527472527472 0.07089947089947089 0.03736263736263736
2 0.4343915343915344 0.026373626373626374 0.3164021164021164 0.04285714285714286
2 0.4486772486772487 0.026373626373626374 0.007407407407407408 0.015384615384615385
3 0.5026455026455027 0.027472527472527472 0.13174603174603175 0.02857142857142857
3 0.6042328042328042 0.36153846153846153 0.33174603174603173 0.015384615384615385
3 0.4693121693121693 0.45604395604395603 0.06190476190476191 0.020879120879120878
3 0.45714285714285713 0.6373626373626373 0.03756613756613757 0.015384615384615385
3 0.4767195767195767 0.9021978021978022 0.0761904761904762 0.020879120879120878
3 0.5079365079365079 0.026373626373626374 0.10634920634920635 0.02197802197802198
3 0.5079365079365079 0.026373626373626374 0.10634920634920635 0.02197802197802198
3 0.24761904761904763 0.31868131868131866 0.14708994708994708 0.03296703296703297
3 0.6042328042328042 0.3395604395604396 0.33174603174603173 0.02857142857142857
3 0.6042328042328042 0.5604395604395604 0.33174603174603173 0.02857142857142857
3 0.6042328042328042 0.8208791208791208 0.33174603174603173 0.02857142857142857
3 0.33915343915343915 0.08351648351648351 0.023809523809523808 0.02197802197802198
3 0.37407407407407406 0.08351648351648351 0.026455026455026454 0.02197802197802198
3 0.42063492063492064 0.08351648351648351 0.047619047619047616 0.02197802197802198
3 0.46296296296296297 0.08351648351648351 0.018518518518518517 0.02197802197802198
3 0.4936507936507937 0.08351648351648351 0.023809523809523808 0.02197802197802198
3 0.5253968253968254 0.08351648351648351 0.020634920634920634 0.02197802197802198
3 0.20846560846560847 0.5835164835164836 0.06878306878306878 0.01978021978021978
3 0.18412698412698414 0.6692307692307692 0.020634920634920634 0.01978021978021978
3 0.1931216931216931 0.6956043956043956 0.0380952380952381 0.01978021978021978
3 0.17777777777777778 0.721978021978022 0.007407407407407408 0.01978021978021978
3 0.19947089947089947 0.8076923076923077 0.051322751322751325 0.01978021978021978
3 0.18465608465608466 0.8340659340659341 0.021693121693121695 0.01978021978021978
3 0.17566137566137566 0.8604395604395605 0.003703703703703704 0.01978021978021978
3 0.191005291005291 0.8868131868131868 0.03439153439153439 0.01978021978021978
3 0.182010582010582 0.9131868131868132 0.015873015873015872 0.01978021978021978
3 0.19206349206349208 0.9395604395604396 0.03650793650793651 0.01978021978021978
3 0.1873015873015873 0.9659340659340659 0.026984126984126985 0.01978021978021978
3 0.19338624338624338 0.9906593406593407 0.038624338624338624 0.016483516483516484
3 0.24814814814814815 0.5835164835164836 0.005291005291005291 0.01978021978021978
3 0.2052910052910053 0.6692307692307692 0.015873015873015872 0.01978021978021978
3 0.21904761904761905 0.6956043956043956 0.007936507936507936 0.01978021978021978
3 0.18835978835978837 0.721978021978022 0.007936507936507936 0.01978021978021978
3 0.23597883597883598 0.8076923076923077 0.015873015873015872 0.01978021978021978
3 0.20317460317460317 0.8340659340659341 0.010052910052910053 0.01978021978021978
3 0.18465608465608466 0.8604395604395605 0.007936507936507936 0.01978021978021978
3 0.21534391534391534 0.8868131868131868 0.007407407407407408 0.01978021978021978
3 0.1962962962962963 0.9131868131868132 0.007407407407407408 0.01978021978021978
3 0.21693121693121692 0.9395604395604396 0.007407407407407408 0.01978021978021978
3 0.20793650793650795 0.9659340659340659 0.007936507936507936 0.01978021978021978
3 0.21904761904761905 0.9906593406593407 0.008465608465608466 0.016483516483516484
3 0.21216931216931217 0.06703296703296703 0.06084656084656084 0.02197802197802198
3 0.20793650793650795 0.08791208791208792 0.06084656084656084 0.02197802197802198
3 0.20846560846560847 0.25164835164835164 0.06931216931216931 0.02197802197802198
3 0.23174603174603176 0.26263736263736265 0.11534391534391535 0.04395604395604396