0 0.5858288770053476 0.015 0.025133689839572194 0.03
0 0.20641711229946524 0.37666666666666665 0.0106951871657754 0.022222222222222223
0 0.73475935828877 0.24555555555555555 0.06042780748663101 0.015555555555555555
1 0.7189839572192513 0.015555555555555555 0.18235294117647058 0.03111111111111111
1 0.3866310160427808 0.3988888888888889 0.0855614973262032 0.17777777777777778
1 0.3866310160427808 0.6222222222222222 0.0855614973262032 0.17777777777777778
1 0.3866310160427808 0.8455555555555555 0.0855614973262032 0.17777777777777778
1 0.21470588235294116 0.014444444444444444 0.07219251336898395 0.028888888888888888
2 0.43823529411764706 0.015 0.32032085561497325 0.03
2 0.45240641711229945 0.0077777777777777776 0.0074866310160427805 0.015555555555555555
3 0.506951871657754 0.012222222222222223 0.13368983957219252 0.024444444444444446
3 0.6096256684491979 0.3466666666666667 0.3352941176470588 0.015555555555555555
3 0.4732620320855615 0.44222222222222224 0.06256684491978609 0.021111111111111112
3 0.46096256684491976 0.6255555555555555 0.03796791443850268 0.015555555555555555
3 0.4807486631016043 0.8933333333333333 0.07700534759358289 0.021111111111111112
3 0.5122994652406417 0.01 0.10802139037433155 0.02
3 0.5122994652406417 0.01 0.10802139037433155 0.02
3 0.24919786096256685 0.30333333333333334 0.14866310160427806 0.03333333333333333
3 0.6096256684491979 0.3244444444444444 0.3352941176470588 0.028888888888888888
3 0.6096256684491979 0.5477777777777778 0.3352941176470588 0.028888888888888888
3 0.6096256684491979 0.8111111111111111 0.3352941176470588 0.028888888888888888
3 0.3417112299465241 0.06555555555555556 0.02406417112299465 0.022222222222222223
3 0.3770053475935829 0.06555555555555556 0.026737967914438502 0.022222222222222223
3 0.42406417112299466 0.06555555555555556 0.0481283422459893 0.022222222222222223
3 0.46684491978609627 0.06555555555555556 0.01871657754010695 0.022222222222222223
3 0.4978609625668449 0.06555555555555556 0.02406417112299465 0.022222222222222223
3 0.5299465240641711 0.06555555555555556 0.02085561497326203 0.022222222222222223
3 0.20962566844919786 0.5711111111111111 0.06951871657754011 0.02
3 0.18502673796791444 0.6577777777777778 0.02085561497326203 0.02
3 0.19411764705882353 0.6844444444444444 0.038502673796791446 0.02
3 0.1786096256684492 0.7111111111111111 0.0074866310160427805 0.02
3 0.20053475935828877 0.7977777777777778 0.051871657754010696 0.02
3 0.1855614973262032 0.8244444444444444 0.021925133689839574 0.02
3 0.17647058823529413 0.8511111111111112 0.0037433155080213902 0.02
3 0.19197860962566846 0.8777777777777778 0.034759358288770054 0.02
3 0.18288770053475936 0.9044444444444445 0.016042780748663103 0.02
3 0.193048128342246 0.9311111111111111 0.03689839572192513 0.02
3 0.18823529411764706 0.9577777777777777 0.02727272727272727 0.02
3 0.19411764705882353 0.9844444444444445 0.038502673796791446 0.02
3 0.2497326203208556 0.5711111111111111 0.0053475935828877 0.02
3 0.20641711229946524 0.6577777777777778 0.016042780748663103 0.02
3 0.22032085561497325 0.6844444444444444 0.008021390374331552 0.02
3 0.1893048128342246 0.7111111111111111 0.008021390374331552 0.02
3 0.2374331550802139 0.7977777777777778 0.016042780748663103 0.02
3 0.20427807486631017 0.8244444444444444 0.010160427807486631 0.02
3 0.1855614973262032 0.8511111111111112 0.008021390374331552 0.02
3 0.21657754010695188 0.8777777777777778 0.0074866310160427805 0.02
3 0.19732620320855615 0.9044444444444445 0.0074866310160427805 0.02
3 0.21818181818181817 0.9311111111111111 0.0074866310160427805 0.02
3 0.20909090909090908 0.9577777777777777 0.008021390374331552 0.02
3 0.22032085561497325 0.9844444444444445 0.008021390374331552 0.02
3 0.21336898395721926 0.04888888888888889 0.06149732620320856 0.022222222222222223
3 0.20909090909090908 0.07 0.06149732620320856 0.022222222222222223
3 0.20962566844919786 0.23555555555555555 0.07005347593582888 0.022222222222222223
3 0.23315508021390374 0.24666666666666667 0.11657754010695187 0.044444444444444446