0 0.5925133689839572 0.025555555555555557 0.02459893048128342 0.043333333333333335
0 0.7181818181818181 0.5222222222222223 0.1304812834224599 0.05333333333333334
0 0.7262032085561497 0.5977777777777777 0.14705882352941177 0.05333333333333334
0 0.7262032085561497 0.66 0.14705882352941177 0.05333333333333334
1 0.725668449197861 0.02666666666666667 0.18181818181818182 0.043333333333333335
1 0.20641711229946524 0.25 0.023529411764705882 0.04888888888888889
1 0.32941176470588235 0.5266666666666666 0.2021390374331551 0.52
1 0.20641711229946524 0.31666666666666665 0.023529411764705882 0.04888888888888889
1 0.20641711229946524 0.38333333333333336 0.023529411764705882 0.04888888888888889
1 0.20641711229946524 0.45 0.023529411764705882 0.04888888888888889
1 0.20641711229946524 0.5166666666666667 0.023529411764705882 0.04888888888888889
1 0.20641711229946524 0.5833333333333334 0.023529411764705882 0.04888888888888889
1 0.4566844919786096 0.6788888888888889 0.0213903743315508 0.044444444444444446
1 0.4855614973262032 0.6788888888888889 0.0213903743315508 0.044444444444444446
1 0.5144385026737968 0.68 0.020320855614973262 0.042222222222222223
1 0.22139037433155082 0.02666666666666667 0.07165775401069518 0.03777777777777778
2 0.4449197860962567 0.025555555555555557 0.31978609625668447 0.043333333333333335
3 0.4828877005347594 0.4722222222222222 0.07754010695187166 0.02
3 0.5352941176470588 0.5466666666666666 0.18235294117647058 0.023333333333333334
3 0.4625668449197861 0.5877777777777777 0.034759358288770054 0.035555555555555556
3 0.5042780748663102 0.5877777777777777 0.03636363636363636 0.035555555555555556
3 0.544385026737968 0.5877777777777777 0.032620320855614976 0.035555555555555556
3 0.5352941176470588 0.6322222222222222 0.18235294117647058 0.023333333333333334
3 0.5128342245989305 0.76 0.1374331550802139 0.02
3 0.7005347593582888 0.4077777777777778 0.09572192513368984 0.015555555555555555
3 0.7005347593582888 0.43 0.09572192513368984 0.015555555555555555
3 0.20641711229946524 0.2677777777777778 0.026737967914438502 0.024444444444444446
3 0.20641711229946524 0.33444444444444443 0.026737967914438502 0.024444444444444446
3 0.20641711229946524 0.4011111111111111 0.026737967914438502 0.024444444444444446
3 0.20641711229946524 0.4677777777777778 0.026737967914438502 0.024444444444444446
3 0.20641711229946524 0.5344444444444445 0.026737967914438502 0.024444444444444446
3 0.20641711229946524 0.6011111111111112 0.026737967914438502 0.024444444444444446
3 0.20641711229946524 0.2677777777777778 0.026737967914438502 0.024444444444444446
3 0.20641711229946524 0.33444444444444443 0.026737967914438502 0.024444444444444446
3 0.20641711229946524 0.4011111111111111 0.026737967914438502 0.024444444444444446
3 0.20641711229946524 0.4677777777777778 0.026737967914438502 0.024444444444444446
3 0.20641711229946524 0.5344444444444445 0.026737967914438502 0.024444444444444446
3 0.20641711229946524 0.6011111111111112 0.026737967914438502 0.024444444444444446
3 0.5315508021390374 0.3088888888888889 0.17433155080213902 0.05555555555555555
3 0.7342245989304813 0.26222222222222225 0.13101604278074866 0.022222222222222223
3 0.7342245989304813 0.29555555555555557 0.13101604278074866 0.04
3 0.7331550802139037 0.7333333333333333 0.13315508021390374 0.04
3 0.7331550802139037 0.8033333333333333 0.13315508021390374 0.06
3 0.7331550802139037 0.8633333333333333 0.13315508021390374 0.02
3 0.7331550802139037 0.9044444444444445 0.13315508021390374 0.02
3 0.7005347593582888 0.38666666666666666 0.09572192513368984 0.017777777777777778
3 0.7262032085561497 0.47555555555555556 0.14705882352941177 0.022222222222222223
3 0.34866310160427805 0.08333333333333333 0.02406417112299465 0.022222222222222223
3 0.3839572192513369 0.08333333333333333 0.026737967914438502 0.022222222222222223
3 0.4310160427807487 0.08333333333333333 0.0481283422459893 0.022222222222222223
3 0.4737967914438503 0.08333333333333333 0.01871657754010695 0.022222222222222223
3 0.5048128342245989 0.08333333333333333 0.02406417112299465 0.022222222222222223
3 0.5368983957219251 0.08333333333333333 0.02085561497326203 0.022222222222222223
3 0.22032085561497325 0.06666666666666667 0.06149732620320856 0.022222222222222223
3 0.2160427807486631 0.08777777777777777 0.06149732620320856 0.022222222222222223
3 0.28449197860962566 0.1811111111111111 0.07005347593582888 0.015555555555555555
3 0.3700534759358289 0.1811111111111111 0.08181818181818182 0.015555555555555555
3 0.4310160427807487 0.1811111111111111 0.019251336898395723 0.015555555555555555
3 0.49518716577540106 0.1811111111111111 0.09037433155080214 0.015555555555555555