0 0.5783422459893048 0.014444444444444444 0.025133689839572194 0.028888888888888888
0 0.19946524064171123 0.37555555555555553 0.0106951871657754 0.022222222222222223
0 0.25080213903743315 0.37555555555555553 0.0106951871657754 0.022222222222222223
0 0.2989304812834225 0.37555555555555553 0.0106951871657754 0.022222222222222223
0 0.20588235294117646 0.41555555555555557 0.0106951871657754 0.022222222222222223
0 0.2529411764705882 0.81 0.012834224598930482 0.02666666666666667
0 0.25320855614973264 0.9877777777777778 0.013368983957219251 0.022222222222222223
0 0.7272727272727273 0.24444444444444444 0.06042780748663101 0.015555555555555555
1 0.7114973262032086 0.015 0.18235294117647058 0.03
1 0.379144385026738 0.3977777777777778 0.0855614973262032 0.17777777777777778
1 0.379144385026738 0.6211111111111111 0.0855614973262032 0.17777777777777778
1 0.379144385026738 0.8444444444444444 0.0855614973262032 0.17777777777777778
1 0.2072192513368984 0.013888888888888888 0.07219251336898395 0.027777777777777776
2 0.43074866310160426 0.014444444444444444 0.32032085561497325 0.028888888888888888
2 0.4451871657754011 0.0077777777777777776 0.008021390374331552 0.015555555555555555
2 0.18342245989304812 0.8077777777777778 0.033155080213903745 0.027777777777777776
2 0.22620320855614973 0.8077777777777778 0.033155080213903745 0.027777777777777776
2 0.1836898395721925 0.9861111111111112 0.033689839572192515 0.025555555555555557
2 0.22647058823529412 0.9861111111111112 0.033689839572192515 0.025555555555555557
3 0.4994652406417112 0.011666666666666667 0.13368983957219252 0.023333333333333334
3 0.4657754010695187 0.40555555555555556 0.06256684491978609 0.021111111111111112
3 0.453475935828877 0.6244444444444445 0.03796791443850268 0.015555555555555555
3 0.453475935828877 0.8477777777777777 0.03796791443850268 0.015555555555555555
3 0.5048128342245989 0.009444444444444445 0.10802139037433155 0.01888888888888889
3 0.18342245989304812 0.81 0.03208556149732621 0.034444444444444444
3 0.22620320855614973 0.81 0.03208556149732621 0.034444444444444444
3 0.5048128342245989 0.009444444444444445 0.10802139037433155 0.01888888888888889
3 0.18342245989304812 0.81 0.03208556149732621 0.034444444444444444
3 0.22620320855614973 0.81 0.03208556149732621 0.034444444444444444
3 0.24171122994652405 0.3022222222222222 0.14866310160427806 0.03333333333333333
3 0.6021390374331551 0.3233333333333333 0.3352941176470588 0.028888888888888888
3 0.6021390374331551 0.5466666666666666 0.3352941176470588 0.028888888888888888
3 0.6021390374331551 0.77 0.3352941176470588 0.028888888888888888
3 0.3342245989304813 0.06444444444444444 0.02406417112299465 0.022222222222222223
3 0.3695187165775401 0.06444444444444444 0.026737967914438502 0.022222222222222223
3 0.41657754010695186 0.06444444444444444 0.0481283422459893 0.022222222222222223
3 0.45935828877005347 0.06444444444444444 0.01871657754010695 0.022222222222222223
3 0.4903743315508021 0.06444444444444444 0.02406417112299465 0.022222222222222223
3 0.5224598930481283 0.06444444444444444 0.02085561497326203 0.022222222222222223
3 0.17593582887700535 0.61 0.017112299465240642 0.02
3 0.1855614973262032 0.6366666666666667 0.03636363636363636 0.02
3 0.17379679144385027 0.6633333333333333 0.013368983957219251 0.02
3 0.1962566844919786 0.75 0.057754010695187166 0.02
3 0.18983957219251338 0.7766666666666666 0.044919786096256686 0.02
3 0.1754010695187166 0.9033333333333333 0.016042780748663103 0.02
3 0.1754010695187166 0.93 0.016042780748663103 0.02
3 0.18609625668449198 0.9566666666666667 0.03796791443850268 0.02
3 0.19411764705882353 0.61 0.014438502673796792 0.02
3 0.21016042780748664 0.6366666666666667 0.008021390374331552 0.02
3 0.1877005347593583 0.6633333333333333 0.008021390374331552 0.02
3 0.23636363636363636 0.75 0.016577540106951873 0.02
3 0.21871657754010695 0.7766666666666666 0.008021390374331552 0.02
3 0.19037433155080213 0.9033333333333333 0.008021390374331552 0.02
3 0.1946524064171123 0.93 0.016577540106951873 0.02
3 0.21176470588235294 0.9566666666666667 0.0074866310160427805 0.02
3 0.20588235294117646 0.04777777777777778 0.06149732620320856 0.022222222222222223
3 0.2016042780748663 0.06888888888888889 0.06149732620320856 0.022222222222222223
3 0.2021390374331551 0.23444444444444446 0.07005347593582888 0.022222222222222223
3 0.22566844919786097 0.24555555555555555 0.11657754010695187 0.044444444444444446