0 0.5991935483870968 0.018973214285714284 0.025268817204301075 0.03794642857142857
0 0.22473118279569892 0.41964285714285715 0.010752688172043012 0.022321428571428572
0 0.7489247311827957 0.2544642857142857 0.06075268817204301 0.015625
0 0.8005376344086022 0.33482142857142855 0.01935483870967742 0.04017857142857143
1 0.7330645161290322 0.01953125 0.18333333333333332 0.0390625
1 0.3989247311827957 0.40848214285714285 0.08602150537634409 0.17857142857142858
1 0.3989247311827957 0.6328125 0.08602150537634409 0.17857142857142858
1 0.3989247311827957 0.8571428571428571 0.08602150537634409 0.17857142857142858
1 0.2260752688172043 0.018415178571428572 0.07258064516129033 0.036830357142857144
2 0.4508064516129032 0.018973214285714284 0.32204301075268815 0.03794642857142857
2 0.4650537634408602 0.015625 0.007526881720430108 0.015625
3 0.5198924731182796 0.016741071428571428 0.1338709677419355 0.029017857142857144
3 0.6231182795698925 0.3560267857142857 0.3370967741935484 0.015625
3 0.5053763440860215 0.45200892857142855 0.1010752688172043 0.021205357142857144
3 0.4860215053763441 0.6607142857142857 0.06290322580645161 0.021205357142857144
3 0.4860215053763441 0.8850446428571429 0.06290322580645161 0.021205357142857144
3 0.5252688172043011 0.015625 0.10806451612903226 0.022321428571428572
3 0.5252688172043011 0.015625 0.10806451612903226 0.022321428571428572
3 0.260752688172043 0.32924107142857145 0.14946236559139786 0.06696428571428571
3 0.6231182795698925 0.33370535714285715 0.3370967741935484 0.029017857142857144
3 0.6231182795698925 0.5580357142857143 0.3370967741935484 0.029017857142857144
3 0.6231182795698925 0.7823660714285714 0.3370967741935484 0.029017857142857144
3 0.35376344086021505 0.07366071428571429 0.024193548387096774 0.022321428571428572
3 0.38924731182795697 0.07366071428571429 0.026881720430107527 0.022321428571428572
3 0.43655913978494626 0.07366071428571429 0.04838709677419355 0.022321428571428572
3 0.47956989247311826 0.07366071428571429 0.01881720430107527 0.022321428571428572
3 0.510752688172043 0.07366071428571429 0.024193548387096774 0.022321428571428572
3 0.543010752688172 0.07366071428571429 0.020967741935483872 0.022321428571428572
3 0.22096774193548388 0.7008928571428571 0.06989247311827956 0.020089285714285716
3 0.20053763440860214 0.7879464285714286 0.02903225806451613 0.020089285714285716
3 0.2 0.8147321428571429 0.02849462365591398 0.020089285714285716
3 0.2 0.8415178571428571 0.02795698924731183 0.020089285714285716
3 0.20591397849462365 0.8683035714285714 0.04032258064516129 0.020089285714285716
3 0.19731182795698926 0.8950892857142857 0.02258064516129032 0.020089285714285716
3 0.20591397849462365 0.921875 0.04032258064516129 0.020089285714285716
3 0.2010752688172043 0.9486607142857143 0.03064516129032258 0.020089285714285716
3 0.20806451612903226 0.9754464285714286 0.044623655913978495 0.020089285714285716
3 0.2623655913978495 0.7008928571428571 0.008064516129032258 0.020089285714285716
3 0.22634408602150538 0.7879464285714286 0.016129032258064516 0.020089285714285716
3 0.22580645161290322 0.8147321428571429 0.016666666666666666 0.020089285714285716
3 0.22258064516129034 0.8415178571428571 0.011827956989247311 0.020089285714285716
3 0.23548387096774193 0.8683035714285714 0.011827956989247311 0.020089285714285716
3 0.2172043010752688 0.8950892857142857 0.011827956989247311 0.020089285714285716
3 0.23333333333333334 0.921875 0.008064516129032258 0.020089285714285716
3 0.22258064516129034 0.9486607142857143 0.006989247311827957 0.020089285714285716
3 0.2360215053763441 0.9754464285714286 0.005913978494623656 0.020089285714285716
3 0.22473118279569892 0.056919642857142856 0.06182795698924731 0.022321428571428572
3 0.22043010752688172 0.078125 0.06182795698924731 0.022321428571428572
3 0.22096774193548388 0.24441964285714285 0.07043010752688172 0.022321428571428572
3 0.2446236559139785 0.25558035714285715 0.11720430107526882 0.044642857142857144