0 0.6149171270718232 0.02981651376146789 0.02541436464088398 0.04472477064220184
1 0.7524861878453039 0.03096330275229358 0.1878453038674033 0.04472477064220184
1 0.23149171270718233 0.03096330275229358 0.07403314917127071 0.0389908256880734
2 0.46243093922651934 0.02981651376146789 0.33038674033149174 0.04472477064220184
3 0.5204419889502763 0.16169724770642202 0.6629834254143646 0.04243119266055046
3 0.2281767955801105 0.2580275229357798 0.03425414364640884 0.020642201834862386
3 0.356353591160221 0.2580275229357798 0.032044198895027624 0.020642201834862386
3 0.37679558011049724 0.6685779816513762 0.07348066298342541 0.020642201834862386
3 0.5066298342541437 0.2580275229357798 0.07403314917127071 0.020642201834862386
3 0.49337016574585635 0.411697247706422 0.04751381215469613 0.020642201834862386
3 0.4850828729281768 0.6295871559633027 0.030939226519337018 0.020642201834862386
3 0.47845303867403316 0.911697247706422 0.018232044198895028 0.020642201834862386
3 0.48066298342541436 0.9690366972477065 0.022099447513812154 0.020642201834862386
3 0.2425414364640884 0.29357798165137616 0.06298342541436464 0.022935779816513763
3 0.2287292817679558 0.3256880733944954 0.03535911602209945 0.022935779816513763
3 0.25027624309392266 0.3577981651376147 0.07900552486187845 0.022935779816513763
3 0.2591160220994475 0.38990825688073394 0.09613259668508287 0.022935779816513763
3 0.24696132596685083 0.42201834862385323 0.07237569060773481 0.022935779816513763
3 0.2447513812154696 0.4541284403669725 0.06740331491712707 0.022935779816513763
3 0.24033149171270718 0.48623853211009177 0.05911602209944752 0.022935779816513763
3 0.2408839779005525 0.518348623853211 0.05966850828729282 0.022935779816513763
3 0.24530386740331492 0.5504587155963303 0.06906077348066299 0.022935779816513763
3 0.25082872928176797 0.5825688073394495 0.07955801104972375 0.022935779816513763
3 0.2265193370165746 0.6146788990825688 0.03149171270718232 0.022935779816513763
3 0.22209944751381216 0.6467889908256881 0.022099447513812154 0.022935779816513763
3 0.2281767955801105 0.6788990825688074 0.034806629834254144 0.022935779816513763
3 0.2281767955801105 0.7110091743119266 0.034806629834254144 0.022935779816513763
3 0.22265193370165745 0.7431192660550459 0.023204419889502764 0.022935779816513763
3 0.256353591160221 0.7752293577981652 0.09060773480662983 0.022935779816513763
3 0.23093922651933702 0.8073394495412844 0.039779005524861875 0.022935779816513763
3 0.2281767955801105 0.8394495412844036 0.03425414364640884 0.022935779816513763
3 0.22209944751381216 0.8715596330275229 0.022099447513812154 0.022935779816513763
3 0.24972375690607734 0.9036697247706422 0.07734806629834254 0.022935779816513763
3 0.25027624309392266 0.9357798165137615 0.07845303867403315 0.022935779816513763
3 0.24806629834254143 0.9678899082568807 0.07458563535911603 0.022935779816513763
3 0.22348066298342542 0.9936926605504587 0.024861878453038673 0.010321100917431193
3 0.35082872928176795 0.29357798165137616 0.02154696132596685 0.022935779816513763
3 0.39447513812154694 0.3256880733944954 0.10883977900552486 0.022935779816513763
3 0.37182320441988953 0.3577981651376147 0.06353591160220995 0.022935779816513763
3 0.38453038674033146 0.38990825688073394 0.08839779005524862 0.022935779816513763
3 0.37679558011049724 0.42201834862385323 0.07348066298342541 0.022935779816513763
3 0.37182320441988953 0.4541284403669725 0.06353591160220995 0.022935779816513763
3 0.3558011049723757 0.48623853211009177 0.03149171270718232 0.022935779816513763
3 0.3569060773480663 0.518348623853211 0.03314917127071823 0.022935779816513763
3 0.35027624309392263 0.5504587155963303 0.020441988950276244 0.022935779816513763
3 0.37458563535911604 0.5825688073394495 0.06850828729281767 0.022935779816513763
3 0.36408839779005525 0.6146788990825688 0.04806629834254143 0.022935779816513763
3 0.3856353591160221 0.7041284403669725 0.09116022099447514 0.022935779816513763
3 0.3806629834254144 0.7362385321100917 0.08121546961325966 0.022935779816513763
3 0.3602209944751381 0.768348623853211 0.039779005524861875 0.022935779816513763
3 0.3707182320441989 0.8004587155963303 0.06132596685082873 0.022935779816513763
3 0.3751381215469613 0.8325688073394495 0.07016574585635359 0.022935779816513763
3 0.3707182320441989 0.8646788990825688 0.06077348066298342 0.022935779816513763
3 0.36464088397790057 0.8967889908256881 0.04861878453038674 0.022935779816513763
3 0.37679558011049724 0.9288990825688074 0.07348066298342541 0.022935779816513763
3 0.3497237569060773 0.9610091743119266 0.01878453038674033 0.022935779816513763
3 0.4950276243093923 0.29357798165137616 0.05138121546961326 0.022935779816513763
3 0.48011049723756904 0.3256880733944954 0.020994475138121547 0.022935779816513763
3 0.494475138121547 0.3577981651376147 0.05027624309392265 0.022935779816513763
3 0.5011049723756906 0.44724770642201833 0.06353591160220995 0.022935779816513763
3 0.5 0.4793577981651376 0.06132596685082873 0.022935779816513763
3 0.5016574585635359 0.5114678899082569 0.06408839779005525 0.022935779816513763
3 0.5077348066298343 0.5435779816513762 0.07679558011049724 0.022935779816513763
3 0.4790055248618785 0.5756880733944955 0.01878453038674033 0.022935779816513763
3 0.48342541436464087 0.6651376146788991 0.027624309392265192 0.022935779816513763
3 0.481767955801105 0.6972477064220184 0.02430939226519337 0.022935779816513763
3 0.507182320441989 0.7293577981651376 0.07513812154696133 0.022935779816513763
3 0.4988950276243094 0.7614678899082569 0.05911602209944752 0.022935779816513763
3 0.4823204419889503 0.7935779816513762 0.025966850828729283 0.022935779816513763
3 0.48287292817679556 0.8256880733944955 0.026519337016574586 0.022935779816513763
3 0.4790055248618785 0.8577981651376146 0.01878453038674033 0.022935779816513763
3 0.3629834254143646 0.08944954128440367 0.024861878453038673 0.022935779816513763
3 0.3994475138121547 0.08944954128440367 0.027624309392265192 0.022935779816513763
3 0.4480662983425414 0.08944954128440367 0.049723756906077346 0.022935779816513763
3 0.4922651933701657 0.08944954128440367 0.019337016574585635 0.022935779816513763
3 0.5243093922651934 0.08944954128440367 0.024861878453038673 0.022935779816513763
3 0.5574585635359116 0.08944954128440367 0.02154696132596685 0.022935779816513763
3 0.2303867403314917 0.07224770642201835 0.06353591160220995 0.022935779816513763
3 0.22596685082872928 0.09403669724770643 0.06353591160220995 0.022935779816513763