1 0.7422651933701657 0.0045871559633027525 0.18839779005524862 0.009174311926605505
3 0.5099447513812154 0.11697247706422019 0.6629834254143646 0.04243119266055046
3 0.2176795580110497 0.21330275229357798 0.03425414364640884 0.020642201834862386
3 0.34585635359116024 0.21330275229357798 0.032044198895027624 0.020642201834862386
3 0.36629834254143645 0.6238532110091743 0.07348066298342541 0.020642201834862386
3 0.49613259668508286 0.21330275229357798 0.07403314917127071 0.020642201834862386
3 0.48287292817679556 0.3669724770642202 0.04751381215469613 0.020642201834862386
3 0.474585635359116 0.5848623853211009 0.030939226519337018 0.020642201834862386
3 0.46795580110497237 0.8669724770642202 0.018232044198895028 0.020642201834862386
3 0.47016574585635357 0.9243119266055045 0.022099447513812154 0.020642201834862386
3 0.23204419889502761 0.24885321100917432 0.06298342541436464 0.022935779816513763
3 0.21823204419889503 0.2809633027522936 0.03535911602209945 0.022935779816513763
3 0.23977900552486187 0.3130733944954128 0.07900552486187845 0.022935779816513763
3 0.24861878453038674 0.3451834862385321 0.09613259668508287 0.022935779816513763
3 0.23646408839779007 0.37729357798165136 0.07237569060773481 0.022935779816513763
3 0.23425414364640884 0.40940366972477066 0.06740331491712707 0.022935779816513763
3 0.22983425414364642 0.4415137614678899 0.05911602209944752 0.022935779816513763
3 0.2303867403314917 0.4736238532110092 0.05966850828729282 0.022935779816513763
3 0.23480662983425415 0.5057339449541285 0.06906077348066299 0.022935779816513763
3 0.24033149171270718 0.5378440366972477 0.07955801104972375 0.022935779816513763
3 0.2160220994475138 0.569954128440367 0.03149171270718232 0.022935779816513763
3 0.21160220994475137 0.6020642201834863 0.022099447513812154 0.022935779816513763
3 0.2176795580110497 0.6341743119266054 0.034806629834254144 0.022935779816513763
3 0.2176795580110497 0.6662844036697247 0.034806629834254144 0.022935779816513763
3 0.2121546961325967 0.698394495412844 0.023204419889502764 0.022935779816513763
3 0.24585635359116023 0.7305045871559633 0.09060773480662983 0.022935779816513763
3 0.22044198895027625 0.7626146788990825 0.039779005524861875 0.022935779816513763
3 0.2176795580110497 0.7947247706422018 0.03425414364640884 0.022935779816513763
3 0.21160220994475137 0.8268348623853211 0.022099447513812154 0.022935779816513763
3 0.23922651933701658 0.8589449541284404 0.07734806629834254 0.022935779816513763
3 0.23977900552486187 0.8910550458715596 0.07845303867403315 0.022935779816513763
3 0.23756906077348067 0.9231651376146789 0.07458563535911603 0.022935779816513763
3 0.212707182320442 0.9552752293577982 0.02430939226519337 0.022935779816513763
3 0.25082872928176797 0.9873853211009175 0.1005524861878453 0.022935779816513763
3 0.34033149171270716 0.24885321100917432 0.02154696132596685 0.022935779816513763
3 0.3839779005524862 0.2809633027522936 0.10883977900552486 0.022935779816513763
3 0.36132596685082874 0.3130733944954128 0.06353591160220995 0.022935779816513763
3 0.37403314917127073 0.3451834862385321 0.08839779005524862 0.022935779816513763
3 0.36629834254143645 0.37729357798165136 0.07348066298342541 0.022935779816513763
3 0.36132596685082874 0.40940366972477066 0.06353591160220995 0.022935779816513763
3 0.3453038674033149 0.4415137614678899 0.03149171270718232 0.022935779816513763
3 0.34640883977900555 0.4736238532110092 0.03314917127071823 0.022935779816513763
3 0.3397790055248619 0.5057339449541285 0.020441988950276244 0.022935779816513763
3 0.36408839779005525 0.5378440366972477 0.06850828729281767 0.022935779816513763
3 0.35359116022099446 0.569954128440367 0.04806629834254143 0.022935779816513763
3 0.3751381215469613 0.6594036697247706 0.09116022099447514 0.022935779816513763
3 0.3701657458563536 0.6915137614678899 0.08121546961325966 0.022935779816513763
3 0.3497237569060773 0.7236238532110092 0.039779005524861875 0.022935779816513763
3 0.3602209944751381 0.7557339449541285 0.06132596685082873 0.022935779816513763
3 0.36464088397790057 0.7878440366972477 0.07016574585635359 0.022935779816513763
3 0.3602209944751381 0.819954128440367 0.06077348066298342 0.022935779816513763
3 0.3541436464088398 0.8520642201834863 0.04861878453038674 0.022935779816513763
3 0.36629834254143645 0.8841743119266054 0.07348066298342541 0.022935779816513763
3 0.3392265193370166 0.9162844036697247 0.01878453038674033 0.022935779816513763
3 0.4845303867403315 0.24885321100917432 0.05138121546961326 0.022935779816513763
3 0.4696132596685083 0.2809633027522936 0.020994475138121547 0.022935779816513763
3 0.4839779005524862 0.3130733944954128 0.05027624309392265 0.022935779816513763
3 0.49060773480662984 0.4025229357798165 0.06353591160220995 0.022935779816513763
3 0.4895027624309392 0.43463302752293576 0.06132596685082873 0.022935779816513763
3 0.49116022099447515 0.46674311926605505 0.06408839779005525 0.022935779816513763
3 0.4972375690607735 0.4988532110091743 0.07679558011049724 0.022935779816513763
3 0.4685082872928177 0.5309633027522935 0.01878453038674033 0.022935779816513763
3 0.47292817679558014 0.6204128440366973 0.027624309392265192 0.022935779816513763
3 0.4712707182320442 0.6525229357798165 0.02430939226519337 0.022935779816513763
3 0.4966850828729282 0.6846330275229358 0.07513812154696133 0.022935779816513763
3 0.48839779005524864 0.716743119266055 0.05911602209944752 0.022935779816513763
3 0.4718232044198895 0.7488532110091743 0.025966850828729283 0.022935779816513763
3 0.4723756906077348 0.7809633027522935 0.026519337016574586 0.022935779816513763
3 0.4685082872928177 0.8130733944954128 0.01878453038674033 0.022935779816513763
3 0.3524861878453039 0.04472477064220184 0.024861878453038673 0.022935779816513763
3 0.3889502762430939 0.04472477064220184 0.027624309392265192 0.022935779816513763
3 0.4375690607734807 0.04472477064220184 0.049723756906077346 0.022935779816513763
3 0.481767955801105 0.04472477064220184 0.019337016574585635 0.022935779816513763
3 0.5138121546961326 0.04472477064220184 0.024861878453038673 0.022935779816513763
3 0.5469613259668509 0.04472477064220184 0.02154696132596685 0.022935779816513763
3 0.21988950276243094 0.027522935779816515 0.06353591160220995 0.022935779816513763
3 0.2154696132596685 0.04931192660550459 0.06353591160220995 0.022935779816513763