0 0.573463687150838 0.02088167053364269 0.026256983240223464 0.04176334106728538
0 0.723463687150838 0.9303944315545244 0.12402234636871508 0.013921113689095127
1 0.7125698324022346 0.021461716937354988 0.19050279329608938 0.042923433874709975
1 0.16983240223463686 0.25406032482598606 0.024581005586592177 0.05104408352668213
1 0.38268156424581007 0.54292343387471 0.37318435754189944 0.54292343387471
1 0.16983240223463686 0.3236658932714617 0.024581005586592177 0.05104408352668213
1 0.16983240223463686 0.39327146171693733 0.024581005586592177 0.05104408352668213
1 0.18547486033519553 0.019721577726218097 0.07486033519553073 0.03944315545243619
2 0.4192737430167598 0.02088167053364269 0.3346368715083799 0.04176334106728538
3 0.6525139664804469 0.4767981438515081 0.08100558659217877 0.02088167053364269
3 0.7011173184357542 0.7946635730858469 0.1776536312849162 0.024361948955916472
3 0.6279329608938548 0.8364269141531323 0.030726256983240222 0.037122969837587005
3 0.6653631284916202 0.8364269141531323 0.03240223463687151 0.037122969837587005
3 0.7033519553072626 0.8364269141531323 0.0329608938547486 0.037122969837587005
3 0.7430167597765364 0.8364269141531323 0.03519553072625698 0.037122969837587005
3 0.6312849162011173 0.8851508120649652 0.037430167597765365 0.037122969837587005
3 0.7011173184357542 0.9721577726218097 0.1776536312849162 0.024361948955916472
3 0.16983240223463686 0.27262180974477956 0.027932960893854747 0.025522041763341066
3 0.16983240223463686 0.3422273781902552 0.027932960893854747 0.025522041763341066
3 0.16983240223463686 0.41183294663573083 0.027932960893854747 0.025522041763341066
3 0.16983240223463686 0.27262180974477956 0.027932960893854747 0.025522041763341066
3 0.16983240223463686 0.3422273781902552 0.027932960893854747 0.025522041763341066
3 0.16983240223463686 0.41183294663573083 0.027932960893854747 0.025522041763341066
3 0.6905027932960894 0.31322505800464034 0.1569832402234637 0.058004640371229696
3 0.7094972067039106 0.548723897911833 0.16089385474860335 0.02320185614849188
3 0.7094972067039106 0.5730858468677494 0.16089385474860335 0.02088167053364269
3 0.7094972067039106 0.5962877030162413 0.16089385474860335 0.02088167053364269
3 0.7094972067039106 0.6194895591647331 0.16089385474860335 0.02088167053364269
3 0.7083798882681565 0.6902552204176334 0.16256983240223463 0.02320185614849188
3 0.7083798882681565 0.7146171693735499 0.16256983240223463 0.02088167053364269
3 0.31843575418994413 0.07888631090487239 0.025139664804469275 0.02320185614849188
3 0.3553072625698324 0.07888631090487239 0.027932960893854747 0.02320185614849188
3 0.4044692737430168 0.07888631090487239 0.05027932960893855 0.02320185614849188
3 0.4491620111731844 0.07888631090487239 0.019553072625698324 0.02320185614849188
3 0.48156424581005586 0.07888631090487239 0.025139664804469275 0.02320185614849188
3 0.5150837988826815 0.07888631090487239 0.021787709497206705 0.02320185614849188
3 0.18435754189944134 0.06148491879350348 0.06424581005586592 0.02320185614849188
3 0.17988826815642459 0.08352668213457076 0.06424581005586592 0.02320185614849188
3 0.24636871508379887 0.18097447795823665 0.06312849162011173 0.016241299303944315
3 0.33519553072625696 0.18097447795823665 0.09441340782122905 0.016241299303944315
3 0.40391061452513966 0.18097447795823665 0.021229050279329607 0.016241299303944315
3 0.4340782122905028 0.18097447795823665 0.01899441340782123 0.016241299303944315