0 0.5752717391304348 0.020316027088036117 0.025543478260869567 0.040632054176072234
0 0.721195652173913 0.9051918735891648 0.12065217391304348 0.013544018058690745
0 0.6997282608695652 0.9830699774266366 0.1733695652173913 0.03160270880361174
1 0.7105978260869565 0.0208803611738149 0.18532608695652175 0.0417607223476298
1 0.1826086956521739 0.24717832957110608 0.02391304347826087 0.04966139954853273
1 0.38967391304347826 0.5282167042889391 0.3630434782608696 0.5282167042889391
1 0.1826086956521739 0.3148984198645598 0.02391304347826087 0.04966139954853273
1 0.1826086956521739 0.38261851015801357 0.02391304347826087 0.04966139954853273
1 0.6290760869565217 0.9875846501128668 0.017934782608695653 0.022573363431151242
1 0.19782608695652174 0.019187358916478554 0.07282608695652174 0.03837471783295711
2 0.42527173913043476 0.020316027088036117 0.32554347826086955 0.040632054176072234
3 0.6521739130434783 0.463882618510158 0.07880434782608696 0.020316027088036117
3 0.6994565217391304 0.7731376975169301 0.17282608695652174 0.023702031602708805
3 0.6282608695652174 0.8137697516930023 0.029891304347826088 0.03611738148984198
3 0.6646739130434782 0.8137697516930023 0.03152173913043478 0.03611738148984198
3 0.7016304347826087 0.8137697516930023 0.03206521739130435 0.03611738148984198
3 0.7402173913043478 0.8137697516930023 0.034239130434782605 0.03611738148984198
3 0.6315217391304347 0.8611738148984198 0.03641304347826087 0.03611738148984198
3 0.6994565217391304 0.945823927765237 0.17282608695652174 0.023702031602708805
3 0.1826086956521739 0.2652370203160271 0.02717391304347826 0.024830699774266364
3 0.1826086956521739 0.3329571106094808 0.02717391304347826 0.024830699774266364
3 0.1826086956521739 0.4006772009029345 0.02717391304347826 0.024830699774266364
3 0.1826086956521739 0.2652370203160271 0.02717391304347826 0.024830699774266364
3 0.1826086956521739 0.3329571106094808 0.02717391304347826 0.024830699774266364
3 0.1826086956521739 0.4006772009029345 0.02717391304347826 0.024830699774266364
3 0.6891304347826087 0.3047404063205418 0.15271739130434783 0.056433408577878104
3 0.7076086956521739 0.5338600451467269 0.1565217391304348 0.022573363431151242
3 0.7076086956521739 0.5575620767494357 0.1565217391304348 0.020316027088036117
3 0.7076086956521739 0.5801354401805869 0.1565217391304348 0.020316027088036117
3 0.7076086956521739 0.6027088036117382 0.1565217391304348 0.020316027088036117
3 0.7065217391304348 0.6715575620767494 0.15815217391304348 0.022573363431151242
3 0.7065217391304348 0.6952595936794582 0.15815217391304348 0.020316027088036117
3 0.32717391304347826 0.07674943566591422 0.024456521739130436 0.022573363431151242
3 0.3630434782608696 0.07674943566591422 0.02717391304347826 0.022573363431151242
3 0.4108695652173913 0.07674943566591422 0.04891304347826087 0.022573363431151242
3 0.4543478260869565 0.07674943566591422 0.019021739130434784 0.022573363431151242
3 0.48586956521739133 0.07674943566591422 0.024456521739130436 0.022573363431151242
3 0.5184782608695652 0.07674943566591422 0.021195652173913043 0.022573363431151242
3 0.1967391304347826 0.05981941309255079 0.0625 0.022573363431151242
3 0.1923913043478261 0.08126410835214447 0.0625 0.022573363431151242
3 0.25706521739130433 0.17607223476297967 0.06141304347826087 0.01580135440180587
3 0.34347826086956523 0.17607223476297967 0.09184782608695652 0.01580135440180587
3 0.41032608695652173 0.17607223476297967 0.020652173913043477 0.01580135440180587
3 0.43967391304347825 0.17607223476297967 0.01847826086956522 0.01580135440180587