0 0.7681564245810056 0.25406032482598606 0.06312849162011173 0.016241299303944315
1 0.4044692737430168 0.41415313225058004 0.0893854748603352 0.18561484918793503
1 0.4044692737430168 0.6473317865429234 0.0893854748603352 0.18561484918793503
1 0.4044692737430168 0.8805104408352669 0.0893854748603352 0.18561484918793503
3 0.48435754189944136 0.4222737819025522 0.044134078212290505 0.022041763341067284
3 0.48435754189944136 0.6554524361948956 0.044134078212290505 0.022041763341067284
3 0.48435754189944136 0.888631090487239 0.044134078212290505 0.022041763341067284
3 0.2608938547486033 0.29118329466357307 0.1553072625698324 0.03480278422273782
3 0.6374301675977654 0.33642691415313225 0.35027932960893854 0.030162412993039442
3 0.6374301675977654 0.5696055684454756 0.35027932960893854 0.030162412993039442
3 0.6374301675977654 0.802784222737819 0.35027932960893854 0.030162412993039442
3 0.3575418994413408 0.027842227378190254 0.025139664804469275 0.02320185614849188
3 0.394413407821229 0.027842227378190254 0.027932960893854747 0.02320185614849188
3 0.4435754189944134 0.027842227378190254 0.05027932960893855 0.02320185614849188
3 0.488268156424581 0.027842227378190254 0.019553072625698324 0.02320185614849188
3 0.5206703910614525 0.027842227378190254 0.025139664804469275 0.02320185614849188
3 0.5541899441340782 0.027842227378190254 0.021787709497206705 0.02320185614849188
3 0.19329608938547485 0.5104408352668214 0.02011173184357542 0.02088167053364269
3 0.2022346368715084 0.6009280742459396 0.03798882681564246 0.02088167053364269
3 0.22849162011173185 0.62877030162413 0.09106145251396648 0.02088167053364269
3 0.2005586592178771 0.7192575406032483 0.034636871508379886 0.02088167053364269
3 0.2011173184357542 0.8097447795823666 0.036312849162011177 0.02088167053364269
3 0.20893854748603352 0.9002320185614849 0.05195530726256983 0.02088167053364269
3 0.21620111731843575 0.9280742459396751 0.0664804469273743 0.02088167053364269
3 0.211731843575419 0.9559164733178654 0.057541899441340784 0.02088167053364269
3 0.21564245810055865 0.9837587006960556 0.06536312849162011 0.02088167053364269
3 0.2111731843575419 0.5104408352668214 0.01005586592178771 0.02088167053364269
3 0.23128491620111732 0.6009280742459396 0.015083798882681564 0.02088167053364269
3 0.28324022346368716 0.62877030162413 0.012290502793296089 0.02088167053364269
3 0.22849162011173185 0.7192575406032483 0.015083798882681564 0.02088167053364269
3 0.22737430167597766 0.8097447795823666 0.01005586592178771 0.02088167053364269
3 0.24525139664804468 0.9002320185614849 0.01452513966480447 0.02088167053364269
3 0.2581005586592179 0.9280742459396751 0.010614525139664804 0.02088167053364269
3 0.24860335195530725 0.9559164733178654 0.01005586592178771 0.02088167053364269
3 0.2553072625698324 0.9837587006960556 0.008379888268156424 0.02088167053364269
3 0.22346368715083798 0.01160092807424594 0.06480446927374302 0.02320185614849188
3 0.21899441340782122 0.03248259860788863 0.06424581005586592 0.02320185614849188
3 0.21787709497206703 0.24361948955916474 0.06983240223463687 0.02320185614849188
3 0.2787709497206704 0.24361948955916474 0.030167597765363128 0.02320185614849188