0 0.5781767955801105 0.00974770642201835 0.025966850828729283 0.0194954128440367
0 0.7320441988950276 0.17660550458715596 0.062430939226519336 0.016055045871559634
0 0.625414364640884 0.5814220183486238 0.03535911602209945 0.02981651376146789
0 0.6243093922651933 0.7901376146788991 0.03314917127071823 0.02981651376146789
1 0.7157458563535911 0.010321100917431193 0.18839779005524862 0.020642201834862386
1 0.3723756906077348 0.3348623853211009 0.08839779005524862 0.1834862385321101
1 0.3723756906077348 0.5653669724770642 0.08839779005524862 0.1834862385321101
1 0.3723756906077348 0.7958715596330275 0.08839779005524862 0.1834862385321101
1 0.19475138121546962 0.009174311926605505 0.07458563535911603 0.01834862385321101
2 0.4256906077348066 0.00974770642201835 0.330939226519337 0.0194954128440367
2 0.44779005524861876 0.0028669724770642203 0.008287292817679558 0.005733944954128441
3 0.5008287292817679 0.006880733944954129 0.130939226519337 0.013761467889908258
3 0.5955801104972376 0.5814220183486238 0.019889502762430938 0.020642201834862386
3 0.5955801104972376 0.7901376146788991 0.019889502762430938 0.020642201834862386
3 0.5063535911602209 0.0045871559633027525 0.10441988950276243 0.009174311926605505
3 0.5063535911602209 0.0045871559633027525 0.10441988950276243 0.009174311926605505
3 0.2303867403314917 0.2305045871559633 0.15359116022099448 0.06880733944954129
3 0.6027624309392265 0.2580275229357798 0.34640883977900555 0.02981651376146789
3 0.6027624309392265 0.48853211009174313 0.34640883977900555 0.02981651376146789
3 0.6027624309392265 0.7190366972477065 0.34640883977900555 0.02981651376146789
3 0.6027624309392265 0.9644495412844036 0.34640883977900555 0.05963302752293578
3 0.3259668508287293 0.05619266055045872 0.024861878453038673 0.022935779816513763
3 0.3624309392265193 0.05619266055045872 0.027624309392265192 0.022935779816513763
3 0.41104972375690607 0.05619266055045872 0.049723756906077346 0.022935779816513763
3 0.4552486187845304 0.05619266055045872 0.019337016574585635 0.022935779816513763
3 0.487292817679558 0.05619266055045872 0.024861878453038673 0.022935779816513763
3 0.5204419889502763 0.05619266055045872 0.02154696132596685 0.022935779816513763
3 0.18950276243093922 0.5527522935779816 0.0718232044198895 0.020642201834862386
3 0.1994475138121547 0.6422018348623854 0.09171270718232044 0.020642201834862386
3 0.19116022099447513 0.6697247706422018 0.07569060773480663 0.020642201834862386
3 0.19779005524861878 0.6972477064220184 0.08895027624309393 0.020642201834862386
3 0.19337016574585636 0.7247706422018348 0.07955801104972375 0.020642201834862386
3 0.19889502762430938 0.7522935779816514 0.09060773480662983 0.020642201834862386
3 0.1994475138121547 0.7798165137614679 0.09171270718232044 0.020642201834862386
3 0.19392265193370165 0.8073394495412844 0.08121546961325966 0.020642201834862386
3 0.18232044198895028 0.8348623853211009 0.057458563535911604 0.020642201834862386
3 0.1861878453038674 0.8623853211009175 0.06574585635359116 0.020642201834862386
3 0.16353591160220995 0.9827981651376146 0.019889502762430938 0.020642201834862386
3 0.23812154696132598 0.5527522935779816 0.019889502762430938 0.020642201834862386
3 0.2613259668508287 0.6422018348623854 0.02707182320441989 0.020642201834862386
3 0.24585635359116023 0.6697247706422018 0.027624309392265192 0.020642201834862386
3 0.2591160220994475 0.6972477064220184 0.02707182320441989 0.020642201834862386
3 0.24806629834254143 0.7247706422018348 0.024861878453038673 0.020642201834862386
3 0.26077348066298345 0.7522935779816514 0.027624309392265192 0.020642201834862386
3 0.26243093922651933 0.7798165137614679 0.0281767955801105 0.020642201834862386
3 0.2513812154696133 0.8073394495412844 0.027624309392265192 0.020642201834862386
3 0.22707182320441988 0.8348623853211009 0.02541436464088398 0.020642201834862386
3 0.23480662983425415 0.8623853211009175 0.02430939226519337 0.020642201834862386
3 0.18839779005524862 0.9827981651376146 0.02430939226519337 0.020642201834862386
3 0.19337016574585636 0.0389908256880734 0.06353591160220995 0.022935779816513763
3 0.18895027624309393 0.06077981651376147 0.06353591160220995 0.022935779816513763
3 0.19447513812154696 0.16628440366972477 0.08176795580110498 0.022935779816513763