0 0.5734463276836158 0.028169014084507043 0.02598870056497175 0.045774647887323945
0 0.7310734463276836 0.21244131455399062 0.06384180790960452 0.01643192488262911
0 0.6220338983050847 0.6267605633802817 0.03615819209039548 0.03051643192488263
0 0.6209039548022599 0.8403755868544601 0.03389830508474576 0.03051643192488263
1 0.7141242937853107 0.029342723004694836 0.192090395480226 0.045774647887323945
1 0.3632768361581921 0.3744131455399061 0.0903954802259887 0.18779342723004694
1 0.3632768361581921 0.6103286384976526 0.0903954802259887 0.18779342723004694
1 0.3632768361581921 0.846244131455399 0.0903954802259887 0.18779342723004694
1 0.18135593220338983 0.029342723004694836 0.07570621468926554 0.03990610328638498
2 0.4175141242937853 0.028169014084507043 0.33785310734463275 0.045774647887323945
2 0.4401129943502825 0.028169014084507043 0.007909604519774011 0.01643192488262911
3 0.4943502824858757 0.029342723004694836 0.13333333333333333 0.03051643192488263
3 0.5915254237288136 0.6267605633802817 0.020338983050847456 0.02112676056338028
3 0.5915254237288136 0.8403755868544601 0.020338983050847456 0.02112676056338028
3 0.5 0.028169014084507043 0.10621468926553672 0.023474178403755867
3 0.5 0.028169014084507043 0.10621468926553672 0.023474178403755867
3 0.21807909604519773 0.2676056338028169 0.15706214689265538 0.07042253521126761
3 0.5988700564971752 0.29577464788732394 0.35423728813559324 0.03051643192488263
3 0.5988700564971752 0.5316901408450704 0.35423728813559324 0.03051643192488263
3 0.5988700564971752 0.7676056338028169 0.35423728813559324 0.03051643192488263
3 0.315819209039548 0.0892018779342723 0.025423728813559324 0.023474178403755867
3 0.3531073446327684 0.0892018779342723 0.02824858757062147 0.023474178403755867
3 0.40282485875706214 0.0892018779342723 0.05084745762711865 0.023474178403755867
3 0.4480225988700565 0.0892018779342723 0.01977401129943503 0.023474178403755867
3 0.4807909604519774 0.0892018779342723 0.025423728813559324 0.023474178403755867
3 0.5146892655367231 0.0892018779342723 0.022033898305084745 0.023474178403755867
3 0.17627118644067796 0.5974178403755869 0.07344632768361582 0.02112676056338028
3 0.1864406779661017 0.6889671361502347 0.09378531073446328 0.02112676056338028
3 0.17796610169491525 0.7171361502347418 0.07740112994350283 0.02112676056338028
3 0.1847457627118644 0.7453051643192489 0.09096045197740113 0.02112676056338028
3 0.18022598870056497 0.7734741784037559 0.08135593220338982 0.02112676056338028
3 0.18587570621468927 0.8016431924882629 0.09265536723163842 0.02112676056338028
3 0.1864406779661017 0.82981220657277 0.09378531073446328 0.02112676056338028
3 0.1807909604519774 0.857981220657277 0.08305084745762711 0.02112676056338028
3 0.16892655367231638 0.886150234741784 0.05875706214689266 0.02112676056338028
3 0.17288135593220338 0.9143192488262911 0.0672316384180791 0.02112676056338028
3 0.22598870056497175 0.5974178403755869 0.020338983050847456 0.02112676056338028
3 0.2497175141242938 0.6889671361502347 0.02768361581920904 0.02112676056338028
3 0.23389830508474577 0.7171361502347418 0.02824858757062147 0.02112676056338028
3 0.24745762711864408 0.7453051643192489 0.02768361581920904 0.02112676056338028
3 0.23615819209039549 0.7734741784037559 0.025423728813559324 0.02112676056338028
3 0.24915254237288137 0.8016431924882629 0.02824858757062147 0.02112676056338028
3 0.25084745762711863 0.82981220657277 0.0288135593220339 0.02112676056338028
3 0.23954802259887006 0.857981220657277 0.02824858757062147 0.02112676056338028
3 0.21468926553672316 0.886150234741784 0.02598870056497175 0.02112676056338028
3 0.22259887005649717 0.9143192488262911 0.024858757062146894 0.02112676056338028
3 0.18022598870056497 0.0715962441314554 0.06497175141242938 0.023474178403755867
3 0.17570621468926553 0.09389671361502347 0.06497175141242938 0.023474178403755867
3 0.18135593220338983 0.20187793427230047 0.08361581920903954 0.023474178403755867