0 0.7602974828375286 0.11995249406175772 0.06464530892448513 0.0166270783847981
1 0.4096109839816934 0.333729216152019 0.16247139588100687 0.33729216152019004
1 0.5812356979405034 0.333729216152019 0.16247139588100687 0.33729216152019004
1 0.7528604118993135 0.333729216152019 0.16247139588100687 0.33729216152019004
3 0.37242562929061784 0.5819477434679335 0.06578947368421052 0.022565320665083134
3 0.5440503432494279 0.5819477434679335 0.06578947368421052 0.022565320665083134
3 0.715675057208238 0.6294536817102138 0.06578947368421052 0.022565320665083134
3 0.2408466819221968 0.18171021377672208 0.15903890160183065 0.035629453681710214
3 0.4096109839816934 0.6187648456057007 0.13958810068649885 0.021377672209026127
3 0.5812356979405034 0.6294536817102138 0.13958810068649885 0.04275534441805225
3 0.7528604118993135 0.6769596199524941 0.13958810068649885 0.04275534441805225
3 0.33981693363844395 0.0344418052256532 0.02574370709382151 0.023752969121140142
3 0.37757437070938216 0.0344418052256532 0.028604118993135013 0.023752969121140142
3 0.4279176201372998 0.0344418052256532 0.05148741418764302 0.023752969121140142
3 0.47368421052631576 0.0344418052256532 0.02002288329519451 0.023752969121140142
3 0.5068649885583524 0.0344418052256532 0.02574370709382151 0.023752969121140142
3 0.5411899313501144 0.0344418052256532 0.02231121281464531 0.023752969121140142
3 0.19851258581235698 0.497624703087886 0.07437070938215103 0.021377672209026127
3 0.16819221967963388 0.5902612826603325 0.013729977116704805 0.021377672209026127
3 0.1859267734553776 0.6187648456057007 0.04977116704805492 0.021377672209026127
3 0.17048054919908467 0.6472684085510689 0.01887871853546911 0.021377672209026127
3 0.17620137299771166 0.6757719714964371 0.029748283752860413 0.021377672209026127
3 0.17562929061784896 0.7042755344418052 0.028604118993135013 0.021377672209026127
3 0.18421052631578946 0.7327790973871734 0.04576659038901602 0.021377672209026127
3 0.17334096109839817 0.8254156769596199 0.02459954233409611 0.021377672209026127
3 0.16990846681922198 0.8539192399049881 0.017734553775743706 0.021377672209026127
3 0.18020594965675057 0.8824228028503563 0.03832951945080092 0.021377672209026127
3 0.17734553775743708 0.9109263657957245 0.03260869565217391 0.021377672209026127
3 0.17048054919908467 0.9394299287410927 0.01887871853546911 0.021377672209026127
3 0.17505720823798626 0.9679334916864608 0.02803203661327231 0.021377672209026127
3 0.17419908466819223 0.9922802850356295 0.02574370709382151 0.013064133016627079
3 0.244279176201373 0.497624703087886 0.012013729977116704 0.021377672209026127
3 0.18993135011441648 0.5902612826603325 0.02402745995423341 0.021377672209026127
3 0.2208237986270023 0.6187648456057007 0.012585812356979404 0.021377672209026127
3 0.18764302059496568 0.6472684085510689 0.008581235697940504 0.021377672209026127
3 0.19851258581235698 0.6757719714964371 0.008009153318077803 0.021377672209026127
3 0.1956521739130435 0.7042755344418052 0.006292906178489702 0.021377672209026127
3 0.2133867276887872 0.7327790973871734 0.006292906178489702 0.021377672209026127
3 0.19794050343249428 0.8254156769596199 0.017734553775743706 0.021377672209026127
3 0.18878718535469108 0.8539192399049881 0.014302059496567507 0.021377672209026127
3 0.21052631578947367 0.8824228028503563 0.015446224256292907 0.021377672209026127
3 0.204233409610984 0.9109263657957245 0.015446224256292907 0.021377672209026127
3 0.19050343249427917 0.9394299287410927 0.013729977116704805 0.021377672209026127
3 0.19965675057208238 0.9679334916864608 0.015446224256292907 0.021377672209026127
3 0.19593821510297482 0.9922802850356295 0.013157894736842105 0.013064133016627079
3 0.20251716247139587 0.0166270783847981 0.06578947368421052 0.023752969121140142
3 0.19794050343249428 0.039192399049881234 0.06578947368421052 0.023752969121140142
3 0.2133867276887872 0.10926365795724466 0.10411899313501144 0.023752969121140142
3 0.290045766590389 0.10926365795724466 0.028604118993135013 0.023752969121140142
3 0.17334096109839817 0.1330166270783848 0.02459954233409611 0.023752969121140142