0 0.5929378531073446 0.02112676056338028 0.02655367231638418 0.04225352112676056
0 0.17853107344632768 0.3028169014084507 0.011299435028248588 0.023474178403755867
0 0.7502824858757062 0.1643192488262911 0.06384180790960452 0.01643192488262911
0 0.46497175141242936 0.24882629107981222 0.020338983050847456 0.04225352112676056
1 0.7336158192090395 0.02171361502347418 0.19265536723163842 0.04342723004694836
1 0.403954802259887 0.3755868544600939 0.16045197740112993 0.3333333333333333
1 0.5734463276836158 0.3755868544600939 0.16045197740112993 0.3333333333333333
1 0.7429378531073446 0.3755868544600939 0.16045197740112993 0.3333333333333333
1 0.20056497175141244 0.01995305164319249 0.07570621468926554 0.03990610328638498
2 0.4370056497175141 0.02112676056338028 0.3384180790960452 0.04225352112676056
2 0.4971751412429379 0.018779342723004695 0.007909604519774011 0.01643192488262911
3 0.5322033898305085 0.01995305164319249 0.09548022598870057 0.03051643192488263
3 0.3672316384180791 0.6208920187793427 0.06497175141242938 0.022300469483568074
3 0.5734463276836158 0.6619718309859155 0.13785310734463277 0.015258215962441314
3 0.6937853107344633 0.6384976525821596 0.04011299435028248 0.01643192488262911
3 0.5378531073446328 0.018779342723004695 0.06836158192090395 0.023474178403755867
3 0.5378531073446328 0.018779342723004695 0.06836158192090395 0.023474178403755867
3 0.23728813559322035 0.22535211267605634 0.15706214689265538 0.035211267605633804
3 0.403954802259887 0.6678403755868545 0.13785310734463277 0.04225352112676056
3 0.5734463276836158 0.6314553990610329 0.13785310734463277 0.04225352112676056
3 0.7429378531073446 0.681924882629108 0.13785310734463277 0.04225352112676056
3 0.33502824858757063 0.07981220657276995 0.025423728813559324 0.023474178403755867
3 0.37231638418079094 0.07981220657276995 0.02824858757062147 0.023474178403755867
3 0.42203389830508475 0.07981220657276995 0.05084745762711865 0.023474178403755867
3 0.4672316384180791 0.07981220657276995 0.01977401129943503 0.023474178403755867
3 0.5 0.07981220657276995 0.025423728813559324 0.023474178403755867
3 0.5338983050847458 0.07981220657276995 0.022033898305084745 0.023474178403755867
3 0.19548022598870057 0.5985915492957746 0.07344632768361582 0.02112676056338028
3 0.16666666666666666 0.6901408450704225 0.01638418079096045 0.02112676056338028
3 0.16779661016949152 0.7183098591549296 0.01807909604519774 0.02112676056338028
3 0.17457627118644067 0.7464788732394366 0.03220338983050847 0.02112676056338028
3 0.1694915254237288 0.7746478873239436 0.021468926553672316 0.02112676056338028
3 0.17401129943502824 0.8028169014084507 0.031073446327683617 0.02112676056338028
3 0.17570621468926553 0.8309859154929577 0.03389830508474576 0.02112676056338028
3 0.17401129943502824 0.9225352112676056 0.030508474576271188 0.02112676056338028
3 0.2384180790960452 0.5985915492957746 0.007344632768361582 0.02112676056338028
3 0.18361581920903955 0.6901408450704225 0.011864406779661017 0.02112676056338028
3 0.18361581920903955 0.7183098591549296 0.00847457627118644 0.02112676056338028
3 0.19717514124293786 0.7464788732394366 0.007344632768361582 0.02112676056338028
3 0.18757062146892656 0.7746478873239436 0.00847457627118644 0.02112676056338028
3 0.196045197740113 0.8028169014084507 0.0062146892655367235 0.02112676056338028
3 0.19887005649717515 0.8309859154929577 0.0062146892655367235 0.02112676056338028
3 0.19887005649717515 0.9225352112676056 0.012429378531073447 0.02112676056338028
3 0.19943502824858758 0.062206572769953054 0.06497175141242938 0.023474178403755867
3 0.19491525423728814 0.08450704225352113 0.06497175141242938 0.023474178403755867
3 0.21016949152542372 0.15375586854460094 0.10282485875706214 0.023474178403755867
3 0.2858757062146893 0.15375586854460094 0.02824858757062147 0.023474178403755867
3 0.1790960451977401 0.1772300469483568 0.04067796610169491 0.023474178403755867