0 0.58475935828877 0.021666666666666667 0.025133689839572194 0.043333333333333335
0 0.21016042780748664 0.3233333333333333 0.0106951871657754 0.022222222222222223
0 0.26149732620320854 0.3233333333333333 0.0106951871657754 0.022222222222222223
0 0.25935828877005346 0.8033333333333333 0.012834224598930482 0.02666666666666667
0 0.7336898395721925 0.15 0.06042780748663101 0.015555555555555555
0 0.6240641711229946 0.3611111111111111 0.019251336898395723 0.04
1 0.7176470588235294 0.022222222222222223 0.18181818181818182 0.043333333333333335
1 0.35614973262032085 0.24666666666666667 0.045989304812834225 0.09555555555555556
1 0.41657754010695186 0.24666666666666667 0.045989304812834225 0.09555555555555556
1 0.4764705882352941 0.24666666666666667 0.045989304812834225 0.09555555555555556
1 0.5368983957219251 0.24666666666666667 0.045989304812834225 0.09555555555555556
1 0.5967914438502674 0.24666666666666667 0.045989304812834225 0.09555555555555556
1 0.6572192513368984 0.24666666666666667 0.045989304812834225 0.09555555555555556
1 0.7171122994652407 0.24666666666666667 0.045989304812834225 0.09555555555555556
1 0.7775401069518717 0.24666666666666667 0.045989304812834225 0.09555555555555556
1 0.40588235294117647 0.4811111111111111 0.1518716577540107 0.31555555555555553
1 0.5663101604278075 0.4811111111111111 0.1518716577540107 0.31555555555555553
1 0.7267379679144385 0.4811111111111111 0.1518716577540107 0.31555555555555553
1 0.21336898395721926 0.022222222222222223 0.07165775401069518 0.03777777777777778
2 0.43716577540106955 0.021666666666666667 0.32032085561497325 0.043333333333333335
2 0.5085561497326203 0.021111111111111112 0.0074866310160427805 0.015555555555555555
2 0.18983957219251338 0.8011111111111111 0.033155080213903745 0.027777777777777776
2 0.232620320855615 0.8011111111111111 0.033155080213903745 0.027777777777777776
3 0.5347593582887701 0.022222222222222223 0.07593582887700535 0.028888888888888888
3 0.3711229946524064 0.7577777777777778 0.06149732620320856 0.021111111111111112
3 0.5497326203208556 0.7333333333333333 0.09732620320855614 0.021111111111111112
3 0.5663101604278075 0.7866666666666666 0.1304812834224599 0.014444444444444444
3 0.6802139037433155 0.7111111111111111 0.03796791443850268 0.015555555555555555
3 0.5401069518716578 0.021111111111111112 0.05026737967914439 0.022222222222222223
3 0.18983957219251338 0.8033333333333333 0.03208556149732621 0.034444444444444444
3 0.232620320855615 0.8033333333333333 0.03208556149732621 0.034444444444444444
3 0.5401069518716578 0.021111111111111112 0.05026737967914439 0.022222222222222223
3 0.18983957219251338 0.8033333333333333 0.03208556149732621 0.034444444444444444
3 0.232620320855615 0.8033333333333333 0.03208556149732621 0.034444444444444444
3 0.24812834224598931 0.23333333333333334 0.14866310160427806 0.06666666666666667
3 0.40588235294117647 0.8022222222222222 0.1304812834224599 0.04
3 0.5663101604278075 0.7677777777777778 0.1304812834224599 0.02
3 0.7267379679144385 0.7522222222222222 0.1304812834224599 0.04
3 0.3406417112299465 0.07888888888888888 0.02406417112299465 0.022222222222222223
3 0.37593582887700533 0.07888888888888888 0.026737967914438502 0.022222222222222223
3 0.4229946524064171 0.07888888888888888 0.0481283422459893 0.022222222222222223
3 0.4657754010695187 0.07888888888888888 0.01871657754010695 0.022222222222222223
3 0.49679144385026736 0.07888888888888888 0.02406417112299465 0.022222222222222223
3 0.5288770053475936 0.07888888888888888 0.02085561497326203 0.022222222222222223
3 0.20855614973262032 0.6033333333333334 0.06951871657754011 0.02
3 0.2021390374331551 0.69 0.05668449197860963 0.02
3 0.20053475935828877 0.7166666666666667 0.05401069518716577 0.02
3 0.2016042780748663 0.7433333333333333 0.05614973262032086 0.02
3 0.1983957219251337 0.77 0.04973262032085562 0.02
3 0.19786096256684493 0.8966666666666666 0.04866310160427807 0.02
3 0.18877005347593584 0.9233333333333333 0.03048128342245989 0.02
3 0.1893048128342246 0.95 0.03155080213903743 0.02
3 0.19197860962566846 0.9766666666666667 0.03636363636363636 0.02
3 0.25080213903743315 0.6033333333333334 0.010160427807486631 0.02
3 0.23903743315508022 0.69 0.011764705882352941 0.02
3 0.23636363636363636 0.7166666666666667 0.011764705882352941 0.02
3 0.23850267379679144 0.7433333333333333 0.011764705882352941 0.02
3 0.23368983957219253 0.77 0.013903743315508022 0.02
3 0.232620320855615 0.8966666666666666 0.013903743315508022 0.02
3 0.21336898395721926 0.9233333333333333 0.01229946524064171 0.02
3 0.21390374331550802 0.95 0.011764705882352941 0.02
3 0.2192513368983957 0.9766666666666667 0.011764705882352941 0.02
3 0.21229946524064172 0.06222222222222222 0.06149732620320856 0.022222222222222223
3 0.20802139037433154 0.08333333333333333 0.06149732620320856 0.022222222222222223
3 0.22245989304812835 0.14888888888888888 0.09732620320855614 0.022222222222222223
3 0.29411764705882354 0.14888888888888888 0.026737967914438502 0.022222222222222223
3 0.1855614973262032 0.1711111111111111 0.02406417112299465 0.022222222222222223