0 0.5894736842105263 0.024070021881838075 0.024210526315789474 0.04266958424507659
0 0.7131578947368421 0.5120350109409191 0.12842105263157894 0.0525164113785558
0 0.7210526315789474 0.5864332603938731 0.14473684210526316 0.0525164113785558
1 0.7205263157894737 0.02516411378555799 0.17894736842105263 0.04266958424507659
1 0.2094736842105263 0.24507658643326038 0.023157894736842106 0.04814004376367615
1 0.33052631578947367 0.5175054704595186 0.19894736842105262 0.5120350109409191
1 0.2094736842105263 0.31072210065645517 0.023157894736842106 0.04814004376367615
1 0.2094736842105263 0.37636761487964987 0.023157894736842106 0.04814004376367615
1 0.22421052631578947 0.02516411378555799 0.07052631578947369 0.037199124726477024
2 0.4442105263157895 0.024070021881838075 0.31473684210526315 0.04266958424507659
3 0.48157894736842105 0.4912472647702407 0.07631578947368421 0.019693654266958426
3 0.5110526315789473 0.5711159737417943 0.13526315789473684 0.019693654266958426
3 0.533157894736842 0.7899343544857768 0.1794736842105263 0.019693654266958426
3 0.6968421052631579 0.3993435448577681 0.09631578947368422 0.015317286652078774
3 0.6968421052631579 0.4212253829321663 0.09631578947368422 0.015317286652078774
3 0.7031578947368421 0.9584245076586433 0.07736842105263157 0.019693654266958426
3 0.2094736842105263 0.26258205689277897 0.02631578947368421 0.024070021881838075
3 0.2094736842105263 0.3282275711159737 0.02631578947368421 0.024070021881838075
3 0.2094736842105263 0.3938730853391685 0.02631578947368421 0.024070021881838075
3 0.2094736842105263 0.26258205689277897 0.02631578947368421 0.024070021881838075
3 0.2094736842105263 0.3282275711159737 0.02631578947368421 0.024070021881838075
3 0.2094736842105263 0.3938730853391685 0.02631578947368421 0.024070021881838075
3 0.5294736842105263 0.3161925601750547 0.17157894736842105 0.08205689277899343
3 0.7289473684210527 0.2789934354485777 0.12894736842105264 0.02188183807439825
3 0.7289473684210527 0.30087527352297594 0.12894736842105264 0.018599562363238512
3 0.7278947368421053 0.6684901531728665 0.13105263157894737 0.05908096280087528
3 0.7278947368421053 0.7275711159737418 0.13105263157894737 0.019693654266958426
3 0.7278947368421053 0.7680525164113785 0.13105263157894737 0.019693654266958426
3 0.6968421052631579 0.3785557986870897 0.09631578947368422 0.0175054704595186
3 0.7210526315789474 0.4660831509846827 0.14473684210526316 0.02188183807439825
3 0.7210526315789474 0.8840262582056893 0.14473684210526316 0.024070021881838075
3 0.7031578947368421 0.937636761487965 0.07736842105263157 0.02188183807439825
3 0.3494736842105263 0.08096280087527352 0.02368421052631579 0.02188183807439825
3 0.38421052631578945 0.08096280087527352 0.02631578947368421 0.02188183807439825
3 0.4305263157894737 0.08096280087527352 0.04736842105263158 0.02188183807439825
3 0.4726315789473684 0.08096280087527352 0.018421052631578946 0.02188183807439825
3 0.5031578947368421 0.08096280087527352 0.02368421052631579 0.02188183807439825
3 0.5347368421052632 0.08096280087527352 0.020526315789473684 0.02188183807439825
3 0.2231578947368421 0.06455142231947483 0.060526315789473685 0.02188183807439825
3 0.21894736842105264 0.08533916849015317 0.060526315789473685 0.02188183807439825
3 0.3 0.1772428884026258 0.09578947368421052 0.015317286652078774
3 0.3705263157894737 0.1772428884026258 0.02631578947368421 0.015317286652078774
3 0.40578947368421053 0.1772428884026258 0.025789473684210525 0.015317286652078774
3 0.44105263157894736 0.1772428884026258 0.02526315789473684 0.015317286652078774
3 0.4805263157894737 0.1772428884026258 0.035263157894736843 0.015317286652078774