0 0.5813157894736842 0.021334792122538294 0.024736842105263158 0.04266958424507659
0 0.7278947368421053 0.15645514223194748 0.05947368421052632 0.015317286652078774
0 0.7778947368421053 0.23522975929978118 0.018947368421052633 0.03938730853391685
1 0.7121052631578947 0.02188183807439825 0.17894736842105263 0.04266958424507659
1 0.4052631578947368 0.3533916849015317 0.14947368421052631 0.31072210065645517
1 0.5631578947368421 0.3533916849015317 0.14947368421052631 0.31072210065645517
1 0.7210526315789474 0.3533916849015317 0.14947368421052631 0.31072210065645517
1 0.21578947368421053 0.02188183807439825 0.07052631578947369 0.037199124726477024
2 0.43605263157894736 0.021334792122538294 0.31526315789473686 0.04266958424507659
2 0.5073684210526316 0.020787746170678335 0.007368421052631579 0.015317286652078774
3 0.5326315789473685 0.02188183807439825 0.07368421052631578 0.028446389496717725
3 0.37105263157894736 0.6258205689277899 0.060526315789473685 0.020787746170678335
3 0.5189473684210526 0.5820568927789934 0.04052631578947368 0.020787746170678335
3 0.6768421052631579 0.5820568927789934 0.04052631578947368 0.020787746170678335
3 0.5378947368421053 0.020787746170678335 0.04842105263157895 0.02188183807439825
3 0.5378947368421053 0.020787746170678335 0.04842105263157895 0.02188183807439825
3 0.25 0.21334792122538293 0.1463157894736842 0.03282275711159737
3 0.4052631578947368 0.6695842450765864 0.12842105263157894 0.03938730853391685
3 0.5631578947368421 0.6258205689277899 0.12842105263157894 0.03938730853391685
3 0.7210526315789474 0.6258205689277899 0.12842105263157894 0.03938730853391685
3 0.3410526315789474 0.07768052516411379 0.02368421052631579 0.02188183807439825
3 0.3757894736842105 0.07768052516411379 0.02631578947368421 0.02188183807439825
3 0.42210526315789476 0.07768052516411379 0.04736842105263158 0.02188183807439825
3 0.46421052631578946 0.07768052516411379 0.018421052631578946 0.02188183807439825
3 0.49473684210526314 0.07768052516411379 0.02368421052631579 0.02188183807439825
3 0.5263157894736842 0.07768052516411379 0.020526315789473684 0.02188183807439825
3 0.21105263157894738 0.5043763676148797 0.06842105263157895 0.019693654266958426
3 0.19052631578947368 0.5897155361050328 0.02736842105263158 0.019693654266958426
3 0.1831578947368421 0.6159737417943107 0.01263157894736842 0.019693654266958426
3 0.19526315789473683 0.6422319474835886 0.03736842105263158 0.019693654266958426
3 0.18526315789473685 0.6684901531728665 0.017368421052631578 0.019693654266958426
3 0.19 0.6947483588621444 0.02631578947368421 0.019693654266958426
3 0.18157894736842106 0.7210065645514223 0.01 0.019693654266958426
3 0.19789473684210526 0.7472647702407003 0.042105263157894736 0.019693654266958426
3 0.1931578947368421 0.8326039387308534 0.03315789473684211 0.019693654266958426
3 0.18789473684210525 0.8588621444201313 0.022631578947368423 0.019693654266958426
3 0.18421052631578946 0.8851203501094091 0.015263157894736841 0.019693654266958426
3 0.1868421052631579 0.9113785557986871 0.020526315789473684 0.019693654266958426
3 0.1863157894736842 0.937636761487965 0.019473684210526317 0.019693654266958426
3 0.18842105263157893 0.9638949671772429 0.023157894736842106 0.019693654266958426
3 0.18789473684210525 0.9896061269146609 0.023157894736842106 0.018599562363238512
3 0.25473684210526315 0.5043763676148797 0.014210526315789474 0.019693654266958426
3 0.2168421052631579 0.5897155361050328 0.019473684210526317 0.019693654266958426
3 0.19736842105263158 0.6159737417943107 0.011052631578947368 0.019693654266958426
3 0.22105263157894736 0.6422319474835886 0.007368421052631579 0.019693654266958426
3 0.20105263157894737 0.6684901531728665 0.007368421052631579 0.019693654266958426
3 0.2094736842105263 0.6947483588621444 0.007368421052631579 0.019693654266958426
3 0.19210526315789472 0.7210065645514223 0.005263157894736842 0.019693654266958426
3 0.22473684210526315 0.7472647702407003 0.005789473684210527 0.019693654266958426
3 0.22 0.8326039387308534 0.01368421052631579 0.019693654266958426
3 0.21052631578947367 0.8588621444201313 0.01631578947368421 0.019693654266958426
3 0.20210526315789473 0.8851203501094091 0.014210526315789474 0.019693654266958426
3 0.2073684210526316 0.9113785557986871 0.01368421052631579 0.019693654266958426
3 0.20526315789473684 0.937636761487965 0.012105263157894737 0.019693654266958426
3 0.20894736842105263 0.9638949671772429 0.013157894736842105 0.019693654266958426
3 0.20973684210526317 0.9896061269146609 0.014210526315789474 0.018599562363238512
3 0.21473684210526317 0.061269146608315096 0.060526315789473685 0.02188183807439825
3 0.21052631578947367 0.08205689277899343 0.060526315789473685 0.02188183807439825
3 0.22473684210526315 0.14660831509846828 0.09578947368421052 0.02188183807439825
3 0.29526315789473684 0.14660831509846828 0.02631578947368421 0.02188183807439825
3 0.18789473684210525 0.16849015317286653 0.022631578947368423 0.02188183807439825