0 0.5799465240641711 0.014444444444444444 0.025133689839572194 0.028888888888888888
0 0.7288770053475936 0.14444444444444443 0.06042780748663101 0.015555555555555555
0 0.7796791443850267 0.22444444444444445 0.019251336898395723 0.04
1 0.7131016042780749 0.015 0.18235294117647058 0.03
1 0.40106951871657753 0.34444444444444444 0.1518716577540107 0.31555555555555553
1 0.5614973262032086 0.34444444444444444 0.1518716577540107 0.31555555555555553
1 0.7219251336898396 0.34444444444444444 0.1518716577540107 0.31555555555555553
1 0.2088235294117647 0.013888888888888888 0.07219251336898395 0.027777777777777776
2 0.4323529411764706 0.014444444444444444 0.32032085561497325 0.028888888888888888
2 0.5050802139037434 0.0077777777777777776 0.008021390374331552 0.015555555555555555
3 0.5307486631016043 0.011666666666666667 0.07540106951871657 0.023333333333333334
3 0.3663101604278075 0.6211111111111111 0.06149732620320856 0.021111111111111112
3 0.5165775401069519 0.5766666666666667 0.041176470588235294 0.021111111111111112
3 0.6770053475935829 0.5766666666666667 0.041176470588235294 0.021111111111111112
3 0.536096256684492 0.009444444444444445 0.04973262032085562 0.01888888888888889
3 0.536096256684492 0.009444444444444445 0.04973262032085562 0.01888888888888889
3 0.24331550802139038 0.20222222222222222 0.14866310160427806 0.03333333333333333
3 0.40106951871657753 0.6655555555555556 0.1304812834224599 0.04
3 0.5614973262032086 0.6211111111111111 0.1304812834224599 0.04
3 0.7219251336898396 0.6211111111111111 0.1304812834224599 0.04
3 0.3358288770053476 0.06444444444444444 0.02406417112299465 0.022222222222222223
3 0.3711229946524064 0.06444444444444444 0.026737967914438502 0.022222222222222223
3 0.41818181818181815 0.06444444444444444 0.0481283422459893 0.022222222222222223
3 0.46096256684491976 0.06444444444444444 0.01871657754010695 0.022222222222222223
3 0.4919786096256685 0.06444444444444444 0.02406417112299465 0.022222222222222223
3 0.5240641711229946 0.06444444444444444 0.02085561497326203 0.022222222222222223
3 0.20374331550802138 0.49777777777777776 0.06951871657754011 0.02
3 0.18288770053475936 0.5844444444444444 0.027807486631016044 0.02
3 0.1754010695187166 0.6111111111111112 0.012834224598930482 0.02
3 0.1877005347593583 0.6377777777777778 0.03796791443850268 0.02
3 0.17754010695187167 0.6644444444444444 0.01764705882352941 0.02
3 0.18235294117647058 0.6911111111111111 0.026737967914438502 0.02
3 0.17379679144385027 0.7177777777777777 0.010160427807486631 0.02
3 0.19037433155080213 0.7444444444444445 0.0427807486631016 0.02
3 0.1855614973262032 0.8311111111111111 0.033689839572192515 0.02
3 0.1802139037433155 0.8577777777777778 0.022994652406417113 0.02
3 0.17647058823529413 0.8844444444444445 0.015508021390374332 0.02
3 0.17914438502673796 0.9111111111111111 0.02085561497326203 0.02
3 0.1786096256684492 0.9377777777777778 0.019786096256684493 0.02
3 0.18074866310160428 0.9644444444444444 0.023529411764705882 0.02
3 0.1802139037433155 0.99 0.023529411764705882 0.017777777777777778
3 0.24812834224598931 0.49777777777777776 0.014438502673796792 0.02
3 0.20962566844919786 0.5844444444444444 0.019786096256684493 0.02
3 0.18983957219251338 0.6111111111111112 0.011229946524064172 0.02
3 0.21390374331550802 0.6377777777777778 0.0074866310160427805 0.02
3 0.19358288770053475 0.6644444444444444 0.0074866310160427805 0.02
3 0.2021390374331551 0.6911111111111111 0.0074866310160427805 0.02
3 0.18449197860962566 0.7177777777777777 0.0053475935828877 0.02
3 0.21764705882352942 0.7444444444444445 0.0058823529411764705 0.02
3 0.21283422459893048 0.8311111111111111 0.013903743315508022 0.02
3 0.20320855614973263 0.8577777777777778 0.016577540106951873 0.02
3 0.1946524064171123 0.8844444444444445 0.014438502673796792 0.02
3 0.2 0.9111111111111111 0.013903743315508022 0.02
3 0.19786096256684493 0.9377777777777778 0.01229946524064171 0.02
3 0.2016042780748663 0.9644444444444444 0.013368983957219251 0.02
3 0.20240641711229945 0.99 0.014438502673796792 0.017777777777777778
3 0.20748663101604278 0.04777777777777778 0.06149732620320856 0.022222222222222223
3 0.20320855614973263 0.06888888888888889 0.06149732620320856 0.022222222222222223
3 0.21764705882352942 0.13444444444444445 0.09732620320855614 0.022222222222222223
3 0.2893048128342246 0.13444444444444445 0.026737967914438502 0.022222222222222223
3 0.1802139037433155 0.15666666666666668 0.022994652406417113 0.022222222222222223