0 0.5840540540540541 0.018497757847533634 0.025405405405405406 0.03699551569506727
0 0.21297297297297296 0.2858744394618834 0.010810810810810811 0.02242152466367713
0 0.25351351351351353 0.2858744394618834 0.010810810810810811 0.02242152466367713
0 0.2983783783783784 0.2858744394618834 0.010810810810810811 0.02242152466367713
0 0.7345945945945946 0.15358744394618834 0.06108108108108108 0.01569506726457399
0 0.6237837837837837 0.23430493273542602 0.01945945945945946 0.04035874439461883
1 0.7186486486486486 0.01905829596412556 0.18432432432432433 0.03811659192825112
1 0.40324324324324323 0.35538116591928254 0.1535135135135135 0.3183856502242152
1 0.5654054054054054 0.35538116591928254 0.1535135135135135 0.3183856502242152
1 0.7275675675675676 0.35538116591928254 0.1535135135135135 0.3183856502242152
1 0.4035135135135135 0.8458520179372198 0.15405405405405406 0.3060538116591928
1 0.5656756756756757 0.8458520179372198 0.15405405405405406 0.3060538116591928
1 0.7278378378378378 0.8458520179372198 0.15405405405405406 0.3060538116591928
1 0.20891891891891892 0.017937219730941704 0.07297297297297298 0.03587443946188341
2 0.43486486486486486 0.018497757847533634 0.3237837837837838 0.03699551569506727
2 0.5048648648648648 0.014573991031390135 0.0075675675675675675 0.01569506726457399
3 0.5324324324324324 0.01569506726457399 0.07891891891891892 0.02914798206278027
3 0.5378378378378378 0.014573991031390135 0.05297297297297297 0.02242152466367713
3 0.5378378378378378 0.014573991031390135 0.05297297297297297 0.02242152466367713
3 0.2437837837837838 0.21188340807174888 0.15027027027027026 0.033632286995515695
3 0.40324324324324323 0.5997757847533632 0.1318918918918919 0.04035874439461883
3 0.5654054054054054 0.5997757847533632 0.1318918918918919 0.04035874439461883
3 0.7275675675675676 0.6199551569506726 0.1318918918918919 0.04035874439461883
3 0.3372972972972973 0.07286995515695067 0.024324324324324326 0.02242152466367713
3 0.372972972972973 0.07286995515695067 0.02702702702702703 0.02242152466367713
3 0.4205405405405405 0.07286995515695067 0.04864864864864865 0.02242152466367713
3 0.46378378378378377 0.07286995515695067 0.01891891891891892 0.02242152466367713
3 0.49513513513513513 0.07286995515695067 0.024324324324324326 0.02242152466367713
3 0.5275675675675676 0.07286995515695067 0.02108108108108108 0.02242152466367713
3 0.20378378378378378 0.3957399103139013 0.07027027027027027 0.020179372197309416
3 0.17513513513513512 0.48318385650224216 0.012972972972972972 0.020179372197309416
3 0.19027027027027027 0.5100896860986547 0.043243243243243246 0.020179372197309416
3 0.18432432432432433 0.5975336322869955 0.03135135135135135 0.020179372197309416
3 0.1783783783783784 0.624439461883408 0.01945945945945946 0.020179372197309416
3 0.18216216216216216 0.7118834080717489 0.027567567567567567 0.020179372197309416
3 0.18756756756756757 0.7387892376681614 0.03783783783783784 0.020179372197309416
3 0.1918918918918919 0.765695067264574 0.047027027027027025 0.020179372197309416
3 0.18702702702702703 0.8531390134529148 0.036756756756756756 0.020179372197309416
3 0.18054054054054053 0.8800448430493274 0.024324324324324326 0.020179372197309416
3 0.18756756756756757 0.9069506726457399 0.03783783783783784 0.020179372197309416
3 0.17864864864864866 0.9915919282511211 0.02 0.014573991031390135
3 0.2464864864864865 0.3957399103139013 0.00972972972972973 0.020179372197309416
3 0.1918918918918919 0.48318385650224216 0.015675675675675675 0.020179372197309416
3 0.22108108108108107 0.5100896860986547 0.011891891891891892 0.020179372197309416
3 0.21081081081081082 0.5975336322869955 0.016216216216216217 0.020179372197309416
3 0.1945945945945946 0.624439461883408 0.008108108108108109 0.020179372197309416
3 0.2064864864864865 0.7118834080717489 0.014594594594594595 0.020179372197309416
3 0.21513513513513513 0.7387892376681614 0.011891891891891892 0.020179372197309416
3 0.22378378378378377 0.765695067264574 0.01027027027027027 0.020179372197309416
3 0.21513513513513513 0.8531390134529148 0.012972972972972972 0.020179372197309416
3 0.20162162162162162 0.8800448430493274 0.011891891891891892 0.020179372197309416
3 0.21513513513513513 0.9069506726457399 0.011891891891891892 0.020179372197309416
3 0.19405405405405404 0.9915919282511211 0.0075675675675675675 0.014573991031390135
3 0.20756756756756756 0.05605381165919283 0.062162162162162166 0.02242152466367713
3 0.20324324324324325 0.0773542600896861 0.062162162162162166 0.02242152466367713
3 0.21783783783783783 0.14349775784753363 0.09837837837837837 0.02242152466367713
3 0.29027027027027025 0.14349775784753363 0.02702702702702703 0.02242152466367713
3 0.18162162162162163 0.16591928251121077 0.026486486486486487 0.02242152466367713