0 0.5826315789473684 0.0262582056892779 0.024210526315789474 0.04266958424507659
0 0.22157894736842104 0.2910284463894967 0.010526315789473684 0.02188183807439825
0 0.27263157894736845 0.2910284463894967 0.010526315789473684 0.02188183807439825
0 0.20842105263157895 0.3304157549234136 0.010526315789473684 0.02188183807439825
0 0.7294736842105263 0.16192560175054704 0.05947368421052632 0.015317286652078774
0 0.621578947368421 0.24070021881838075 0.018947368421052633 0.03938730853391685
1 0.7136842105263158 0.02735229759299781 0.17894736842105263 0.04266958424507659
1 0.4068421052631579 0.3588621444201313 0.14947368421052631 0.31072210065645517
1 0.5647368421052632 0.3588621444201313 0.14947368421052631 0.31072210065645517
1 0.7226315789473684 0.3588621444201313 0.14947368421052631 0.31072210065645517
1 0.21736842105263157 0.02735229759299781 0.07052631578947369 0.037199124726477024
2 0.4373684210526316 0.0262582056892779 0.31473684210526315 0.04266958424507659
2 0.5057894736842106 0.0262582056892779 0.007368421052631579 0.015317286652078774
3 0.5326315789473685 0.02735229759299781 0.07684210526315789 0.028446389496717725
3 0.5378947368421053 0.0262582056892779 0.05157894736842105 0.02188183807439825
3 0.5378947368421053 0.0262582056892779 0.05157894736842105 0.02188183807439825
3 0.25157894736842107 0.2188183807439825 0.1463157894736842 0.03282275711159737
3 0.4068421052631579 0.5973741794310722 0.12842105263157894 0.03938730853391685
3 0.5647368421052632 0.6411378555798687 0.12842105263157894 0.03938730853391685
3 0.7226315789473684 0.5973741794310722 0.12842105263157894 0.03938730853391685
3 0.3426315789473684 0.08315098468271334 0.02368421052631579 0.02188183807439825
3 0.3773684210526316 0.08315098468271334 0.02631578947368421 0.02188183807439825
3 0.4236842105263158 0.08315098468271334 0.04736842105263158 0.02188183807439825
3 0.46578947368421053 0.08315098468271334 0.018421052631578946 0.02188183807439825
3 0.4963157894736842 0.08315098468271334 0.02368421052631579 0.02188183807439825
3 0.5278947368421053 0.08315098468271334 0.020526315789473684 0.02188183807439825
3 0.21263157894736842 0.437636761487965 0.06842105263157895 0.019693654266958426
3 0.18473684210526317 0.5229759299781181 0.01263157894736842 0.019693654266958426
3 0.1994736842105263 0.5492341356673961 0.042105263157894736 0.019693654266958426
3 0.1936842105263158 0.6345733041575492 0.030526315789473683 0.019693654266958426
3 0.19157894736842104 0.7199124726477024 0.026842105263157896 0.019693654266958426
3 0.1968421052631579 0.7461706783369803 0.03684210526315789 0.019693654266958426
3 0.20105263157894737 0.7724288840262582 0.045789473684210526 0.019693654266958426
3 0.19631578947368422 0.8577680525164114 0.035789473684210524 0.019693654266958426
3 0.19 0.8840262582056893 0.02368421052631579 0.019693654266958426
3 0.1968421052631579 0.9102844638949672 0.03684210526315789 0.019693654266958426
3 0.1881578947368421 0.9923413566739606 0.019473684210526317 0.01312910284463895
3 0.25526315789473686 0.437636761487965 0.011578947368421053 0.019693654266958426
3 0.2005263157894737 0.5229759299781181 0.014210526315789474 0.019693654266958426
3 0.2294736842105263 0.5492341356673961 0.011578947368421053 0.019693654266958426
3 0.21842105263157896 0.6345733041575492 0.014210526315789474 0.019693654266958426
3 0.21526315789473685 0.7199124726477024 0.014210526315789474 0.019693654266958426
3 0.22105263157894736 0.7461706783369803 0.006842105263157895 0.019693654266958426
3 0.23105263157894737 0.7724288840262582 0.007894736842105263 0.019693654266958426
3 0.2231578947368421 0.8577680525164114 0.012105263157894737 0.019693654266958426
3 0.21052631578947367 0.8840262582056893 0.011578947368421053 0.019693654266958426
3 0.22157894736842104 0.9102844638949672 0.007368421052631579 0.019693654266958426
3 0.20605263157894738 0.9923413566739606 0.012105263157894737 0.01312910284463895
3 0.2163157894736842 0.06673960612691467 0.060526315789473685 0.02188183807439825
3 0.21210526315789474 0.087527352297593 0.060526315789473685 0.02188183807439825
3 0.22631578947368422 0.15207877461706784 0.09578947368421052 0.02188183807439825
3 0.2968421052631579 0.15207877461706784 0.02631578947368421 0.02188183807439825
3 0.19105263157894736 0.1739606126914661 0.025789473684210525 0.02188183807439825