0 0.5713114754098361 0.012471655328798186 0.025683060109289616 0.024943310657596373
0 0.19617486338797815 0.2766439909297052 0.01092896174863388 0.022675736961451247
0 0.24918032786885247 0.2766439909297052 0.01092896174863388 0.022675736961451247
0 0.1825136612021858 0.31746031746031744 0.01092896174863388 0.022675736961451247
0 0.7234972677595628 0.14285714285714285 0.06174863387978142 0.015873015873015872
0 0.6114754098360655 0.22448979591836735 0.019672131147540985 0.04081632653061224
1 0.7073770491803278 0.013038548752834467 0.18633879781420765 0.026077097505668934
1 0.3885245901639344 0.3469387755102041 0.1551912568306011 0.3219954648526077
1 0.5524590163934426 0.3469387755102041 0.1551912568306011 0.3219954648526077
1 0.7163934426229508 0.3469387755102041 0.1551912568306011 0.3219954648526077
1 0.19207650273224045 0.011904761904761904 0.07377049180327869 0.023809523809523808
2 0.4204918032786885 0.012471655328798186 0.3273224043715847 0.024943310657596373
2 0.49153005464480876 0.005668934240362812 0.00819672131147541 0.011337868480725623
3 0.5193989071038252 0.00963718820861678 0.08032786885245902 0.01927437641723356
3 0.524863387978142 0.007369614512471655 0.054098360655737705 0.01473922902494331
3 0.524863387978142 0.007369614512471655 0.054098360655737705 0.01473922902494331
3 0.2273224043715847 0.2018140589569161 0.15191256830601094 0.034013605442176874
3 0.3885245901639344 0.5941043083900227 0.13333333333333333 0.04081632653061224
3 0.5524590163934426 0.6394557823129252 0.13333333333333333 0.04081632653061224
3 0.7163934426229508 0.5941043083900227 0.13333333333333333 0.04081632653061224
3 0.3218579234972678 0.061224489795918366 0.02459016393442623 0.022675736961451247
3 0.35792349726775957 0.061224489795918366 0.0273224043715847 0.022675736961451247
3 0.4060109289617486 0.061224489795918366 0.04918032786885246 0.022675736961451247
3 0.44972677595628413 0.061224489795918366 0.01912568306010929 0.022675736961451247
3 0.4814207650273224 0.061224489795918366 0.02459016393442623 0.022675736961451247
3 0.514207650273224 0.061224489795918366 0.021311475409836064 0.022675736961451247
3 0.18688524590163935 0.42857142857142855 0.07103825136612021 0.02040816326530612
3 0.15792349726775956 0.5170068027210885 0.013114754098360656 0.02040816326530612
3 0.173224043715847 0.54421768707483 0.04371584699453552 0.02040816326530612
3 0.16721311475409836 0.6326530612244898 0.03169398907103825 0.02040816326530612
3 0.1650273224043716 0.7210884353741497 0.027868852459016394 0.02040816326530612
3 0.17049180327868851 0.7482993197278912 0.03825136612021858 0.02040816326530612
3 0.17486338797814208 0.7755102040816326 0.047540983606557376 0.02040816326530612
3 0.16994535519125684 0.8639455782312925 0.03715846994535519 0.02040816326530612
3 0.1633879781420765 0.891156462585034 0.02459016393442623 0.02040816326530612
3 0.17049180327868851 0.9183673469387755 0.03825136612021858 0.02040816326530612
3 0.23114754098360657 0.42857142857142855 0.012021857923497269 0.02040816326530612
3 0.17431693989071037 0.5170068027210885 0.014754098360655738 0.02040816326530612
3 0.20437158469945355 0.54421768707483 0.012021857923497269 0.02040816326530612
3 0.19289617486338798 0.6326530612244898 0.014754098360655738 0.02040816326530612
3 0.18961748633879782 0.7210884353741497 0.014754098360655738 0.02040816326530612
3 0.19562841530054645 0.7482993197278912 0.007103825136612022 0.02040816326530612
3 0.20601092896174864 0.7755102040816326 0.00819672131147541 0.02040816326530612
3 0.19781420765027322 0.8639455782312925 0.012568306010928962 0.02040816326530612
3 0.18469945355191256 0.891156462585034 0.012021857923497269 0.02040816326530612
3 0.19617486338797815 0.9183673469387755 0.007650273224043716 0.02040816326530612
3 0.1907103825136612 0.04421768707482993 0.06284153005464481 0.022675736961451247
3 0.18633879781420765 0.06575963718820861 0.06284153005464481 0.022675736961451247
3 0.2010928961748634 0.1326530612244898 0.0994535519125683 0.022675736961451247
3 0.2743169398907104 0.1326530612244898 0.0273224043715847 0.022675736961451247
3 0.1644808743169399 0.15532879818594103 0.026775956284153007 0.022675736961451247