0 0.5607344632768362 0.022300469483568074 0.02655367231638418 0.04460093896713615
0 0.16497175141242937 0.3403755868544601 0.011299435028248588 0.023474178403755867
0 0.22768361581920904 0.3403755868544601 0.011299435028248588 0.023474178403755867
0 0.7180790960451977 0.16666666666666666 0.06384180790960452 0.01643192488262911
1 0.7014124293785311 0.022887323943661973 0.19265536723163842 0.045774647887323945
1 0.37175141242937854 0.3779342723004695 0.16045197740112993 0.3333333333333333
1 0.5412429378531074 0.3779342723004695 0.16045197740112993 0.3333333333333333
1 0.7107344632768362 0.3779342723004695 0.16045197740112993 0.3333333333333333
1 0.37203389830508476 0.8550469483568075 0.16101694915254236 0.2875586854460094
1 0.5415254237288135 0.8550469483568075 0.16101694915254236 0.2875586854460094
1 0.7110169491525423 0.8550469483568075 0.16101694915254236 0.2875586854460094
1 0.16836158192090395 0.022300469483568074 0.07570621468926554 0.03990610328638498
2 0.40480225988700563 0.022300469483568074 0.3384180790960452 0.04460093896713615
2 0.480225988700565 0.02112676056338028 0.007909604519774011 0.01643192488262911
3 0.507909604519774 0.022300469483568074 0.08022598870056497 0.03051643192488263
3 0.5135593220338983 0.02112676056338028 0.05310734463276836 0.023474178403755867
3 0.5135593220338983 0.02112676056338028 0.05310734463276836 0.023474178403755867
3 0.20508474576271185 0.24530516431924881 0.15706214689265538 0.07042253521126761
3 0.37175141242937854 0.6338028169014085 0.13785310734463277 0.04225352112676056
3 0.5412429378531074 0.6338028169014085 0.13785310734463277 0.04225352112676056
3 0.7107344632768362 0.6338028169014085 0.13785310734463277 0.04225352112676056
3 0.30282485875706217 0.08215962441314555 0.025423728813559324 0.023474178403755867
3 0.34011299435028247 0.08215962441314555 0.02824858757062147 0.023474178403755867
3 0.3898305084745763 0.08215962441314555 0.05084745762711865 0.023474178403755867
3 0.4350282485875706 0.08215962441314555 0.01977401129943503 0.023474178403755867
3 0.46779661016949153 0.08215962441314555 0.025423728813559324 0.023474178403755867
3 0.5016949152542373 0.08215962441314555 0.022033898305084745 0.023474178403755867
3 0.16327683615819208 0.45539906103286387 0.07344632768361582 0.02112676056338028
3 0.1423728813559322 0.5469483568075117 0.03220338983050847 0.02112676056338028
3 0.1384180790960452 0.5751173708920188 0.024293785310734464 0.02112676056338028
3 0.1401129943502825 0.6032863849765259 0.02768361581920904 0.02112676056338028
3 0.13559322033898305 0.6314553990610329 0.01864406779661017 0.02112676056338028
3 0.13785310734463277 0.6596244131455399 0.022598870056497175 0.02112676056338028
3 0.13898305084745763 0.687793427230047 0.024858757062146894 0.02112676056338028
3 0.13785310734463277 0.715962441314554 0.023163841807909605 0.02112676056338028
3 0.14689265536723164 0.744131455399061 0.04067796610169491 0.02112676056338028
3 0.13728813559322034 0.7723004694835681 0.022033898305084745 0.02112676056338028
3 0.15593220338983052 0.8955399061032864 0.059322033898305086 0.02112676056338028
3 0.15310734463276837 0.9237089201877934 0.05367231638418079 0.02112676056338028
3 0.15423728813559323 0.9518779342723005 0.05593220338983051 0.02112676056338028
3 0.15254237288135594 0.9800469483568075 0.05254237288135593 0.02112676056338028
3 0.20903954802259886 0.45539906103286387 0.012429378531073447 0.02112676056338028
3 0.16779661016949152 0.5469483568075117 0.012994350282485875 0.02112676056338028
3 0.16045197740112993 0.5751173708920188 0.012994350282485875 0.02112676056338028
3 0.16271186440677965 0.6032863849765259 0.011864406779661017 0.02112676056338028
3 0.1536723163841808 0.6314553990610329 0.010734463276836158 0.02112676056338028
3 0.15706214689265538 0.6596244131455399 0.010734463276836158 0.02112676056338028
3 0.16045197740112993 0.687793427230047 0.012429378531073447 0.02112676056338028
3 0.15875706214689267 0.715962441314554 0.012429378531073447 0.02112676056338028
3 0.17570621468926553 0.744131455399061 0.010169491525423728 0.02112676056338028
3 0.15819209039548024 0.7723004694835681 0.012994350282485875 0.02112676056338028
3 0.1943502824858757 0.8955399061032864 0.011864406779661017 0.02112676056338028
3 0.1903954802259887 0.9237089201877934 0.015254237288135594 0.02112676056338028
3 0.19322033898305085 0.9518779342723005 0.015254237288135594 0.02112676056338028
3 0.18983050847457628 0.9800469483568075 0.015254237288135594 0.02112676056338028
3 0.1672316384180791 0.06455399061032864 0.06497175141242938 0.023474178403755867
3 0.16271186440677965 0.08685446009389672 0.06497175141242938 0.023474178403755867
3 0.17796610169491525 0.15610328638497653 0.10282485875706214 0.023474178403755867
3 0.2536723163841808 0.15610328638497653 0.02824858757062147 0.023474178403755867
3 0.13898305084745763 0.1795774647887324 0.025423728813559324 0.023474178403755867