0 0.6209497206703911 0.02088167053364269 0.026256983240223464 0.04176334106728538
0 0.22960893854748604 0.33410672853828305 0.0111731843575419 0.02320185614849188
0 0.2916201117318436 0.33410672853828305 0.0111731843575419 0.02320185614849188
0 0.28128491620111734 0.9930394431554525 0.013966480446927373 0.01160092807424594
0 0.776536312849162 0.16241299303944315 0.06312849162011173 0.016241299303944315
1 0.7600558659217878 0.021461716937354988 0.19050279329608938 0.042923433874709975
1 0.4340782122905028 0.37122969837587005 0.15865921787709497 0.3294663573085847
1 0.6016759776536312 0.37122969837587005 0.15865921787709497 0.3294663573085847
1 0.7692737430167598 0.37122969837587005 0.15865921787709497 0.3294663573085847
1 0.43435754189944137 0.8497679814385151 0.15921787709497207 0.29814385150812067
1 0.6019553072625698 0.8497679814385151 0.15921787709497207 0.29814385150812067
1 0.7695530726256983 0.8497679814385151 0.15921787709497207 0.29814385150812067
1 0.2329608938547486 0.019721577726218097 0.07486033519553073 0.03944315545243619
2 0.46675977653631284 0.02088167053364269 0.3346368715083799 0.04176334106728538
2 0.541340782122905 0.018561484918793503 0.00782122905027933 0.016241299303944315
2 0.20865921787709496 0.9912993039443155 0.03519553072625698 0.015081206496519721
2 0.25335195530726257 0.9912993039443155 0.03519553072625698 0.015081206496519721
3 0.5687150837988827 0.019721577726218097 0.07932960893854749 0.030162412993039442
3 0.5743016759776536 0.018561484918793503 0.05251396648044693 0.02320185614849188
3 0.20865921787709496 0.9907192575406032 0.03407821229050279 0.016241299303944315
3 0.25335195530726257 0.9907192575406032 0.03407821229050279 0.016241299303944315
3 0.5743016759776536 0.018561484918793503 0.05251396648044693 0.02320185614849188
3 0.20865921787709496 0.9907192575406032 0.03407821229050279 0.016241299303944315
3 0.25335195530726257 0.9907192575406032 0.03407821229050279 0.016241299303944315
3 0.26927374301675977 0.24013921113689096 0.1553072625698324 0.06960556844547564
3 0.4340782122905028 0.6241299303944315 0.13631284916201117 0.04176334106728538
3 0.6016759776536312 0.6241299303944315 0.13631284916201117 0.04176334106728538
3 0.7692737430167598 0.6241299303944315 0.13631284916201117 0.04176334106728538
3 0.3659217877094972 0.07888631090487239 0.025139664804469275 0.02320185614849188
3 0.40279329608938547 0.07888631090487239 0.027932960893854747 0.02320185614849188
3 0.4519553072625698 0.07888631090487239 0.05027932960893855 0.02320185614849188
3 0.49664804469273743 0.07888631090487239 0.019553072625698324 0.02320185614849188
3 0.5290502793296089 0.07888631090487239 0.025139664804469275 0.02320185614849188
3 0.5625698324022347 0.07888631090487239 0.021787709497206705 0.02320185614849188
3 0.22793296089385476 0.44779582366589327 0.07262569832402235 0.02088167053364269
3 0.20726256983240224 0.5382830626450116 0.031843575418994415 0.02088167053364269
3 0.20335195530726258 0.5661252900232019 0.024022346368715083 0.02088167053364269
3 0.20502793296089386 0.5939675174013921 0.027374301675977653 0.02088167053364269
3 0.2005586592178771 0.6218097447795824 0.018435754189944135 0.02088167053364269
3 0.20279329608938548 0.6496519721577726 0.0223463687150838 0.02088167053364269
3 0.20391061452513967 0.6774941995359629 0.024581005586592177 0.02088167053364269
3 0.20279329608938548 0.7053364269141531 0.022905027932960894 0.02088167053364269
3 0.211731843575419 0.7331786542923434 0.04022346368715084 0.02088167053364269
3 0.2022346368715084 0.7610208816705336 0.021787709497206705 0.02088167053364269
3 0.2206703910614525 0.882830626450116 0.05865921787709497 0.02088167053364269
3 0.21787709497206703 0.9106728538283063 0.05307262569832402 0.02088167053364269
3 0.21899441340782122 0.9385150812064965 0.0553072625698324 0.02088167053364269
3 0.21731843575418994 0.9663573085846868 0.05195530726256983 0.02088167053364269
3 0.27318435754189946 0.44779582366589327 0.012290502793296089 0.02088167053364269
3 0.2324022346368715 0.5382830626450116 0.012849162011173185 0.02088167053364269
3 0.22513966480446929 0.5661252900232019 0.012849162011173185 0.02088167053364269
3 0.22737430167597766 0.5939675174013921 0.011731843575418994 0.02088167053364269
3 0.21843575418994413 0.6218097447795824 0.010614525139664804 0.02088167053364269
3 0.2217877094972067 0.6496519721577726 0.010614525139664804 0.02088167053364269
3 0.22513966480446929 0.6774941995359629 0.012290502793296089 0.02088167053364269
3 0.22346368715083798 0.7053364269141531 0.012290502793296089 0.02088167053364269
3 0.24022346368715083 0.7331786542923434 0.01005586592178771 0.02088167053364269
3 0.22290502793296088 0.7610208816705336 0.012849162011173185 0.02088167053364269
3 0.25865921787709495 0.882830626450116 0.011731843575418994 0.02088167053364269
3 0.2547486033519553 0.9106728538283063 0.015083798882681564 0.02088167053364269
3 0.25754189944134076 0.9385150812064965 0.015083798882681564 0.02088167053364269
3 0.2541899441340782 0.9663573085846868 0.015083798882681564 0.02088167053364269
3 0.23184357541899442 0.06148491879350348 0.06424581005586592 0.02320185614849188
3 0.22737430167597766 0.08352668213457076 0.06424581005586592 0.02320185614849188
3 0.2424581005586592 0.1519721577726218 0.10167597765363129 0.02320185614849188
3 0.31731843575418994 0.1519721577726218 0.027932960893854747 0.02320185614849188
3 0.20391061452513967 0.1751740139211137 0.025139664804469275 0.02320185614849188