0 0.587434554973822 0.02826086956521739 0.024083769633507852 0.042391304347826085
0 0.22094240837696336 0.3239130434782609 0.010471204188481676 0.021739130434782608
0 0.27905759162303667 0.3239130434782609 0.010471204188481676 0.021739130434782608
0 0.26910994764397905 0.9489130434782609 0.012565445026178011 0.02608695652173913
0 0.7335078534031414 0.16304347826086957 0.059162303664921465 0.015217391304347827
1 0.7178010471204188 0.029347826086956522 0.17801047120418848 0.042391304347826085
1 0.41256544502617803 0.358695652173913 0.1486910994764398 0.30869565217391304
1 0.5696335078534032 0.358695652173913 0.1486910994764398 0.30869565217391304
1 0.7267015706806282 0.358695652173913 0.1486910994764398 0.30869565217391304
1 0.41256544502617803 0.8217391304347826 0.1486910994764398 0.30869565217391304
1 0.5696335078534032 0.8217391304347826 0.1486910994764398 0.30869565217391304
1 0.7267015706806282 0.8217391304347826 0.1486910994764398 0.30869565217391304
1 0.22408376963350785 0.029347826086956522 0.07015706806282722 0.03695652173913044
2 0.44293193717277485 0.02826086956521739 0.31308900523560207 0.042391304347826085
2 0.5130890052356021 0.02826086956521739 0.007329842931937173 0.015217391304347827
2 0.20104712041884817 0.9467391304347826 0.032460732984293195 0.02717391304347826
2 0.24293193717277486 0.9467391304347826 0.032460732984293195 0.02717391304347826
3 0.5387434554973822 0.029347826086956522 0.0743455497382199 0.02826086956521739
3 0.543979057591623 0.02826086956521739 0.049214659685863874 0.021739130434782608
3 0.20104712041884817 0.9489130434782609 0.031413612565445025 0.03369565217391304
3 0.24293193717277486 0.9489130434782609 0.031413612565445025 0.03369565217391304
3 0.543979057591623 0.02826086956521739 0.049214659685863874 0.021739130434782608
3 0.20104712041884817 0.9489130434782609 0.031413612565445025 0.03369565217391304
3 0.24293193717277486 0.9489130434782609 0.031413612565445025 0.03369565217391304
3 0.2581151832460733 0.2358695652173913 0.14554973821989528 0.06521739130434782
3 0.41256544502617803 0.5956521739130435 0.12774869109947645 0.0391304347826087
3 0.5696335078534032 0.5956521739130435 0.12774869109947645 0.0391304347826087
3 0.7267015706806282 0.5956521739130435 0.12774869109947645 0.0391304347826087
3 0.3486910994764398 0.08478260869565217 0.02356020942408377 0.021739130434782608
3 0.3832460732984293 0.08478260869565217 0.02617801047120419 0.021739130434782608
3 0.4293193717277487 0.08478260869565217 0.04712041884816754 0.021739130434782608
3 0.4712041884816754 0.08478260869565217 0.01832460732984293 0.021739130434782608
3 0.5015706806282723 0.08478260869565217 0.02356020942408377 0.021739130434782608
3 0.5329842931937173 0.08478260869565217 0.020418848167539267 0.021739130434782608
3 0.2193717277486911 0.43043478260869567 0.06806282722513089 0.01956521739130435
3 0.2 0.5152173913043478 0.029842931937172777 0.01956521739130435
3 0.19633507853403143 0.5413043478260869 0.022513089005235604 0.01956521739130435
3 0.19790575916230366 0.5673913043478261 0.025654450261780103 0.01956521739130435
3 0.193717277486911 0.5934782608695652 0.017277486910994764 0.01956521739130435
3 0.19581151832460733 0.6195652173913043 0.020942408376963352 0.01956521739130435
3 0.1968586387434555 0.6456521739130435 0.023036649214659685 0.01956521739130435
3 0.19581151832460733 0.6717391304347826 0.021465968586387434 0.01956521739130435
3 0.20418848167539266 0.6978260869565217 0.03769633507853403 0.01956521739130435
3 0.19528795811518324 0.7239130434782609 0.020418848167539267 0.01956521739130435
3 0.21256544502617802 0.8380434782608696 0.0549738219895288 0.01956521739130435
3 0.2099476439790576 0.8641304347826086 0.049738219895287955 0.01956521739130435
3 0.21099476439790577 0.8902173913043478 0.051832460732984295 0.01956521739130435
3 0.2094240837696335 0.9163043478260869 0.04869109947643979 0.01956521739130435
3 0.2617801047120419 0.43043478260869567 0.011518324607329843 0.01956521739130435
3 0.22356020942408378 0.5152173913043478 0.012041884816753926 0.01956521739130435
3 0.21675392670157068 0.5413043478260869 0.012041884816753926 0.01956521739130435
3 0.218848167539267 0.5673913043478261 0.01099476439790576 0.01956521739130435
3 0.21047120418848167 0.5934782608695652 0.009947643979057591 0.01956521739130435
3 0.2136125654450262 0.6195652173913043 0.009947643979057591 0.01956521739130435
3 0.21675392670157068 0.6456521739130435 0.011518324607329843 0.01956521739130435
3 0.21518324607329842 0.6717391304347826 0.011518324607329843 0.01956521739130435
3 0.23089005235602095 0.6978260869565217 0.009424083769633508 0.01956521739130435
3 0.21465968586387435 0.7239130434782609 0.012041884816753926 0.01956521739130435
3 0.2481675392670157 0.8380434782608696 0.01099476439790576 0.01956521739130435
3 0.24450261780104712 0.8641304347826086 0.014136125654450262 0.01956521739130435
3 0.24712041884816754 0.8902173913043478 0.014136125654450262 0.01956521739130435
3 0.24397905759162303 0.9163043478260869 0.014136125654450262 0.01956521739130435
3 0.22303664921465968 0.06847826086956521 0.060209424083769635 0.021739130434782608
3 0.218848167539267 0.0891304347826087 0.060209424083769635 0.021739130434782608
3 0.23298429319371727 0.1532608695652174 0.09528795811518324 0.021739130434782608
3 0.3031413612565445 0.1532608695652174 0.02617801047120419 0.021739130434782608
3 0.1968586387434555 0.175 0.02356020942408377 0.021739130434782608