0 0.5776881720430107 0.018415178571428572 0.025268817204301075 0.036830357142857144
0 0.1913978494623656 0.32142857142857145 0.010752688172043012 0.022321428571428572
0 0.25053763440860216 0.7723214285714286 0.012903225806451613 0.026785714285714284
0 0.7274193548387097 0.18973214285714285 0.06075268817204301 0.015625
1 0.7115591397849462 0.018973214285714284 0.18333333333333332 0.03794642857142857
1 0.3978494623655914 0.390625 0.15268817204301074 0.3169642857142857
1 0.5591397849462365 0.390625 0.15268817204301074 0.3169642857142857
1 0.7204301075268817 0.390625 0.15268817204301074 0.3169642857142857
1 0.20456989247311827 0.017857142857142856 0.07258064516129033 0.03571428571428571
2 0.4293010752688172 0.018415178571428572 0.32204301075268815 0.036830357142857144
2 0.4989247311827957 0.014508928571428572 0.007526881720430108 0.015625
2 0.18064516129032257 0.7700892857142857 0.03333333333333333 0.027901785714285716
2 0.22365591397849463 0.7700892857142857 0.03333333333333333 0.027901785714285716
3 0.5263440860215054 0.015625 0.07849462365591398 0.029017857142857144
3 0.5317204301075269 0.014508928571428572 0.05268817204301075 0.022321428571428572
3 0.18064516129032257 0.7723214285714286 0.03225806451612903 0.03459821428571429
3 0.22365591397849463 0.7723214285714286 0.03225806451612903 0.03459821428571429
3 0.5317204301075269 0.014508928571428572 0.05268817204301075 0.022321428571428572
3 0.18064516129032257 0.7723214285714286 0.03225806451612903 0.03459821428571429
3 0.22365591397849463 0.7723214285714286 0.03225806451612903 0.03459821428571429
3 0.239247311827957 0.24776785714285715 0.14946236559139786 0.033482142857142856
3 0.3978494623655914 0.6339285714285714 0.13118279569892474 0.04017857142857143
3 0.5591397849462365 0.6339285714285714 0.13118279569892474 0.04017857142857143
3 0.7204301075268817 0.6540178571428571 0.13118279569892474 0.04017857142857143
3 0.33225806451612905 0.07254464285714286 0.024193548387096774 0.022321428571428572
3 0.36774193548387096 0.07254464285714286 0.026881720430107527 0.022321428571428572
3 0.4150537634408602 0.07254464285714286 0.04838709677419355 0.022321428571428572
3 0.45806451612903226 0.07254464285714286 0.01881720430107527 0.022321428571428572
3 0.489247311827957 0.07254464285714286 0.024193548387096774 0.022321428571428572
3 0.521505376344086 0.07254464285714286 0.020967741935483872 0.022321428571428572
3 0.19946236559139785 0.43080357142857145 0.06989247311827956 0.020089285714285716
3 0.17096774193548386 0.5178571428571429 0.012903225806451613 0.020089285714285716
3 0.1860215053763441 0.5446428571428571 0.043010752688172046 0.020089285714285716
3 0.17849462365591398 0.5714285714285714 0.02795698924731183 0.020089285714285716
3 0.18225806451612903 0.6584821428571429 0.03602150537634408 0.020089285714285716
3 0.18225806451612903 0.6852678571428571 0.03602150537634408 0.020089285714285716
3 0.18225806451612903 0.7120535714285714 0.03602150537634408 0.020089285714285716
3 0.1935483870967742 0.7388392857142857 0.05806451612903226 0.020089285714285716
3 0.18010752688172044 0.8660714285714286 0.03118279569892473 0.020089285714285716
3 0.17419354838709677 0.8928571428571429 0.01935483870967742 0.020089285714285716
3 0.17795698924731182 0.9799107142857143 0.027419354838709678 0.020089285714285716
3 0.24193548387096775 0.43080357142857145 0.00967741935483871 0.020089285714285716
3 0.1881720430107527 0.5178571428571429 0.016666666666666666 0.020089285714285716
3 0.21666666666666667 0.5446428571428571 0.011827956989247311 0.020089285714285716
3 0.19838709677419356 0.5714285714285714 0.005913978494623656 0.020089285714285716
3 0.2075268817204301 0.6584821428571429 0.008064516129032258 0.020089285714285716
3 0.2075268817204301 0.6852678571428571 0.008064516129032258 0.020089285714285716
3 0.2118279569892473 0.7120535714285714 0.016666666666666666 0.020089285714285716
3 0.22795698924731184 0.7388392857142857 0.005913978494623656 0.020089285714285716
3 0.2064516129032258 0.8660714285714286 0.016666666666666666 0.020089285714285716
3 0.1924731182795699 0.8928571428571429 0.011827956989247311 0.020089285714285716
3 0.2021505376344086 0.9799107142857143 0.014516129032258065 0.020089285714285716
3 0.2032258064516129 0.05580357142857143 0.06182795698924731 0.022321428571428572
3 0.1989247311827957 0.07700892857142858 0.06182795698924731 0.022321428571428572
3 0.21344086021505376 0.1796875 0.0978494623655914 0.022321428571428572
3 0.2854838709677419 0.1796875 0.026881720430107527 0.022321428571428572
3 0.1774193548387097 0.20200892857142858 0.026344086021505377 0.022321428571428572