0 0.5956284153005464 0.024943310657596373 0.025136612021857924 0.04421768707482993
0 0.7480874316939891 0.1655328798185941 0.06174863387978142 0.015873015873015872
1 0.7316939890710382 0.026077097505668934 0.18579234972677597 0.04421768707482993
1 0.3923497267759563 0.3219954648526077 0.08743169398907104 0.18140589569160998
1 0.3923497267759563 0.5498866213151927 0.08743169398907104 0.18140589569160998
1 0.3923497267759563 0.7777777777777778 0.08743169398907104 0.18140589569160998
1 0.21639344262295082 0.026077097505668934 0.073224043715847 0.03854875283446712
2 0.4448087431693989 0.024943310657596373 0.326775956284153 0.04421768707482993
2 0.44426229508196724 0.024943310657596373 0.007650273224043716 0.015873015873015872
3 0.5076502732240438 0.026077097505668934 0.15136612021857923 0.02947845804988662
3 0.4808743169398907 0.35941043083900226 0.06393442622950819 0.021541950113378686
3 0.4808743169398907 0.5578231292517006 0.06393442622950819 0.021541950113378686
3 0.4808743169398907 0.8151927437641724 0.06393442622950819 0.021541950113378686
3 0.5131147540983606 0.024943310657596373 0.1251366120218579 0.022675736961451247
3 0.5131147540983606 0.024943310657596373 0.1251366120218579 0.022675736961451247
3 0.25191256830601094 0.2018140589569161 0.15191256830601094 0.034013605442176874
3 0.6202185792349727 0.26077097505668934 0.34262295081967215 0.05895691609977324
3 0.6202185792349727 0.47392290249433106 0.34262295081967215 0.02947845804988662
3 0.6202185792349727 0.7165532879818595 0.34262295081967215 0.05895691609977324
3 0.6202185792349727 0.9444444444444444 0.34262295081967215 0.05895691609977324
3 0.346448087431694 0.08390022675736962 0.02459016393442623 0.022675736961451247
3 0.3825136612021858 0.08390022675736962 0.0273224043715847 0.022675736961451247
3 0.4306010928961749 0.08390022675736962 0.04918032786885246 0.022675736961451247
3 0.4743169398907104 0.08390022675736962 0.01912568306010929 0.022675736961451247
3 0.5060109289617486 0.08390022675736962 0.02459016393442623 0.022675736961451247
3 0.5387978142076503 0.08390022675736962 0.021311475409836064 0.022675736961451247
3 0.21147540983606558 0.5034013605442177 0.07103825136612021 0.02040816326530612
3 0.18961748633879782 0.5918367346938775 0.0273224043715847 0.02040816326530612
3 0.19836065573770492 0.6190476190476191 0.04480874316939891 0.02040816326530612
3 0.22459016393442624 0.6462585034013606 0.09781420765027322 0.02040816326530612
3 0.226775956284153 0.673469387755102 0.10163934426229508 0.02040816326530612
3 0.18524590163934426 0.7006802721088435 0.018579234972677595 0.02040816326530612
3 0.18579234972677597 0.7891156462585034 0.019672131147540985 0.02040816326530612
3 0.19453551912568307 0.8775510204081632 0.03715846994535519 0.02040816326530612
3 0.22021857923497268 0.9047619047619048 0.08907103825136611 0.02040816326530612
3 0.19316939890710383 0.9909297052154195 0.03442622950819672 0.015873015873015872
3 0.25519125683060107 0.5034013605442177 0.011475409836065573 0.02040816326530612
3 0.21639344262295082 0.5918367346938775 0.020218579234972677 0.02040816326530612
3 0.23060109289617486 0.6190476190476191 0.014207650273224045 0.02040816326530612
3 0.2814207650273224 0.6462585034013606 0.009836065573770493 0.02040816326530612
3 0.28469945355191256 0.673469387755102 0.007650273224043716 0.02040816326530612
3 0.2010928961748634 0.7006802721088435 0.007650273224043716 0.02040816326530612
3 0.20601092896174864 0.7891156462585034 0.015846994535519125 0.02040816326530612
3 0.22185792349726777 0.8775510204081632 0.012568306010928962 0.02040816326530612
3 0.2748633879781421 0.9047619047619048 0.014754098360655738 0.02040816326530612
3 0.22158469945355191 0.9909297052154195 0.016939890710382512 0.015873015873015872
3 0.21530054644808744 0.06689342403628118 0.06284153005464481 0.022675736961451247
3 0.21092896174863388 0.08843537414965986 0.06284153005464481 0.022675736961451247
3 0.22568306010928962 0.15532879818594103 0.0994535519125683 0.022675736961451247