0 0.6203071672354948 0.008865248226950355 0.026734926052332197 0.01773049645390071
0 0.7787258248009101 0.2470449172576832 0.06427758816837315 0.016548463356973995
1 0.7619453924914675 0.009456264775413711 0.19397042093287828 0.018912529550827423
1 0.4300341296928328 0.4598108747044917 0.161547212741752 0.33569739952718675
1 0.6006825938566553 0.4598108747044917 0.161547212741752 0.33569739952718675
1 0.7713310580204779 0.4598108747044917 0.161547212741752 0.33569739952718675
1 0.22554038680318544 0.008274231678486997 0.07679180887372014 0.016548463356973995
2 0.46331058020477817 0.008865248226950355 0.34072810011376564 0.01773049645390071
2 0.5008532423208191 0.0017730496453900709 0.008532423208191127 0.0035460992907801418
3 0.38993174061433444 0.00591016548463357 0.12002275312855518 0.01182033096926714
3 0.2428896473265074 0.706855791962175 0.080773606370876 0.022458628841607566
3 0.4141069397042093 0.7541371158392435 0.08191126279863481 0.022458628841607566
3 0.7428896473265074 0.706855791962175 0.08191126279863481 0.022458628841607566
3 0.5537542662116041 0.0035460992907801418 0.09271899886234357 0.0070921985815602835
3 0.5537542662116041 0.0035460992907801418 0.09271899886234357 0.0070921985815602835
3 0.2622298065984073 0.2848699763593381 0.15813424345847554 0.03546099290780142
3 0.4300341296928328 0.7541371158392435 0.13879408418657566 0.0425531914893617
3 0.6006825938566553 0.8014184397163121 0.13879408418657566 0.0425531914893617
3 0.7713310580204779 0.7541371158392435 0.13879408418657566 0.0425531914893617
3 0.36063708759954494 0.05555555555555555 0.025597269624573378 0.02364066193853428
3 0.3981797497155859 0.05555555555555555 0.02844141069397042 0.02364066193853428
3 0.4482366325369738 0.05555555555555555 0.051194539249146756 0.02364066193853428
3 0.4937428896473265 0.05555555555555555 0.019908987485779295 0.02364066193853428
3 0.5267349260523322 0.05555555555555555 0.025597269624573378 0.02364066193853428
3 0.5608646188850968 0.05555555555555555 0.02218430034129693 0.02364066193853428
3 0.22013651877133106 0.599290780141844 0.07394766780432309 0.02127659574468085
3 0.19283276450511946 0.6914893617021277 0.019908987485779295 0.02127659574468085
3 0.19738339021615472 0.7198581560283688 0.02844141069397042 0.02127659574468085
3 0.20193401592718999 0.74822695035461 0.03811149032992037 0.02127659574468085
3 0.19283276450511946 0.776595744680851 0.019908987485779295 0.02127659574468085
3 0.19283276450511946 0.8049645390070922 0.019908987485779295 0.02127659574468085
3 0.19397042093287828 0.8333333333333334 0.02218430034129693 0.02127659574468085
3 0.2098976109215017 0.925531914893617 0.0540386803185438 0.02127659574468085
3 0.2354948805460751 0.9539007092198581 0.10466439135381114 0.02127659574468085
3 0.21217292377701935 0.9822695035460993 0.05858930602957907 0.02127659574468085
3 0.2707622298065984 0.599290780141844 0.02218430034129693 0.02127659574468085
3 0.21899886234357224 0.6914893617021277 0.026166097838452786 0.02127659574468085
3 0.22810011376564276 0.7198581560283688 0.027872582480091012 0.02127659574468085
3 0.23720136518771331 0.74822695035461 0.026166097838452786 0.02127659574468085
3 0.21729237770193402 0.776595744680851 0.02218430034129693 0.02127659574468085
3 0.21729237770193402 0.8049645390070922 0.023321956769055744 0.02127659574468085
3 0.22070534698521047 0.8333333333333334 0.024459613196814563 0.02127659574468085
3 0.2508532423208191 0.925531914893617 0.02218430034129693 0.02127659574468085
3 0.30489192263936293 0.9539007092198581 0.02844141069397042 0.02127659574468085
3 0.25597269624573377 0.9822695035460993 0.02161547212741752 0.02127659574468085
3 0.2241183162684869 0.037825059101654845 0.06541524459613197 0.02364066193853428
3 0.21956769055745165 0.06028368794326241 0.06541524459613197 0.02364066193853428
3 0.2150170648464164 0.2364066193853428 0.06427758816837315 0.02364066193853428