0 0.5806451612903226 0.024553571428571428 0.024731182795698924 0.04352678571428571
0 0.7306451612903225 0.16294642857142858 0.06075268817204301 0.015625
1 0.714516129032258 0.025669642857142856 0.1827956989247312 0.04352678571428571
1 0.38064516129032255 0.3169642857142857 0.08602150537634409 0.17857142857142858
1 0.38064516129032255 0.5412946428571429 0.08602150537634409 0.17857142857142858
1 0.38064516129032255 0.765625 0.08602150537634409 0.17857142857142858
1 0.2075268817204301 0.025669642857142856 0.07204301075268817 0.03794642857142857
2 0.432258064516129 0.024553571428571428 0.32150537634408605 0.04352678571428571
2 0.4752688172043011 0.024553571428571428 0.007526881720430108 0.015625
3 0.5161290322580645 0.025669642857142856 0.1053763440860215 0.029017857142857144
3 0.4575268817204301 0.3247767857142857 0.04247311827956989 0.021205357142857144
3 0.4575268817204301 0.5491071428571429 0.04247311827956989 0.021205357142857144
3 0.4575268817204301 0.8136160714285714 0.04247311827956989 0.021205357142857144
3 0.46774193548387094 0.9927455357142857 0.06344086021505377 0.012276785714285714
3 0.521505376344086 0.024553571428571428 0.07956989247311828 0.022321428571428572
3 0.521505376344086 0.024553571428571428 0.07956989247311828 0.022321428571428572
3 0.24247311827956988 0.24330357142857142 0.14946236559139786 0.033482142857142856
3 0.6048387096774194 0.2421875 0.3370967741935484 0.029017857142857144
3 0.6048387096774194 0.46651785714285715 0.3370967741935484 0.029017857142857144
3 0.6048387096774194 0.7310267857142857 0.3370967741935484 0.029017857142857144
3 0.6048387096774194 0.9151785714285714 0.3370967741935484 0.029017857142857144
3 0.33548387096774196 0.08258928571428571 0.024193548387096774 0.022321428571428572
3 0.3709677419354839 0.08258928571428571 0.026881720430107527 0.022321428571428572
3 0.4182795698924731 0.08258928571428571 0.04838709677419355 0.022321428571428572
3 0.4612903225806452 0.08258928571428571 0.01881720430107527 0.022321428571428572
3 0.4924731182795699 0.08258928571428571 0.024193548387096774 0.022321428571428572
3 0.524731182795699 0.08258928571428571 0.020967741935483872 0.022321428571428572
3 0.20268817204301076 0.5401785714285714 0.06989247311827956 0.020089285714285716
3 0.17795698924731182 0.6272321428571429 0.02043010752688172 0.020089285714285716
3 0.18225806451612903 0.6540178571428571 0.02903225806451613 0.020089285714285716
3 0.17795698924731182 0.6808035714285714 0.020967741935483872 0.020089285714285716
3 0.17580645161290323 0.7075892857142857 0.016129032258064516 0.020089285714285716
3 0.17634408602150536 0.734375 0.017204301075268817 0.020089285714285716
3 0.18440860215053764 0.7611607142857143 0.03387096774193549 0.020089285714285716
3 0.17849462365591398 0.7879464285714286 0.021505376344086023 0.020089285714285716
3 0.1774193548387097 0.8147321428571429 0.01989247311827957 0.020089285714285716
3 0.19032258064516128 0.8415178571428571 0.04516129032258064 0.020089285714285716
3 0.18010752688172044 0.9587053571428571 0.025268817204301075 0.020089285714285716
3 0.19516129032258064 0.9854910714285714 0.0553763440860215 0.020089285714285716
3 0.24838709677419354 0.5401785714285714 0.016129032258064516 0.020089285714285716
3 0.1989247311827957 0.6272321428571429 0.015591397849462365 0.020089285714285716
3 0.20806451612903226 0.6540178571428571 0.016129032258064516 0.020089285714285716
3 0.2 0.6808035714285714 0.016129032258064516 0.020089285714285716
3 0.19462365591397848 0.7075892857142857 0.016129032258064516 0.020089285714285716
3 0.1956989247311828 0.734375 0.016129032258064516 0.020089285714285716
3 0.2129032258064516 0.7611607142857143 0.016666666666666666 0.020089285714285716
3 0.19946236559139785 0.7879464285714286 0.015591397849462365 0.020089285714285716
3 0.1989247311827957 0.8147321428571429 0.016666666666666666 0.020089285714285716
3 0.22419354838709676 0.8415178571428571 0.016129032258064516 0.020089285714285716
3 0.2064516129032258 0.9587053571428571 0.02043010752688172 0.020089285714285716
3 0.23655913978494625 0.9854910714285714 0.02043010752688172 0.020089285714285716
3 0.2064516129032258 0.06584821428571429 0.06182795698924731 0.022321428571428572
3 0.2021505376344086 0.08705357142857142 0.06182795698924731 0.022321428571428572
3 0.21666666666666667 0.15290178571428573 0.0978494623655914 0.022321428571428572
3 0.23817204301075268 0.1640625 0.14086021505376345 0.044642857142857144
3 0.2586021505376344 0.17522321428571427 0.03978494623655914 0.022321428571428572
3 0.23817204301075268 0.18638392857142858 0.14086021505376345 0.044642857142857144