0 0.6070224719101124 0.012850467289719626 0.026404494382022473 0.02570093457943925
0 0.7382022471910112 0.5233644859813084 0.13651685393258428 0.056074766355140186
0 0.7471910112359551 0.602803738317757 0.1544943820224719 0.056074766355140186
1 0.7469101123595505 0.013434579439252336 0.19157303370786516 0.026869158878504672
1 0.20112359550561798 0.2383177570093458 0.024719101123595506 0.0514018691588785
1 0.3303370786516854 0.5292056074766355 0.21235955056179776 0.5467289719626168
1 0.20112359550561798 0.308411214953271 0.024719101123595506 0.0514018691588785
1 0.4640449438202247 0.6296728971962616 0.021348314606741574 0.04439252336448598
1 0.4943820224719101 0.6285046728971962 0.02247191011235955 0.04672897196261682
1 0.5247191011235955 0.6285046728971962 0.02247191011235955 0.04672897196261682
1 0.21713483146067417 0.012266355140186916 0.07584269662921349 0.02453271028037383
2 0.45196629213483147 0.012850467289719626 0.3365168539325843 0.02570093457943925
3 0.49157303370786515 0.5011682242990654 0.08146067415730338 0.02102803738317757
3 0.5466292134831461 0.5794392523364486 0.19157303370786516 0.02453271028037383
3 0.5230337078651686 0.7137850467289719 0.14438202247191012 0.02102803738317757
3 0.5466292134831461 0.947429906542056 0.19157303370786516 0.02102803738317757
3 0.7219101123595506 0.4030373831775701 0.10337078651685393 0.016355140186915886
3 0.7219101123595506 0.4264018691588785 0.10337078651685393 0.016355140186915886
3 0.7162921348314607 0.9941588785046729 0.05955056179775281 0.009345794392523364
3 0.20112359550561798 0.2570093457943925 0.028089887640449437 0.02570093457943925
3 0.20112359550561798 0.32710280373831774 0.028089887640449437 0.02570093457943925
3 0.20112359550561798 0.2570093457943925 0.028089887640449437 0.02570093457943925
3 0.20112359550561798 0.32710280373831774 0.028089887640449437 0.02570093457943925
3 0.5426966292134832 0.3142523364485981 0.18314606741573033 0.08761682242990654
3 0.7556179775280899 0.27453271028037385 0.13764044943820225 0.02336448598130841
3 0.7556179775280899 0.29789719626168226 0.13764044943820225 0.01985981308411215
3 0.7544943820224719 0.6904205607476636 0.1398876404494382 0.0630841121495327
3 0.7544943820224719 0.7535046728971962 0.1398876404494382 0.02102803738317757
3 0.7544943820224719 0.7967289719626168 0.1398876404494382 0.02102803738317757
3 0.7219101123595506 0.3808411214953271 0.10337078651685393 0.018691588785046728
3 0.7471910112359551 0.4742990654205608 0.1544943820224719 0.02336448598130841
3 0.7471910112359551 0.9205607476635514 0.1544943820224719 0.02570093457943925
3 0.7162921348314607 0.977803738317757 0.05898876404494382 0.02336448598130841
3 0.350561797752809 0.0630841121495327 0.025280898876404494 0.02336448598130841
3 0.38764044943820225 0.0630841121495327 0.028089887640449437 0.02336448598130841
3 0.4370786516853933 0.0630841121495327 0.05056179775280899 0.02336448598130841
3 0.4820224719101124 0.0630841121495327 0.019662921348314606 0.02336448598130841
3 0.5146067415730337 0.0630841121495327 0.025280898876404494 0.02336448598130841
3 0.5483146067415731 0.0630841121495327 0.021910112359550562 0.02336448598130841
3 0.2157303370786517 0.0455607476635514 0.06460674157303371 0.02336448598130841
3 0.21123595505617979 0.06775700934579439 0.06460674157303371 0.02336448598130841
3 0.29775280898876405 0.1658878504672897 0.10224719101123596 0.016355140186915886
3 0.37303370786516854 0.1658878504672897 0.028089887640449437 0.016355140186915886
3 0.4106741573033708 0.1658878504672897 0.02752808988764045 0.016355140186915886
3 0.44831460674157303 0.1658878504672897 0.02696629213483146 0.016355140186915886
3 0.4904494382022472 0.1658878504672897 0.037640449438202245 0.016355140186915886