0 0.5933862433862434 0.01868131868131868 0.02486772486772487 0.03736263736263736
0 0.22592592592592592 0.2813186813186813 0.010582010582010581 0.02197802197802198
0 0.26931216931216934 0.2813186813186813 0.010582010582010581 0.02197802197802198
0 0.2714285714285714 0.6725274725274726 0.012698412698412698 0.026373626373626374
0 0.7407407407407407 0.15164835164835164 0.059788359788359786 0.015384615384615385
1 0.7251322751322752 0.019230769230769232 0.18042328042328043 0.038461538461538464
1 0.4164021164021164 0.34945054945054943 0.15026455026455027 0.3120879120879121
1 0.5751322751322752 0.34945054945054943 0.15026455026455027 0.3120879120879121
1 0.7338624338624339 0.34945054945054943 0.15026455026455027 0.3120879120879121
1 0.2261904761904762 0.018131868131868133 0.07142857142857142 0.03626373626373627
2 0.44735449735449734 0.01868131868131868 0.31693121693121695 0.03736263736263736
2 0.5158730158730159 0.015384615384615385 0.007407407407407408 0.015384615384615385
2 0.20264550264550266 0.6703296703296703 0.0328042328042328 0.027472527472527472
2 0.24497354497354498 0.6703296703296703 0.0328042328042328 0.027472527472527472
3 0.5428571428571428 0.016483516483516484 0.07724867724867725 0.02857142857142857
3 0.5481481481481482 0.015384615384615385 0.05185185185185185 0.02197802197802198
3 0.20264550264550266 0.6725274725274726 0.031746031746031744 0.03406593406593406
3 0.24497354497354498 0.6725274725274726 0.031746031746031744 0.03406593406593406
3 0.5481481481481482 0.015384615384615385 0.05185185185185185 0.02197802197802198
3 0.20264550264550266 0.6725274725274726 0.031746031746031744 0.03406593406593406
3 0.24497354497354498 0.6725274725274726 0.031746031746031744 0.03406593406593406
3 0.26031746031746034 0.2087912087912088 0.14708994708994708 0.03296703296703297
3 0.4164021164021164 0.589010989010989 0.1291005291005291 0.03956043956043956
3 0.5751322751322752 0.589010989010989 0.1291005291005291 0.03956043956043956
3 0.7338624338624339 0.6329670329670329 0.1291005291005291 0.03956043956043956
3 0.35185185185185186 0.07252747252747253 0.023809523809523808 0.02197802197802198
3 0.38677248677248677 0.07252747252747253 0.026455026455026454 0.02197802197802198
3 0.43333333333333335 0.07252747252747253 0.047619047619047616 0.02197802197802198
3 0.4756613756613757 0.07252747252747253 0.018518518518518517 0.02197802197802198
3 0.5063492063492063 0.07252747252747253 0.023809523809523808 0.02197802197802198
3 0.5380952380952381 0.07252747252747253 0.020634920634920634 0.02197802197802198
3 0.22116402116402117 0.389010989010989 0.06878306878306878 0.01978021978021978
3 0.20793650793650795 0.4747252747252747 0.042328042328042326 0.01978021978021978
3 0.1931216931216931 0.5010989010989011 0.012698412698412698 0.01978021978021978
3 0.20052910052910053 0.5274725274725275 0.027513227513227514 0.01978021978021978
3 0.20423280423280424 0.6131868131868132 0.035449735449735446 0.01978021978021978
3 0.21534391534391534 0.6395604395604395 0.05714285714285714 0.01978021978021978
3 0.2021164021164021 0.7648351648351648 0.030687830687830688 0.01978021978021978
3 0.1962962962962963 0.7912087912087912 0.01904761904761905 0.01978021978021978
3 0.2 0.8769230769230769 0.026984126984126985 0.01978021978021978
3 0.2052910052910053 0.9032967032967033 0.037037037037037035 0.01978021978021978
3 0.20952380952380953 0.9296703296703297 0.046031746031746035 0.01978021978021978
3 0.26402116402116405 0.389010989010989 0.01216931216931217 0.01978021978021978
3 0.23915343915343915 0.4747252747252747 0.013756613756613757 0.01978021978021978
3 0.2074074074074074 0.5010989010989011 0.011111111111111112 0.01978021978021978
3 0.2201058201058201 0.5274725274725275 0.00582010582010582 0.01978021978021978
3 0.23227513227513227 0.6131868131868132 0.013756613756613757 0.01978021978021978
3 0.2523809523809524 0.6395604395604395 0.01164021164021164 0.01978021978021978
3 0.22698412698412698 0.7648351648351648 0.014285714285714285 0.01978021978021978
3 0.21164021164021163 0.7912087912087912 0.0068783068783068784 0.01978021978021978
3 0.22275132275132276 0.8769230769230769 0.01216931216931217 0.01978021978021978
3 0.23227513227513227 0.9032967032967033 0.01164021164021164 0.01978021978021978
3 0.24074074074074073 0.9296703296703297 0.010052910052910053 0.01978021978021978
3 0.22486772486772486 0.056043956043956046 0.06084656084656084 0.02197802197802198
3 0.22063492063492063 0.07692307692307693 0.06084656084656084 0.02197802197802198
3 0.23492063492063492 0.14175824175824175 0.0962962962962963 0.02197802197802198
3 0.3058201058201058 0.14175824175824175 0.026455026455026454 0.02197802197802198
3 0.19947089947089947 0.16373626373626374 0.025925925925925925 0.02197802197802198