0 0.5697940503432495 0.032066508313539195 0.02631578947368421 0.04631828978622328
0 0.17276887871853547 0.3194774346793349 0.011441647597254004 0.023752969121140142
0 0.21967963386727687 0.3194774346793349 0.011441647597254004 0.023752969121140142
0 0.2219679633867277 0.7422802850356295 0.013729977116704805 0.028503562945368172
0 0.7294050343249427 0.17933491686460806 0.06464530892448513 0.0166270783847981
1 0.7122425629290617 0.0332541567695962 0.1945080091533181 0.04631828978622328
1 0.37871853546910755 0.39311163895486934 0.16247139588100687 0.33729216152019004
1 0.5503432494279176 0.39311163895486934 0.16247139588100687 0.33729216152019004
1 0.7219679633867276 0.39311163895486934 0.16247139588100687 0.33729216152019004
1 0.17276887871853547 0.0332541567695962 0.07665903890160183 0.040380047505938245
2 0.41189931350114417 0.032066508313539195 0.34210526315789475 0.04631828978622328
2 0.4862700228832952 0.032066508313539195 0.008009153318077803 0.0166270783847981
2 0.14759725400457666 0.7399049881235155 0.03546910755148741 0.029691211401425176
2 0.19336384439359267 0.7399049881235155 0.03546910755148741 0.029691211401425176
3 0.5154462242562929 0.0332541567695962 0.08352402745995423 0.030878859857482184
3 0.5211670480549199 0.032066508313539195 0.05606407322654462 0.023752969121140142
3 0.14759725400457666 0.7422802850356295 0.034324942791762014 0.03681710213776722
3 0.19336384439359267 0.7422802850356295 0.034324942791762014 0.03681710213776722
3 0.5211670480549199 0.032066508313539195 0.05606407322654462 0.023752969121140142
3 0.14759725400457666 0.7422802850356295 0.034324942791762014 0.03681710213776722
3 0.19336384439359267 0.7422802850356295 0.034324942791762014 0.03681710213776722
3 0.20995423340961097 0.24109263657957244 0.15903890160183065 0.035629453681710214
3 0.37871853546910755 0.6520190023752969 0.13958810068649885 0.04275534441805225
3 0.5503432494279176 0.6520190023752969 0.13958810068649885 0.04275534441805225
3 0.7219679633867276 0.6995249406175772 0.13958810068649885 0.04275534441805225
3 0.30892448512585813 0.09382422802850356 0.02574370709382151 0.023752969121140142
3 0.34668192219679633 0.09382422802850356 0.028604118993135013 0.023752969121140142
3 0.39702517162471396 0.09382422802850356 0.05148741418764302 0.023752969121140142
3 0.44279176201373 0.09382422802850356 0.02002288329519451 0.023752969121140142
3 0.4759725400457666 0.09382422802850356 0.02574370709382151 0.023752969121140142
3 0.5102974828375286 0.09382422802850356 0.02231121281464531 0.023752969121140142
3 0.16762013729977115 0.4358669833729216 0.07437070938215103 0.021377672209026127
3 0.15331807780320367 0.5285035629453682 0.04576659038901602 0.021377672209026127
3 0.13729977116704806 0.5570071258907363 0.013729977116704805 0.021377672209026127
3 0.14530892448512586 0.5855106888361045 0.029748283752860413 0.021377672209026127
3 0.14931350114416475 0.6781472684085511 0.03832951945080092 0.021377672209026127
3 0.16132723112128147 0.7066508313539193 0.06178489702517163 0.021377672209026127
3 0.14702517162471396 0.8420427553444181 0.03318077803203661 0.021377672209026127
3 0.14073226544622425 0.8705463182897862 0.020594965675057208 0.021377672209026127
3 0.14473684210526316 0.9631828978622328 0.02917620137299771 0.021377672209026127
3 0.1507437070938215 0.9899049881235155 0.04061784897025172 0.017814726840855107
3 0.2139588100686499 0.4358669833729216 0.013157894736842105 0.021377672209026127
3 0.18707093821510298 0.5285035629453682 0.014874141876430207 0.021377672209026127
3 0.15274599542334097 0.5570071258907363 0.012013729977116704 0.021377672209026127
3 0.16647597254004576 0.5855106888361045 0.006292906178489702 0.021377672209026127
3 0.17963386727688788 0.6781472684085511 0.014874141876430207 0.021377672209026127
3 0.20137299771167047 0.7066508313539193 0.012585812356979404 0.021377672209026127
3 0.17391304347826086 0.8420427553444181 0.015446224256292907 0.021377672209026127
3 0.15732265446224256 0.8705463182897862 0.007437070938215103 0.021377672209026127
3 0.16933638443935928 0.9631828978622328 0.013157894736842105 0.021377672209026127
3 0.1799199084668192 0.9899049881235155 0.013157894736842105 0.017814726840855107
3 0.17162471395881007 0.07600950118764846 0.06578947368421052 0.023752969121140142
3 0.16704805491990846 0.09857482185273159 0.06578947368421052 0.023752969121140142
3 0.18249427917620137 0.16864608076009502 0.10411899313501144 0.023752969121140142
3 0.25915331807780323 0.16864608076009502 0.028604118993135013 0.023752969121140142
3 0.14416475972540047 0.19239904988123516 0.02803203661327231 0.023752969121140142