0 0.5821428571428572 0.02054794520547945 0.025824175824175823 0.0410958904109589
0 0.710989010989011 0.5045662100456622 0.13406593406593406 0.0547945205479452
0 0.7192307692307692 0.5821917808219178 0.1510989010989011 0.0547945205479452
1 0.718956043956044 0.021118721461187213 0.18736263736263736 0.04223744292237443
1 0.18516483516483517 0.24885844748858446 0.024175824175824177 0.0502283105022831
1 0.31153846153846154 0.5331050228310502 0.2076923076923077 0.5342465753424658
1 0.4423076923076923 0.5958904109589042 0.020879120879120878 0.04337899543378995
1 0.47197802197802197 0.5947488584474886 0.02197802197802198 0.045662100456621
1 0.20054945054945056 0.019406392694063926 0.07362637362637363 0.03881278538812785
2 0.4304945054945055 0.02054794520547945 0.3291208791208791 0.0410958904109589
3 0.46923076923076923 0.4703196347031963 0.07967032967032966 0.02054794520547945
3 0.5230769230769231 0.5468036529680366 0.18736263736263736 0.023972602739726026
3 0.5 0.678082191780822 0.1412087912087912 0.02054794520547945
3 0.5230769230769231 0.9954337899543378 0.1879120879120879 0.00684931506849315
3 0.6901098901098901 0.4098173515981735 0.09285714285714286 0.01598173515981735
3 0.6956043956043956 0.928082191780822 0.07087912087912088 0.02054794520547945
3 0.7126373626373627 0.9914383561643836 0.1054945054945055 0.014840182648401826
3 0.18516483516483517 0.2671232876712329 0.027472527472527472 0.02511415525114155
3 0.18516483516483517 0.2671232876712329 0.027472527472527472 0.02511415525114155
3 0.5192307692307693 0.3230593607305936 0.17912087912087912 0.08561643835616438
3 0.7274725274725274 0.2842465753424658 0.1346153846153846 0.0228310502283105
3 0.7274725274725274 0.3070776255707763 0.1346153846153846 0.019406392694063926
3 0.7263736263736263 0.6678082191780822 0.13681318681318683 0.06164383561643835
3 0.7263736263736263 0.7294520547945206 0.13681318681318683 0.02054794520547945
3 0.6901098901098901 0.3881278538812785 0.09285714285714286 0.0182648401826484
3 0.7192307692307692 0.45662100456621 0.1510989010989011 0.0228310502283105
3 0.7192307692307692 0.8504566210045662 0.1510989010989011 0.02511415525114155
3 0.6956043956043956 0.906392694063927 0.07087912087912088 0.0228310502283105
3 0.7126373626373627 0.9726027397260274 0.10494505494505495 0.0228310502283105
3 0.3313186813186813 0.0776255707762557 0.024725274725274724 0.0228310502283105
3 0.3675824175824176 0.0776255707762557 0.027472527472527472 0.0228310502283105
3 0.41593406593406596 0.0776255707762557 0.04945054945054945 0.0228310502283105
3 0.45989010989010987 0.0776255707762557 0.019230769230769232 0.0228310502283105
3 0.49175824175824173 0.0776255707762557 0.024725274725274724 0.0228310502283105
3 0.5247252747252747 0.0776255707762557 0.02142857142857143 0.0228310502283105
3 0.19945054945054946 0.06050228310502283 0.06318681318681318 0.0228310502283105
3 0.19505494505494506 0.0821917808219178 0.06318681318681318 0.0228310502283105
3 0.2796703296703297 0.1780821917808219 0.1 0.01598173515981735
3 0.3532967032967033 0.1780821917808219 0.027472527472527472 0.01598173515981735
3 0.3901098901098901 0.1780821917808219 0.026923076923076925 0.01598173515981735
3 0.4247252747252747 0.1780821917808219 0.022527472527472527 0.01598173515981735
3 0.4642857142857143 0.1780821917808219 0.036813186813186814 0.01598173515981735