0 0.5833333333333334 0.004694835680751174 0.02655367231638418 0.009389671361502348
0 0.7406779661016949 0.13145539906103287 0.06384180790960452 0.01643192488262911
1 0.7240112994350283 0.00528169014084507 0.19265536723163842 0.01056338028169014
1 0.3943502824858757 0.3427230046948357 0.16045197740112993 0.3333333333333333
1 0.5638418079096045 0.3427230046948357 0.16045197740112993 0.3333333333333333
1 0.7333333333333333 0.3427230046948357 0.16045197740112993 0.3333333333333333
1 0.19124293785310734 0.004107981220657277 0.07627118644067797 0.008215962441314555
2 0.4274011299435028 0.004694835680751174 0.3384180790960452 0.009389671361502348
3 0.3576271186440678 0.6349765258215962 0.06497175141242938 0.022300469483568074
3 0.5271186440677966 0.5880281690140845 0.06497175141242938 0.022300469483568074
3 0.6841807909604519 0.5856807511737089 0.04011299435028248 0.01643192488262911
3 0.22768361581920904 0.21009389671361503 0.15706214689265538 0.07042253521126761
3 0.3943502824858757 0.681924882629108 0.13785310734463277 0.04225352112676056
3 0.5638418079096045 0.6349765258215962 0.13785310734463277 0.04225352112676056
3 0.7333333333333333 0.6291079812206573 0.13785310734463277 0.04225352112676056
3 0.3254237288135593 0.046948356807511735 0.025423728813559324 0.023474178403755867
3 0.36271186440677966 0.046948356807511735 0.02824858757062147 0.023474178403755867
3 0.4124293785310734 0.046948356807511735 0.05084745762711865 0.023474178403755867
3 0.4576271186440678 0.046948356807511735 0.01977401129943503 0.023474178403755867
3 0.4903954802259887 0.046948356807511735 0.025423728813559324 0.023474178403755867
3 0.5242937853107345 0.046948356807511735 0.022033898305084745 0.023474178403755867
3 0.18587570621468927 0.4495305164319249 0.07344632768361582 0.02112676056338028
3 0.18418079096045198 0.5410798122065728 0.07062146892655367 0.02112676056338028
3 0.1655367231638418 0.5692488262910798 0.03333333333333333 0.02112676056338028
3 0.16440677966101694 0.5974178403755869 0.031073446327683617 0.02112676056338028
3 0.15593220338983052 0.6889671361502347 0.013559322033898305 0.02112676056338028
3 0.1615819209039548 0.7171361502347418 0.025423728813559324 0.02112676056338028
3 0.15706214689265538 0.7453051643192489 0.015819209039548022 0.02112676056338028
3 0.16045197740112993 0.7734741784037559 0.022598870056497175 0.02112676056338028
3 0.18418079096045198 0.8016431924882629 0.07062146892655367 0.02112676056338028
3 0.15706214689265538 0.82981220657277 0.015819209039548022 0.02112676056338028
3 0.17005649717514124 0.857981220657277 0.0423728813559322 0.02112676056338028
3 0.16610169491525423 0.886150234741784 0.03446327683615819 0.02112676056338028
3 0.1598870056497175 0.9143192488262911 0.022033898305084745 0.02112676056338028
3 0.22937853107344633 0.4495305164319249 0.007909604519774011 0.02112676056338028
3 0.23107344632768362 0.5410798122065728 0.01694915254237288 0.02112676056338028
3 0.19265536723163842 0.5692488262910798 0.015254237288135594 0.02112676056338028
3 0.18870056497175142 0.5974178403755869 0.011864406779661017 0.02112676056338028
3 0.17344632768361581 0.6889671361502347 0.015254237288135594 0.02112676056338028
3 0.18418079096045198 0.7171361502347418 0.012429378531073447 0.02112676056338028
3 0.17457627118644067 0.7453051643192489 0.012994350282485875 0.02112676056338028
3 0.1807909604519774 0.7734741784037559 0.012429378531073447 0.02112676056338028
3 0.2288135593220339 0.8016431924882629 0.012429378531073447 0.02112676056338028
3 0.17344632768361581 0.82981220657277 0.010169491525423728 0.02112676056338028
3 0.2 0.857981220657277 0.010169491525423728 0.02112676056338028
3 0.192090395480226 0.886150234741784 0.010734463276836158 0.02112676056338028
3 0.18022598870056497 0.9143192488262911 0.011299435028248588 0.02112676056338028
3 0.18983050847457628 0.029342723004694836 0.06497175141242938 0.023474178403755867
3 0.18531073446327684 0.051643192488262914 0.06497175141242938 0.023474178403755867
3 0.20056497175141244 0.12089201877934272 0.10282485875706214 0.023474178403755867
3 0.27627118644067794 0.12089201877934272 0.02824858757062147 0.023474178403755867
3 0.19491525423728814 0.1443661971830986 0.09209039548022599 0.023474178403755867