0 0.5788770053475936 0.018333333333333333 0.025133689839572194 0.03666666666666667
0 0.7042780748663101 0.51 0.1304812834224599 0.05333333333333334
0 0.7122994652406417 0.5855555555555556 0.14705882352941177 0.05333333333333334
1 0.7120320855614973 0.01888888888888889 0.18235294117647058 0.03777777777777778
1 0.1925133689839572 0.2388888888888889 0.023529411764705882 0.04888888888888889
1 0.3155080213903743 0.5155555555555555 0.2021390374331551 0.52
1 0.1925133689839572 0.3055555555555556 0.023529411764705882 0.04888888888888889
1 0.1925133689839572 0.37222222222222223 0.023529411764705882 0.04888888888888889
1 0.20775401069518717 0.017777777777777778 0.07219251336898395 0.035555555555555556
2 0.43128342245989304 0.018333333333333333 0.32032085561497325 0.03666666666666667
3 0.46898395721925135 0.4888888888888889 0.07754010695187166 0.02
3 0.49893048128342243 0.57 0.1374331550802139 0.02
3 0.5213903743315508 0.995 0.18288770053475936 0.0077777777777777776
3 0.7032085561497327 0.39555555555555555 0.12834224598930483 0.015555555555555555
3 0.7032085561497327 0.4177777777777778 0.12834224598930483 0.015555555555555555
3 0.6983957219251337 0.9633333333333334 0.08716577540106951 0.02
3 0.1925133689839572 0.25666666666666665 0.026737967914438502 0.024444444444444446
3 0.1925133689839572 0.3233333333333333 0.026737967914438502 0.024444444444444446
3 0.1925133689839572 0.39 0.026737967914438502 0.024444444444444446
3 0.1925133689839572 0.25666666666666665 0.026737967914438502 0.024444444444444446
3 0.1925133689839572 0.3233333333333333 0.026737967914438502 0.024444444444444446
3 0.1925133689839572 0.39 0.026737967914438502 0.024444444444444446
3 0.5176470588235295 0.3111111111111111 0.17433155080213902 0.08333333333333333
3 0.7203208556149733 0.2733333333333333 0.13101604278074866 0.022222222222222223
3 0.7203208556149733 0.29555555555555557 0.13101604278074866 0.01888888888888889
3 0.7192513368983957 0.6688888888888889 0.13315508021390374 0.06
3 0.7192513368983957 0.7288888888888889 0.13315508021390374 0.02
3 0.7192513368983957 0.77 0.13315508021390374 0.02
3 0.7032085561497327 0.37444444444444447 0.12834224598930483 0.017777777777777778
3 0.7122994652406417 0.4633333333333333 0.14705882352941177 0.022222222222222223
3 0.7122994652406417 0.8877777777777778 0.14705882352941177 0.024444444444444446
3 0.6983957219251337 0.9422222222222222 0.08716577540106951 0.022222222222222223
3 0.33475935828877007 0.07222222222222222 0.02406417112299465 0.022222222222222223
3 0.3700534759358289 0.07222222222222222 0.026737967914438502 0.022222222222222223
3 0.41711229946524064 0.07222222222222222 0.0481283422459893 0.022222222222222223
3 0.45989304812834225 0.07222222222222222 0.01871657754010695 0.022222222222222223
3 0.4909090909090909 0.07222222222222222 0.02406417112299465 0.022222222222222223
3 0.5229946524064171 0.07222222222222222 0.02085561497326203 0.022222222222222223
3 0.20641711229946524 0.05555555555555555 0.06149732620320856 0.022222222222222223
3 0.2021390374331551 0.07666666666666666 0.06149732620320856 0.022222222222222223
3 0.23850267379679144 0.17 0.0053475935828877 0.015555555555555555
3 0.253475935828877 0.17 0.0053475935828877 0.015555555555555555
3 0.31283422459893045 0.17 0.09518716577540107 0.015555555555555555
3 0.38074866310160427 0.17 0.02085561497326203 0.015555555555555555
3 0.4197860962566845 0.17 0.0374331550802139 0.015555555555555555
3 0.45935828877005347 0.17 0.022994652406417113 0.015555555555555555
3 0.516042780748663 0.17 0.07058823529411765 0.015555555555555555