0 0.6062841530054645 0.017006802721088437 0.025683060109289616 0.034013605442176874
0 0.7344262295081967 0.5170068027210885 0.13333333333333333 0.05442176870748299
0 0.7426229508196721 0.5941043083900227 0.15027322404371585 0.05442176870748299
1 0.7423497267759562 0.017573696145124718 0.18633879781420765 0.035147392290249435
1 0.21147540983606558 0.24036281179138322 0.024043715846994537 0.049886621315192746
1 0.3371584699453552 0.5226757369614512 0.20655737704918034 0.5306122448979592
1 0.21147540983606558 0.30839002267573695 0.024043715846994537 0.049886621315192746
1 0.21147540983606558 0.3764172335600907 0.024043715846994537 0.049886621315192746
1 0.22704918032786886 0.016439909297052153 0.07377049180327869 0.032879818594104306
2 0.45546448087431696 0.017006802721088437 0.3273224043715847 0.034013605442176874
3 0.49398907103825135 0.4954648526077097 0.07923497267759563 0.02040816326530612
3 0.5245901639344263 0.5782312925170068 0.14043715846994537 0.02040816326530612
3 0.7333333333333333 0.4002267573696145 0.13114754098360656 0.015873015873015872
3 0.7333333333333333 0.42290249433106575 0.13114754098360656 0.015873015873015872
3 0.7284153005464481 0.9795918367346939 0.08907103825136611 0.02040816326530612
3 0.21147540983606558 0.2585034013605442 0.0273224043715847 0.024943310657596373
3 0.21147540983606558 0.32653061224489793 0.0273224043715847 0.024943310657596373
3 0.21147540983606558 0.3945578231292517 0.0273224043715847 0.024943310657596373
3 0.21147540983606558 0.2585034013605442 0.0273224043715847 0.024943310657596373
3 0.21147540983606558 0.32653061224489793 0.0273224043715847 0.024943310657596373
3 0.21147540983606558 0.3945578231292517 0.0273224043715847 0.024943310657596373
3 0.5437158469945356 0.31405895691609975 0.17814207650273223 0.08503401360544217
3 0.7508196721311475 0.2755102040816326 0.13387978142076504 0.022675736961451247
3 0.7508196721311475 0.2981859410430839 0.13387978142076504 0.01927437641723356
3 0.7497267759562841 0.6791383219954649 0.1360655737704918 0.061224489795918366
3 0.7497267759562841 0.7403628117913832 0.1360655737704918 0.02040816326530612
3 0.7497267759562841 0.782312925170068 0.1360655737704918 0.02040816326530612
3 0.7333333333333333 0.3786848072562358 0.13114754098360656 0.018140589569160998
3 0.7426229508196721 0.46938775510204084 0.15027322404371585 0.022675736961451247
3 0.7426229508196721 0.9024943310657596 0.15027322404371585 0.024943310657596373
3 0.7284153005464481 0.9580498866213152 0.08907103825136611 0.022675736961451247
3 0.35683060109289616 0.07029478458049887 0.02459016393442623 0.022675736961451247
3 0.39289617486338796 0.07029478458049887 0.0273224043715847 0.022675736961451247
3 0.44098360655737706 0.07029478458049887 0.04918032786885246 0.022675736961451247
3 0.4846994535519126 0.07029478458049887 0.01912568306010929 0.022675736961451247
3 0.5163934426229508 0.07029478458049887 0.02459016393442623 0.022675736961451247
3 0.5491803278688525 0.07029478458049887 0.021311475409836064 0.022675736961451247
3 0.22568306010928962 0.05328798185941043 0.06284153005464481 0.022675736961451247
3 0.22131147540983606 0.07482993197278912 0.06284153005464481 0.022675736961451247
3 0.25846994535519124 0.17006802721088435 0.00546448087431694 0.015873015873015872
3 0.27377049180327867 0.17006802721088435 0.00546448087431694 0.015873015873015872
3 0.3344262295081967 0.17006802721088435 0.09726775956284153 0.015873015873015872
3 0.40382513661202185 0.17006802721088435 0.021311475409836064 0.015873015873015872
3 0.44371584699453553 0.17006802721088435 0.03825136612021858 0.015873015873015872
3 0.48415300546448087 0.17006802721088435 0.023497267759562842 0.015873015873015872
3 0.5420765027322404 0.17006802721088435 0.07213114754098361 0.015873015873015872