0 0.5811475409836065 0.02040816326530612 0.025683060109289616 0.04081632653061224
0 0.7333333333333333 0.15873015873015872 0.06174863387978142 0.015873015873015872
1 0.7172131147540983 0.020975056689342405 0.18633879781420765 0.04195011337868481
1 0.37759562841530053 0.31519274376417233 0.08743169398907104 0.18140589569160998
1 0.37759562841530053 0.54421768707483 0.08743169398907104 0.18140589569160998
1 0.37759562841530053 0.7721088435374149 0.08743169398907104 0.18140589569160998
1 0.20163934426229507 0.01927437641723356 0.073224043715847 0.03854875283446712
2 0.430327868852459 0.02040816326530612 0.3273224043715847 0.04081632653061224
2 0.4901639344262295 0.018140589569160998 0.007650273224043716 0.015873015873015872
3 0.5234972677595628 0.01927437641723356 0.0907103825136612 0.02947845804988662
3 0.453551912568306 0.3888888888888889 0.03879781420765027 0.015873015873015872
3 0.453551912568306 0.5770975056689343 0.03879781420765027 0.015873015873015872
3 0.453551912568306 0.7959183673469388 0.03879781420765027 0.015873015873015872
3 0.5289617486338798 0.018140589569160998 0.06448087431693988 0.022675736961451247
3 0.5289617486338798 0.018140589569160998 0.06448087431693988 0.022675736961451247
3 0.2371584699453552 0.19501133786848074 0.15191256830601094 0.034013605442176874
3 0.6054644808743169 0.2947845804988662 0.34262295081967215 0.05895691609977324
3 0.6054644808743169 0.48299319727891155 0.34262295081967215 0.05895691609977324
3 0.6054644808743169 0.6961451247165533 0.34262295081967215 0.02947845804988662
3 0.6054644808743169 0.9387755102040817 0.34262295081967215 0.05895691609977324
3 0.33169398907103825 0.07709750566893424 0.02459016393442623 0.022675736961451247
3 0.36775956284153005 0.07709750566893424 0.0273224043715847 0.022675736961451247
3 0.4158469945355191 0.07709750566893424 0.04918032786885246 0.022675736961451247
3 0.45956284153005467 0.07709750566893424 0.01912568306010929 0.022675736961451247
3 0.4912568306010929 0.07709750566893424 0.02459016393442623 0.022675736961451247
3 0.5240437158469945 0.07709750566893424 0.021311475409836064 0.022675736961451247
3 0.19672131147540983 0.3219954648526077 0.07103825136612021 0.02040816326530612
3 0.17704918032786884 0.41043083900226757 0.03169398907103825 0.02040816326530612
3 0.1726775956284153 0.4376417233560091 0.023497267759562842 0.02040816326530612
3 0.17103825136612022 0.46485260770975056 0.020218579234972677 0.02040816326530612
3 0.17158469945355193 0.49206349206349204 0.021311475409836064 0.02040816326530612
3 0.17103825136612022 0.5192743764172335 0.020218579234972677 0.02040816326530612
3 0.17759562841530055 0.546485260770975 0.03278688524590164 0.02040816326530612
3 0.17158469945355193 0.5736961451247166 0.020765027322404372 0.02040816326530612
3 0.17923497267759564 0.6009070294784581 0.036065573770491806 0.02040816326530612
3 0.16994535519125684 0.6281179138321995 0.017486338797814208 0.02040816326530612
3 0.17103825136612022 0.7471655328798186 0.019672131147540985 0.02040816326530612
3 0.17814207650273223 0.8356009070294784 0.033879781420765025 0.02040816326530612
3 0.17868852459016393 0.9240362811791383 0.03551912568306011 0.02040816326530612
3 0.24098360655737705 0.3219954648526077 0.012021857923497269 0.02040816326530612
3 0.20437158469945355 0.41043083900226757 0.016939890710382512 0.02040816326530612
3 0.19508196721311474 0.4376417233560091 0.014754098360655738 0.02040816326530612
3 0.1918032786885246 0.46485260770975056 0.014207650273224045 0.02040816326530612
3 0.1918032786885246 0.49206349206349204 0.012021857923497269 0.02040816326530612
3 0.1907103825136612 0.5192743764172335 0.012568306010928962 0.02040816326530612
3 0.20327868852459016 0.546485260770975 0.012568306010928962 0.02040816326530612
3 0.1907103825136612 0.5736961451247166 0.012021857923497269 0.02040816326530612
3 0.20655737704918034 0.6009070294784581 0.012568306010928962 0.02040816326530612
3 0.18743169398907103 0.6281179138321995 0.012021857923497269 0.02040816326530612
3 0.18907103825136612 0.7471655328798186 0.011475409836065573 0.02040816326530612
3 0.20218579234972678 0.8356009070294784 0.00819672131147541 0.02040816326530612
3 0.20765027322404372 0.9240362811791383 0.01639344262295082 0.02040816326530612
3 0.2005464480874317 0.060090702947845805 0.06284153005464481 0.022675736961451247
3 0.19617486338797815 0.08163265306122448 0.06284153005464481 0.022675736961451247
3 0.21092896174863388 0.14852607709750568 0.0994535519125683 0.022675736961451247
3 0.2825136612021858 0.14852607709750568 0.024043715846994537 0.022675736961451247