0 0.5889189189189189 0.017937219730941704 0.025405405405405406 0.03587443946188341
0 0.7394594594594595 0.15246636771300448 0.06108108108108108 0.01569506726457399
1 0.7235135135135136 0.018497757847533634 0.18432432432432433 0.03699551569506727
1 0.38756756756756755 0.3071748878923767 0.08648648648648649 0.17937219730941703
1 0.38756756756756755 0.5336322869955157 0.08648648648648649 0.17937219730941703
1 0.38756756756756755 0.7589686098654709 0.08648648648648649 0.17937219730941703
1 0.2137837837837838 0.017376681614349777 0.07297297297297298 0.034753363228699555
2 0.43972972972972973 0.017937219730941704 0.3237837837837838 0.03587443946188341
2 0.49891891891891893 0.013452914798206279 0.0075675675675675675 0.01569506726457399
3 0.5318918918918919 0.014573991031390135 0.08972972972972973 0.02914798206278027
3 0.4627027027027027 0.38004484304932734 0.038378378378378375 0.01569506726457399
3 0.4627027027027027 0.5661434977578476 0.038378378378378375 0.01569506726457399
3 0.4627027027027027 0.7825112107623319 0.038378378378378375 0.01569506726457399
3 0.5372972972972972 0.013452914798206279 0.06378378378378378 0.02242152466367713
3 0.5372972972972972 0.013452914798206279 0.06378378378378378 0.02242152466367713
3 0.24864864864864866 0.18834080717488788 0.15027027027027026 0.033632286995515695
3 0.6129729729729729 0.28699551569506726 0.3389189189189189 0.05829596412556054
3 0.6129729729729729 0.4730941704035874 0.3389189189189189 0.05829596412556054
3 0.6129729729729729 0.6838565022421524 0.3389189189189189 0.02914798206278027
3 0.6129729729729729 0.9237668161434978 0.3389189189189189 0.05829596412556054
3 0.34216216216216216 0.07174887892376682 0.024324324324324326 0.02242152466367713
3 0.37783783783783786 0.07174887892376682 0.02702702702702703 0.02242152466367713
3 0.4254054054054054 0.07174887892376682 0.04864864864864865 0.02242152466367713
3 0.46864864864864864 0.07174887892376682 0.01891891891891892 0.02242152466367713
3 0.5 0.07174887892376682 0.024324324324324326 0.02242152466367713
3 0.5324324324324324 0.07174887892376682 0.02108108108108108 0.02242152466367713
3 0.20864864864864865 0.31390134529147984 0.07027027027027027 0.020179372197309416
3 0.1891891891891892 0.4013452914798206 0.03135135135135135 0.020179372197309416
3 0.18486486486486486 0.4282511210762332 0.023243243243243242 0.020179372197309416
3 0.18324324324324323 0.4551569506726457 0.02 0.020179372197309416
3 0.1837837837837838 0.4820627802690583 0.02108108108108108 0.020179372197309416
3 0.18324324324324323 0.5089686098654709 0.02 0.020179372197309416
3 0.18972972972972973 0.5358744394618834 0.032432432432432434 0.020179372197309416
3 0.1837837837837838 0.5627802690582959 0.02054054054054054 0.020179372197309416
3 0.19135135135135134 0.5896860986547086 0.03567567567567568 0.020179372197309416
3 0.18216216216216216 0.6165919282511211 0.017297297297297298 0.020179372197309416
3 0.18324324324324323 0.734304932735426 0.01945945945945946 0.020179372197309416
3 0.19027027027027027 0.8217488789237668 0.03351351351351351 0.020179372197309416
3 0.1908108108108108 0.9091928251121076 0.03513513513513514 0.020179372197309416
3 0.1845945945945946 0.9927130044843049 0.02216216216216216 0.01233183856502242
3 0.2524324324324324 0.31390134529147984 0.011891891891891892 0.020179372197309416
3 0.21621621621621623 0.4013452914798206 0.016756756756756756 0.020179372197309416
3 0.20702702702702702 0.4282511210762332 0.014594594594594595 0.020179372197309416
3 0.20378378378378378 0.4551569506726457 0.014054054054054054 0.020179372197309416
3 0.20378378378378378 0.4820627802690583 0.011891891891891892 0.020179372197309416
3 0.20270270270270271 0.5089686098654709 0.012432432432432432 0.020179372197309416
3 0.21513513513513513 0.5358744394618834 0.012432432432432432 0.020179372197309416
3 0.20270270270270271 0.5627802690582959 0.011891891891891892 0.020179372197309416
3 0.21837837837837837 0.5896860986547086 0.012432432432432432 0.020179372197309416
3 0.19945945945945945 0.6165919282511211 0.011891891891891892 0.020179372197309416
3 0.20108108108108108 0.734304932735426 0.011351351351351352 0.020179372197309416
3 0.21405405405405406 0.8217488789237668 0.008108108108108109 0.020179372197309416
3 0.21945945945945947 0.9091928251121076 0.016216216216216217 0.020179372197309416
3 0.2064864864864865 0.9927130044843049 0.017297297297297298 0.01233183856502242
3 0.21243243243243243 0.05493273542600897 0.062162162162162166 0.02242152466367713
3 0.20810810810810812 0.07623318385650224 0.062162162162162166 0.02242152466367713
3 0.2227027027027027 0.14237668161434977 0.09837837837837837 0.02242152466367713
3 0.2935135135135135 0.14237668161434977 0.023783783783783784 0.02242152466367713