0 0.5954301075268817 0.013392857142857142 0.025268817204301075 0.026785714285714284
0 0.22741935483870968 0.27455357142857145 0.010752688172043012 0.022321428571428572
0 0.2564516129032258 0.27455357142857145 0.010752688172043012 0.022321428571428572
0 0.7451612903225806 0.14285714285714285 0.06075268817204301 0.015625
0 0.7967741935483871 0.8962053571428571 0.01935483870967742 0.04017857142857143
1 0.7293010752688172 0.013950892857142858 0.18333333333333332 0.027901785714285716
1 0.3951612903225806 0.296875 0.08602150537634409 0.17857142857142858
1 0.3951612903225806 0.5212053571428571 0.08602150537634409 0.17857142857142858
1 0.3951612903225806 0.7455357142857143 0.08602150537634409 0.17857142857142858
1 0.22231182795698926 0.012834821428571428 0.07258064516129033 0.025669642857142856
2 0.44704301075268815 0.013392857142857142 0.32204301075268815 0.026785714285714284
2 0.4481182795698925 0.006696428571428571 0.008064516129032258 0.013392857142857142
3 0.5099462365591397 0.010602678571428572 0.1478494623655914 0.021205357142857144
3 0.6193548387096774 0.24441964285714285 0.3370967741935484 0.015625
3 0.6193548387096774 0.46875 0.3370967741935484 0.015625
3 0.5153225806451613 0.008370535714285714 0.12204301075268817 0.016741071428571428
3 0.5153225806451613 0.008370535714285714 0.12204301075268817 0.016741071428571428
3 0.256989247311828 0.20089285714285715 0.14946236559139786 0.033482142857142856
3 0.6193548387096774 0.22209821428571427 0.3370967741935484 0.029017857142857144
3 0.6193548387096774 0.44642857142857145 0.3370967741935484 0.029017857142857144
3 0.6193548387096774 0.6707589285714286 0.3370967741935484 0.029017857142857144
3 0.6193548387096774 0.8950892857142857 0.3370967741935484 0.029017857142857144
3 0.35 0.0625 0.024193548387096774 0.022321428571428572
3 0.38548387096774195 0.0625 0.026881720430107527 0.022321428571428572
3 0.4327956989247312 0.0625 0.04838709677419355 0.022321428571428572
3 0.47580645161290325 0.0625 0.01881720430107527 0.022321428571428572
3 0.5069892473118279 0.0625 0.024193548387096774 0.022321428571428572
3 0.539247311827957 0.0625 0.020967741935483872 0.022321428571428572
3 0.2172043010752688 0.38392857142857145 0.06989247311827956 0.020089285714285716
3 0.19193548387096773 0.47098214285714285 0.01989247311827957 0.020089285714285716
3 0.19731182795698926 0.49776785714285715 0.03064516129032258 0.020089285714285716
3 0.1978494623655914 0.5245535714285714 0.03118279569892473 0.020089285714285716
3 0.1924731182795699 0.5513392857142857 0.020967741935483872 0.020089285714285716
3 0.18655913978494623 0.578125 0.00913978494623656 0.020089285714285716
3 0.19301075268817205 0.6049107142857143 0.02204301075268817 0.020089285714285716
3 0.19193548387096773 0.6316964285714286 0.01989247311827957 0.020089285714285716
3 0.19516129032258064 0.6584821428571429 0.026344086021505377 0.020089285714285716
3 0.19838709677419356 0.6852678571428571 0.03225806451612903 0.020089285714285716
3 0.1935483870967742 0.8024553571428571 0.023118279569892472 0.020089285714285716
3 0.19623655913978494 0.8292410714285714 0.02795698924731183 0.020089285714285716
3 0.20967741935483872 0.9162946428571429 0.0553763440860215 0.020089285714285716
3 0.19838709677419356 0.9430803571428571 0.03225806451612903 0.020089285714285716
3 0.18924731182795698 0.9698660714285714 0.014516129032258065 0.020089285714285716
3 0.2 0.9927455357142857 0.03655913978494624 0.012276785714285714
3 0.2618279569892473 0.38392857142857145 0.014516129032258065 0.020089285714285716
3 0.21344086021505376 0.47098214285714285 0.016666666666666666 0.020089285714285716
3 0.22365591397849463 0.49776785714285715 0.016129032258064516 0.020089285714285716
3 0.22473118279569892 0.5245535714285714 0.016129032258064516 0.020089285714285716
3 0.21344086021505376 0.5513392857142857 0.014516129032258065 0.020089285714285716
3 0.2 0.578125 0.012365591397849462 0.020089285714285716
3 0.21397849462365592 0.6049107142857143 0.012903225806451613 0.020089285714285716
3 0.21236559139784947 0.6316964285714286 0.014516129032258065 0.020089285714285716
3 0.21666666666666667 0.6584821428571429 0.01129032258064516 0.020089285714285716
3 0.22365591397849463 0.6852678571428571 0.012365591397849462 0.020089285714285716
3 0.21774193548387097 0.8024553571428571 0.01935483870967742 0.020089285714285716
3 0.22258064516129034 0.8292410714285714 0.01881720430107527 0.020089285714285716
3 0.24838709677419354 0.9162946428571429 0.016129032258064516 0.020089285714285716
3 0.22580645161290322 0.9430803571428571 0.016666666666666666 0.020089285714285716
3 0.2075268817204301 0.9698660714285714 0.016129032258064516 0.020089285714285716
3 0.22983870967741934 0.9927455357142857 0.016666666666666666 0.012276785714285714
3 0.22096774193548388 0.04575892857142857 0.06182795698924731 0.022321428571428572
3 0.21666666666666667 0.06696428571428571 0.06182795698924731 0.022321428571428572
3 0.23118279569892472 0.1328125 0.0978494623655914 0.022321428571428572
3 0.3016129032258065 0.1328125 0.023655913978494623 0.022321428571428572
3 0.23010752688172043 0.15513392857142858 0.0956989247311828 0.022321428571428572