0 0.6106370875995449 0.014184397163120567 0.026734926052332197 0.028368794326241134
0 0.22127417519908987 0.2907801418439716 0.011376564277588168 0.02364066193853428
0 0.25199089874857794 0.2907801418439716 0.011376564277588168 0.02364066193853428
0 0.7690557451649602 0.15130023640661938 0.06427758816837315 0.016548463356973995
0 0.8236632536973834 0.9491725768321513 0.020477815699658702 0.0425531914893617
1 0.7522753128555176 0.014775413711583925 0.19397042093287828 0.02955082742316785
1 0.3987485779294653 0.3144208037825059 0.09101251422070535 0.18912529550827423
1 0.3987485779294653 0.5520094562647754 0.09101251422070535 0.18912529550827423
1 0.3987485779294653 0.789598108747045 0.09101251422070535 0.18912529550827423
1 0.2158703071672355 0.013593380614657211 0.07679180887372014 0.027186761229314422
2 0.4536405005688282 0.014184397163120567 0.34072810011376564 0.028368794326241134
2 0.454778156996587 0.0070921985815602835 0.008532423208191127 0.014184397163120567
3 0.520193401592719 0.011229314420803783 0.15642775881683732 0.022458628841607566
3 0.6359499431171786 0.25886524822695034 0.35665529010238906 0.016548463356973995
3 0.6359499431171786 0.49645390070921985 0.35665529010238906 0.016548463356973995
3 0.5258816837315131 0.008865248226950355 0.1291240045506257 0.01773049645390071
3 0.5258816837315131 0.008865248226950355 0.1291240045506257 0.01773049645390071
3 0.2525597269624573 0.2127659574468085 0.15813424345847554 0.03546099290780142
3 0.6359499431171786 0.23522458628841608 0.35665529010238906 0.030732860520094562
3 0.6359499431171786 0.4728132387706856 0.35665529010238906 0.030732860520094562
3 0.6359499431171786 0.710401891252955 0.35665529010238906 0.030732860520094562
3 0.6359499431171786 0.9479905437352246 0.35665529010238906 0.030732860520094562
3 0.350967007963595 0.06619385342789598 0.025597269624573378 0.02364066193853428
3 0.38850967007963594 0.06619385342789598 0.02844141069397042 0.02364066193853428
3 0.43856655290102387 0.06619385342789598 0.051194539249146756 0.02364066193853428
3 0.4840728100113766 0.06619385342789598 0.019908987485779295 0.02364066193853428
3 0.5170648464163823 0.06619385342789598 0.025597269624573378 0.02364066193853428
3 0.5511945392491467 0.06619385342789598 0.02218430034129693 0.02364066193853428
3 0.21046643913538113 0.4066193853427896 0.07394766780432309 0.02127659574468085
3 0.18373151308304891 0.4988179669030733 0.02104664391353811 0.02127659574468085
3 0.189419795221843 0.5271867612293144 0.032423208191126277 0.02127659574468085
3 0.1899886234357224 0.5555555555555556 0.03299203640500569 0.02127659574468085
3 0.18430034129692832 0.5839243498817966 0.02218430034129693 0.02127659574468085
3 0.17804323094425484 0.6122931442080378 0.009670079635949944 0.02127659574468085
3 0.18486916951080773 0.640661938534279 0.023321956769055744 0.02127659574468085
3 0.18373151308304891 0.6690307328605201 0.02104664391353811 0.02127659574468085
3 0.18714448236632536 0.6973995271867612 0.027872582480091012 0.02127659574468085
3 0.19055745164960183 0.7257683215130024 0.034129692832764506 0.02127659574468085
3 0.18543799772468714 0.8498817966903073 0.024459613196814563 0.02127659574468085
3 0.18828213879408418 0.8782505910165485 0.02957906712172924 0.02127659574468085
3 0.2025028441410694 0.9704491725768322 0.05858930602957907 0.02127659574468085
3 0.19084186575654152 0.9934988179669031 0.034698521046643914 0.010638297872340425
3 0.257679180887372 0.4066193853427896 0.015358361774744027 0.02127659574468085
3 0.20648464163822525 0.4988179669030733 0.01763367463026166 0.02127659574468085
3 0.21729237770193402 0.5271867612293144 0.017064846416382253 0.02127659574468085
3 0.21843003412969283 0.5555555555555556 0.017064846416382253 0.02127659574468085
3 0.20648464163822525 0.5839243498817966 0.015358361774744027 0.02127659574468085
3 0.19226393629124006 0.6122931442080378 0.013083048919226393 0.02127659574468085
3 0.20705346985210465 0.640661938534279 0.013651877133105802 0.02127659574468085
3 0.20534698521046643 0.6690307328605201 0.015358361774744027 0.02127659574468085
3 0.2098976109215017 0.6973995271867612 0.011945392491467578 0.02127659574468085
3 0.21729237770193402 0.7257683215130024 0.013083048919226393 0.02127659574468085
3 0.21103526734926054 0.8498817966903073 0.020477815699658702 0.02127659574468085
3 0.2161547212741752 0.8782505910165485 0.019908987485779295 0.02127659574468085
3 0.2434584755403868 0.9704491725768322 0.017064846416382253 0.02127659574468085
3 0.21956769055745165 0.9934988179669031 0.01820250284414107 0.010638297872340425
3 0.21444823663253698 0.04846335697399527 0.06541524459613197 0.02364066193853428
3 0.2098976109215017 0.07092198581560284 0.06541524459613197 0.02364066193853428
3 0.22525597269624573 0.14066193853427897 0.10352673492605233 0.02364066193853428
3 0.29977246871444824 0.14066193853427897 0.02502844141069397 0.02364066193853428
3 0.2241183162684869 0.16430260047281323 0.1012514220705347 0.02364066193853428