0 0.5954301075268817 0.018973214285714284 0.025268817204301075 0.03794642857142857
0 0.7451612903225806 0.15401785714285715 0.06075268817204301 0.015625
1 0.7293010752688172 0.01953125 0.18333333333333332 0.0390625
1 0.3951612903225806 0.3080357142857143 0.08602150537634409 0.17857142857142858
1 0.3951612903225806 0.5323660714285714 0.08602150537634409 0.17857142857142858
1 0.3951612903225806 0.7566964285714286 0.08602150537634409 0.17857142857142858
1 0.22231182795698926 0.018415178571428572 0.07258064516129033 0.036830357142857144
2 0.44704301075268815 0.018973214285714284 0.32204301075268815 0.03794642857142857
2 0.4478494623655914 0.015625 0.007526881720430108 0.015625
3 0.5096774193548387 0.016741071428571428 0.14731182795698924 0.029017857142857144
3 0.4698924731182796 0.36049107142857145 0.038172043010752686 0.015625
3 0.6193548387096774 0.7444196428571429 0.3370967741935484 0.015625
3 0.4698924731182796 0.984375 0.038172043010752686 0.015625
3 0.5150537634408602 0.015625 0.12150537634408602 0.022321428571428572
3 0.5150537634408602 0.015625 0.12150537634408602 0.022321428571428572
3 0.256989247311828 0.22879464285714285 0.14946236559139786 0.06696428571428571
3 0.6193548387096774 0.24776785714285715 0.3370967741935484 0.05803571428571429
3 0.6193548387096774 0.4720982142857143 0.3370967741935484 0.05803571428571429
3 0.6193548387096774 0.7220982142857143 0.3370967741935484 0.029017857142857144
3 0.6193548387096774 0.90625 0.3370967741935484 0.029017857142857144
3 0.35 0.07366071428571429 0.024193548387096774 0.022321428571428572
3 0.38548387096774195 0.07366071428571429 0.026881720430107527 0.022321428571428572
3 0.4327956989247312 0.07366071428571429 0.04838709677419355 0.022321428571428572
3 0.47580645161290325 0.07366071428571429 0.01881720430107527 0.022321428571428572
3 0.5069892473118279 0.07366071428571429 0.024193548387096774 0.022321428571428572
3 0.539247311827957 0.07366071428571429 0.020967741935483872 0.022321428571428572
3 0.2172043010752688 0.3705357142857143 0.06989247311827956 0.020089285714285716
3 0.19193548387096773 0.4575892857142857 0.01989247311827957 0.020089285714285716
3 0.19731182795698926 0.484375 0.03064516129032258 0.020089285714285716
3 0.1924731182795699 0.5111607142857143 0.020967741935483872 0.020089285714285716
3 0.1978494623655914 0.5379464285714286 0.03118279569892473 0.020089285714285716
3 0.19838709677419356 0.5647321428571429 0.03225806451612903 0.020089285714285716
3 0.19516129032258064 0.5915178571428571 0.026344086021505377 0.020089285714285716
3 0.18655913978494623 0.6183035714285714 0.00913978494623656 0.020089285714285716
3 0.18978494623655914 0.6450892857142857 0.015591397849462365 0.020089285714285716
3 0.19301075268817205 0.671875 0.02204301075268817 0.020089285714285716
3 0.2010752688172043 0.7890625 0.03763440860215054 0.020089285714285716
3 0.20967741935483872 0.8158482142857143 0.0553763440860215 0.020089285714285716
3 0.1935483870967742 0.9029017857142857 0.023118279569892472 0.020089285714285716
3 0.19623655913978494 0.9296875 0.02795698924731183 0.020089285714285716
3 0.2629032258064516 0.3705357142857143 0.016129032258064516 0.020089285714285716
3 0.21559139784946235 0.4575892857142857 0.02043010752688172 0.020089285714285716
3 0.22365591397849463 0.484375 0.016129032258064516 0.020089285714285716
3 0.21451612903225806 0.5111607142857143 0.016666666666666666 0.020089285714285716
3 0.22473118279569892 0.5379464285714286 0.016666666666666666 0.020089285714285716
3 0.22473118279569892 0.5647321428571429 0.014516129032258065 0.020089285714285716
3 0.21935483870967742 0.5915178571428571 0.016129032258064516 0.020089285714285716
3 0.20161290322580644 0.6183035714285714 0.015591397849462365 0.020089285714285716
3 0.2086021505376344 0.6450892857142857 0.016666666666666666 0.020089285714285716
3 0.21559139784946235 0.671875 0.016129032258064516 0.020089285714285716
3 0.23387096774193547 0.7890625 0.02258064516129032 0.020089285714285716
3 0.24838709677419354 0.8158482142857143 0.016129032258064516 0.020089285714285716
3 0.21774193548387097 0.9029017857142857 0.01935483870967742 0.020089285714285716
3 0.22473118279569892 0.9296875 0.02258064516129032 0.020089285714285716
3 0.22096774193548388 0.056919642857142856 0.06182795698924731 0.022321428571428572
3 0.21666666666666667 0.078125 0.06182795698924731 0.022321428571428572
3 0.23118279569892472 0.14397321428571427 0.0978494623655914 0.022321428571428572
3 0.3016129032258065 0.14397321428571427 0.023655913978494623 0.022321428571428572
3 0.23010752688172043 0.16629464285714285 0.0956989247311828 0.022321428571428572