0 0.584375 0.02922077922077922 0.023958333333333335 0.04220779220779221
0 0.7296875 0.1634199134199134 0.058854166666666666 0.015151515151515152
1 0.7140625 0.030303030303030304 0.17708333333333334 0.04220779220779221
1 0.390625 0.31277056277056275 0.08333333333333333 0.17316017316017315
1 0.390625 0.5303030303030303 0.08333333333333333 0.17316017316017315
1 0.390625 0.7478354978354979 0.08333333333333333 0.17316017316017315
1 0.22291666666666668 0.030303030303030304 0.06979166666666667 0.0367965367965368
2 0.440625 0.02922077922077922 0.31145833333333334 0.04220779220779221
2 0.44166666666666665 0.02922077922077922 0.007291666666666667 0.015151515151515152
3 0.5015625 0.030303030303030304 0.14270833333333333 0.02813852813852814
3 0.4630208333333333 0.36363636363636365 0.03697916666666667 0.015151515151515152
3 0.6078125 0.7359307359307359 0.3265625 0.015151515151515152
3 0.4630208333333333 0.9686147186147186 0.03697916666666667 0.015151515151515152
3 0.5067708333333333 0.02922077922077922 0.11770833333333333 0.021645021645021644
3 0.5067708333333333 0.02922077922077922 0.11770833333333333 0.021645021645021644
3 0.25677083333333334 0.23593073593073594 0.14479166666666668 0.06493506493506493
3 0.6078125 0.25432900432900435 0.3265625 0.05627705627705628
3 0.6078125 0.47186147186147187 0.3265625 0.05627705627705628
3 0.6078125 0.7142857142857143 0.3265625 0.02813852813852814
3 0.6078125 0.8928571428571429 0.3265625 0.02813852813852814
3 0.346875 0.0854978354978355 0.0234375 0.021645021645021644
3 0.38125 0.0854978354978355 0.026041666666666668 0.021645021645021644
3 0.4270833333333333 0.0854978354978355 0.046875 0.021645021645021644
3 0.46875 0.0854978354978355 0.018229166666666668 0.021645021645021644
3 0.49895833333333334 0.0854978354978355 0.0234375 0.021645021645021644
3 0.5302083333333333 0.0854978354978355 0.0203125 0.021645021645021644
3 0.21822916666666667 0.37337662337662336 0.06770833333333333 0.01948051948051948
3 0.19375 0.4577922077922078 0.019270833333333334 0.01948051948051948
3 0.19895833333333332 0.4837662337662338 0.0296875 0.01948051948051948
3 0.19427083333333334 0.5097402597402597 0.0203125 0.01948051948051948
3 0.19947916666666668 0.5357142857142857 0.030208333333333334 0.01948051948051948
3 0.2 0.5616883116883117 0.03125 0.01948051948051948
3 0.196875 0.5876623376623377 0.025520833333333333 0.01948051948051948
3 0.18854166666666666 0.6136363636363636 0.008854166666666666 0.01948051948051948
3 0.19166666666666668 0.6396103896103896 0.015104166666666667 0.01948051948051948
3 0.19479166666666667 0.6655844155844156 0.021354166666666667 0.01948051948051948
3 0.20260416666666667 0.7792207792207793 0.036458333333333336 0.01948051948051948
3 0.2109375 0.8051948051948052 0.05364583333333333 0.01948051948051948
3 0.1953125 0.8896103896103896 0.022395833333333334 0.01948051948051948
3 0.19791666666666666 0.9155844155844156 0.027083333333333334 0.01948051948051948
3 0.2625 0.37337662337662336 0.015625 0.01948051948051948
3 0.21666666666666667 0.4577922077922078 0.019791666666666666 0.01948051948051948
3 0.22447916666666667 0.4837662337662338 0.015625 0.01948051948051948
3 0.215625 0.5097402597402597 0.016145833333333335 0.01948051948051948
3 0.22552083333333334 0.5357142857142857 0.016145833333333335 0.01948051948051948
3 0.22552083333333334 0.5616883116883117 0.0140625 0.01948051948051948
3 0.2203125 0.5876623376623377 0.015625 0.01948051948051948
3 0.203125 0.6136363636363636 0.015104166666666667 0.01948051948051948
3 0.20989583333333334 0.6396103896103896 0.016145833333333335 0.01948051948051948
3 0.21666666666666667 0.6655844155844156 0.015625 0.01948051948051948
3 0.234375 0.7792207792207793 0.021875 0.01948051948051948
3 0.2484375 0.8051948051948052 0.015625 0.01948051948051948
3 0.21875 0.8896103896103896 0.01875 0.01948051948051948
3 0.22552083333333334 0.9155844155844156 0.021875 0.01948051948051948
3 0.221875 0.06926406926406926 0.059895833333333336 0.021645021645021644
3 0.21770833333333334 0.08982683982683982 0.059895833333333336 0.021645021645021644
3 0.23177083333333334 0.15367965367965367 0.09479166666666666 0.021645021645021644
3 0.3 0.15367965367965367 0.022916666666666665 0.021645021645021644
3 0.23072916666666668 0.17532467532467533 0.09270833333333334 0.021645021645021644