0 0.6002702702702702 0.017376681614349777 0.025405405405405406 0.034753363228699555
0 0.7508108108108108 0.2522421524663677 0.06108108108108108 0.01569506726457399
1 0.7348648648648649 0.017937219730941704 0.18432432432432433 0.03587443946188341
1 0.41945945945945945 0.45403587443946186 0.1535135135135135 0.3183856502242152
1 0.5816216216216217 0.45403587443946186 0.1535135135135135 0.3183856502242152
1 0.7437837837837837 0.45403587443946186 0.1535135135135135 0.3183856502242152
1 0.22513513513513514 0.016816143497757848 0.07297297297297298 0.033632286995515695
2 0.4510810810810811 0.017376681614349777 0.3237837837837838 0.034753363228699555
2 0.4864864864864865 0.01233183856502242 0.0075675675675675675 0.01569506726457399
3 0.5316216216216216 0.014573991031390135 0.11405405405405405 0.02914798206278027
3 0.3816216216216216 0.6883408071748879 0.05621621621621622 0.021300448430493273
3 0.5437837837837838 0.7073991031390134 0.05621621621621622 0.021300448430493273
3 0.6983783783783784 0.6883408071748879 0.04162162162162162 0.021300448430493273
3 0.5367567567567567 0.01233183856502242 0.08756756756756756 0.02242152466367713
3 0.5367567567567567 0.01233183856502242 0.08756756756756756 0.02242152466367713
3 0.26 0.30493273542600896 0.15027027027027026 0.06726457399103139
3 0.41945945945945945 0.7331838565022422 0.1318918918918919 0.04035874439461883
3 0.5816216216216217 0.7522421524663677 0.1318918918918919 0.04035874439461883
3 0.7437837837837837 0.7331838565022422 0.1318918918918919 0.04035874439461883
3 0.3535135135135135 0.07062780269058296 0.024324324324324326 0.02242152466367713
3 0.3891891891891892 0.07062780269058296 0.02702702702702703 0.02242152466367713
3 0.43675675675675674 0.07062780269058296 0.04864864864864865 0.02242152466367713
3 0.48 0.07062780269058296 0.01891891891891892 0.02242152466367713
3 0.5113513513513513 0.07062780269058296 0.024324324324324326 0.02242152466367713
3 0.5437837837837838 0.07062780269058296 0.02108108108108108 0.02242152466367713
3 0.22 0.6199551569506726 0.07027027027027027 0.020179372197309416
3 0.19837837837837838 0.7073991031390134 0.02702702702702703 0.020179372197309416
3 0.20270270270270271 0.734304932735426 0.036216216216216214 0.020179372197309416
3 0.19405405405405404 0.7612107623318386 0.01891891891891892 0.020179372197309416
3 0.19405405405405404 0.7881165919282511 0.01891891891891892 0.020179372197309416
3 0.21027027027027026 0.875560538116592 0.051351351351351354 0.020179372197309416
3 0.23351351351351352 0.9024663677130045 0.09783783783783784 0.020179372197309416
3 0.21621621621621623 0.929372197309417 0.0627027027027027 0.020179372197309416
3 0.23243243243243245 0.9562780269058296 0.09567567567567567 0.020179372197309416
3 0.19837837837837838 0.9831838565022422 0.02702702702702703 0.020179372197309416
3 0.26594594594594595 0.6199551569506726 0.016216216216216217 0.020179372197309416
3 0.22594594594594594 0.7073991031390134 0.022702702702702703 0.020179372197309416
3 0.22972972972972974 0.734304932735426 0.012432432432432432 0.020179372197309416
3 0.21027027027027026 0.7612107623318386 0.0075675675675675675 0.020179372197309416
3 0.21027027027027026 0.7881165919282511 0.0075675675675675675 0.020179372197309416
3 0.2491891891891892 0.875560538116592 0.02108108108108108 0.020179372197309416
3 0.292972972972973 0.9024663677130045 0.015675675675675675 0.020179372197309416
3 0.2562162162162162 0.929372197309417 0.012432432432432432 0.020179372197309416
3 0.2875675675675676 0.9562780269058296 0.0075675675675675675 0.020179372197309416
3 0.21891891891891893 0.9831838565022422 0.008108108108108109 0.020179372197309416
3 0.22378378378378377 0.053811659192825115 0.062162162162162166 0.02242152466367713
3 0.21945945945945947 0.07511210762331838 0.062162162162162166 0.02242152466367713
3 0.21513513513513513 0.242152466367713 0.06108108108108108 0.02242152466367713