0 0.7256830601092896 0.5022675736961452 0.15027322404371585 0.05442176870748299
1 0.19453551912568307 0.21201814058956917 0.024043715846994537 0.049886621315192746
1 0.32021857923497266 0.4943310657596372 0.20655737704918034 0.5306122448979592
1 0.19453551912568307 0.2800453514739229 0.024043715846994537 0.049886621315192746
1 0.19453551912568307 0.34807256235827666 0.024043715846994537 0.049886621315192746
1 0.45027322404371584 0.590702947845805 0.02185792349726776 0.045351473922902494
1 0.47978142076502733 0.5918367346938775 0.020765027322404372 0.04308390022675737
3 0.47704918032786886 0.4671201814058957 0.07923497267759563 0.02040816326530612
3 0.5306010928961749 0.5430839002267573 0.18633879781420765 0.023809523809523808
3 0.5076502732240438 0.673469387755102 0.14043715846994537 0.02040816326530612
3 0.6918032786885245 0.37188208616780044 0.08196721311475409 0.015873015873015872
3 0.6918032786885245 0.3945578231292517 0.08196721311475409 0.015873015873015872
3 0.7256830601092896 0.4387755102040816 0.15027322404371585 0.027210884353741496
3 0.7120218579234973 0.8877551020408163 0.08961748633879782 0.02040816326530612
3 0.19453551912568307 0.23015873015873015 0.0273224043715847 0.024943310657596373
3 0.19453551912568307 0.2981859410430839 0.0273224043715847 0.024943310657596373
3 0.19453551912568307 0.36621315192743764 0.0273224043715847 0.024943310657596373
3 0.19453551912568307 0.23015873015873015 0.0273224043715847 0.024943310657596373
3 0.19453551912568307 0.2981859410430839 0.0273224043715847 0.024943310657596373
3 0.19453551912568307 0.36621315192743764 0.0273224043715847 0.024943310657596373
3 0.526775956284153 0.2857142857142857 0.17814207650273223 0.08503401360544217
3 0.733879781420765 0.2471655328798186 0.13387978142076504 0.022675736961451247
3 0.733879781420765 0.2698412698412698 0.13387978142076504 0.01927437641723356
3 0.7327868852459016 0.5873015873015873 0.1360655737704918 0.061224489795918366
3 0.7327868852459016 0.6485260770975056 0.1360655737704918 0.02040816326530612
3 0.7327868852459016 0.6904761904761905 0.1360655737704918 0.02040816326530612
3 0.6918032786885245 0.35034013605442177 0.08196721311475409 0.018140589569160998
3 0.7256830601092896 0.8106575963718821 0.15027322404371585 0.024943310657596373
3 0.7120218579234973 0.8662131519274376 0.08961748633879782 0.022675736961451247
3 0.33989071038251367 0.04195011337868481 0.02459016393442623 0.022675736961451247
3 0.37595628415300547 0.04195011337868481 0.0273224043715847 0.022675736961451247
3 0.4240437158469945 0.04195011337868481 0.04918032786885246 0.022675736961451247
3 0.46775956284153003 0.04195011337868481 0.01912568306010929 0.022675736961451247
3 0.4994535519125683 0.04195011337868481 0.02459016393442623 0.022675736961451247
3 0.5322404371584699 0.04195011337868481 0.021311475409836064 0.022675736961451247
3 0.2087431693989071 0.024943310657596373 0.06284153005464481 0.022675736961451247
3 0.20437158469945355 0.046485260770975055 0.06284153005464481 0.022675736961451247
3 0.24153005464480876 0.1417233560090703 0.00546448087431694 0.015873015873015872
3 0.2568306010928962 0.1417233560090703 0.00546448087431694 0.015873015873015872
3 0.3174863387978142 0.1417233560090703 0.09726775956284153 0.015873015873015872
3 0.3923497267759563 0.1417233560090703 0.03169398907103825 0.015873015873015872
3 0.4371584699453552 0.1417233560090703 0.03825136612021858 0.015873015873015872
3 0.48032786885245904 0.1417233560090703 0.02841530054644809 0.015873015873015872
3 0.5404371584699453 0.1417233560090703 0.07213114754098361 0.015873015873015872