0 0.7151898734177216 0.5179425837320574 0.15822784810126583 0.05741626794258373
1 0.15592635212888378 0.2117224880382775 0.02531645569620253 0.05263157894736842
1 0.2882623705408516 0.5095693779904307 0.21749136939010358 0.5598086124401914
1 0.15592635212888378 0.2834928229665072 0.02531645569620253 0.05263157894736842
1 0.15592635212888378 0.35526315789473684 0.02531645569620253 0.05263157894736842
1 0.4252013808975834 0.611244019138756 0.023014959723820484 0.04784688995215311
1 0.4562715765247411 0.6124401913875598 0.02186421173762946 0.045454545454545456
3 0.4533947065592635 0.48086124401913877 0.08342922899884925 0.0215311004784689
3 0.5097813578826237 0.5610047846889952 0.1962025316455696 0.025119617224880382
3 0.4856156501726122 0.6985645933014354 0.1478711162255466 0.0215311004784689
3 0.6795166858457997 0.3803827751196172 0.08630609896432681 0.01674641148325359
3 0.6795166858457997 0.4043062200956938 0.08630609896432681 0.01674641148325359
3 0.7151898734177216 0.45095693779904306 0.15822784810126583 0.028708133971291867
3 0.7008055235903338 0.9246411483253588 0.09436133486766399 0.0215311004784689
3 0.15592635212888378 0.23086124401913877 0.028768699654775604 0.02631578947368421
3 0.15592635212888378 0.3026315789473684 0.028768699654775604 0.02631578947368421
3 0.15592635212888378 0.37440191387559807 0.028768699654775604 0.02631578947368421
3 0.15592635212888378 0.23086124401913877 0.028768699654775604 0.02631578947368421
3 0.15592635212888378 0.3026315789473684 0.028768699654775604 0.02631578947368421
3 0.15592635212888378 0.37440191387559807 0.028768699654775604 0.02631578947368421
3 0.5057537399309551 0.2894736842105263 0.18757192174913695 0.08971291866028708
3 0.7238204833141542 0.24880382775119617 0.14096662830840045 0.023923444976076555
3 0.7238204833141542 0.2727272727272727 0.14096662830840045 0.02033492822966507
3 0.7226697353279632 0.6076555023923444 0.1432681242807825 0.0645933014354067
3 0.7226697353279632 0.6722488038277512 0.1432681242807825 0.0215311004784689
3 0.7226697353279632 0.7165071770334929 0.1432681242807825 0.0215311004784689
3 0.6795166858457997 0.3576555023923445 0.08630609896432681 0.019138755980861243
3 0.7151898734177216 0.8433014354066986 0.15822784810126583 0.02631578947368421
3 0.7008055235903338 0.9019138755980861 0.09436133486766399 0.023923444976076555
3 0.30897583429229 0.03229665071770335 0.025891829689298044 0.023923444976076555
3 0.3469505178365938 0.03229665071770335 0.028768699654775604 0.023923444976076555
3 0.39758342922899886 0.03229665071770335 0.05178365937859609 0.023923444976076555
3 0.4436133486766398 0.03229665071770335 0.020138089758342925 0.023923444976076555
3 0.4769850402761795 0.03229665071770335 0.025891829689298044 0.023923444976076555
3 0.5115074798619103 0.03229665071770335 0.02243958573072497 0.023923444976076555
3 0.17088607594936708 0.014354066985645933 0.0661680092059839 0.023923444976076555
3 0.16628308400460298 0.03708133971291866 0.0661680092059839 0.023923444976076555
3 0.2054085155350978 0.1375598086124402 0.005753739930955121 0.01674641148325359
3 0.22151898734177214 0.1375598086124402 0.005753739930955121 0.01674641148325359
3 0.285385500575374 0.1375598086124402 0.10241657077100115 0.01674641148325359
3 0.36421173762945913 0.1375598086124402 0.0333716915995397 0.01674641148325359
3 0.41139240506329117 0.1375598086124402 0.04027617951668585 0.01674641148325359
3 0.4568469505178366 0.1375598086124402 0.02991944764096663 0.01674641148325359
3 0.520138089758343 0.1375598086124402 0.0759493670886076 0.01674641148325359