0 0.16666666666666666 0.2765957446808511 0.011376564277588168 0.02364066193853428
0 0.7281001137656428 0.1016548463356974 0.06427758816837315 0.016548463356973995
1 0.35779294653014787 0.2647754137115839 0.09101251422070535 0.18912529550827423
1 0.35779294653014787 0.5023640661938534 0.09101251422070535 0.18912529550827423
1 0.35779294653014787 0.7399527186761229 0.09101251422070535 0.18912529550827423
3 0.21160409556313994 0.18085106382978725 0.15813424345847554 0.07092198581560284
3 0.5949943117178612 0.2281323877068558 0.35665529010238906 0.030732860520094562
3 0.5949943117178612 0.4231678486997636 0.35665529010238906 0.030732860520094562
3 0.5949943117178612 0.6607565011820331 0.35665529010238906 0.030732860520094562
3 0.5949943117178612 0.8983451536643026 0.35665529010238906 0.030732860520094562
3 0.3100113765642776 0.016548463356973995 0.025597269624573378 0.02364066193853428
3 0.34755403868031853 0.016548463356973995 0.02844141069397042 0.02364066193853428
3 0.39761092150170646 0.016548463356973995 0.051194539249146756 0.02364066193853428
3 0.4431171786120592 0.016548463356973995 0.019908987485779295 0.02364066193853428
3 0.4761092150170648 0.016548463356973995 0.025597269624573378 0.02364066193853428
3 0.5102389078498294 0.016548463356973995 0.02218430034129693 0.02364066193853428
3 0.1427758816837315 0.39243498817966904 0.020477815699658702 0.02127659574468085
3 0.15017064846416384 0.4846335697399527 0.03526734926052332 0.02127659574468085
3 0.15073947667804324 0.5768321513002365 0.036973833902161544 0.02127659574468085
3 0.14391353811149032 0.6690307328605201 0.022753128555176336 0.02127659574468085
3 0.14391353811149032 0.6973995271867612 0.022753128555176336 0.02127659574468085
3 0.15870307167235495 0.789598108747045 0.052901023890784986 0.02127659574468085
3 0.16552901023890784 0.817966903073286 0.06655290102389079 0.02127659574468085
3 0.161547212741752 0.8463356973995272 0.05858930602957907 0.02127659574468085
3 0.16609783845278725 0.8747044917257684 0.0676905574516496 0.02127659574468085
3 0.1689419795221843 0.9030732860520094 0.07337883959044368 0.02127659574468085
3 0.14789533560864618 0.9314420803782506 0.030716723549488054 0.02127659574468085
3 0.14846416382252559 0.9598108747044918 0.032423208191126277 0.02127659574468085
3 0.15130830489192265 0.9881796690307328 0.03811149032992037 0.02127659574468085
3 0.15927189988623436 0.39243498817966904 0.00739476678043231 0.02127659574468085
3 0.1751990898748578 0.4846335697399527 0.007963594994311717 0.02127659574468085
3 0.17747440273037543 0.5768321513002365 0.010238907849829351 0.02127659574468085
3 0.16382252559726962 0.6690307328605201 0.01080773606370876 0.02127659574468085
3 0.16382252559726962 0.6973995271867612 0.011945392491467578 0.02127659574468085
3 0.1945392491467577 0.789598108747045 0.013083048919226393 0.02127659574468085
3 0.20705346985210465 0.817966903073286 0.01080773606370876 0.02127659574468085
3 0.19908987485779295 0.8463356973995272 0.01080773606370876 0.02127659574468085
3 0.20762229806598406 0.8747044917257684 0.008532423208191127 0.02127659574468085
3 0.21274175199089876 0.9030732860520094 0.007963594994311717 0.02127659574468085
3 0.17007963594994313 0.9314420803782506 0.007963594994311717 0.02127659574468085
3 0.17064846416382254 0.9598108747044918 0.006257110352673493 0.02127659574468085
3 0.17633674630261661 0.9881796690307328 0.005688282138794084 0.02127659574468085
3 0.17349260523321958 0.00591016548463357 0.06598407281001138 0.01182033096926714
3 0.1689419795221843 0.02127659574468085 0.06541524459613197 0.02364066193853428
3 0.18430034129692832 0.09101654846335698 0.10352673492605233 0.02364066193853428
3 0.25881683731513083 0.09101654846335698 0.02502844141069397 0.02364066193853428
3 0.15187713310580206 0.11465721040189125 0.03924914675767918 0.02364066193853428