0 0.5843406593406594 0.010844748858447488 0.025824175824175823 0.021689497716894976
0 0.7142857142857143 0.5079908675799086 0.13681318681318683 0.0547945205479452
0 0.7214285714285714 0.5856164383561644 0.1510989010989011 0.0547945205479452
1 0.7211538461538461 0.01141552511415525 0.18736263736263736 0.0228310502283105
1 0.18736263736263736 0.22945205479452055 0.024175824175824177 0.0502283105022831
1 0.31373626373626373 0.5136986301369864 0.2076923076923077 0.5342465753424658
1 0.18736263736263736 0.2979452054794521 0.024175824175824177 0.0502283105022831
1 0.18736263736263736 0.3664383561643836 0.024175824175824177 0.0502283105022831
1 0.4445054945054945 0.6118721461187214 0.020879120879120878 0.04337899543378995
1 0.47417582417582416 0.610730593607306 0.02197802197802198 0.045662100456621
1 0.20302197802197802 0.010273972602739725 0.07417582417582418 0.02054794520547945
2 0.4326923076923077 0.010844748858447488 0.3291208791208791 0.021689497716894976
3 0.4714285714285714 0.4863013698630137 0.07967032967032966 0.02054794520547945
3 0.5252747252747253 0.5627853881278538 0.18736263736263736 0.023972602739726026
3 0.5021978021978022 0.6940639269406392 0.1412087912087912 0.02054794520547945
3 0.6956043956043956 0.3904109589041096 0.09945054945054944 0.01598173515981735
3 0.6956043956043956 0.4132420091324201 0.09945054945054944 0.01598173515981735
3 0.7104395604395605 0.973744292237443 0.0956043956043956 0.02054794520547945
3 0.18736263736263736 0.24771689497716895 0.027472527472527472 0.02511415525114155
3 0.18736263736263736 0.3162100456621005 0.027472527472527472 0.02511415525114155
3 0.18736263736263736 0.384703196347032 0.027472527472527472 0.02511415525114155
3 0.18736263736263736 0.24771689497716895 0.027472527472527472 0.02511415525114155
3 0.18736263736263736 0.3162100456621005 0.027472527472527472 0.02511415525114155
3 0.18736263736263736 0.384703196347032 0.027472527472527472 0.02511415525114155
3 0.5214285714285715 0.3036529680365297 0.17912087912087912 0.08561643835616438
3 0.7296703296703296 0.2648401826484018 0.1346153846153846 0.0228310502283105
3 0.7296703296703296 0.2876712328767123 0.1346153846153846 0.019406392694063926
3 0.7285714285714285 0.6712328767123288 0.13681318681318683 0.06164383561643835
3 0.7285714285714285 0.7328767123287672 0.13681318681318683 0.02054794520547945
3 0.7285714285714285 0.7751141552511416 0.13681318681318683 0.02054794520547945
3 0.6956043956043956 0.3687214611872146 0.09945054945054944 0.0182648401826484
3 0.7214285714285714 0.4600456621004566 0.1510989010989011 0.0228310502283105
3 0.7214285714285714 0.8961187214611872 0.1510989010989011 0.02511415525114155
3 0.7104395604395605 0.952054794520548 0.0956043956043956 0.0228310502283105
3 0.3335164835164835 0.05821917808219178 0.024725274725274724 0.0228310502283105
3 0.3697802197802198 0.05821917808219178 0.027472527472527472 0.0228310502283105
3 0.41813186813186815 0.05821917808219178 0.04945054945054945 0.0228310502283105
3 0.4620879120879121 0.05821917808219178 0.019230769230769232 0.0228310502283105
3 0.493956043956044 0.05821917808219178 0.024725274725274724 0.0228310502283105
3 0.5269230769230769 0.05821917808219178 0.02142857142857143 0.0228310502283105
3 0.20164835164835165 0.0410958904109589 0.06318681318681318 0.0228310502283105
3 0.19725274725274725 0.06278538812785388 0.06318681318681318 0.0228310502283105
3 0.23461538461538461 0.158675799086758 0.005494505494505495 0.01598173515981735
3 0.25 0.158675799086758 0.005494505494505495 0.01598173515981735
3 0.310989010989011 0.158675799086758 0.0978021978021978 0.01598173515981735
3 0.3862637362637363 0.158675799086758 0.031868131868131866 0.01598173515981735
3 0.43131868131868134 0.158675799086758 0.038461538461538464 0.01598173515981735
3 0.4747252747252747 0.158675799086758 0.02857142857142857 0.01598173515981735
3 0.5351648351648352 0.158675799086758 0.07252747252747253 0.01598173515981735