0 0.18181818181818182 0.30023923444976075 0.011507479861910242 0.023923444976076555
0 0.21288837744533948 0.30023923444976075 0.011507479861910242 0.023923444976076555
0 0.2474108170310702 0.30023923444976075 0.011507479861910242 0.023923444976076555
0 0.167433831990794 0.34330143540669855 0.011507479861910242 0.023923444976076555
0 0.22554660529344073 0.6471291866028708 0.01380897583429229 0.028708133971291867
0 0.22554660529344073 0.812200956937799 0.01380897583429229 0.028708133971291867
0 0.7359033371691599 0.12320574162679426 0.06501726121979287 0.01674641148325359
1 0.3613348676639816 0.28827751196172247 0.09205983889528194 0.19138755980861244
1 0.3613348676639816 0.5287081339712919 0.09205983889528194 0.19138755980861244
1 0.3613348676639816 0.7691387559808612 0.09205983889528194 0.19138755980861244
2 0.15074798619102417 0.6447368421052632 0.03567318757192175 0.029904306220095694
2 0.19677790563866512 0.6447368421052632 0.03567318757192175 0.029904306220095694
2 0.15074798619102417 0.8098086124401914 0.03567318757192175 0.029904306220095694
2 0.19677790563866512 0.8098086124401914 0.03567318757192175 0.029904306220095694
3 0.6012658227848101 0.2751196172248804 0.36075949367088606 0.01674641148325359
3 0.44131185270425777 0.35167464114832536 0.040851553509781355 0.01674641148325359
3 0.6012658227848101 0.7129186602870813 0.36075949367088606 0.01674641148325359
3 0.6012658227848101 0.9533492822966507 0.36075949367088606 0.01674641148325359
3 0.15074798619102417 0.6471291866028708 0.03452243958573072 0.03708133971291866
3 0.19677790563866512 0.6471291866028708 0.03452243958573072 0.03708133971291866
3 0.15074798619102417 0.812200956937799 0.03452243958573072 0.03708133971291866
3 0.19677790563866512 0.812200956937799 0.03452243958573072 0.03708133971291866
3 0.15074798619102417 0.6471291866028708 0.03452243958573072 0.03708133971291866
3 0.19677790563866512 0.6471291866028708 0.03452243958573072 0.03708133971291866
3 0.15074798619102417 0.812200956937799 0.03452243958573072 0.03708133971291866
3 0.19677790563866512 0.812200956937799 0.03452243958573072 0.03708133971291866
3 0.213463751438435 0.20334928229665072 0.15995397008055237 0.07177033492822966
3 0.6012658227848101 0.2511961722488038 0.36075949367088606 0.03110047846889952
3 0.6012658227848101 0.46411483253588515 0.36075949367088606 0.06220095693779904
3 0.6012658227848101 0.6889952153110048 0.36075949367088606 0.03110047846889952
3 0.6012658227848101 0.9294258373205742 0.36075949367088606 0.03110047846889952
3 0.3130034522439586 0.03708133971291866 0.025891829689298044 0.023923444976076555
3 0.35097813578826237 0.03708133971291866 0.028768699654775604 0.023923444976076555
3 0.4016110471806674 0.03708133971291866 0.05178365937859609 0.023923444976076555
3 0.4476409666283084 0.03708133971291866 0.020138089758342925 0.023923444976076555
3 0.4810126582278481 0.03708133971291866 0.025891829689298044 0.023923444976076555
3 0.5155350978135789 0.03708133971291866 0.02243958573072497 0.023923444976076555
3 0.17088607594936708 0.4605263157894737 0.07479861910241657 0.0215311004784689
3 0.15937859608745686 0.5538277511961722 0.0523590333716916 0.0215311004784689
3 0.14902186421173763 0.5825358851674641 0.031070195627157654 0.0215311004784689
3 0.15477560414269276 0.611244019138756 0.043153049482163405 0.0215311004784689
3 0.1668584579976985 0.7476076555023924 0.06731875719217491 0.0215311004784689
3 0.1622554660529344 0.7763157894736842 0.05811277330264672 0.0215311004784689
3 0.1714614499424626 0.9138755980861244 0.0759493670886076 0.0215311004784689
3 0.16513233601841196 0.9425837320574163 0.06386651323360185 0.0215311004784689
3 0.21634062140391255 0.4605263157894737 0.010356731875719217 0.0215311004784689
3 0.1956271576524741 0.5538277511961722 0.013233601841196778 0.0215311004784689
3 0.17318757192174913 0.5825358851674641 0.01093210586881473 0.0215311004784689
3 0.18642117376294592 0.611244019138756 0.013233601841196778 0.0215311004784689
3 0.21058688147295743 0.7476076555023924 0.012658227848101266 0.0215311004784689
3 0.2008055235903337 0.7763157894736842 0.012658227848101266 0.0215311004784689
3 0.2186421173762946 0.9138755980861244 0.012082853855005753 0.0215311004784689
3 0.20655926352128884 0.9425837320574163 0.012658227848101266 0.0215311004784689
3 0.17491369390103567 0.019138755980861243 0.0661680092059839 0.023923444976076555
3 0.17031070195627157 0.041866028708133975 0.0661680092059839 0.023923444976076555
3 0.1858457997698504 0.11244019138755981 0.1047180667433832 0.023923444976076555
3 0.2612197928653625 0.11244019138755981 0.02531645569620253 0.023923444976076555
3 0.1846950517836594 0.13636363636363635 0.10241657077100115 0.023923444976076555