0 0.189419795221843 0.29314420803782504 0.011376564277588168 0.02364066193853428
0 0.24971558589306028 0.8628841607565012 0.013651877133105802 0.028368794326241134
0 0.7542662116040956 0.1182033096926714 0.06427758816837315 0.016548463356973995
1 0.3839590443686007 0.28132387706855794 0.09101251422070535 0.18912529550827423
1 0.3839590443686007 0.5189125295508275 0.09101251422070535 0.18912529550827423
1 0.3839590443686007 0.7565011820330969 0.09101251422070535 0.18912529550827423
2 0.1757679180887372 0.8605200945626478 0.03526734926052332 0.02955082742316785
2 0.22127417519908987 0.8605200945626478 0.03526734926052332 0.02955082742316785
3 0.4630261660978385 0.33687943262411346 0.040386803185438 0.016548463356973995
3 0.1757679180887372 0.8628841607565012 0.034129692832764506 0.03664302600472813
3 0.22127417519908987 0.8628841607565012 0.034129692832764506 0.03664302600472813
3 0.1757679180887372 0.8628841607565012 0.034129692832764506 0.03664302600472813
3 0.22127417519908987 0.8628841607565012 0.034129692832764506 0.03664302600472813
3 0.23777019340159272 0.19739952718676124 0.15813424345847554 0.07092198581560284
3 0.621160409556314 0.21749408983451538 0.35665529010238906 0.061465721040189124
3 0.621160409556314 0.45508274231678486 0.35665529010238906 0.061465721040189124
3 0.621160409556314 0.6773049645390071 0.35665529010238906 0.030732860520094562
3 0.621160409556314 0.9302600472813238 0.35665529010238906 0.061465721040189124
3 0.3361774744027304 0.03309692671394799 0.025597269624573378 0.02364066193853428
3 0.37372013651877134 0.03309692671394799 0.02844141069397042 0.02364066193853428
3 0.42377701934015927 0.03309692671394799 0.051194539249146756 0.02364066193853428
3 0.46928327645051193 0.03309692671394799 0.019908987485779295 0.02364066193853428
3 0.5022753128555176 0.03309692671394799 0.025597269624573378 0.02364066193853428
3 0.5364050056882821 0.03309692671394799 0.02218430034129693 0.02364066193853428
3 0.1956769055745165 0.408983451536643 0.07394766780432309 0.02127659574468085
3 0.17861205915813425 0.5011820330969267 0.03981797497155859 0.02127659574468085
3 0.18771331058020477 0.5295508274231678 0.05858930602957907 0.02127659574468085
3 0.17349260523321958 0.6217494089834515 0.02957906712172924 0.02127659574468085
3 0.17064846416382254 0.6501182033096927 0.024459613196814563 0.02127659574468085
3 0.18771331058020477 0.7423167848699763 0.05858930602957907 0.02127659574468085
3 0.1757679180887372 0.7706855791962175 0.034698521046643914 0.02127659574468085
3 0.17235494880546076 0.7990543735224587 0.027872582480091012 0.02127659574468085
3 0.17918088737201365 0.8274231678486997 0.040955631399317405 0.02127659574468085
3 0.1899886234357224 0.9621749408983451 0.06257110352673492 0.02127659574468085
3 0.18515358361774745 0.9893617021276596 0.052901023890784986 0.018912529550827423
3 0.2428896473265074 0.408983451536643 0.01478953356086462 0.02127659574468085
3 0.21160409556313994 0.5011820330969267 0.02104664391353811 0.02127659574468085
3 0.22866894197952217 0.5295508274231678 0.017064846416382253 0.02127659574468085
3 0.2025028441410694 0.6217494089834515 0.02161547212741752 0.02127659574468085
3 0.19340159271899887 0.6501182033096927 0.015358361774744027 0.02127659574468085
3 0.22866894197952217 0.7423167848699763 0.017064846416382253 0.02127659574468085
3 0.20534698521046643 0.7706855791962175 0.017064846416382253 0.02127659574468085
3 0.19795221843003413 0.7990543735224587 0.017064846416382253 0.02127659574468085
3 0.20932878270762229 0.8274231678486997 0.012514220705346985 0.02127659574468085
3 0.23208191126279865 0.9621749408983451 0.016496018202502846 0.02127659574468085
3 0.2226962457337884 0.9893617021276596 0.01763367463026166 0.018912529550827423
3 0.19965870307167236 0.015366430260047281 0.06541524459613197 0.02364066193853428
3 0.1951080773606371 0.037825059101654845 0.06541524459613197 0.02364066193853428
3 0.21046643913538113 0.10756501182033097 0.10352673492605233 0.02364066193853428
3 0.28498293515358364 0.10756501182033097 0.02502844141069397 0.02364066193853428
3 0.20932878270762229 0.13120567375886524 0.1012514220705347 0.02364066193853428