0 0.23484848484848486 0.3389830508474576 0.011655011655011656 0.024213075060532687
0 0.8065268065268065 0.22033898305084745 0.06585081585081586 0.01694915254237288
0 0.8618881118881119 0.8946731234866828 0.02097902097902098 0.043583535108958835
1 0.4493006993006993 0.43825665859564167 0.1655011655011655 0.34382566585956414
1 0.6241258741258742 0.43825665859564167 0.1655011655011655 0.34382566585956414
1 0.798951048951049 0.43825665859564167 0.1655011655011655 0.34382566585956414
3 0.40034965034965037 0.6912832929782082 0.04487179487179487 0.023002421307506054
3 0.594988344988345 0.7397094430992736 0.08391608391608392 0.023002421307506054
3 0.7698135198135199 0.6912832929782082 0.08391608391608392 0.023002421307506054
3 0.2773892773892774 0.25907990314769974 0.16200466200466201 0.03631961259079903
3 0.4493006993006993 0.7397094430992736 0.14219114219114218 0.043583535108958835
3 0.6241258741258742 0.788135593220339 0.14219114219114218 0.043583535108958835
3 0.798951048951049 0.7397094430992736 0.14219114219114218 0.043583535108958835
3 0.3782051282051282 0.024213075060532687 0.026223776223776224 0.024213075060532687
3 0.4166666666666667 0.024213075060532687 0.029137529137529136 0.024213075060532687
3 0.46794871794871795 0.024213075060532687 0.05244755244755245 0.024213075060532687
3 0.5145687645687645 0.024213075060532687 0.020396270396270396 0.024213075060532687
3 0.5483682983682984 0.024213075060532687 0.026223776223776224 0.024213075060532687
3 0.5833333333333334 0.024213075060532687 0.022727272727272728 0.024213075060532687
3 0.23426573426573427 0.6440677966101694 0.07575757575757576 0.021791767554479417
3 0.2127039627039627 0.738498789346247 0.03263403263403263 0.021791767554479417
3 0.2057109557109557 0.7675544794188862 0.019230769230769232 0.021791767554479417
3 0.2057109557109557 0.7966101694915254 0.019230769230769232 0.021791767554479417
3 0.21386946386946387 0.8910411622276029 0.035547785547785545 0.021791767554479417
3 0.2062937062937063 0.9200968523002422 0.019813519813519812 0.021791767554479417
3 0.20396270396270397 0.9491525423728814 0.015734265734265736 0.021791767554479417
3 0.2127039627039627 0.9782082324455206 0.033216783216783216 0.021791767554479417
3 0.28321678321678323 0.6440677966101694 0.0168997668997669 0.021791767554479417
3 0.24417249417249418 0.738498789346247 0.024475524475524476 0.021791767554479417
3 0.2296037296037296 0.7675544794188862 0.022144522144522144 0.021791767554479417
3 0.22494172494172493 0.7966101694915254 0.01282051282051282 0.021791767554479417
3 0.24242424242424243 0.8910411622276029 0.015734265734265736 0.021791767554479417
3 0.2266899766899767 0.9200968523002422 0.015151515151515152 0.021791767554479417
3 0.22377622377622378 0.9491525423728814 0.016317016317016316 0.021791767554479417
3 0.2406759906759907 0.9782082324455206 0.015734265734265736 0.021791767554479417
3 0.23834498834498835 0.009685230024213076 0.0675990675990676 0.01937046004842615
3 0.23368298368298368 0.029055690072639227 0.06701631701631702 0.024213075060532687
3 0.229020979020979 0.20944309927360774 0.06585081585081586 0.024213075060532687
3 0.30652680652680653 0.20944309927360774 0.06701631701631702 0.024213075060532687