0 0.21624713958810068 0.3515439429928741 0.011441647597254004 0.023752969121140142
0 0.7774599542334096 0.23515439429928742 0.06464530892448513 0.0166270783847981
0 0.8318077803203662 0.8966745843230404 0.020594965675057208 0.04275534441805225
1 0.4267734553775744 0.4489311163895487 0.16247139588100687 0.33729216152019004
1 0.5983981693363845 0.4489311163895487 0.16247139588100687 0.33729216152019004
1 0.7700228832951945 0.4489311163895487 0.16247139588100687 0.33729216152019004
3 0.37871853546910755 0.6971496437054632 0.044050343249427915 0.022565320665083134
3 0.5697940503432495 0.7446555819477435 0.08237986270022883 0.022565320665083134
3 0.7414187643020596 0.6971496437054632 0.08237986270022883 0.022565320665083134
3 0.2580091533180778 0.27315914489311166 0.15903890160183065 0.035629453681710214
3 0.4267734553775744 0.7446555819477435 0.13958810068649885 0.04275534441805225
3 0.5983981693363845 0.7921615201900237 0.13958810068649885 0.04275534441805225
3 0.7700228832951945 0.7446555819477435 0.13958810068649885 0.04275534441805225
3 0.35697940503432496 0.04275534441805225 0.02574370709382151 0.023752969121140142
3 0.39473684210526316 0.04275534441805225 0.028604118993135013 0.023752969121140142
3 0.4450800915331808 0.04275534441805225 0.05148741418764302 0.023752969121140142
3 0.49084668192219677 0.04275534441805225 0.02002288329519451 0.023752969121140142
3 0.5240274599542334 0.04275534441805225 0.02574370709382151 0.023752969121140142
3 0.5583524027459954 0.04275534441805225 0.02231121281464531 0.023752969121140142
3 0.21567505720823799 0.6508313539192399 0.07437070938215103 0.021377672209026127
3 0.1945080091533181 0.7434679334916865 0.032036613272311214 0.021377672209026127
3 0.18764302059496568 0.7719714964370546 0.01887871853546911 0.021377672209026127
3 0.18764302059496568 0.8004750593824228 0.01887871853546911 0.021377672209026127
3 0.1956521739130435 0.8931116389548693 0.03489702517162471 0.021377672209026127
3 0.18821510297482838 0.9216152019002375 0.019450800915331808 0.021377672209026127
3 0.1859267734553776 0.9501187648456056 0.015446224256292907 0.021377672209026127
3 0.1945080091533181 0.9786223277909739 0.03260869565217391 0.021377672209026127
3 0.2637299771167048 0.6508313539192399 0.016590389016018305 0.021377672209026127
3 0.22540045766590389 0.7434679334916865 0.02402745995423341 0.021377672209026127
3 0.21109839816933637 0.7719714964370546 0.021739130434782608 0.021377672209026127
3 0.20652173913043478 0.8004750593824228 0.012585812356979404 0.021377672209026127
3 0.2236842105263158 0.8931116389548693 0.015446224256292907 0.021377672209026127
3 0.20823798627002288 0.9216152019002375 0.014874141876430207 0.021377672209026127
3 0.2053775743707094 0.9501187648456056 0.016018306636155607 0.021377672209026127
3 0.2219679633867277 0.9786223277909739 0.015446224256292907 0.021377672209026127
3 0.21967963386727687 0.02494061757719715 0.06578947368421052 0.023752969121140142
3 0.2151029748283753 0.047505938242280284 0.06578947368421052 0.023752969121140142
3 0.21052631578947367 0.22446555819477435 0.06464530892448513 0.023752969121140142
3 0.2866132723112128 0.22446555819477435 0.06578947368421052 0.023752969121140142