0 0.24395857307249713 0.3014354066985646 0.011507479861910242 0.023923444976076555
0 0.2911392405063291 0.3014354066985646 0.011507479861910242 0.023923444976076555
0 0.7980437284234753 0.12440191387559808 0.06501726121979287 0.01674641148325359
1 0.4234752589182969 0.2894736842105263 0.09205983889528194 0.19138755980861244
1 0.4234752589182969 0.5299043062200957 0.09205983889528194 0.19138755980861244
1 0.4234752589182969 0.7703349282296651 0.09205983889528194 0.19138755980861244
3 0.2756041426927503 0.20454545454545456 0.15995397008055237 0.07177033492822966
3 0.6634062140391255 0.20933014354066987 0.36075949367088606 0.03110047846889952
3 0.6634062140391255 0.44976076555023925 0.36075949367088606 0.03110047846889952
3 0.6634062140391255 0.6901913875598086 0.36075949367088606 0.03110047846889952
3 0.6634062140391255 0.930622009569378 0.36075949367088606 0.03110047846889952
3 0.3751438434982739 0.03827751196172249 0.025891829689298044 0.023923444976076555
3 0.4131185270425777 0.03827751196172249 0.028768699654775604 0.023923444976076555
3 0.46375143843498273 0.03827751196172249 0.05178365937859609 0.023923444976076555
3 0.5097813578826237 0.03827751196172249 0.020138089758342925 0.023923444976076555
3 0.5431530494821634 0.03827751196172249 0.025891829689298044 0.023923444976076555
3 0.5776754890678941 0.03827751196172249 0.02243958573072497 0.023923444976076555
3 0.20598388952819333 0.41866028708133973 0.021288837744533946 0.0215311004784689
3 0.20655926352128884 0.4473684210526316 0.02243958573072497 0.0215311004784689
3 0.21231300345224396 0.47607655502392343 0.0333716915995397 0.0215311004784689
3 0.21288837744533948 0.5047846889952153 0.03452243958573072 0.0215311004784689
3 0.20368239355581128 0.5334928229665071 0.01668584579976985 0.0215311004784689
3 0.21173762945914845 0.562200956937799 0.03279631760644419 0.0215311004784689
3 0.2002301495972382 0.5909090909090909 0.009781357882623706 0.0215311004784689
3 0.20771001150747986 0.6196172248803827 0.02474108170310702 0.0215311004784689
3 0.2094361334867664 0.6483253588516746 0.02819332566168009 0.0215311004784689
3 0.20771001150747986 0.7739234449760766 0.02474108170310702 0.0215311004784689
3 0.21058688147295743 0.8026315789473685 0.02991944764096663 0.0215311004784689
3 0.22497123130034521 0.895933014354067 0.059263521288837745 0.0215311004784689
3 0.20655926352128884 0.9246411483253588 0.02186421173762946 0.0215311004784689
3 0.21288837744533948 0.9533492822966507 0.03452243958573072 0.0215311004784689
3 0.21461449942462602 0.9820574162679426 0.03855005753739931 0.0215311004784689
3 0.23130034522439585 0.41866028708133973 0.02186421173762946 0.0215311004784689
3 0.23014959723820483 0.4473684210526316 0.01726121979286536 0.0215311004784689
3 0.24108170310701957 0.47607655502392343 0.017836593785960874 0.0215311004784689
3 0.2422324510932106 0.5047846889952153 0.017836593785960874 0.0215311004784689
3 0.2238204833141542 0.5334928229665071 0.01726121979286536 0.0215311004784689
3 0.23878020713463752 0.562200956937799 0.015535097813578827 0.0215311004784689
3 0.21691599539700807 0.5909090909090909 0.017836593785960874 0.0215311004784689
3 0.2330264672036824 0.6196172248803827 0.018411967779056387 0.0215311004784689
3 0.23532796317606444 0.6483253588516746 0.017836593785960874 0.0215311004784689
3 0.23475258918296893 0.7739234449760766 0.023590333716915997 0.0215311004784689
3 0.23993095512082854 0.8026315789473685 0.02243958573072497 0.0215311004784689
3 0.26869965477560415 0.895933014354067 0.02243958573072497 0.0215311004784689
3 0.22957422324510932 0.9246411483253588 0.017836593785960874 0.0215311004784689
3 0.23993095512082854 0.9533492822966507 0.013233601841196778 0.0215311004784689
3 0.24626006904487918 0.9820574162679426 0.017836593785960874 0.0215311004784689
3 0.23705408515535098 0.02033492822966507 0.0661680092059839 0.023923444976076555
3 0.23245109321058688 0.0430622009569378 0.0661680092059839 0.023923444976076555
3 0.24798619102416572 0.11363636363636363 0.1047180667433832 0.023923444976076555
3 0.3233601841196778 0.11363636363636363 0.02531645569620253 0.023923444976076555
3 0.2468354430379747 0.1375598086124402 0.10241657077100115 0.023923444976076555