0 0.5907407407407408 0.020879120879120878 0.02486772486772487 0.041758241758241756
0 0.22857142857142856 0.2857142857142857 0.010582010582010581 0.02197802197802198
0 0.28095238095238095 0.2857142857142857 0.010582010582010581 0.02197802197802198
0 0.2687830687830688 0.7032967032967034 0.012698412698412698 0.026373626373626374
0 0.2687830687830688 0.9076923076923077 0.012698412698412698 0.026373626373626374
0 0.7380952380952381 0.15604395604395604 0.059788359788359786 0.015384615384615385
1 0.7224867724867725 0.02142857142857143 0.18042328042328043 0.04285714285714286
1 0.39365079365079364 0.3076923076923077 0.08465608465608465 0.17582417582417584
1 0.39365079365079364 0.5285714285714286 0.08465608465608465 0.17582417582417584
1 0.39365079365079364 0.7494505494505495 0.08465608465608465 0.17582417582417584
1 0.22328042328042327 0.020879120879120878 0.07089947089947089 0.03736263736263736
2 0.4447089947089947 0.020879120879120878 0.31693121693121695 0.041758241758241756
2 0.4455026455026455 0.01978021978021978 0.007407407407407408 0.015384615384615385
2 0.2 0.701098901098901 0.0328042328042328 0.027472527472527472
2 0.24232804232804234 0.701098901098901 0.0328042328042328 0.027472527472527472
2 0.2 0.9054945054945055 0.0328042328042328 0.027472527472527472
2 0.24232804232804234 0.9054945054945055 0.0328042328042328 0.027472527472527472
3 0.5063492063492063 0.020879120879120878 0.14497354497354498 0.02857142857142857
3 0.6142857142857143 0.47692307692307695 0.33174603174603173 0.015384615384615385
3 0.4671957671957672 0.567032967032967 0.03756613756613757 0.015384615384615385
3 0.5116402116402117 0.01978021978021978 0.11957671957671957 0.02197802197802198
3 0.2 0.7032967032967034 0.031746031746031744 0.03406593406593406
3 0.24232804232804234 0.7032967032967034 0.031746031746031744 0.03406593406593406
3 0.2 0.9076923076923077 0.031746031746031744 0.03406593406593406
3 0.24232804232804234 0.9076923076923077 0.031746031746031744 0.03406593406593406
3 0.5116402116402117 0.01978021978021978 0.11957671957671957 0.02197802197802198
3 0.2 0.7032967032967034 0.031746031746031744 0.03406593406593406
3 0.24232804232804234 0.7032967032967034 0.031746031746031744 0.03406593406593406
3 0.2 0.9076923076923077 0.031746031746031744 0.03406593406593406
3 0.24232804232804234 0.9076923076923077 0.031746031746031744 0.03406593406593406
3 0.25767195767195766 0.21318681318681318 0.14708994708994708 0.03296703296703297
3 0.6142857142857143 0.24835164835164836 0.33174603174603173 0.05714285714285714
3 0.6142857142857143 0.45494505494505494 0.33174603174603173 0.02857142857142857
3 0.6142857142857143 0.7296703296703296 0.33174603174603173 0.05714285714285714
3 0.6142857142857143 0.8967032967032967 0.33174603174603173 0.02857142857142857
3 0.3492063492063492 0.07692307692307693 0.023809523809523808 0.02197802197802198
3 0.38412698412698415 0.07692307692307693 0.026455026455026454 0.02197802197802198
3 0.4306878306878307 0.07692307692307693 0.047619047619047616 0.02197802197802198
3 0.473015873015873 0.07692307692307693 0.018518518518518517 0.02197802197802198
3 0.5037037037037037 0.07692307692307693 0.023809523809523808 0.02197802197802198
3 0.5354497354497354 0.07692307692307693 0.020634920634920634 0.02197802197802198
3 0.21851851851851853 0.3934065934065934 0.06878306878306878 0.01978021978021978
3 0.19523809523809524 0.47912087912087914 0.02275132275132275 0.01978021978021978
3 0.19788359788359788 0.5054945054945055 0.027513227513227514 0.01978021978021978
3 0.20793650793650795 0.5912087912087912 0.047619047619047616 0.01978021978021978
3 0.19947089947089947 0.6175824175824176 0.030687830687830688 0.01978021978021978
3 0.2 0.643956043956044 0.032275132275132276 0.01978021978021978
3 0.20317460317460317 0.6703296703296703 0.0380952380952381 0.01978021978021978
3 0.21322751322751324 0.7956043956043956 0.0582010582010582 0.01978021978021978
3 0.20952380952380953 0.8219780219780219 0.050793650793650794 0.01978021978021978
3 0.2126984126984127 0.8483516483516483 0.05714285714285714 0.01978021978021978
3 0.2105820105820106 0.8747252747252747 0.05343915343915344 0.01978021978021978
3 0.2613756613756614 0.3934065934065934 0.01164021164021164 0.01978021978021978
3 0.2164021164021164 0.47912087912087914 0.013756613756613757 0.01978021978021978
3 0.2216931216931217 0.5054945054945055 0.014285714285714285 0.01978021978021978
3 0.24232804232804234 0.5912087912087912 0.014814814814814815 0.01978021978021978
3 0.22433862433862434 0.6175824175824176 0.013756613756613757 0.01978021978021978
3 0.22645502645502646 0.643956043956044 0.013756613756613757 0.01978021978021978
3 0.2312169312169312 0.6703296703296703 0.01164021164021164 0.01978021978021978
3 0.2518518518518518 0.7956043956043956 0.014285714285714285 0.01978021978021978
3 0.24444444444444444 0.8219780219780219 0.013756613756613757 0.01978021978021978
3 0.2518518518518518 0.8483516483516483 0.014814814814814815 0.01978021978021978
3 0.24603174603174602 0.8747252747252747 0.01164021164021164 0.01978021978021978
3 0.2222222222222222 0.06043956043956044 0.06084656084656084 0.02197802197802198
3 0.21798941798941798 0.08131868131868132 0.06084656084656084 0.02197802197802198
3 0.23227513227513227 0.14615384615384616 0.0962962962962963 0.02197802197802198
3 0.30158730158730157 0.14615384615384616 0.02328042328042328 0.02197802197802198
3 0.2312169312169312 0.16813186813186815 0.09417989417989418 0.02197802197802198