0 0.5946927374301676 0.018561484918793503 0.026256983240223464 0.037122969837587005
0 0.2122905027932961 0.29466357308584684 0.0111731843575419 0.02320185614849188
0 0.2675977653631285 0.29466357308584684 0.0111731843575419 0.02320185614849188
0 0.2547486033519553 0.7354988399071926 0.013407821229050279 0.027842227378190254
0 0.2547486033519553 0.951276102088167 0.013407821229050279 0.027842227378190254
0 0.7502793296089385 0.15777262180974477 0.06312849162011173 0.016241299303944315
1 0.7337988826815642 0.0191415313225058 0.19050279329608938 0.0382830626450116
1 0.3865921787709497 0.31786542923433875 0.0893854748603352 0.18561484918793503
1 0.3865921787709497 0.5510440835266821 0.0893854748603352 0.18561484918793503
1 0.3865921787709497 0.7842227378190255 0.0893854748603352 0.18561484918793503
1 0.20698324022346368 0.017981438515081206 0.07541899441340782 0.03596287703016241
2 0.4405027932960894 0.018561484918793503 0.3346368715083799 0.037122969837587005
2 0.441340782122905 0.013921113689095127 0.00782122905027933 0.016241299303944315
2 0.18212290502793296 0.7331786542923434 0.034636871508379886 0.029002320185614848
2 0.22681564245810057 0.7331786542923434 0.034636871508379886 0.029002320185614848
2 0.18212290502793296 0.9489559164733179 0.034636871508379886 0.029002320185614848
2 0.22681564245810057 0.9489559164733179 0.034636871508379886 0.029002320185614848
3 0.505586592178771 0.015081206496519721 0.15307262569832403 0.030162412993039442
3 0.6195530726256984 0.4965197215777262 0.35027932960893854 0.016241299303944315
3 0.4642458100558659 0.5916473317865429 0.03966480446927374 0.016241299303944315
3 0.5111731843575419 0.013921113689095127 0.12625698324022347 0.02320185614849188
3 0.18212290502793296 0.7354988399071926 0.0335195530726257 0.03596287703016241
3 0.22681564245810057 0.7354988399071926 0.0335195530726257 0.03596287703016241
3 0.18212290502793296 0.951276102088167 0.0335195530726257 0.03596287703016241
3 0.22681564245810057 0.951276102088167 0.0335195530726257 0.03596287703016241
3 0.5111731843575419 0.013921113689095127 0.12625698324022347 0.02320185614849188
3 0.18212290502793296 0.7354988399071926 0.0335195530726257 0.03596287703016241
3 0.22681564245810057 0.7354988399071926 0.0335195530726257 0.03596287703016241
3 0.18212290502793296 0.951276102088167 0.0335195530726257 0.03596287703016241
3 0.22681564245810057 0.951276102088167 0.0335195530726257 0.03596287703016241
3 0.2430167597765363 0.21809744779582366 0.1553072625698324 0.03480278422273782
3 0.6195530726256984 0.2552204176334107 0.35027932960893854 0.060324825986078884
3 0.6195530726256984 0.4733178654292343 0.35027932960893854 0.030162412993039442
3 0.6195530726256984 0.7633410672853829 0.35027932960893854 0.060324825986078884
3 0.6195530726256984 0.9396751740139211 0.35027932960893854 0.030162412993039442
3 0.3396648044692737 0.07424593967517401 0.025139664804469275 0.02320185614849188
3 0.376536312849162 0.07424593967517401 0.027932960893854747 0.02320185614849188
3 0.42569832402234636 0.07424593967517401 0.05027932960893855 0.02320185614849188
3 0.47039106145251397 0.07424593967517401 0.019553072625698324 0.02320185614849188
3 0.5027932960893855 0.07424593967517401 0.025139664804469275 0.02320185614849188
3 0.5363128491620112 0.07424593967517401 0.021787709497206705 0.02320185614849188
3 0.2016759776536313 0.40835266821345706 0.07262569832402235 0.02088167053364269
3 0.1770949720670391 0.4988399071925754 0.024022346368715083 0.02088167053364269
3 0.17988826815642459 0.5266821345707656 0.02905027932960894 0.02088167053364269
3 0.19050279329608938 0.617169373549884 0.05027932960893855 0.02088167053364269
3 0.18156424581005587 0.6450116009280742 0.03240223463687151 0.02088167053364269
3 0.18212290502793296 0.6728538283062645 0.03407821229050279 0.02088167053364269
3 0.18547486033519553 0.7006960556844548 0.04022346368715084 0.02088167053364269
3 0.19608938547486032 0.8329466357308585 0.061452513966480445 0.02088167053364269
3 0.19217877094972066 0.8607888631090487 0.053631284916201116 0.02088167053364269
3 0.19553072625698323 0.888631090487239 0.060335195530726256 0.02088167053364269
3 0.19329608938547485 0.9164733178654292 0.056424581005586595 0.02088167053364269
3 0.24692737430167597 0.40835266821345706 0.012290502793296089 0.02088167053364269
3 0.19944134078212292 0.4988399071925754 0.01452513966480447 0.02088167053364269
3 0.20502793296089386 0.5266821345707656 0.015083798882681564 0.02088167053364269
3 0.22681564245810057 0.617169373549884 0.01564245810055866 0.02088167053364269
3 0.20782122905027933 0.6450116009280742 0.01452513966480447 0.02088167053364269
3 0.2100558659217877 0.6728538283062645 0.01452513966480447 0.02088167053364269
3 0.21508379888268156 0.7006960556844548 0.012290502793296089 0.02088167053364269
3 0.23687150837988827 0.8329466357308585 0.015083798882681564 0.02088167053364269
3 0.22905027932960895 0.8607888631090487 0.01452513966480447 0.02088167053364269
3 0.23687150837988827 0.888631090487239 0.01564245810055866 0.02088167053364269
3 0.23072625698324023 0.9164733178654292 0.012290502793296089 0.02088167053364269
3 0.20558659217877095 0.0568445475638051 0.06424581005586592 0.02320185614849188
3 0.2011173184357542 0.07888631090487239 0.06424581005586592 0.02320185614849188
3 0.21620111731843575 0.14733178654292342 0.10167597765363129 0.02320185614849188
3 0.28938547486033517 0.14733178654292342 0.024581005586592177 0.02320185614849188
3 0.21508379888268156 0.17053364269141533 0.09944134078212291 0.02320185614849188