0 0.5811170212765957 0.016556291390728478 0.025 0.033112582781456956
0 0.2170212765957447 0.2781456953642384 0.010638297872340425 0.02207505518763797
0 0.2696808510638298 0.2781456953642384 0.010638297872340425 0.02207505518763797
0 0.2574468085106383 0.6975717439293598 0.01276595744680851 0.026490066225165563
0 0.2574468085106383 0.9028697571743929 0.01276595744680851 0.026490066225165563
0 0.7292553191489362 0.1479028697571744 0.0601063829787234 0.01545253863134658
1 0.7135638297872341 0.017108167770419427 0.18138297872340425 0.03421633554083885
1 0.3829787234042553 0.30022075055187636 0.0851063829787234 0.17660044150110377
1 0.3829787234042553 0.522075055187638 0.0851063829787234 0.17660044150110377
1 0.3829787234042553 0.7439293598233996 0.0851063829787234 0.17660044150110377
1 0.211968085106383 0.016004415011037526 0.07180851063829788 0.03200883002207505
2 0.4343085106382979 0.016556291390728478 0.31861702127659575 0.033112582781456956
2 0.4351063829787234 0.011037527593818985 0.007446808510638298 0.01545253863134658
2 0.18829787234042553 0.695364238410596 0.03297872340425532 0.02759381898454746
2 0.23085106382978723 0.695364238410596 0.03297872340425532 0.02759381898454746
2 0.18829787234042553 0.9006622516556292 0.03297872340425532 0.02759381898454746
2 0.23085106382978723 0.9006622516556292 0.03297872340425532 0.02759381898454746
3 0.4965425531914894 0.01379690949227373 0.14627659574468085 0.02759381898454746
3 0.6047872340425532 0.47019867549668876 0.33351063829787236 0.01545253863134658
3 0.45691489361702126 0.5607064017660044 0.03776595744680851 0.01545253863134658
3 0.5015957446808511 0.011037527593818985 0.1202127659574468 0.02207505518763797
3 0.18829787234042553 0.6975717439293598 0.031914893617021274 0.03421633554083885
3 0.23085106382978723 0.6975717439293598 0.031914893617021274 0.03421633554083885
3 0.18829787234042553 0.9028697571743929 0.031914893617021274 0.03421633554083885
3 0.23085106382978723 0.9028697571743929 0.031914893617021274 0.03421633554083885
3 0.5015957446808511 0.011037527593818985 0.1202127659574468 0.02207505518763797
3 0.18829787234042553 0.6975717439293598 0.031914893617021274 0.03421633554083885
3 0.23085106382978723 0.6975717439293598 0.031914893617021274 0.03421633554083885
3 0.18829787234042553 0.9028697571743929 0.031914893617021274 0.03421633554083885
3 0.23085106382978723 0.9028697571743929 0.031914893617021274 0.03421633554083885
3 0.24627659574468086 0.2052980132450331 0.1478723404255319 0.033112582781456956
3 0.6047872340425532 0.24061810154525387 0.33351063829787236 0.05739514348785872
3 0.6047872340425532 0.4481236203090508 0.33351063829787236 0.02869757174392936
3 0.6047872340425532 0.7240618101545254 0.33351063829787236 0.05739514348785872
3 0.6047872340425532 0.891832229580574 0.33351063829787236 0.02869757174392936
3 0.3382978723404255 0.0684326710816777 0.023936170212765957 0.02207505518763797
3 0.37340425531914895 0.0684326710816777 0.026595744680851064 0.02207505518763797
3 0.42021276595744683 0.0684326710816777 0.047872340425531915 0.02207505518763797
3 0.4627659574468085 0.0684326710816777 0.018617021276595744 0.02207505518763797
3 0.49361702127659574 0.0684326710816777 0.023936170212765957 0.02207505518763797
3 0.5255319148936171 0.0684326710816777 0.02074468085106383 0.02207505518763797
3 0.20691489361702128 0.38631346578366443 0.06914893617021277 0.019867549668874173
3 0.18351063829787234 0.47240618101545256 0.022872340425531913 0.019867549668874173
3 0.18617021276595744 0.4988962472406181 0.027659574468085105 0.019867549668874173
3 0.19627659574468084 0.5849889624724062 0.047872340425531915 0.019867549668874173
3 0.18776595744680852 0.6114790286975718 0.030851063829787233 0.019867549668874173
3 0.18829787234042553 0.6379690949227373 0.032446808510638296 0.019867549668874173
3 0.19148936170212766 0.6644591611479028 0.03829787234042553 0.019867549668874173
3 0.20159574468085106 0.7902869757174393 0.05851063829787234 0.019867549668874173
3 0.19787234042553192 0.8167770419426048 0.05106382978723404 0.019867549668874173
3 0.20106382978723406 0.8432671081677704 0.0574468085106383 0.019867549668874173
3 0.19893617021276597 0.869757174392936 0.05372340425531915 0.019867549668874173
3 0.25 0.38631346578366443 0.011702127659574468 0.019867549668874173
3 0.2047872340425532 0.47240618101545256 0.013829787234042552 0.019867549668874173
3 0.21010638297872342 0.4988962472406181 0.014361702127659574 0.019867549668874173
3 0.23085106382978723 0.5849889624724062 0.014893617021276596 0.019867549668874173
3 0.2127659574468085 0.6114790286975718 0.013829787234042552 0.019867549668874173
3 0.2148936170212766 0.6379690949227373 0.013829787234042552 0.019867549668874173
3 0.21968085106382979 0.6644591611479028 0.011702127659574468 0.019867549668874173
3 0.2404255319148936 0.7902869757174393 0.014361702127659574 0.019867549668874173
3 0.23297872340425532 0.8167770419426048 0.013829787234042552 0.019867549668874173
3 0.2404255319148936 0.8432671081677704 0.014893617021276596 0.019867549668874173
3 0.23457446808510637 0.869757174392936 0.011702127659574468 0.019867549668874173
3 0.21063829787234042 0.05187637969094923 0.061170212765957445 0.02207505518763797
3 0.20638297872340425 0.0728476821192053 0.061170212765957445 0.02207505518763797
3 0.22074468085106383 0.13796909492273732 0.09680851063829787 0.02207505518763797
3 0.2904255319148936 0.13796909492273732 0.023404255319148935 0.02207505518763797
3 0.21968085106382979 0.1600441501103753 0.09468085106382979 0.02207505518763797