0 0.23128491620111732 0.2819025522041763 0.0111731843575419 0.02320185614849188
0 0.7782122905027933 0.11020881670533643 0.06312849162011173 0.016241299303944315
1 0.4145251396648045 0.2703016241299304 0.0893854748603352 0.18561484918793503
1 0.4145251396648045 0.5034802784222738 0.0893854748603352 0.18561484918793503
1 0.4145251396648045 0.7366589327146171 0.0893854748603352 0.18561484918793503
3 0.647486033519553 0.21577726218097448 0.35027932960893854 0.016241299303944315
3 0.647486033519553 0.95707656612529 0.35027932960893854 0.016241299303944315
3 0.2709497206703911 0.18793503480278423 0.1553072625698324 0.06960556844547564
3 0.647486033519553 0.1925754060324826 0.35027932960893854 0.030162412993039442
3 0.647486033519553 0.425754060324826 0.35027932960893854 0.030162412993039442
3 0.647486033519553 0.6589327146171694 0.35027932960893854 0.030162412993039442
3 0.647486033519553 0.9338747099767981 0.35027932960893854 0.030162412993039442
3 0.3675977653631285 0.02668213457076566 0.025139664804469275 0.02320185614849188
3 0.4044692737430168 0.02668213457076566 0.027932960893854747 0.02320185614849188
3 0.45363128491620114 0.02668213457076566 0.05027932960893855 0.02320185614849188
3 0.4983240223463687 0.02668213457076566 0.019553072625698324 0.02320185614849188
3 0.5307262569832403 0.02668213457076566 0.025139664804469275 0.02320185614849188
3 0.5642458100558659 0.02668213457076566 0.021787709497206705 0.02320185614849188
3 0.22960893854748604 0.39559164733178653 0.07262569832402235 0.02088167053364269
3 0.20335195530726258 0.48607888631090485 0.020670391061452513 0.02088167053364269
3 0.20391061452513967 0.5139211136890951 0.021787709497206705 0.02088167053364269
3 0.20893854748603352 0.5417633410672854 0.031843575418994415 0.02088167053364269
3 0.20949720670391062 0.5696055684454756 0.03240223463687151 0.02088167053364269
3 0.20391061452513967 0.5974477958236659 0.021787709497206705 0.02088167053364269
3 0.2100558659217877 0.6252900232018561 0.0335195530726257 0.02088167053364269
3 0.19776536312849163 0.6531322505800464 0.009497206703910615 0.02088167053364269
3 0.2011173184357542 0.6809744779582366 0.016201117318435754 0.02088167053364269
3 0.20335195530726258 0.7088167053364269 0.020670391061452513 0.02088167053364269
3 0.21284916201117318 0.8306264501160093 0.03910614525139665 0.02088167053364269
3 0.2217877094972067 0.8584686774941995 0.057541899441340784 0.02088167053364269
3 0.2217877094972067 0.9489559164733179 0.057541899441340784 0.02088167053364269
3 0.20391061452513967 0.9767981438515081 0.021229050279329607 0.02088167053364269
3 0.2748603351955307 0.39559164733178653 0.012290502793296089 0.02088167053364269
3 0.2245810055865922 0.48607888631090485 0.01452513966480447 0.02088167053364269
3 0.2245810055865922 0.5139211136890951 0.012849162011173185 0.02088167053364269
3 0.2340782122905028 0.5417633410672854 0.012290502793296089 0.02088167053364269
3 0.23519553072625698 0.5696055684454756 0.012290502793296089 0.02088167053364269
3 0.2245810055865922 0.5974477958236659 0.012290502793296089 0.02088167053364269
3 0.23631284916201117 0.6252900232018561 0.012290502793296089 0.02088167053364269
3 0.211731843575419 0.6531322505800464 0.012290502793296089 0.02088167053364269
3 0.21731843575418994 0.6809744779582366 0.010614525139664804 0.02088167053364269
3 0.2223463687150838 0.7088167053364269 0.010614525139664804 0.02088167053364269
3 0.2430167597765363 0.8306264501160093 0.016201117318435754 0.02088167053364269
3 0.2608938547486033 0.8584686774941995 0.015083798882681564 0.02088167053364269
3 0.25977653631284914 0.9489559164733179 0.012290502793296089 0.02088167053364269
3 0.22513966480446929 0.9767981438515081 0.01452513966480447 0.02088167053364269
3 0.2335195530726257 0.011020881670533642 0.06480446927374302 0.022041763341067284
3 0.22905027932960895 0.031322505800464036 0.06424581005586592 0.02320185614849188
3 0.2441340782122905 0.09976798143851508 0.10167597765363129 0.02320185614849188
3 0.31731843575418994 0.09976798143851508 0.024581005586592177 0.02320185614849188
3 0.2430167597765363 0.12296983758700696 0.09944134078212291 0.02320185614849188