0 0.5776881720430107 0.013392857142857142 0.025268817204301075 0.026785714285714284
0 0.1935483870967742 0.27455357142857145 0.010752688172043012 0.022321428571428572
0 0.25053763440860216 0.8125 0.012903225806451613 0.026785714285714284
0 0.7274193548387097 0.14285714285714285 0.06075268817204301 0.015625
1 0.7115591397849462 0.013950892857142858 0.18333333333333332 0.027901785714285716
1 0.3774193548387097 0.296875 0.08602150537634409 0.17857142857142858
1 0.3774193548387097 0.5212053571428571 0.08602150537634409 0.17857142857142858
1 0.3774193548387097 0.7455357142857143 0.08602150537634409 0.17857142857142858
1 0.20456989247311827 0.012834821428571428 0.07258064516129033 0.025669642857142856
2 0.4293010752688172 0.013392857142857142 0.32204301075268815 0.026785714285714284
2 0.4303763440860215 0.006696428571428571 0.008064516129032258 0.013392857142857142
2 0.18064516129032257 0.8102678571428571 0.03333333333333333 0.027901785714285716
2 0.22365591397849463 0.8102678571428571 0.03333333333333333 0.027901785714285716
3 0.4922043010752688 0.010602678571428572 0.1478494623655914 0.021205357142857144
3 0.4521505376344086 0.34933035714285715 0.038172043010752686 0.015625
3 0.6016129032258064 0.7332589285714286 0.3370967741935484 0.015625
3 0.4975806451612903 0.008370535714285714 0.12204301075268817 0.016741071428571428
3 0.18064516129032257 0.8125 0.03225806451612903 0.03459821428571429
3 0.22365591397849463 0.8125 0.03225806451612903 0.03459821428571429
3 0.4975806451612903 0.008370535714285714 0.12204301075268817 0.016741071428571428
3 0.18064516129032257 0.8125 0.03225806451612903 0.03459821428571429
3 0.22365591397849463 0.8125 0.03225806451612903 0.03459821428571429
3 0.239247311827957 0.20089285714285715 0.14946236559139786 0.033482142857142856
3 0.6016129032258064 0.23660714285714285 0.3370967741935484 0.05803571428571429
3 0.6016129032258064 0.44642857142857145 0.3370967741935484 0.029017857142857144
3 0.6016129032258064 0.7109375 0.3370967741935484 0.029017857142857144
3 0.6016129032258064 0.9095982142857143 0.3370967741935484 0.05803571428571429
3 0.33225806451612905 0.0625 0.024193548387096774 0.022321428571428572
3 0.36774193548387096 0.0625 0.026881720430107527 0.022321428571428572
3 0.4150537634408602 0.0625 0.04838709677419355 0.022321428571428572
3 0.45806451612903226 0.0625 0.01881720430107527 0.022321428571428572
3 0.489247311827957 0.0625 0.024193548387096774 0.022321428571428572
3 0.521505376344086 0.0625 0.020967741935483872 0.022321428571428572
3 0.19946236559139785 0.38392857142857145 0.06989247311827956 0.020089285714285716
3 0.18333333333333332 0.47098214285714285 0.03763440860215054 0.020089285714285716
3 0.19193548387096773 0.49776785714285715 0.0553763440860215 0.020089285714285716
3 0.17849462365591398 0.5848214285714286 0.02795698924731183 0.020089285714285716
3 0.17580645161290323 0.6116071428571429 0.023118279569892472 0.020089285714285716
3 0.19193548387096773 0.6986607142857143 0.0553763440860215 0.020089285714285716
3 0.18064516129032257 0.7254464285714286 0.032795698924731186 0.020089285714285716
3 0.1774193548387097 0.7522321428571429 0.026344086021505377 0.020089285714285716
3 0.18387096774193548 0.7790178571428571 0.03870967741935484 0.020089285714285716
3 0.19408602150537635 0.90625 0.05913978494623656 0.020089285714285716
3 0.18924731182795698 0.9330357142857143 0.04946236559139785 0.020089285714285716
3 0.18978494623655914 0.9598214285714286 0.051075268817204304 0.020089285714285716
3 0.1913978494623656 0.9866071428571429 0.0543010752688172 0.020089285714285716
3 0.24408602150537634 0.38392857142857145 0.014516129032258065 0.020089285714285716
3 0.21451612903225806 0.47098214285714285 0.01989247311827957 0.020089285714285716
3 0.2306451612903226 0.49776785714285715 0.016666666666666666 0.020089285714285716
3 0.20591397849462365 0.5848214285714286 0.02043010752688172 0.020089285714285716
3 0.1967741935483871 0.6116071428571429 0.013440860215053764 0.020089285714285716
3 0.2306451612903226 0.6986607142857143 0.016129032258064516 0.020089285714285716
3 0.20806451612903226 0.7254464285714286 0.015591397849462365 0.020089285714285716
3 0.2010752688172043 0.7522321428571429 0.015591397849462365 0.020089285714285716
3 0.21236559139784947 0.7790178571428571 0.011827956989247311 0.020089285714285716
3 0.23387096774193547 0.90625 0.015591397849462365 0.020089285714285716
3 0.22473118279569892 0.9330357142857143 0.016129032258064516 0.020089285714285716
3 0.22688172043010751 0.9598214285714286 0.016129032258064516 0.020089285714285716
3 0.23010752688172043 0.9866071428571429 0.016666666666666666 0.020089285714285716
3 0.2032258064516129 0.04575892857142857 0.06182795698924731 0.022321428571428572
3 0.1989247311827957 0.06696428571428571 0.06182795698924731 0.022321428571428572
3 0.21344086021505376 0.1328125 0.0978494623655914 0.022321428571428572
3 0.2838709677419355 0.1328125 0.023655913978494623 0.022321428571428572
3 0.21236559139784947 0.15513392857142858 0.0956989247311828 0.022321428571428572