0 0.5866120218579235 0.022108843537414966 0.025683060109289616 0.04421768707482993
0 0.19617486338797815 0.29591836734693877 0.01092896174863388 0.022675736961451247
0 0.2540983606557377 0.8424036281179138 0.013114754098360656 0.027210884353741496
0 0.7387978142076502 0.1621315192743764 0.06174863387978142 0.015873015873015872
1 0.7224043715846995 0.022675736961451247 0.18579234972677597 0.04421768707482993
1 0.3830601092896175 0.31859410430839 0.08743169398907104 0.18140589569160998
1 0.3830601092896175 0.546485260770975 0.08743169398907104 0.18140589569160998
1 0.3830601092896175 0.7743764172335601 0.08743169398907104 0.18140589569160998
1 0.20710382513661202 0.022675736961451247 0.073224043715847 0.03854875283446712
2 0.43579234972677594 0.022108843537414966 0.3273224043715847 0.04421768707482993
2 0.43661202185792347 0.021541950113378686 0.007650273224043716 0.015873015873015872
2 0.1830601092896175 0.8401360544217688 0.033879781420765025 0.02834467120181406
2 0.226775956284153 0.8401360544217688 0.033879781420765025 0.02834467120181406
3 0.4994535519125683 0.022675736961451247 0.14972677595628414 0.02947845804988662
3 0.45901639344262296 0.37188208616780044 0.03879781420765027 0.015873015873015872
3 0.6109289617486339 0.7619047619047619 0.34262295081967215 0.015873015873015872
3 0.5049180327868853 0.021541950113378686 0.12349726775956284 0.022675736961451247
3 0.1830601092896175 0.8424036281179138 0.03278688524590164 0.035147392290249435
3 0.226775956284153 0.8424036281179138 0.03278688524590164 0.035147392290249435
3 0.5049180327868853 0.021541950113378686 0.12349726775956284 0.022675736961451247
3 0.1830601092896175 0.8424036281179138 0.03278688524590164 0.035147392290249435
3 0.226775956284153 0.8424036281179138 0.03278688524590164 0.035147392290249435
3 0.24262295081967214 0.22108843537414966 0.15191256830601094 0.034013605442176874
3 0.6109289617486339 0.25736961451247165 0.34262295081967215 0.05895691609977324
3 0.6109289617486339 0.47052154195011336 0.34262295081967215 0.02947845804988662
3 0.6109289617486339 0.7392290249433107 0.34262295081967215 0.02947845804988662
3 0.6109289617486339 0.9410430839002267 0.34262295081967215 0.05895691609977324
3 0.3371584699453552 0.08049886621315193 0.02459016393442623 0.022675736961451247
3 0.373224043715847 0.08049886621315193 0.0273224043715847 0.022675736961451247
3 0.42131147540983604 0.08049886621315193 0.04918032786885246 0.022675736961451247
3 0.46502732240437156 0.08049886621315193 0.01912568306010929 0.022675736961451247
3 0.4967213114754098 0.08049886621315193 0.02459016393442623 0.022675736961451247
3 0.5295081967213114 0.08049886621315193 0.021311475409836064 0.022675736961451247
3 0.20218579234972678 0.4070294784580499 0.07103825136612021 0.02040816326530612
3 0.18579234972677597 0.4954648526077097 0.03825136612021858 0.02040816326530612
3 0.19453551912568307 0.5226757369614512 0.05628415300546448 0.02040816326530612
3 0.1808743169398907 0.6111111111111112 0.02841530054644809 0.02040816326530612
3 0.17814207650273223 0.6383219954648526 0.023497267759562842 0.02040816326530612
3 0.19453551912568307 0.7267573696145124 0.05628415300546448 0.02040816326530612
3 0.1830601092896175 0.753968253968254 0.03333333333333333 0.02040816326530612
3 0.17978142076502732 0.7811791383219955 0.026775956284153007 0.02040816326530612
3 0.18633879781420765 0.808390022675737 0.03934426229508197 0.02040816326530612
3 0.19672131147540983 0.937641723356009 0.060109289617486336 0.02040816326530612
3 0.1918032786885246 0.9648526077097506 0.05027322404371585 0.02040816326530612
3 0.1923497267759563 0.9903628117913832 0.05245901639344262 0.017006802721088437
3 0.24754098360655738 0.4070294784580499 0.014754098360655738 0.02040816326530612
3 0.2174863387978142 0.4954648526077097 0.020218579234972677 0.02040816326530612
3 0.23387978142076501 0.5226757369614512 0.016939890710382512 0.02040816326530612
3 0.2087431693989071 0.6111111111111112 0.020765027322404372 0.02040816326530612
3 0.1994535519125683 0.6383219954648526 0.01366120218579235 0.02040816326530612
3 0.23387978142076501 0.7267573696145124 0.01639344262295082 0.02040816326530612
3 0.21092896174863388 0.753968253968254 0.015846994535519125 0.02040816326530612
3 0.20382513661202187 0.7811791383219955 0.015846994535519125 0.02040816326530612
3 0.21530054644808744 0.808390022675737 0.012021857923497269 0.02040816326530612
3 0.2371584699453552 0.937641723356009 0.015846994535519125 0.02040816326530612
3 0.2278688524590164 0.9648526077097506 0.01639344262295082 0.02040816326530612
3 0.230327868852459 0.9903628117913832 0.016939890710382512 0.017006802721088437
3 0.20601092896174864 0.06349206349206349 0.06284153005464481 0.022675736961451247
3 0.20163934426229507 0.08503401360544217 0.06284153005464481 0.022675736961451247
3 0.21639344262295082 0.15192743764172337 0.0994535519125683 0.022675736961451247
3 0.28797814207650274 0.15192743764172337 0.024043715846994537 0.022675736961451247
3 0.21530054644808744 0.1746031746031746 0.09726775956284153 0.022675736961451247