0 0.7179633867276888 0.16152019002375298 0.06464530892448513 0.0166270783847981
1 0.34553775743707094 0.3254156769596199 0.09153318077803203 0.19002375296912113
1 0.34553775743707094 0.5641330166270784 0.09153318077803203 0.19002375296912113
1 0.34553775743707094 0.8028503562945368 0.09153318077803203 0.19002375296912113
3 0.19851258581235698 0.1995249406175772 0.15903890160183065 0.035629453681710214
3 0.584096109839817 0.26128266033254155 0.358695652173913 0.06175771971496437
3 0.584096109839817 0.5 0.358695652173913 0.06175771971496437
3 0.584096109839817 0.7232779097387173 0.358695652173913 0.030878859857482184
3 0.584096109839817 0.994061757719715 0.35926773455377575 0.009501187648456057
3 0.2974828375286041 0.03681710213776722 0.02574370709382151 0.023752969121140142
3 0.3352402745995423 0.03681710213776722 0.028604118993135013 0.023752969121140142
3 0.38558352402745993 0.03681710213776722 0.05148741418764302 0.023752969121140142
3 0.43135011441647597 0.03681710213776722 0.02002288329519451 0.023752969121140142
3 0.4645308924485126 0.03681710213776722 0.02574370709382151 0.023752969121140142
3 0.4988558352402746 0.03681710213776722 0.02231121281464531 0.023752969121140142
3 0.15617848970251716 0.5154394299287411 0.07437070938215103 0.021377672209026127
3 0.16990846681922198 0.6080760095011877 0.10183066361556065 0.021377672209026127
3 0.16075514874141877 0.6365795724465558 0.08409610983981694 0.021377672209026127
3 0.13901601830663615 0.665083135391924 0.04004576659038902 0.021377672209026127
3 0.13844393592677345 0.6935866983372921 0.039473684210526314 0.021377672209026127
3 0.15217391304347827 0.7220902612826603 0.06636155606407322 0.021377672209026127
3 0.12871853546910755 0.7505938242280285 0.019450800915331808 0.021377672209026127
3 0.12929061784897025 0.8432304038004751 0.020594965675057208 0.021377672209026127
3 0.13844393592677345 0.9358669833729216 0.038901601830663615 0.021377672209026127
3 0.16533180778032036 0.9643705463182898 0.09324942791762014 0.021377672209026127
3 0.2030892448512586 0.5154394299287411 0.014302059496567507 0.021377672209026127
3 0.2351258581235698 0.6080760095011877 0.021739130434782608 0.021377672209026127
3 0.21967963386727687 0.6365795724465558 0.02745995423340961 0.021377672209026127
3 0.17391304347826086 0.665083135391924 0.02402745995423341 0.021377672209026127
3 0.17276887871853547 0.6935866983372921 0.021739130434782608 0.021377672209026127
3 0.19393592677345536 0.7220902612826603 0.010869565217391304 0.021377672209026127
3 0.14874141876430205 0.7505938242280285 0.015446224256292907 0.021377672209026127
3 0.15274599542334097 0.8432304038004751 0.02116704805491991 0.021377672209026127
3 0.17048054919908467 0.9358669833729216 0.02002288329519451 0.021377672209026127
3 0.22711670480549198 0.9643705463182898 0.02402745995423341 0.021377672209026127
3 0.16018306636155608 0.019002375296912115 0.06578947368421052 0.023752969121140142
3 0.15560640732265446 0.04156769596199525 0.06578947368421052 0.023752969121140142
3 0.17105263157894737 0.1508313539192399 0.10411899313501144 0.023752969121140142