0 0.5959016393442623 0.012471655328798186 0.025683060109289616 0.024943310657596373
0 0.7480874316939891 0.18027210884353742 0.06174863387978142 0.015873015873015872
1 0.7319672131147541 0.013038548752834467 0.18633879781420765 0.026077097505668934
1 0.3923497267759563 0.336734693877551 0.08743169398907104 0.18140589569160998
1 0.3923497267759563 0.564625850340136 0.08743169398907104 0.18140589569160998
1 0.3923497267759563 0.7925170068027211 0.08743169398907104 0.18140589569160998
1 0.21666666666666667 0.011904761904761904 0.07377049180327869 0.023809523809523808
2 0.44508196721311477 0.012471655328798186 0.3273224043715847 0.024943310657596373
2 0.4461748633879781 0.005668934240362812 0.00819672131147541 0.011337868480725623
3 0.509016393442623 0.00963718820861678 0.15027322404371585 0.01927437641723356
3 0.5144808743169399 0.007369614512471655 0.12404371584699453 0.01473922902494331
3 0.5144808743169399 0.007369614512471655 0.12404371584699453 0.01473922902494331
3 0.25191256830601094 0.23356009070294784 0.15191256830601094 0.06802721088435375
3 0.6202185792349727 0.2755102040816326 0.34262295081967215 0.05895691609977324
3 0.6202185792349727 0.5034013605442177 0.34262295081967215 0.05895691609977324
3 0.6202185792349727 0.7165532879818595 0.34262295081967215 0.02947845804988662
3 0.6202185792349727 0.9846938775510204 0.34316939890710385 0.02834467120181406
3 0.346448087431694 0.061224489795918366 0.02459016393442623 0.022675736961451247
3 0.3825136612021858 0.061224489795918366 0.0273224043715847 0.022675736961451247
3 0.4306010928961749 0.061224489795918366 0.04918032786885246 0.022675736961451247
3 0.4743169398907104 0.061224489795918366 0.01912568306010929 0.022675736961451247
3 0.5060109289617486 0.061224489795918366 0.02459016393442623 0.022675736961451247
3 0.5387978142076503 0.061224489795918366 0.021311475409836064 0.022675736961451247
3 0.21147540983606558 0.37755102040816324 0.07103825136612021 0.02040816326530612
3 0.18579234972677597 0.46598639455782315 0.020218579234972677 0.02040816326530612
3 0.1912568306010929 0.4931972789115646 0.03114754098360656 0.02040816326530612
3 0.18633879781420765 0.5204081632653061 0.021311475409836064 0.02040816326530612
3 0.1918032786885246 0.5476190476190477 0.03169398907103825 0.02040816326530612
3 0.1923497267759563 0.5748299319727891 0.03278688524590164 0.02040816326530612
3 0.18907103825136612 0.6020408163265306 0.026775956284153007 0.02040816326530612
3 0.18032786885245902 0.6292517006802721 0.009289617486338797 0.02040816326530612
3 0.18633879781420765 0.6564625850340136 0.021311475409836064 0.02040816326530612
3 0.18688524590163935 0.6836734693877551 0.022404371584699455 0.02040816326530612
3 0.19508196721311474 0.8027210884353742 0.03825136612021858 0.02040816326530612
3 0.20382513661202187 0.8299319727891157 0.05628415300546448 0.02040816326530612
3 0.18743169398907103 0.9183673469387755 0.023497267759562842 0.02040816326530612
3 0.1901639344262295 0.9455782312925171 0.02841530054644809 0.02040816326530612
3 0.25792349726775954 0.37755102040816324 0.01639344262295082 0.02040816326530612
3 0.2098360655737705 0.46598639455782315 0.021311475409836064 0.02040816326530612
3 0.2180327868852459 0.4931972789115646 0.016939890710382512 0.02040816326530612
3 0.2087431693989071 0.5204081632653061 0.016939890710382512 0.02040816326530612
3 0.2191256830601093 0.5476190476190477 0.01639344262295082 0.02040816326530612
3 0.22021857923497268 0.5748299319727891 0.016939890710382512 0.02040816326530612
3 0.21311475409836064 0.6020408163265306 0.015846994535519125 0.02040816326530612
3 0.19562841530054645 0.6292517006802721 0.015846994535519125 0.02040816326530612
3 0.2087431693989071 0.6564625850340136 0.01639344262295082 0.02040816326530612
3 0.2098360655737705 0.6836734693877551 0.016939890710382512 0.02040816326530612
3 0.2278688524590164 0.8027210884353742 0.022404371584699455 0.02040816326530612
3 0.24316939890710382 0.8299319727891157 0.016939890710382512 0.02040816326530612
3 0.21202185792349726 0.9183673469387755 0.019672131147540985 0.02040816326530612
3 0.2191256830601093 0.9455782312925171 0.022950819672131147 0.02040816326530612
3 0.21530054644808744 0.04421768707482993 0.06284153005464481 0.022675736961451247
3 0.21092896174863388 0.06575963718820861 0.06284153005464481 0.022675736961451247
3 0.22568306010928962 0.17006802721088435 0.0994535519125683 0.022675736961451247
3 0.2972677595628415 0.17006802721088435 0.024043715846994537 0.022675736961451247