0 0.5855555555555556 0.023094688221709007 0.025555555555555557 0.04503464203233257
0 0.23666666666666666 0.302540415704388 0.011111111111111112 0.023094688221709007
0 0.2811111111111111 0.302540415704388 0.011111111111111112 0.023094688221709007
0 0.2477777777777778 0.76905311778291 0.013333333333333334 0.02771362586605081
0 0.2477777777777778 0.9838337182448037 0.013333333333333334 0.02771362586605081
0 0.7405555555555555 0.15704387990762125 0.06277777777777778 0.016166281755196306
0 0.8216666666666667 0.24364896073903003 0.017777777777777778 0.03695150115473441
1 0.7238888888888889 0.02424942263279446 0.18888888888888888 0.04503464203233257
1 0.3388888888888889 0.24480369515011546 0.030555555555555555 0.06351039260969978
1 0.4638888888888889 0.24480369515011546 0.030555555555555555 0.06351039260969978
1 0.5888888888888889 0.24480369515011546 0.030555555555555555 0.06351039260969978
1 0.7138888888888889 0.24480369515011546 0.030555555555555555 0.06351039260969978
1 0.3788888888888889 0.42032332563510394 0.08888888888888889 0.18475750577367206
1 0.3788888888888889 0.6524249422632794 0.08888888888888889 0.18475750577367206
1 0.3788888888888889 0.8845265588914549 0.08888888888888889 0.18475750577367206
1 0.2 0.02424942263279446 0.07444444444444444 0.03926096997690531
2 0.43222222222222223 0.023094688221709007 0.3322222222222222 0.04503464203233257
2 0.475 0.023094688221709007 0.0077777777777777776 0.016166281755196306
2 0.17555555555555555 0.766743648960739 0.034444444444444444 0.028868360277136258
2 0.22 0.766743648960739 0.034444444444444444 0.028868360277136258
2 0.17555555555555555 0.9815242494226328 0.034444444444444444 0.028868360277136258
2 0.22 0.9815242494226328 0.034444444444444444 0.028868360277136258
3 0.5177777777777778 0.02424942263279446 0.11055555555555556 0.03002309468822171
3 0.6105555555555555 0.407621247113164 0.34833333333333333 0.016166281755196306
3 0.6105555555555555 0.628175519630485 0.34833333333333333 0.016166281755196306
3 0.45611111111111113 0.7020785219399538 0.03944444444444444 0.016166281755196306
3 0.6105555555555555 0.8302540415704388 0.34833333333333333 0.016166281755196306
3 0.5233333333333333 0.023094688221709007 0.08388888888888889 0.023094688221709007
3 0.17555555555555555 0.76905311778291 0.03333333333333333 0.03579676674364896
3 0.22 0.76905311778291 0.03333333333333333 0.03579676674364896
3 0.17583333333333334 0.9821016166281755 0.03388888888888889 0.03348729792147806
3 0.22027777777777777 0.9821016166281755 0.03388888888888889 0.03348729792147806
3 0.5233333333333333 0.023094688221709007 0.08388888888888889 0.023094688221709007
3 0.17555555555555555 0.76905311778291 0.03333333333333333 0.03579676674364896
3 0.22 0.76905311778291 0.03333333333333333 0.03579676674364896
3 0.17583333333333334 0.9821016166281755 0.03388888888888889 0.03348729792147806
3 0.22027777777777777 0.9821016166281755 0.03388888888888889 0.03348729792147806
3 0.2361111111111111 0.22632794457274827 0.15444444444444444 0.03464203233256351
3 0.6105555555555555 0.384526558891455 0.34833333333333333 0.03002309468822171
3 0.6105555555555555 0.5900692840646651 0.34833333333333333 0.06004618937644342
3 0.6105555555555555 0.8071593533487298 0.34833333333333333 0.03002309468822171
3 0.39555555555555555 0.23094688221709006 0.07222222222222222 0.021939953810623556
3 0.5205555555555555 0.23094688221709006 0.07222222222222222 0.021939953810623556
3 0.6455555555555555 0.23094688221709006 0.07222222222222222 0.021939953810623556
3 0.7705555555555555 0.23094688221709006 0.07222222222222222 0.021939953810623556
3 0.3322222222222222 0.08314087759815242 0.025 0.023094688221709007
3 0.3688888888888889 0.08314087759815242 0.027777777777777776 0.023094688221709007
3 0.4177777777777778 0.08314087759815242 0.05 0.023094688221709007
3 0.4622222222222222 0.08314087759815242 0.019444444444444445 0.023094688221709007
3 0.49444444444444446 0.08314087759815242 0.025 0.023094688221709007
3 0.5277777777777778 0.08314087759815242 0.021666666666666667 0.023094688221709007
3 0.17833333333333334 0.41570438799076215 0.03888888888888889 0.020785219399538105
3 0.18722222222222223 0.44341801385681295 0.05722222222222222 0.020785219399538105
3 0.17333333333333334 0.5334872979214781 0.028888888888888888 0.020785219399538105
3 0.17055555555555554 0.5612009237875288 0.02388888888888889 0.020785219399538105
3 0.18388888888888888 0.651270207852194 0.050555555555555555 0.020785219399538105
3 0.1661111111111111 0.6789838337182448 0.015 0.020785219399538105
3 0.17222222222222222 0.7066974595842956 0.02722222222222222 0.020785219399538105
3 0.17888888888888888 0.7344110854503464 0.04 0.020785219399538105
3 0.18944444444444444 0.8660508083140878 0.06111111111111111 0.020785219399538105
3 0.18444444444444444 0.8937644341801386 0.051111111111111114 0.020785219399538105
3 0.18555555555555556 0.9214780600461894 0.05333333333333334 0.020785219399538105
3 0.18666666666666668 0.9491916859122402 0.05611111111111111 0.020785219399538105
3 0.20666666666666667 0.41570438799076215 0.012222222222222223 0.020785219399538105
3 0.2238888888888889 0.44341801385681295 0.010555555555555556 0.020785219399538105
3 0.19722222222222222 0.5334872979214781 0.012777777777777779 0.020785219399538105
3 0.19166666666666668 0.5612009237875288 0.012222222222222223 0.020785219399538105
3 0.21888888888888888 0.651270207852194 0.012222222222222223 0.020785219399538105
3 0.1827777777777778 0.6789838337182448 0.012222222222222223 0.020785219399538105
3 0.19444444444444445 0.7066974595842956 0.011666666666666667 0.020785219399538105
3 0.20722222222222222 0.7344110854503464 0.010555555555555556 0.020785219399538105
3 0.2288888888888889 0.8660508083140878 0.012222222222222223 0.020785219399538105
3 0.21944444444444444 0.8937644341801386 0.012777777777777779 0.020785219399538105
3 0.22111111111111112 0.9214780600461894 0.012222222222222223 0.020785219399538105
3 0.22444444444444445 0.9491916859122402 0.012222222222222223 0.020785219399538105
3 0.1988888888888889 0.06581986143187067 0.06388888888888888 0.023094688221709007
3 0.19444444444444445 0.08775981524249422 0.06388888888888888 0.023094688221709007
3 0.20944444444444443 0.1558891454965358 0.10111111111111111 0.023094688221709007
3 0.2822222222222222 0.1558891454965358 0.024444444444444446 0.023094688221709007
3 0.20833333333333334 0.1789838337182448 0.09888888888888889 0.023094688221709007