0 0.6064606741573034 0.012850467289719626 0.026404494382022473 0.02570093457943925
0 0.2533707865168539 0.2850467289719626 0.011235955056179775 0.02336448598130841
0 0.298314606741573 0.2850467289719626 0.011235955056179775 0.02336448598130841
0 0.2646067415730337 0.7570093457943925 0.01348314606741573 0.028037383177570093
0 0.2646067415730337 0.9742990654205608 0.01348314606741573 0.028037383177570093
0 0.7629213483146068 0.1378504672897196 0.06348314606741573 0.016355140186915886
0 0.8449438202247191 0.22546728971962618 0.017977528089887642 0.037383177570093455
1 0.7463483146067416 0.013434579439252336 0.19157303370786516 0.026869158878504672
1 0.35674157303370785 0.2266355140186916 0.03089887640449438 0.06425233644859812
1 0.48314606741573035 0.2266355140186916 0.03089887640449438 0.06425233644859812
1 0.6095505617977528 0.2266355140186916 0.03089887640449438 0.06425233644859812
1 0.7359550561797753 0.2266355140186916 0.03089887640449438 0.06425233644859812
1 0.39719101123595507 0.40420560747663553 0.0898876404494382 0.18691588785046728
1 0.39719101123595507 0.639018691588785 0.0898876404494382 0.18691588785046728
1 0.39719101123595507 0.8738317757009346 0.0898876404494382 0.18691588785046728
1 0.21657303370786518 0.012266355140186916 0.07584269662921349 0.02453271028037383
2 0.45140449438202246 0.012850467289719626 0.3365168539325843 0.02570093457943925
2 0.49466292134831463 0.005841121495327103 0.008426966292134831 0.011682242990654205
2 0.19157303370786516 0.7546728971962616 0.0348314606741573 0.029205607476635514
2 0.23651685393258426 0.7546728971962616 0.0348314606741573 0.029205607476635514
2 0.19157303370786516 0.9719626168224299 0.0348314606741573 0.029205607476635514
2 0.23651685393258426 0.9719626168224299 0.0348314606741573 0.029205607476635514
3 0.5376404494382022 0.009929906542056074 0.11235955056179775 0.01985981308411215
3 0.6314606741573033 0.39135514018691586 0.35224719101123597 0.016355140186915886
3 0.6314606741573033 0.6144859813084113 0.35224719101123597 0.016355140186915886
3 0.4752808988764045 0.6892523364485982 0.039887640449438204 0.016355140186915886
3 0.6314606741573033 0.8189252336448598 0.35224719101123597 0.016355140186915886
3 0.5432584269662921 0.007593457943925234 0.0853932584269663 0.015186915887850467
3 0.19157303370786516 0.7570093457943925 0.033707865168539325 0.036214953271028034
3 0.23651685393258426 0.7570093457943925 0.033707865168539325 0.036214953271028034
3 0.19157303370786516 0.9742990654205608 0.033707865168539325 0.036214953271028034
3 0.23651685393258426 0.9742990654205608 0.033707865168539325 0.036214953271028034
3 0.5432584269662921 0.007593457943925234 0.0853932584269663 0.015186915887850467
3 0.19157303370786516 0.7570093457943925 0.033707865168539325 0.036214953271028034
3 0.23651685393258426 0.7570093457943925 0.033707865168539325 0.036214953271028034
3 0.19157303370786516 0.9742990654205608 0.033707865168539325 0.036214953271028034
3 0.23651685393258426 0.9742990654205608 0.033707865168539325 0.036214953271028034
3 0.25280898876404495 0.20794392523364486 0.15617977528089888 0.035046728971962614
3 0.6314606741573033 0.3679906542056075 0.35224719101123597 0.030373831775700934
3 0.6314606741573033 0.5759345794392523 0.35224719101123597 0.06074766355140187
3 0.6314606741573033 0.7955607476635514 0.35224719101123597 0.030373831775700934
3 0.4140449438202247 0.21261682242990654 0.07303370786516854 0.02219626168224299
3 0.5404494382022472 0.21261682242990654 0.07303370786516854 0.02219626168224299
3 0.6668539325842696 0.21261682242990654 0.07303370786516854 0.02219626168224299
3 0.7932584269662921 0.21261682242990654 0.07303370786516854 0.02219626168224299
3 0.35 0.0630841121495327 0.025280898876404494 0.02336448598130841
3 0.38707865168539324 0.0630841121495327 0.028089887640449437 0.02336448598130841
3 0.43651685393258427 0.0630841121495327 0.05056179775280899 0.02336448598130841
3 0.48146067415730337 0.0630841121495327 0.019662921348314606 0.02336448598130841
3 0.5140449438202247 0.0630841121495327 0.025280898876404494 0.02336448598130841
3 0.547752808988764 0.0630841121495327 0.021910112359550562 0.02336448598130841
3 0.1943820224719101 0.39953271028037385 0.03932584269662921 0.02102803738317757
3 0.20337078651685395 0.42757009345794394 0.05786516853932584 0.02102803738317757
3 0.18932584269662922 0.5186915887850467 0.029213483146067417 0.02102803738317757
3 0.18651685393258427 0.5467289719626168 0.024157303370786518 0.02102803738317757
3 0.2 0.6378504672897196 0.05112359550561798 0.02102803738317757
3 0.18202247191011237 0.6658878504672897 0.015168539325842697 0.02102803738317757
3 0.18820224719101122 0.6939252336448598 0.02752808988764045 0.02102803738317757
3 0.1949438202247191 0.7219626168224299 0.04044943820224719 0.02102803738317757
3 0.20561797752808988 0.8551401869158879 0.06179775280898876 0.02102803738317757
3 0.200561797752809 0.883177570093458 0.051685393258426963 0.02102803738317757
3 0.20168539325842696 0.9112149532710281 0.05393258426966292 0.02102803738317757
3 0.20280898876404493 0.9392523364485982 0.056741573033707866 0.02102803738317757
3 0.22303370786516855 0.39953271028037385 0.012359550561797753 0.02102803738317757
3 0.24044943820224718 0.42757009345794394 0.010674157303370787 0.02102803738317757
3 0.21348314606741572 0.5186915887850467 0.012921348314606741 0.02102803738317757
3 0.20786516853932585 0.5467289719626168 0.012359550561797753 0.02102803738317757
3 0.2353932584269663 0.6378504672897196 0.012359550561797753 0.02102803738317757
3 0.19887640449438201 0.6658878504672897 0.012359550561797753 0.02102803738317757
3 0.21067415730337077 0.6939252336448598 0.011797752808988765 0.02102803738317757
3 0.22359550561797753 0.7219626168224299 0.010674157303370787 0.02102803738317757
3 0.2455056179775281 0.8551401869158879 0.012359550561797753 0.02102803738317757
3 0.23595505617977527 0.883177570093458 0.012921348314606741 0.02102803738317757
3 0.23764044943820226 0.9112149532710281 0.012359550561797753 0.02102803738317757
3 0.2410112359550562 0.9392523364485982 0.012359550561797753 0.02102803738317757
3 0.2151685393258427 0.0455607476635514 0.06460674157303371 0.02336448598130841
3 0.21067415730337077 0.06775700934579439 0.06460674157303371 0.02336448598130841
3 0.2258426966292135 0.1366822429906542 0.10224719101123596 0.02336448598130841
3 0.29943820224719103 0.1366822429906542 0.024719101123595506 0.02336448598130841
3 0.2247191011235955 0.16004672897196262 0.1 0.02336448598130841