0 0.584375 0.02922077922077922 0.023958333333333335 0.04220779220779221
0 0.21354166666666666 0.2911255411255411 0.010416666666666666 0.021645021645021644
0 0.2677083333333333 0.8127705627705628 0.0125 0.025974025974025976
0 0.7296875 0.1634199134199134 0.058854166666666666 0.015151515151515152
1 0.7140625 0.030303030303030304 0.17708333333333334 0.04220779220779221
1 0.390625 0.31277056277056275 0.08333333333333333 0.17316017316017315
1 0.390625 0.5303030303030303 0.08333333333333333 0.17316017316017315
1 0.390625 0.7478354978354979 0.08333333333333333 0.17316017316017315
1 0.22291666666666668 0.030303030303030304 0.06979166666666667 0.0367965367965368
2 0.440625 0.02922077922077922 0.31145833333333334 0.04220779220779221
2 0.44166666666666665 0.02922077922077922 0.007291666666666667 0.015151515151515152
2 0.2 0.8106060606060606 0.03229166666666667 0.027056277056277056
2 0.24166666666666667 0.8106060606060606 0.03229166666666667 0.027056277056277056
3 0.5015625 0.030303030303030304 0.14270833333333333 0.02813852813852814
3 0.6078125 0.696969696969697 0.3265625 0.015151515151515152
3 0.5067708333333333 0.02922077922077922 0.11770833333333333 0.021645021645021644
3 0.2 0.8127705627705628 0.03125 0.03354978354978355
3 0.24166666666666667 0.8127705627705628 0.03125 0.03354978354978355
3 0.5067708333333333 0.02922077922077922 0.11770833333333333 0.021645021645021644
3 0.2 0.8127705627705628 0.03125 0.03354978354978355
3 0.24166666666666667 0.8127705627705628 0.03125 0.03354978354978355
3 0.25677083333333334 0.2196969696969697 0.14479166666666668 0.032467532467532464
3 0.6078125 0.29329004329004327 0.3265625 0.05627705627705628
3 0.6078125 0.4577922077922078 0.3265625 0.02813852813852814
3 0.6078125 0.6753246753246753 0.3265625 0.02813852813852814
3 0.6078125 0.8928571428571429 0.3265625 0.02813852813852814
3 0.346875 0.0854978354978355 0.0234375 0.021645021645021644
3 0.38125 0.0854978354978355 0.026041666666666668 0.021645021645021644
3 0.4270833333333333 0.0854978354978355 0.046875 0.021645021645021644
3 0.46875 0.0854978354978355 0.018229166666666668 0.021645021645021644
3 0.49895833333333334 0.0854978354978355 0.0234375 0.021645021645021644
3 0.5302083333333333 0.0854978354978355 0.0203125 0.021645021645021644
3 0.21822916666666667 0.3971861471861472 0.06770833333333333 0.01948051948051948
3 0.20260416666666667 0.4816017316017316 0.036458333333333336 0.01948051948051948
3 0.2109375 0.5075757575757576 0.05364583333333333 0.01948051948051948
3 0.1953125 0.591991341991342 0.022395833333333334 0.01948051948051948
3 0.19791666666666666 0.6179653679653679 0.027083333333333334 0.01948051948051948
3 0.2078125 0.7023809523809523 0.046875 0.01948051948051948
3 0.196875 0.7283549783549783 0.025 0.01948051948051948
3 0.2 0.7543290043290043 0.03177083333333333 0.01948051948051948
3 0.20572916666666666 0.7803030303030303 0.043229166666666666 0.01948051948051948
3 0.21510416666666668 0.9036796536796536 0.06145833333333333 0.01948051948051948
3 0.21145833333333333 0.9296536796536796 0.05416666666666667 0.01948051948051948
3 0.2125 0.9556277056277056 0.05625 0.01948051948051948
3 0.21041666666666667 0.9816017316017316 0.05260416666666667 0.01948051948051948
3 0.2604166666666667 0.3971861471861472 0.011458333333333333 0.01948051948051948
3 0.23125 0.4816017316017316 0.016145833333333335 0.01948051948051948
3 0.2453125 0.5075757575757576 0.009375 0.01948051948051948
3 0.21666666666666667 0.591991341991342 0.014583333333333334 0.01948051948051948
3 0.22239583333333332 0.6179653679653679 0.016145833333333335 0.01948051948051948
3 0.24114583333333334 0.7023809523809523 0.013541666666666667 0.01948051948051948
3 0.21927083333333333 0.7283549783549783 0.013541666666666667 0.01948051948051948
3 0.22395833333333334 0.7543290043290043 0.0109375 0.01948051948051948
3 0.23645833333333333 0.7803030303030303 0.011458333333333333 0.01948051948051948
3 0.2552083333333333 0.9036796536796536 0.0140625 0.01948051948051948
3 0.2484375 0.9296536796536796 0.0140625 0.01948051948051948
3 0.25 0.9556277056277056 0.013541666666666667 0.01948051948051948
3 0.2453125 0.9816017316017316 0.011458333333333333 0.01948051948051948
3 0.221875 0.06926406926406926 0.059895833333333336 0.021645021645021644
3 0.21770833333333334 0.08982683982683982 0.059895833333333336 0.021645021645021644
3 0.23177083333333334 0.15367965367965367 0.09479166666666666 0.021645021645021644
3 0.3 0.15367965367965367 0.022916666666666665 0.021645021645021644
3 0.23072916666666668 0.17532467532467533 0.09270833333333334 0.021645021645021644