0 0.588421052631579 0.028446389496717725 0.024210526315789474 0.04266958424507659
0 0.2578947368421053 0.29321663019693656 0.010526315789473684 0.02188183807439825
0 0.3005263157894737 0.29321663019693656 0.010526315789473684 0.02188183807439825
0 0.26842105263157895 0.6827133479212254 0.01263157894736842 0.0262582056892779
0 0.26842105263157895 0.8862144420131292 0.01263157894736842 0.0262582056892779
0 0.7352631578947368 0.15536105032822758 0.05947368421052632 0.015317286652078774
0 0.8121052631578948 0.237417943107221 0.016842105263157894 0.0350109409190372
1 0.7194736842105263 0.02954048140043764 0.17894736842105263 0.04266958424507659
1 0.3547368421052632 0.23851203501094093 0.02894736842105263 0.060175054704595186
1 0.4731578947368421 0.23851203501094093 0.02894736842105263 0.060175054704595186
1 0.5915789473684211 0.23851203501094093 0.02894736842105263 0.060175054704595186
1 0.71 0.23851203501094093 0.02894736842105263 0.060175054704595186
1 0.39263157894736844 0.4048140043763676 0.08421052631578947 0.175054704595186
1 0.39263157894736844 0.62472647702407 0.08421052631578947 0.175054704595186
1 0.39263157894736844 0.8446389496717724 0.08421052631578947 0.175054704595186
1 0.2231578947368421 0.02954048140043764 0.07052631578947369 0.037199124726477024
2 0.4431578947368421 0.028446389496717725 0.31473684210526315 0.04266958424507659
2 0.48368421052631577 0.028446389496717725 0.007368421052631579 0.015317286652078774
2 0.2 0.6805251641137856 0.03263157894736842 0.02735229759299781
2 0.24210526315789474 0.6805251641137856 0.03263157894736842 0.02735229759299781
2 0.2 0.8840262582056893 0.03263157894736842 0.02735229759299781
2 0.24210526315789474 0.8840262582056893 0.03263157894736842 0.02735229759299781
3 0.5242105263157895 0.02954048140043764 0.10473684210526316 0.028446389496717725
3 0.6121052631578947 0.3533916849015317 0.33 0.015317286652078774
3 0.6121052631578947 0.5733041575492341 0.33 0.015317286652078774
3 0.6121052631578947 0.7932166301969366 0.33 0.015317286652078774
3 0.5294736842105263 0.028446389496717725 0.07947368421052632 0.02188183807439825
3 0.2 0.6827133479212254 0.031578947368421054 0.03391684901531729
3 0.24210526315789474 0.6827133479212254 0.031578947368421054 0.03391684901531729
3 0.2 0.8862144420131292 0.031578947368421054 0.03391684901531729
3 0.24210526315789474 0.8862144420131292 0.031578947368421054 0.03391684901531729
3 0.5294736842105263 0.028446389496717725 0.07947368421052632 0.02188183807439825
3 0.2 0.6827133479212254 0.031578947368421054 0.03391684901531729
3 0.24210526315789474 0.6827133479212254 0.031578947368421054 0.03391684901531729
3 0.2 0.8862144420131292 0.031578947368421054 0.03391684901531729
3 0.24210526315789474 0.8862144420131292 0.031578947368421054 0.03391684901531729
3 0.2573684210526316 0.2210065645514223 0.1463157894736842 0.03282275711159737
3 0.6121052631578947 0.33150984682713347 0.33 0.028446389496717725
3 0.6121052631578947 0.5514223194748359 0.33 0.028446389496717725
3 0.6121052631578947 0.7713347921225383 0.33 0.028446389496717725
3 0.40842105263157896 0.22538293216630198 0.06842105263157895 0.020787746170678335
3 0.5268421052631579 0.22538293216630198 0.06842105263157895 0.020787746170678335
3 0.6452631578947369 0.22538293216630198 0.06842105263157895 0.020787746170678335
3 0.7636842105263157 0.22538293216630198 0.06842105263157895 0.020787746170678335
3 0.34842105263157896 0.08533916849015317 0.02368421052631579 0.02188183807439825
3 0.3831578947368421 0.08533916849015317 0.02631578947368421 0.02188183807439825
3 0.42947368421052634 0.08533916849015317 0.04736842105263158 0.02188183807439825
3 0.47157894736842104 0.08533916849015317 0.018421052631578946 0.02188183807439825
3 0.5021052631578947 0.08533916849015317 0.02368421052631579 0.02188183807439825
3 0.5336842105263158 0.08533916849015317 0.020526315789473684 0.02188183807439825
3 0.2026315789473684 0.40043763676148797 0.03684210526315789 0.019693654266958426
3 0.19526315789473683 0.48577680525164113 0.022631578947368423 0.019693654266958426
3 0.19789473684210526 0.5120350109409191 0.02736842105263158 0.019693654266958426
3 0.20789473684210527 0.5973741794310722 0.04789473684210526 0.019693654266958426
3 0.19105263157894736 0.6236323851203501 0.014210526315789474 0.019693654266958426
3 0.20157894736842105 0.649890590809628 0.035263157894736843 0.019693654266958426
3 0.21526315789473685 0.774617067833698 0.06210526315789474 0.019693654266958426
3 0.21157894736842106 0.8008752735229759 0.05473684210526316 0.019693654266958426
3 0.21263157894736842 0.8271334792122538 0.056842105263157895 0.019693654266958426
3 0.21052631578947367 0.8533916849015317 0.053157894736842105 0.019693654266958426
3 0.21894736842105264 0.9792122538293216 0.06947368421052631 0.019693654266958426
3 0.2294736842105263 0.40043763676148797 0.011578947368421053 0.019693654266958426
3 0.21368421052631578 0.48577680525164113 0.008947368421052631 0.019693654266958426
3 0.21947368421052632 0.5120350109409191 0.009473684210526316 0.019693654266958426
3 0.24 0.5973741794310722 0.01 0.019693654266958426
3 0.20578947368421052 0.6236323851203501 0.009473684210526316 0.019693654266958426
3 0.22631578947368422 0.649890590809628 0.007894736842105263 0.019693654266958426
3 0.25263157894736843 0.774617067833698 0.007368421052631579 0.019693654266958426
3 0.24578947368421053 0.8008752735229759 0.007894736842105263 0.019693654266958426
3 0.24736842105263157 0.8271334792122538 0.007368421052631579 0.019693654266958426
3 0.24368421052631578 0.8533916849015317 0.007368421052631579 0.019693654266958426
3 0.26263157894736844 0.9792122538293216 0.012105263157894737 0.019693654266958426
3 0.22210526315789475 0.06892778993435449 0.060526315789473685 0.02188183807439825
3 0.21789473684210525 0.08971553610503283 0.060526315789473685 0.02188183807439825
3 0.23210526315789473 0.15426695842450766 0.09578947368421052 0.02188183807439825
3 0.30105263157894735 0.15426695842450766 0.023157894736842106 0.02188183807439825
3 0.23105263157894737 0.1761487964989059 0.09368421052631579 0.02188183807439825