0 0.591005291005291 0.027472527472527472 0.02433862433862434 0.04285714285714286
0 0.25873015873015875 0.2934065934065934 0.010582010582010581 0.02197802197802198
0 0.30158730158730157 0.2934065934065934 0.010582010582010581 0.02197802197802198
0 0.26931216931216934 0.6846153846153846 0.012698412698412698 0.026373626373626374
0 0.26931216931216934 0.889010989010989 0.012698412698412698 0.026373626373626374
0 0.7386243386243386 0.15494505494505495 0.059788359788359786 0.015384615384615385
0 0.8158730158730159 0.23736263736263735 0.016931216931216932 0.035164835164835165
1 0.7227513227513227 0.02857142857142857 0.17989417989417988 0.04285714285714286
1 0.35608465608465606 0.23846153846153847 0.0291005291005291 0.06043956043956044
1 0.47513227513227513 0.23846153846153847 0.0291005291005291 0.06043956043956044
1 0.5941798941798941 0.23846153846153847 0.0291005291005291 0.06043956043956044
1 0.7132275132275132 0.23846153846153847 0.0291005291005291 0.06043956043956044
1 0.3941798941798942 0.4054945054945055 0.08465608465608465 0.17582417582417584
1 0.3941798941798942 0.6263736263736264 0.08465608465608465 0.17582417582417584
1 0.3941798941798942 0.8472527472527472 0.08465608465608465 0.17582417582417584
1 0.22380952380952382 0.02857142857142857 0.07089947089947089 0.03736263736263736
2 0.44497354497354497 0.027472527472527472 0.3164021164021164 0.04285714285714286
2 0.4857142857142857 0.027472527472527472 0.007407407407407408 0.015384615384615385
2 0.20052910052910053 0.6824175824175824 0.0328042328042328 0.027472527472527472
2 0.24285714285714285 0.6824175824175824 0.0328042328042328 0.027472527472527472
2 0.20052910052910053 0.8868131868131868 0.0328042328042328 0.027472527472527472
2 0.24285714285714285 0.8868131868131868 0.0328042328042328 0.027472527472527472
3 0.5264550264550265 0.02857142857142857 0.1052910052910053 0.02857142857142857
3 0.6148148148148148 0.35384615384615387 0.33174603174603173 0.015384615384615385
3 0.6148148148148148 0.5747252747252747 0.33174603174603173 0.015384615384615385
3 0.6148148148148148 0.7956043956043956 0.33174603174603173 0.015384615384615385
3 0.5317460317460317 0.027472527472527472 0.07989417989417989 0.02197802197802198
3 0.20052910052910053 0.6846153846153846 0.031746031746031744 0.03406593406593406
3 0.24285714285714285 0.6846153846153846 0.031746031746031744 0.03406593406593406
3 0.20052910052910053 0.889010989010989 0.031746031746031744 0.03406593406593406
3 0.24285714285714285 0.889010989010989 0.031746031746031744 0.03406593406593406
3 0.5317460317460317 0.027472527472527472 0.07989417989417989 0.02197802197802198
3 0.20052910052910053 0.6846153846153846 0.031746031746031744 0.03406593406593406
3 0.24285714285714285 0.6846153846153846 0.031746031746031744 0.03406593406593406
3 0.20052910052910053 0.889010989010989 0.031746031746031744 0.03406593406593406
3 0.24285714285714285 0.889010989010989 0.031746031746031744 0.03406593406593406
3 0.2582010582010582 0.22087912087912087 0.14708994708994708 0.03296703296703297
3 0.6148148148148148 0.33186813186813185 0.33174603174603173 0.02857142857142857
3 0.6148148148148148 0.5527472527472528 0.33174603174603173 0.02857142857142857
3 0.6148148148148148 0.7736263736263737 0.33174603174603173 0.02857142857142857
3 0.41005291005291006 0.22527472527472528 0.06878306878306878 0.020879120879120878
3 0.5291005291005291 0.22527472527472528 0.06878306878306878 0.020879120879120878
3 0.6481481481481481 0.22527472527472528 0.06878306878306878 0.020879120879120878
3 0.7671957671957672 0.22527472527472528 0.06878306878306878 0.020879120879120878
3 0.34973544973544973 0.08461538461538462 0.023809523809523808 0.02197802197802198
3 0.38465608465608464 0.08461538461538462 0.026455026455026454 0.02197802197802198
3 0.4312169312169312 0.08461538461538462 0.047619047619047616 0.02197802197802198
3 0.47354497354497355 0.08461538461538462 0.018518518518518517 0.02197802197802198
3 0.5042328042328043 0.08461538461538462 0.023809523809523808 0.02197802197802198
3 0.535978835978836 0.08461538461538462 0.020634920634920634 0.02197802197802198
3 0.20317460317460317 0.4010989010989011 0.037037037037037035 0.01978021978021978
3 0.19576719576719576 0.4868131868131868 0.02275132275132275 0.01978021978021978
3 0.1984126984126984 0.5131868131868131 0.027513227513227514 0.01978021978021978
3 0.20846560846560847 0.5989010989010989 0.04814814814814815 0.01978021978021978
3 0.19153439153439153 0.6252747252747253 0.014285714285714285 0.01978021978021978
3 0.2021164021164021 0.6516483516483517 0.035449735449735446 0.01978021978021978
3 0.21587301587301588 0.7769230769230769 0.06243386243386243 0.01978021978021978
3 0.21216931216931217 0.8032967032967033 0.05502645502645503 0.01978021978021978
3 0.21322751322751324 0.8296703296703297 0.05714285714285714 0.01978021978021978
3 0.2111111111111111 0.856043956043956 0.05343915343915344 0.01978021978021978
3 0.21957671957671956 0.9824175824175824 0.06984126984126984 0.01978021978021978
3 0.23015873015873015 0.4010989010989011 0.01164021164021164 0.01978021978021978
3 0.21428571428571427 0.4868131868131868 0.008994708994708995 0.01978021978021978
3 0.2201058201058201 0.5131868131868131 0.009523809523809525 0.01978021978021978
3 0.24074074074074073 0.5989010989010989 0.010052910052910053 0.01978021978021978
3 0.20634920634920634 0.6252747252747253 0.009523809523809525 0.01978021978021978
3 0.22698412698412698 0.6516483516483517 0.007936507936507936 0.01978021978021978
3 0.25343915343915346 0.7769230769230769 0.007407407407407408 0.01978021978021978
3 0.24656084656084656 0.8032967032967033 0.007936507936507936 0.01978021978021978
3 0.24814814814814815 0.8296703296703297 0.007407407407407408 0.01978021978021978
3 0.24444444444444444 0.856043956043956 0.007407407407407408 0.01978021978021978
3 0.2634920634920635 0.9824175824175824 0.01216931216931217 0.01978021978021978
3 0.22275132275132276 0.06813186813186813 0.06084656084656084 0.02197802197802198
3 0.21851851851851853 0.08901098901098901 0.06084656084656084 0.02197802197802198
3 0.2328042328042328 0.15384615384615385 0.0962962962962963 0.02197802197802198
3 0.3021164021164021 0.15384615384615385 0.02328042328042328 0.02197802197802198
3 0.23174603174603176 0.17582417582417584 0.09417989417989418 0.02197802197802198