0 0.575 0.008561643835616438 0.025824175824175823 0.017123287671232876
0 0.728021978021978 0.23858447488584475 0.06208791208791209 0.01598173515981735
1 0.7118131868131868 0.0091324200913242 0.18736263736263736 0.0182648401826484
1 0.3912087912087912 0.4440639269406393 0.15604395604395604 0.3242009132420091
1 0.5560439560439561 0.4440639269406393 0.15604395604395604 0.3242009132420091
1 0.7208791208791209 0.4440639269406393 0.15604395604395604 0.3242009132420091
1 0.1936813186813187 0.007990867579908675 0.07417582417582418 0.01598173515981735
2 0.42335164835164835 0.008561643835616438 0.3291208791208791 0.017123287671232876
2 0.4596153846153846 0.0017123287671232876 0.008241758241758242 0.003424657534246575
3 0.5052197802197802 0.005707762557077625 0.11593406593406594 0.01141552511415525
3 0.3631868131868132 0.682648401826484 0.07802197802197802 0.021689497716894976
3 0.528021978021978 0.682648401826484 0.07802197802197802 0.021689497716894976
3 0.6928571428571428 0.682648401826484 0.07802197802197802 0.021689497716894976
3 0.5107142857142857 0.003424657534246575 0.08956043956043956 0.00684931506849315
3 0.5107142857142857 0.003424657534246575 0.08956043956043956 0.00684931506849315
3 0.2291208791208791 0.2751141552511416 0.15274725274725276 0.03424657534246575
3 0.3912087912087912 0.728310502283105 0.13406593406593406 0.0410958904109589
3 0.5560439560439561 0.728310502283105 0.13406593406593406 0.0410958904109589
3 0.7208791208791209 0.728310502283105 0.13406593406593406 0.0410958904109589
3 0.3241758241758242 0.05365296803652968 0.024725274725274724 0.0228310502283105
3 0.36043956043956044 0.05365296803652968 0.027472527472527472 0.0228310502283105
3 0.4087912087912088 0.05365296803652968 0.04945054945054945 0.0228310502283105
3 0.45274725274725275 0.05365296803652968 0.019230769230769232 0.0228310502283105
3 0.4846153846153846 0.05365296803652968 0.024725274725274724 0.0228310502283105
3 0.5175824175824176 0.05365296803652968 0.02142857142857143 0.0228310502283105
3 0.18846153846153846 0.5787671232876712 0.07142857142857142 0.02054794520547945
3 0.16648351648351647 0.6678082191780822 0.027472527472527472 0.02054794520547945
3 0.1620879120879121 0.6952054794520548 0.019230769230769232 0.02054794520547945
3 0.1620879120879121 0.7226027397260274 0.019230769230769232 0.02054794520547945
3 0.1620879120879121 0.75 0.019230769230769232 0.02054794520547945
3 0.17087912087912088 0.7773972602739726 0.036813186813186814 0.02054794520547945
3 0.1631868131868132 0.8047945205479452 0.02142857142857143 0.02054794520547945
3 0.16648351648351647 0.8938356164383562 0.027472527472527472 0.02054794520547945
3 0.2032967032967033 0.9212328767123288 0.1010989010989011 0.02054794520547945
3 0.16703296703296702 0.9486301369863014 0.02857142857142857 0.02054794520547945
3 0.18076923076923077 0.976027397260274 0.056593406593406594 0.02054794520547945
3 0.17857142857142858 0.9960045662100456 0.05274725274725275 0.005707762557077625
3 0.23516483516483516 0.5787671232876712 0.01703296703296703 0.02054794520547945
3 0.19285714285714287 0.6678082191780822 0.02032967032967033 0.02054794520547945
3 0.18516483516483517 0.6952054794520548 0.020879120879120878 0.02054794520547945
3 0.1835164835164835 0.7226027397260274 0.016483516483516484 0.02054794520547945
3 0.18296703296703296 0.75 0.016483516483516484 0.02054794520547945
3 0.20054945054945056 0.7773972602739726 0.016483516483516484 0.02054794520547945
3 0.18461538461538463 0.8047945205479452 0.014835164835164835 0.02054794520547945
3 0.19175824175824177 0.8938356164383562 0.016483516483516484 0.02054794520547945
3 0.2675824175824176 0.9212328767123288 0.022527472527472527 0.02054794520547945
3 0.19175824175824177 0.9486301369863014 0.015934065934065933 0.02054794520547945
3 0.22087912087912087 0.976027397260274 0.016483516483516484 0.02054794520547945
3 0.21483516483516482 0.9960045662100456 0.015384615384615385 0.005707762557077625
3 0.19230769230769232 0.0365296803652968 0.06318681318681318 0.0228310502283105
3 0.1879120879120879 0.05821917808219178 0.06318681318681318 0.0228310502283105
3 0.1835164835164835 0.228310502283105 0.06208791208791209 0.0228310502283105