0 0.5868983957219251 0.017777777777777778 0.025133689839572194 0.035555555555555556
0 0.25080213903743315 0.2822222222222222 0.0106951871657754 0.022222222222222223
0 0.3037433155080214 0.2822222222222222 0.0106951871657754 0.022222222222222223
0 0.26149732620320854 0.6777777777777778 0.012834224598930482 0.02666666666666667
0 0.26149732620320854 0.8577777777777778 0.012834224598930482 0.02666666666666667
0 0.7358288770053476 0.14222222222222222 0.06042780748663101 0.015555555555555555
0 0.813903743315508 0.22555555555555556 0.017112299465240642 0.035555555555555556
0 0.7871657754010695 0.5822222222222222 0.019251336898395723 0.04
1 0.7200534759358289 0.018333333333333333 0.18235294117647058 0.03666666666666667
1 0.34919786096256683 0.22666666666666666 0.029411764705882353 0.06111111111111111
1 0.46951871657754013 0.22666666666666666 0.029411764705882353 0.06111111111111111
1 0.5898395721925134 0.22666666666666666 0.029411764705882353 0.06111111111111111
1 0.7101604278074867 0.22666666666666666 0.029411764705882353 0.06111111111111111
1 0.3877005347593583 0.39555555555555555 0.0855614973262032 0.17777777777777778
1 0.3877005347593583 0.6555555555555556 0.0855614973262032 0.17777777777777778
1 0.3877005347593583 0.8788888888888889 0.0855614973262032 0.17777777777777778
1 0.21577540106951873 0.017222222222222222 0.07219251336898395 0.034444444444444444
2 0.4393048128342246 0.017777777777777778 0.32032085561497325 0.035555555555555556
2 0.4802139037433155 0.013333333333333334 0.0074866310160427805 0.015555555555555555
2 0.19197860962566846 0.6755555555555556 0.033155080213903745 0.027777777777777776
2 0.23475935828877006 0.6755555555555556 0.033155080213903745 0.027777777777777776
2 0.19197860962566846 0.8555555555555555 0.033155080213903745 0.027777777777777776
2 0.23475935828877006 0.8555555555555555 0.033155080213903745 0.027777777777777776
3 0.5213903743315508 0.014444444444444444 0.10641711229946524 0.028888888888888888
3 0.6106951871657754 0.4122222222222222 0.3352941176470588 0.015555555555555555
3 0.46203208556149733 0.5033333333333333 0.03796791443850268 0.015555555555555555
3 0.6106951871657754 0.6033333333333334 0.3352941176470588 0.015555555555555555
3 0.46203208556149733 0.6944444444444444 0.03796791443850268 0.015555555555555555
3 0.6106951871657754 0.8266666666666667 0.3352941176470588 0.015555555555555555
3 0.46203208556149733 0.9177777777777778 0.03796791443850268 0.015555555555555555
3 0.5267379679144385 0.013333333333333334 0.08074866310160428 0.022222222222222223
3 0.19197860962566846 0.6777777777777778 0.03208556149732621 0.034444444444444444
3 0.23475935828877006 0.6777777777777778 0.03208556149732621 0.034444444444444444
3 0.19197860962566846 0.8577777777777778 0.03208556149732621 0.034444444444444444
3 0.23475935828877006 0.8577777777777778 0.03208556149732621 0.034444444444444444
3 0.5267379679144385 0.013333333333333334 0.08074866310160428 0.022222222222222223
3 0.19197860962566846 0.6777777777777778 0.03208556149732621 0.034444444444444444
3 0.23475935828877006 0.6777777777777778 0.03208556149732621 0.034444444444444444
3 0.19197860962566846 0.8577777777777778 0.03208556149732621 0.034444444444444444
3 0.23475935828877006 0.8577777777777778 0.03208556149732621 0.034444444444444444
3 0.25026737967914436 0.2088888888888889 0.14866310160427806 0.03333333333333333
3 0.6106951871657754 0.37555555555555553 0.3352941176470588 0.057777777777777775
3 0.6106951871657754 0.5811111111111111 0.3352941176470588 0.028888888888888888
3 0.6106951871657754 0.8044444444444444 0.3352941176470588 0.028888888888888888
3 0.4037433155080214 0.21333333333333335 0.06951871657754011 0.021111111111111112
3 0.5240641711229946 0.21333333333333335 0.06951871657754011 0.021111111111111112
3 0.6443850267379679 0.21333333333333335 0.06951871657754011 0.021111111111111112
3 0.7647058823529411 0.21333333333333335 0.06951871657754011 0.021111111111111112
3 0.3427807486631016 0.07111111111111111 0.02406417112299465 0.022222222222222223
3 0.3780748663101604 0.07111111111111111 0.026737967914438502 0.022222222222222223
3 0.42513368983957217 0.07111111111111111 0.0481283422459893 0.022222222222222223
3 0.4679144385026738 0.07111111111111111 0.01871657754010695 0.022222222222222223
3 0.49893048128342243 0.07111111111111111 0.02406417112299465 0.022222222222222223
3 0.5310160427807487 0.07111111111111111 0.02085561497326203 0.022222222222222223
3 0.1946524064171123 0.39111111111111113 0.0374331550802139 0.02
3 0.18716577540106952 0.4777777777777778 0.022994652406417113 0.02
3 0.18983957219251338 0.5044444444444445 0.027807486631016044 0.02
3 0.20267379679144384 0.5911111111111111 0.053475935828877004 0.02
3 0.19144385026737967 0.6177777777777778 0.03155080213903743 0.02
3 0.19518716577540107 0.6444444444444445 0.038502673796791446 0.02
3 0.20748663101604278 0.7711111111111111 0.06310160427807486 0.02
3 0.20481283422459892 0.7977777777777778 0.057754010695187166 0.02
3 0.20267379679144384 0.8244444444444444 0.05401069518716577 0.02
3 0.21122994652406418 0.9522222222222222 0.07058823529411765 0.02
3 0.2053475935828877 0.9788888888888889 0.059358288770053474 0.02
3 0.22192513368983957 0.39111111111111113 0.011764705882352941 0.02
3 0.20748663101604278 0.4777777777777778 0.011764705882352941 0.02
3 0.2106951871657754 0.5044444444444445 0.008021390374331552 0.02
3 0.2374331550802139 0.5911111111111111 0.010160427807486631 0.02
3 0.21497326203208555 0.6177777777777778 0.009625668449197862 0.02
3 0.22139037433155082 0.6444444444444445 0.008021390374331552 0.02
3 0.246524064171123 0.7711111111111111 0.009625668449197862 0.02
3 0.24171122994652405 0.7977777777777778 0.010160427807486631 0.02
3 0.2374331550802139 0.8244444444444444 0.010160427807486631 0.02
3 0.2556149732620321 0.9522222222222222 0.011764705882352941 0.02
3 0.24171122994652405 0.9788888888888889 0.0074866310160427805 0.02
3 0.2144385026737968 0.05444444444444444 0.06149732620320856 0.022222222222222223
3 0.21016042780748664 0.07555555555555556 0.06149732620320856 0.022222222222222223
3 0.22459893048128343 0.1411111111111111 0.09732620320855614 0.022222222222222223
3 0.2946524064171123 0.1411111111111111 0.023529411764705882 0.022222222222222223
3 0.2235294117647059 0.16333333333333333 0.09518716577540107 0.022222222222222223