0 0.5812834224598931 0.022222222222222223 0.02459893048128342 0.043333333333333335
0 0.6828877005347593 0.9044444444444445 0.12834224598930483 0.02
0 0.7037433155080214 0.9677777777777777 0.17005347593582887 0.05333333333333334
1 0.7144385026737968 0.023333333333333334 0.18181818181818182 0.043333333333333335
1 0.19518716577540107 0.2477777777777778 0.023529411764705882 0.04888888888888889
1 0.39893048128342246 0.5244444444444445 0.3572192513368984 0.52
1 0.19518716577540107 0.31444444444444447 0.023529411764705882 0.04888888888888889
1 0.19518716577540107 0.3811111111111111 0.023529411764705882 0.04888888888888889
1 0.6310160427807486 0.7055555555555556 0.020320855614973262 0.042222222222222223
1 0.6598930481283423 0.7044444444444444 0.0213903743315508 0.044444444444444446
1 0.6887700534759358 0.7044444444444444 0.0213903743315508 0.044444444444444446
1 0.21016042780748664 0.023333333333333334 0.07165775401069518 0.03777777777777778
2 0.43368983957219254 0.022222222222222223 0.31978609625668447 0.043333333333333335
3 0.6572192513368984 0.4888888888888889 0.07754010695187166 0.02
3 0.7037433155080214 0.6577777777777778 0.17005347593582887 0.023333333333333334
3 0.6754010695187166 0.8044444444444444 0.11390374331550802 0.02
3 0.19518716577540107 0.26555555555555554 0.026737967914438502 0.024444444444444446
3 0.19518716577540107 0.3322222222222222 0.026737967914438502 0.024444444444444446
3 0.19518716577540107 0.3988888888888889 0.026737967914438502 0.024444444444444446
3 0.19518716577540107 0.26555555555555554 0.026737967914438502 0.024444444444444446
3 0.19518716577540107 0.3322222222222222 0.026737967914438502 0.024444444444444446
3 0.19518716577540107 0.3988888888888889 0.026737967914438502 0.024444444444444446
3 0.6935828877005348 0.31777777777777777 0.15026737967914439 0.08333333333333333
3 0.711764705882353 0.5577777777777778 0.15401069518716579 0.022222222222222223
3 0.711764705882353 0.5811111111111111 0.15401069518716579 0.02
3 0.6754010695187166 0.7844444444444445 0.11390374331550802 0.01888888888888889
3 0.6502673796791444 0.8611111111111112 0.06310160427807486 0.022222222222222223
3 0.33743315508021393 0.08 0.02406417112299465 0.022222222222222223
3 0.37272727272727274 0.08 0.026737967914438502 0.022222222222222223
3 0.4197860962566845 0.08 0.0481283422459893 0.022222222222222223
3 0.4625668449197861 0.08 0.01871657754010695 0.022222222222222223
3 0.49358288770053477 0.08 0.02406417112299465 0.022222222222222223
3 0.5256684491978609 0.08 0.02085561497326203 0.022222222222222223
3 0.20909090909090908 0.06333333333333334 0.06149732620320856 0.022222222222222223
3 0.20481283422459892 0.08444444444444445 0.06149732620320856 0.022222222222222223
3 0.27807486631016043 0.17777777777777778 0.07914438502673797 0.015555555555555555
3 0.36470588235294116 0.17777777777777778 0.0748663101604278 0.015555555555555555
3 0.4556149732620321 0.17777777777777778 0.0877005347593583 0.015555555555555555
3 0.5197860962566845 0.17777777777777778 0.022459893048128343 0.015555555555555555
3 0.5518716577540107 0.17777777777777778 0.022459893048128343 0.015555555555555555