0 0.5823033707865168 0.018691588785046728 0.026404494382022473 0.037383177570093455
0 0.24044943820224718 0.6962616822429907 0.01348314606741573 0.028037383177570093
0 0.24044943820224718 0.969626168224299 0.01348314606741573 0.028037383177570093
0 0.7387640449438202 0.1588785046728972 0.06348314606741573 0.016355140186915886
0 0.7926966292134832 0.477803738317757 0.020224719101123594 0.04205607476635514
1 0.7221910112359551 0.019275700934579438 0.19157303370786516 0.038551401869158876
1 0.37303370786516854 0.32009345794392524 0.0898876404494382 0.18691588785046728
1 0.37303370786516854 0.5549065420560748 0.0898876404494382 0.18691588785046728
1 0.37303370786516854 0.7897196261682243 0.0898876404494382 0.18691588785046728
1 0.19241573033707865 0.018107476635514017 0.07584269662921349 0.036214953271028034
2 0.427247191011236 0.018691588785046728 0.3365168539325843 0.037383177570093455
2 0.46179775280898877 0.014018691588785047 0.007865168539325843 0.016355140186915886
2 0.16741573033707866 0.6939252336448598 0.0348314606741573 0.029205607476635514
2 0.21235955056179776 0.6939252336448598 0.0348314606741573 0.029205607476635514
2 0.16741573033707866 0.9672897196261683 0.0348314606741573 0.029205607476635514
2 0.21235955056179776 0.9672897196261683 0.0348314606741573 0.029205607476635514
3 0.5095505617977528 0.015186915887850467 0.12022471910112359 0.030373831775700934
3 0.5151685393258427 0.014018691588785047 0.09325842696629214 0.02336448598130841
3 0.16741573033707866 0.6962616822429907 0.033707865168539325 0.036214953271028034
3 0.21235955056179776 0.6962616822429907 0.033707865168539325 0.036214953271028034
3 0.16741573033707866 0.969626168224299 0.033707865168539325 0.036214953271028034
3 0.21235955056179776 0.969626168224299 0.033707865168539325 0.036214953271028034
3 0.5151685393258427 0.014018691588785047 0.09325842696629214 0.02336448598130841
3 0.16741573033707866 0.6962616822429907 0.033707865168539325 0.036214953271028034
3 0.21235955056179776 0.6962616822429907 0.033707865168539325 0.036214953271028034
3 0.16741573033707866 0.969626168224299 0.033707865168539325 0.036214953271028034
3 0.21235955056179776 0.969626168224299 0.033707865168539325 0.036214953271028034
3 0.22865168539325842 0.24299065420560748 0.15617977528089888 0.035046728971962614
3 0.6073033707865169 0.24182242990654207 0.35224719101123597 0.030373831775700934
3 0.6073033707865169 0.4766355140186916 0.35224719101123597 0.030373831775700934
3 0.6073033707865169 0.7114485981308412 0.35224719101123597 0.030373831775700934
3 0.6073033707865169 0.9462616822429907 0.35224719101123597 0.030373831775700934
3 0.3258426966292135 0.07476635514018691 0.025280898876404494 0.02336448598130841
3 0.36292134831460676 0.07476635514018691 0.028089887640449437 0.02336448598130841
3 0.41235955056179774 0.07476635514018691 0.05056179775280899 0.02336448598130841
3 0.45730337078651684 0.07476635514018691 0.019662921348314606 0.02336448598130841
3 0.4898876404494382 0.07476635514018691 0.025280898876404494 0.02336448598130841
3 0.5235955056179775 0.07476635514018691 0.021910112359550562 0.02336448598130841
3 0.18707865168539325 0.37383177570093457 0.07303370786516854 0.02102803738317757
3 0.16404494382022472 0.4649532710280374 0.02696629213483146 0.02102803738317757
3 0.16685393258426967 0.4929906542056075 0.03258426966292135 0.02102803738317757
3 0.16685393258426967 0.5210280373831776 0.03258426966292135 0.02102803738317757
3 0.16685393258426967 0.5490654205607477 0.03258426966292135 0.02102803738317757
3 0.16685393258426967 0.5771028037383178 0.03258426966292135 0.02102803738317757
3 0.16685393258426967 0.6051401869158879 0.03258426966292135 0.02102803738317757
3 0.1662921348314607 0.633177570093458 0.03202247191011236 0.02102803738317757
3 0.17808988764044945 0.6612149532710281 0.0550561797752809 0.02102803738317757
3 0.16235955056179777 0.794392523364486 0.02359550561797753 0.02102803738317757
3 0.16685393258426967 0.822429906542056 0.03314606741573034 0.02102803738317757
3 0.16685393258426967 0.8504672897196262 0.03314606741573034 0.02102803738317757
3 0.16685393258426967 0.8785046728971962 0.03314606741573034 0.02102803738317757
3 0.16685393258426967 0.9065420560747663 0.03314606741573034 0.02102803738317757
3 0.17865168539325843 0.9345794392523364 0.056179775280898875 0.02102803738317757
3 0.2303370786516854 0.37383177570093457 0.007865168539325843 0.02102803738317757
3 0.18595505617977529 0.4649532710280374 0.010112359550561797 0.02102803738317757
3 0.1949438202247191 0.4929906542056075 0.016853932584269662 0.02102803738317757
3 0.19157303370786516 0.5210280373831776 0.011797752808988765 0.02102803738317757
3 0.19325842696629214 0.5490654205607477 0.014606741573033709 0.02102803738317757
3 0.19157303370786516 0.5771028037383178 0.010674157303370787 0.02102803738317757
3 0.19269662921348316 0.6051401869158879 0.012359550561797753 0.02102803738317757
3 0.19213483146067414 0.633177570093458 0.012921348314606741 0.02102803738317757
3 0.21460674157303372 0.6612149532710281 0.011797752808988765 0.02102803738317757
3 0.18089887640449437 0.794392523364486 0.007865168539325843 0.02102803738317757
3 0.1943820224719101 0.822429906542056 0.015168539325842697 0.02102803738317757
3 0.1949438202247191 0.8504672897196262 0.01741573033707865 0.02102803738317757
3 0.19325842696629214 0.8785046728971962 0.012359550561797753 0.02102803738317757
3 0.19213483146067414 0.9065420560747663 0.010674157303370787 0.02102803738317757
3 0.2151685393258427 0.9345794392523364 0.011797752808988765 0.02102803738317757
3 0.19101123595505617 0.05724299065420561 0.06460674157303371 0.02336448598130841
3 0.18651685393258427 0.0794392523364486 0.06460674157303371 0.02336448598130841
3 0.19213483146067414 0.1483644859813084 0.08314606741573034 0.02336448598130841
3 0.2247191011235955 0.16004672897196262 0.14887640449438203 0.04672897196261682
3 0.22078651685393258 0.17172897196261683 0.07696629213483146 0.02336448598130841
3 0.22808988764044943 0.18341121495327103 0.1550561797752809 0.04672897196261682