0 0.2620879120879121 0.6484018264840182 0.013186813186813187 0.0273972602739726
0 0.2620879120879121 0.9155251141552512 0.013186813186813187 0.0273972602739726
0 0.7494505494505495 0.1232876712328767 0.06208791208791209 0.01598173515981735
0 0.8021978021978022 0.4349315068493151 0.01978021978021978 0.0410958904109589
1 0.39175824175824175 0.2808219178082192 0.08791208791208792 0.182648401826484
1 0.39175824175824175 0.5102739726027398 0.08791208791208792 0.182648401826484
1 0.39175824175824175 0.7397260273972602 0.08791208791208792 0.182648401826484
2 0.19065934065934065 0.6461187214611872 0.03406593406593406 0.028538812785388126
2 0.23461538461538461 0.6461187214611872 0.03406593406593406 0.028538812785388126
2 0.19065934065934065 0.91324200913242 0.03406593406593406 0.028538812785388126
2 0.23461538461538461 0.91324200913242 0.03406593406593406 0.028538812785388126
3 0.19065934065934065 0.6484018264840182 0.03296703296703297 0.03538812785388128
3 0.23461538461538461 0.6484018264840182 0.03296703296703297 0.03538812785388128
3 0.19065934065934065 0.9155251141552512 0.03296703296703297 0.03538812785388128
3 0.23461538461538461 0.9155251141552512 0.03296703296703297 0.03538812785388128
3 0.19065934065934065 0.6484018264840182 0.03296703296703297 0.03538812785388128
3 0.23461538461538461 0.6484018264840182 0.03296703296703297 0.03538812785388128
3 0.19065934065934065 0.9155251141552512 0.03296703296703297 0.03538812785388128
3 0.23461538461538461 0.9155251141552512 0.03296703296703297 0.03538812785388128
3 0.25054945054945055 0.2054794520547945 0.15274725274725276 0.03424657534246575
3 0.6208791208791209 0.204337899543379 0.3445054945054945 0.02968036529680365
3 0.6208791208791209 0.4337899543378995 0.3445054945054945 0.02968036529680365
3 0.6208791208791209 0.66324200913242 0.3445054945054945 0.02968036529680365
3 0.6208791208791209 0.8926940639269406 0.3445054945054945 0.02968036529680365
3 0.3456043956043956 0.0410958904109589 0.024725274725274724 0.0228310502283105
3 0.38186813186813184 0.0410958904109589 0.027472527472527472 0.0228310502283105
3 0.43021978021978025 0.0410958904109589 0.04945054945054945 0.0228310502283105
3 0.47417582417582416 0.0410958904109589 0.019230769230769232 0.0228310502283105
3 0.506043956043956 0.0410958904109589 0.024725274725274724 0.0228310502283105
3 0.539010989010989 0.0410958904109589 0.02142857142857143 0.0228310502283105
3 0.2098901098901099 0.3333333333333333 0.07142857142857142 0.02054794520547945
3 0.18736263736263736 0.4223744292237443 0.026373626373626374 0.02054794520547945
3 0.1901098901098901 0.4497716894977169 0.031868131868131866 0.02054794520547945
3 0.1901098901098901 0.4771689497716895 0.031868131868131866 0.02054794520547945
3 0.1901098901098901 0.5045662100456622 0.031868131868131866 0.02054794520547945
3 0.1901098901098901 0.5319634703196348 0.031868131868131866 0.02054794520547945
3 0.1901098901098901 0.5593607305936074 0.031868131868131866 0.02054794520547945
3 0.18956043956043955 0.58675799086758 0.03131868131868132 0.02054794520547945
3 0.2010989010989011 0.6141552511415526 0.05384615384615385 0.02054794520547945
3 0.18571428571428572 0.7442922374429224 0.023076923076923078 0.02054794520547945
3 0.1901098901098901 0.771689497716895 0.03241758241758242 0.02054794520547945
3 0.1901098901098901 0.7990867579908676 0.03241758241758242 0.02054794520547945
3 0.1901098901098901 0.8264840182648402 0.03241758241758242 0.02054794520547945
3 0.1901098901098901 0.8538812785388128 0.03241758241758242 0.02054794520547945
3 0.20164835164835165 0.8812785388127854 0.054945054945054944 0.02054794520547945
3 0.2521978021978022 0.3333333333333333 0.007692307692307693 0.02054794520547945
3 0.2087912087912088 0.4223744292237443 0.00989010989010989 0.02054794520547945
3 0.2175824175824176 0.4497716894977169 0.016483516483516484 0.02054794520547945
3 0.21428571428571427 0.4771689497716895 0.011538461538461539 0.02054794520547945
3 0.21593406593406594 0.5045662100456622 0.014285714285714285 0.02054794520547945
3 0.21428571428571427 0.5319634703196348 0.010439560439560439 0.02054794520547945
3 0.2153846153846154 0.5593607305936074 0.012087912087912088 0.02054794520547945
3 0.21483516483516482 0.58675799086758 0.012637362637362638 0.02054794520547945
3 0.2368131868131868 0.6141552511415526 0.011538461538461539 0.02054794520547945
3 0.20384615384615384 0.7442922374429224 0.007692307692307693 0.02054794520547945
3 0.21703296703296704 0.771689497716895 0.014835164835164835 0.02054794520547945
3 0.2175824175824176 0.7990867579908676 0.01703296703296703 0.02054794520547945
3 0.21593406593406594 0.8264840182648402 0.012087912087912088 0.02054794520547945
3 0.21483516483516482 0.8538812785388128 0.010439560439560439 0.02054794520547945
3 0.23736263736263735 0.8812785388127854 0.011538461538461539 0.02054794520547945
3 0.21373626373626373 0.023972602739726026 0.06318681318681318 0.0228310502283105
3 0.20934065934065935 0.045662100456621 0.06318681318681318 0.0228310502283105
3 0.21483516483516482 0.11301369863013698 0.08131868131868132 0.0228310502283105
3 0.24670329670329672 0.12442922374429223 0.14560439560439561 0.045662100456621
3 0.24285714285714285 0.1358447488584475 0.07527472527472527 0.0228310502283105
3 0.25 0.14726027397260275 0.15164835164835164 0.045662100456621