0 0.5656593406593406 0.01769406392694064 0.025824175824175823 0.03538812785388128
0 0.7186813186813187 0.1541095890410959 0.06208791208791209 0.01598173515981735
1 0.7024725274725274 0.0182648401826484 0.18736263736263736 0.0365296803652968
1 0.360989010989011 0.3116438356164384 0.08791208791208792 0.182648401826484
1 0.360989010989011 0.541095890410959 0.08791208791208792 0.182648401826484
1 0.360989010989011 0.7705479452054794 0.08791208791208792 0.182648401826484
1 0.18434065934065935 0.017123287671232876 0.07417582417582418 0.03424657534246575
2 0.414010989010989 0.01769406392694064 0.3291208791208791 0.03538812785388128
2 0.4357142857142857 0.012557077625570776 0.007692307692307693 0.01598173515981735
3 0.4887362637362637 0.014840182648401826 0.13021978021978023 0.02968036529680365
3 0.493956043956044 0.012557077625570776 0.10329670329670329 0.0228310502283105
3 0.493956043956044 0.012557077625570776 0.10329670329670329 0.0228310502283105
3 0.21978021978021978 0.2134703196347032 0.15274725274725276 0.03424657534246575
3 0.5901098901098901 0.23515981735159816 0.3445054945054945 0.02968036529680365
3 0.5901098901098901 0.5057077625570776 0.3445054945054945 0.02968036529680365
3 0.5901098901098901 0.6940639269406392 0.3445054945054945 0.02968036529680365
3 0.5901098901098901 0.9235159817351598 0.3445054945054945 0.02968036529680365
3 0.3148351648351648 0.07191780821917808 0.024725274725274724 0.0228310502283105
3 0.3510989010989011 0.07191780821917808 0.027472527472527472 0.0228310502283105
3 0.3994505494505495 0.07191780821917808 0.04945054945054945 0.0228310502283105
3 0.4434065934065934 0.07191780821917808 0.019230769230769232 0.0228310502283105
3 0.47527472527472525 0.07191780821917808 0.024725274725274724 0.0228310502283105
3 0.5082417582417582 0.07191780821917808 0.02142857142857143 0.0228310502283105
3 0.17912087912087912 0.5171232876712328 0.07142857142857142 0.02054794520547945
3 0.189010989010989 0.6061643835616438 0.0912087912087912 0.02054794520547945
3 0.18736263736263736 0.6335616438356164 0.08846153846153847 0.02054794520547945
3 0.189010989010989 0.660958904109589 0.0912087912087912 0.02054794520547945
3 0.17252747252747253 0.6883561643835616 0.05824175824175824 0.02054794520547945
3 0.1835164835164835 0.7157534246575342 0.08076923076923077 0.02054794520547945
3 0.18846153846153846 0.7431506849315068 0.09010989010989011 0.02054794520547945
3 0.160989010989011 0.7705479452054794 0.035164835164835165 0.02054794520547945
3 0.18296703296703296 0.797945205479452 0.07912087912087912 0.02054794520547945
3 0.17087912087912088 0.8253424657534246 0.054945054945054944 0.02054794520547945
3 0.1532967032967033 0.9452054794520548 0.01978021978021978 0.02054794520547945
3 0.22527472527472528 0.5171232876712328 0.015934065934065933 0.02054794520547945
3 0.2510989010989011 0.6061643835616438 0.027472527472527472 0.02054794520547945
3 0.24615384615384617 0.6335616438356164 0.022527472527472527 0.02054794520547945
3 0.24615384615384617 0.660958904109589 0.016483516483516484 0.02054794520547945
3 0.21208791208791208 0.6883561643835616 0.014835164835164835 0.02054794520547945
3 0.23296703296703297 0.7157534246575342 0.012637362637362638 0.02054794520547945
3 0.2423076923076923 0.7431506849315068 0.012637362637362638 0.02054794520547945
3 0.18736263736263736 0.7705479452054794 0.012087912087912088 0.02054794520547945
3 0.23131868131868133 0.797945205479452 0.012637362637362638 0.02054794520547945
3 0.2076923076923077 0.8253424657534246 0.012087912087912088 0.02054794520547945
3 0.17692307692307693 0.9452054794520548 0.02197802197802198 0.02054794520547945
3 0.18296703296703296 0.0547945205479452 0.06318681318681318 0.0228310502283105
3 0.17857142857142858 0.07648401826484018 0.06318681318681318 0.0228310502283105
3 0.18406593406593408 0.14383561643835616 0.08131868131868132 0.0228310502283105
3 0.21593406593406594 0.1552511415525114 0.14560439560439561 0.045662100456621