0 0.5763586956521739 0.012979683972911963 0.025543478260869567 0.025959367945823927
0 0.7277173913043479 0.1433408577878104 0.06141304347826087 0.01580135440180587
1 0.7116847826086956 0.013544018058690745 0.18532608695652175 0.02708803611738149
1 0.3739130434782609 0.29909706546275394 0.08695652173913043 0.18058690744920994
1 0.3739130434782609 0.5259593679458239 0.08695652173913043 0.18058690744920994
1 0.3739130434782609 0.7528216704288939 0.08695652173913043 0.18058690744920994
1 0.19918478260869565 0.012415349887133182 0.07336956521739131 0.024830699774266364
2 0.42635869565217394 0.012979683972911963 0.32554347826086955 0.025959367945823927
2 0.44809782608695653 0.006207674943566591 0.008152173913043478 0.012415349887133182
3 0.5002717391304348 0.010158013544018058 0.12880434782608696 0.020316027088036117
3 0.5057065217391304 0.007900677200902935 0.10271739130434783 0.01580135440180587
3 0.5057065217391304 0.007900677200902935 0.10271739130434783 0.01580135440180587
3 0.23423913043478262 0.2020316027088036 0.15108695652173912 0.033860045146726865
3 0.6005434782608695 0.2234762979683973 0.3407608695652174 0.029345372460496615
3 0.6005434782608695 0.4909706546275395 0.3407608695652174 0.029345372460496615
3 0.6005434782608695 0.6772009029345373 0.3407608695652174 0.029345372460496615
3 0.6005434782608695 0.9040632054176072 0.3407608695652174 0.029345372460496615
3 0.3282608695652174 0.062076749435665914 0.024456521739130436 0.022573363431151242
3 0.3641304347826087 0.062076749435665914 0.02717391304347826 0.022573363431151242
3 0.41195652173913044 0.062076749435665914 0.04891304347826087 0.022573363431151242
3 0.45543478260869563 0.062076749435665914 0.019021739130434784 0.022573363431151242
3 0.48695652173913045 0.062076749435665914 0.024456521739130436 0.022573363431151242
3 0.5195652173913043 0.062076749435665914 0.021195652173913043 0.022573363431151242
3 0.19402173913043477 0.5022573363431151 0.07065217391304347 0.020316027088036117
3 0.20380434782608695 0.590293453724605 0.09021739130434783 0.020316027088036117
3 0.20217391304347826 0.6173814898419865 0.0875 0.020316027088036117
3 0.20380434782608695 0.6444695259593679 0.09021739130434783 0.020316027088036117
3 0.1875 0.6715575620767494 0.057608695652173914 0.020316027088036117
3 0.1983695652173913 0.698645598194131 0.07989130434782608 0.020316027088036117
3 0.20326086956521738 0.7257336343115124 0.0891304347826087 0.020316027088036117
3 0.17608695652173914 0.7528216704288939 0.034782608695652174 0.020316027088036117
3 0.19782608695652174 0.7799097065462754 0.0782608695652174 0.020316027088036117
3 0.1858695652173913 0.8069977426636569 0.05434782608695652 0.020316027088036117
3 0.16847826086956522 0.9255079006772009 0.01956521739130435 0.020316027088036117
3 0.23967391304347826 0.5022573363431151 0.01576086956521739 0.020316027088036117
3 0.26521739130434785 0.590293453724605 0.02717391304347826 0.020316027088036117
3 0.26032608695652176 0.6173814898419865 0.022282608695652174 0.020316027088036117
3 0.26032608695652176 0.6444695259593679 0.016304347826086956 0.020316027088036117
3 0.2266304347826087 0.6715575620767494 0.014673913043478261 0.020316027088036117
3 0.24728260869565216 0.698645598194131 0.0125 0.020316027088036117
3 0.2565217391304348 0.7257336343115124 0.0125 0.020316027088036117
3 0.20217391304347826 0.7528216704288939 0.011956521739130435 0.020316027088036117
3 0.24565217391304348 0.7799097065462754 0.0125 0.020316027088036117
3 0.22228260869565217 0.8069977426636569 0.011956521739130435 0.020316027088036117
3 0.19184782608695652 0.9255079006772009 0.021739130434782608 0.020316027088036117
3 0.19782608695652174 0.045146726862302484 0.0625 0.022573363431151242
3 0.1934782608695652 0.06659142212189616 0.0625 0.022573363431151242
3 0.19891304347826086 0.13318284424379231 0.08043478260869565 0.022573363431151242
3 0.23043478260869565 0.14446952595936793 0.14402173913043478 0.045146726862302484