0 0.6157565415244596 0.005319148936170213 0.026734926052332197 0.010638297872340425
0 0.7741751990898749 0.23995271867612294 0.06427758816837315 0.016548463356973995
0 0.4869169510807736 0.32505910165484636 0.020477815699658702 0.0425531914893617
1 0.7573947667804323 0.00591016548463357 0.19397042093287828 0.01182033096926714
1 0.4254835039817975 0.45271867612293143 0.161547212741752 0.33569739952718675
1 0.59613196814562 0.45271867612293143 0.161547212741752 0.33569739952718675
1 0.7667804323094426 0.45271867612293143 0.161547212741752 0.33569739952718675
1 0.22098976109215018 0.004728132387706856 0.07679180887372014 0.009456264775413711
2 0.4587599544937429 0.005319148936170213 0.34072810011376564 0.010638297872340425
3 0.39647326507394764 0.6997635933806147 0.080773606370876 0.022458628841607566
3 0.5671217292377702 0.6997635933806147 0.080773606370876 0.022458628841607566
3 0.7377701934015927 0.6997635933806147 0.080773606370876 0.022458628841607566
3 0.257679180887372 0.2777777777777778 0.15813424345847554 0.03546099290780142
3 0.4254835039817975 0.7470449172576832 0.13879408418657566 0.0425531914893617
3 0.59613196814562 0.7470449172576832 0.13879408418657566 0.0425531914893617
3 0.7667804323094426 0.7470449172576832 0.13879408418657566 0.0425531914893617
3 0.3560864618885097 0.04846335697399527 0.025597269624573378 0.02364066193853428
3 0.39362912400455063 0.04846335697399527 0.02844141069397042 0.02364066193853428
3 0.44368600682593856 0.04846335697399527 0.051194539249146756 0.02364066193853428
3 0.4891922639362912 0.04846335697399527 0.019908987485779295 0.02364066193853428
3 0.5221843003412969 0.04846335697399527 0.025597269624573378 0.02364066193853428
3 0.5563139931740614 0.04846335697399527 0.02218430034129693 0.02364066193853428
3 0.18828213879408418 0.5011820330969267 0.019908987485779295 0.02127659574468085
3 0.19738339021615472 0.5295508274231678 0.03811149032992037 0.02127659574468085
3 0.20534698521046643 0.6217494089834515 0.0540386803185438 0.02127659574468085
3 0.1899886234357224 0.6501182033096927 0.023321956769055744 0.02127659574468085
3 0.229806598407281 0.6784869976359338 0.10295790671217292 0.02127659574468085
3 0.23094425483503983 0.706855791962175 0.10466439135381114 0.02127659574468085
3 0.18885096700796358 0.7990543735224587 0.020477815699658702 0.02127659574468085
3 0.22468714448236632 0.8912529550827423 0.09271899886234357 0.02127659574468085
3 0.19681456200227532 0.983451536643026 0.036973833902161544 0.02127659574468085
3 0.20932878270762229 0.5011820330969267 0.015927189988623434 0.02127659574468085
3 0.2224118316268487 0.5295508274231678 0.006257110352673493 0.02127659574468085
3 0.2428896473265074 0.6217494089834515 0.015358361774744027 0.02127659574468085
3 0.21046643913538113 0.6501182033096927 0.011945392491467578 0.02127659574468085
3 0.2883959044368601 0.6784869976359338 0.008532423208191127 0.02127659574468085
3 0.28896473265073946 0.706855791962175 0.005688282138794084 0.02127659574468085
3 0.20932878270762229 0.7990543735224587 0.01478953356086462 0.02127659574468085
3 0.2815699658703072 0.8912529550827423 0.015358361774744027 0.02127659574468085
3 0.2241183162684869 0.983451536643026 0.011945392491467578 0.02127659574468085
3 0.21956769055745165 0.030732860520094562 0.06541524459613197 0.02364066193853428
3 0.2150170648464164 0.05319148936170213 0.06541524459613197 0.02364066193853428
3 0.21046643913538113 0.2293144208037825 0.06427758816837315 0.02364066193853428