0 0.25245901639344265 0.7471655328798186 0.013114754098360656 0.027210884353741496
0 0.25245901639344265 0.9319727891156463 0.013114754098360656 0.027210884353741496
0 0.7371584699453552 0.12585034013605442 0.06174863387978142 0.015873015873015872
0 0.6306010928961748 0.2766439909297052 0.03278688524590164 0.02947845804988662
0 0.6306010928961748 0.7324263038548753 0.03278688524590164 0.02947845804988662
0 0.6316939890710382 0.9603174603174603 0.034972677595628415 0.02947845804988662
1 0.7210382513661202 0.0045351473922902496 0.18633879781420765 0.009070294784580499
1 0.3814207650273224 0.282312925170068 0.08743169398907104 0.18140589569160998
1 0.3814207650273224 0.5102040816326531 0.08743169398907104 0.18140589569160998
1 0.3814207650273224 0.7380952380952381 0.08743169398907104 0.18140589569160998
2 0.1814207650273224 0.7448979591836735 0.033879781420765025 0.02834467120181406
2 0.22513661202185792 0.7448979591836735 0.033879781420765025 0.02834467120181406
2 0.1814207650273224 0.9285714285714286 0.033879781420765025 0.02834467120181406
2 0.22513661202185792 0.9285714285714286 0.033879781420765025 0.02834467120181406
3 0.6021857923497268 0.2766439909297052 0.019672131147540985 0.02040816326530612
3 0.4896174863387978 0.5589569160997733 0.10273224043715846 0.021541950113378686
3 0.47759562841530057 0.746031746031746 0.07868852459016394 0.021541950113378686
3 0.6021857923497268 0.7324263038548753 0.019672131147540985 0.02040816326530612
3 0.47759562841530057 0.9739229024943311 0.07868852459016394 0.021541950113378686
3 0.6021857923497268 0.9603174603174603 0.019672131147540985 0.02040816326530612
3 0.1814207650273224 0.7471655328798186 0.03278688524590164 0.035147392290249435
3 0.22513661202185792 0.7471655328798186 0.03278688524590164 0.035147392290249435
3 0.1814207650273224 0.9308390022675737 0.03278688524590164 0.035147392290249435
3 0.22513661202185792 0.9308390022675737 0.03278688524590164 0.035147392290249435
3 0.1814207650273224 0.7471655328798186 0.03278688524590164 0.035147392290249435
3 0.22513661202185792 0.7471655328798186 0.03278688524590164 0.035147392290249435
3 0.1814207650273224 0.9308390022675737 0.03278688524590164 0.035147392290249435
3 0.22513661202185792 0.9308390022675737 0.03278688524590164 0.035147392290249435
3 0.24098360655737705 0.22448979591836735 0.15191256830601094 0.06802721088435375
3 0.6092896174863388 0.20634920634920634 0.34262295081967215 0.02947845804988662
3 0.6092896174863388 0.47505668934240364 0.34262295081967215 0.02947845804988662
3 0.6092896174863388 0.6621315192743764 0.34262295081967215 0.02947845804988662
3 0.6092896174863388 0.8900226757369615 0.34262295081967215 0.02947845804988662
3 0.3355191256830601 0.04421768707482993 0.02459016393442623 0.022675736961451247
3 0.37158469945355194 0.04421768707482993 0.0273224043715847 0.022675736961451247
3 0.419672131147541 0.04421768707482993 0.04918032786885246 0.022675736961451247
3 0.4633879781420765 0.04421768707482993 0.01912568306010929 0.022675736961451247
3 0.49508196721311476 0.04421768707482993 0.02459016393442623 0.022675736961451247
3 0.5278688524590164 0.04421768707482993 0.021311475409836064 0.022675736961451247
3 0.2005464480874317 0.5430839002267573 0.07103825136612021 0.02040816326530612
3 0.19344262295081968 0.6315192743764172 0.05737704918032787 0.02040816326530612
3 0.18688524590163935 0.6587301587301587 0.04371584699453552 0.02040816326530612
3 0.1808743169398907 0.6859410430839002 0.03224043715846994 0.02040816326530612
3 0.1814207650273224 0.7131519274376418 0.03278688524590164 0.02040816326530612
3 0.1830601092896175 0.8424036281179138 0.036065573770491806 0.02040816326530612
3 0.18961748633879782 0.8696145124716553 0.04972677595628415 0.02040816326530612
3 0.19453551912568307 0.8968253968253969 0.05901639344262295 0.02040816326530612
3 0.24371584699453552 0.5430839002267573 0.010382513661202186 0.02040816326530612
3 0.23387978142076501 0.6315192743764172 0.01639344262295082 0.02040816326530612
3 0.2174863387978142 0.6587301587301587 0.012021857923497269 0.02040816326530612
3 0.20765027322404372 0.6859410430839002 0.015846994535519125 0.02040816326530612
3 0.2087431693989071 0.7131519274376418 0.015846994535519125 0.02040816326530612
3 0.21256830601092896 0.8424036281179138 0.01639344262295082 0.02040816326530612
3 0.22513661202185792 0.8696145124716553 0.015300546448087432 0.02040816326530612
3 0.23224043715846995 0.8968253968253969 0.010382513661202186 0.02040816326530612
3 0.20437158469945355 0.027210884353741496 0.06284153005464481 0.022675736961451247
3 0.2 0.048752834467120185 0.06284153005464481 0.022675736961451247
3 0.20546448087431693 0.11564625850340136 0.08087431693989071 0.022675736961451247
3 0.2371584699453552 0.12698412698412698 0.1448087431693989 0.045351473922902494
3 0.24153005464480876 0.1383219954648526 0.0907103825136612 0.022675736961451247
3 0.1989071038251366 0.16099773242630386 0.06830601092896176 0.022675736961451247