0 0.5919889502762431 0.02121559633027523 0.025966850828729283 0.04243119266055046
0 0.7458563535911602 0.16169724770642202 0.062430939226519336 0.016055045871559634
0 0.6348066298342542 0.5607798165137615 0.02707182320441989 0.02981651376146789
0 0.6486187845303868 0.7752293577981652 0.054696132596685085 0.02981651376146789
0 0.6472375690607735 0.9948394495412844 0.05138121546961326 0.008027522935779817
0 0.7988950276243094 0.9357798165137615 0.019889502762430938 0.04128440366972477
1 0.7295580110497237 0.021788990825688075 0.18839779005524862 0.04357798165137615
1 0.3861878453038674 0.31995412844036697 0.08839779005524862 0.1834862385321101
1 0.3861878453038674 0.5504587155963303 0.08839779005524862 0.1834862385321101
1 0.3861878453038674 0.7809633027522935 0.08839779005524862 0.1834862385321101
1 0.20828729281767955 0.020642201834862386 0.07403314917127071 0.0389908256880734
2 0.4395027624309392 0.02121559633027523 0.330939226519337 0.04243119266055046
3 0.48342541436464087 0.32798165137614677 0.07955801104972375 0.021788990825688075
3 0.6165745856353592 0.49655963302752293 0.34640883977900555 0.016055045871559634
3 0.46298342541436466 0.569954128440367 0.039226519337016576 0.016055045871559634
3 0.6093922651933702 0.5607798165137615 0.019889502762430938 0.020642201834862386
3 0.48342541436464087 0.7889908256880734 0.07955801104972375 0.021788990825688075
3 0.6093922651933702 0.7752293577981652 0.019889502762430938 0.020642201834862386
3 0.24419889502762432 0.15711009174311927 0.15359116022099448 0.034403669724770644
3 0.6165745856353592 0.24311926605504589 0.34640883977900555 0.02981651376146789
3 0.6165745856353592 0.4736238532110092 0.34640883977900555 0.02981651376146789
3 0.6165745856353592 0.7041284403669725 0.34640883977900555 0.02981651376146789
3 0.6165745856353592 0.9346330275229358 0.34640883977900555 0.02981651376146789
3 0.3397790055248619 0.07912844036697247 0.024861878453038673 0.022935779816513763
3 0.3762430939226519 0.07912844036697247 0.027624309392265192 0.022935779816513763
3 0.4248618784530387 0.07912844036697247 0.049723756906077346 0.022935779816513763
3 0.469060773480663 0.07912844036697247 0.019337016574585635 0.022935779816513763
3 0.5011049723756906 0.07912844036697247 0.024861878453038673 0.022935779816513763
3 0.5342541436464089 0.07912844036697247 0.02154696132596685 0.022935779816513763
3 0.20331491712707184 0.46215596330275227 0.0718232044198895 0.020642201834862386
3 0.19005524861878453 0.551605504587156 0.045303867403314914 0.020642201834862386
3 0.20607734806629835 0.5791284403669725 0.07734806629834254 0.020642201834862386
3 0.2138121546961326 0.606651376146789 0.09337016574585635 0.020642201834862386
3 0.20828729281767955 0.6341743119266054 0.08176795580110498 0.020642201834862386
3 0.21160220994475137 0.661697247706422 0.08895027624309393 0.020642201834862386
3 0.2121546961325967 0.6892201834862385 0.08950276243093923 0.020642201834862386
3 0.19281767955801105 0.716743119266055 0.05082872928176796 0.020642201834862386
3 0.2138121546961326 0.7442660550458715 0.09281767955801105 0.020642201834862386
3 0.2176795580110497 0.7717889908256881 0.1005524861878453 0.020642201834862386
3 0.17734806629834254 0.8922018348623854 0.019889502762430938 0.020642201834862386
3 0.1861878453038674 0.981651376146789 0.03756906077348066 0.020642201834862386
3 0.24806629834254143 0.46215596330275227 0.012154696132596685 0.020642201834862386
3 0.22099447513812154 0.551605504587156 0.011602209944751382 0.020642201834862386
3 0.2585635359116022 0.5791284403669725 0.022651933701657457 0.020642201834862386
3 0.274585635359116 0.606651376146789 0.022099447513812154 0.020642201834862386
3 0.2585635359116022 0.6341743119266054 0.012154696132596685 0.020642201834862386
3 0.26353591160220996 0.661697247706422 0.008287292817679558 0.020642201834862386
3 0.26243093922651933 0.6892201834862385 0.0060773480662983425 0.020642201834862386
3 0.22375690607734808 0.716743119266055 0.0055248618784530384 0.020642201834862386
3 0.26574585635359116 0.7442660550458715 0.0055248618784530384 0.020642201834862386
3 0.27348066298342544 0.7717889908256881 0.0055248618784530384 0.020642201834862386
3 0.2 0.8922018348623854 0.020441988950276244 0.020642201834862386
3 0.21712707182320443 0.981651376146789 0.019337016574585635 0.020642201834862386
3 0.20718232044198895 0.06192660550458716 0.06353591160220995 0.022935779816513763
3 0.20276243093922652 0.08371559633027523 0.06353591160220995 0.022935779816513763