0 0.584375 0.02922077922077922 0.023958333333333335 0.04220779220779221
0 0.7296875 0.1634199134199134 0.058854166666666666 0.015151515151515152
0 0.7796875 0.7153679653679653 0.01875 0.03896103896103896
1 0.7140625 0.030303030303030304 0.17708333333333334 0.04220779220779221
1 0.390625 0.31277056277056275 0.08333333333333333 0.17316017316017315
1 0.390625 0.5692640692640693 0.08333333333333333 0.17316017316017315
1 0.390625 0.7867965367965368 0.08333333333333333 0.17316017316017315
1 0.22291666666666668 0.030303030303030304 0.06979166666666667 0.0367965367965368
2 0.440625 0.02922077922077922 0.31145833333333334 0.04220779220779221
3 0.6078125 0.3008658008658009 0.3265625 0.015151515151515152
3 0.49375 0.4145021645021645 0.09791666666666667 0.020562770562770564
3 0.4822916666666667 0.5768398268398268 0.075 0.020562770562770564
3 0.4822916666666667 0.7943722943722944 0.075 0.020562770562770564
3 0.25677083333333334 0.1590909090909091 0.14479166666666668 0.032467532467532464
3 0.6078125 0.2792207792207792 0.3265625 0.02813852813852814
3 0.6078125 0.4967532467532468 0.3265625 0.02813852813852814
3 0.6078125 0.7142857142857143 0.3265625 0.02813852813852814
3 0.6078125 0.9458874458874459 0.3265625 0.05627705627705628
3 0.346875 0.0854978354978355 0.0234375 0.021645021645021644
3 0.38125 0.0854978354978355 0.026041666666666668 0.021645021645021644
3 0.4270833333333333 0.0854978354978355 0.046875 0.021645021645021644
3 0.46875 0.0854978354978355 0.018229166666666668 0.021645021645021644
3 0.49895833333333334 0.0854978354978355 0.0234375 0.021645021645021644
3 0.5302083333333333 0.0854978354978355 0.0203125 0.021645021645021644
3 0.21822916666666667 0.44696969696969696 0.06770833333333333 0.01948051948051948
3 0.20572916666666666 0.5313852813852814 0.042708333333333334 0.01948051948051948
3 0.22083333333333333 0.5573593073593074 0.07291666666666667 0.01948051948051948
3 0.228125 0.5833333333333334 0.08802083333333334 0.01948051948051948
3 0.22291666666666668 0.6093073593073594 0.07708333333333334 0.01948051948051948
3 0.23385416666666667 0.6352813852813853 0.09947916666666666 0.01948051948051948
3 0.21979166666666666 0.6612554112554112 0.07083333333333333 0.01948051948051948
3 0.20833333333333334 0.6872294372294372 0.04791666666666667 0.01948051948051948
3 0.19427083333333334 0.7132034632034632 0.0203125 0.01948051948051948
3 0.22604166666666667 0.7391774891774892 0.08385416666666666 0.01948051948051948
3 0.19375 0.8528138528138528 0.01875 0.01948051948051948
3 0.20208333333333334 0.9372294372294372 0.035416666666666666 0.01948051948051948
3 0.2265625 0.9632034632034632 0.08489583333333334 0.01948051948051948
3 0.26145833333333335 0.44696969696969696 0.0140625 0.01948051948051948
3 0.23645833333333333 0.5313852813852814 0.013541666666666667 0.01948051948051948
3 0.2708333333333333 0.5573593073593074 0.021875 0.01948051948051948
3 0.28541666666666665 0.5833333333333334 0.021354166666666667 0.01948051948051948
3 0.2713541666666667 0.6093073593073594 0.013541666666666667 0.01948051948051948
3 0.290625 0.6352813852813853 0.007291666666666667 0.01948051948051948
3 0.26145833333333335 0.6612554112554112 0.007291666666666667 0.01948051948051948
3 0.23854166666666668 0.6872294372294372 0.007291666666666667 0.01948051948051948
3 0.21145833333333333 0.7132034632034632 0.0078125 0.01948051948051948
3 0.275 0.7391774891774892 0.0078125 0.01948051948051948
3 0.21666666666666667 0.8528138528138528 0.021875 0.01948051948051948
3 0.23177083333333334 0.9372294372294372 0.019270833333333334 0.01948051948051948
3 0.28229166666666666 0.9632034632034632 0.020833333333333332 0.01948051948051948
3 0.221875 0.06926406926406926 0.059895833333333336 0.021645021645021644
3 0.21770833333333334 0.08982683982683982 0.059895833333333336 0.021645021645021644