0 0.5733870967741935 0.014508928571428572 0.025268817204301075 0.029017857142857144
0 0.7231182795698925 0.14508928571428573 0.06075268817204301 0.015625
0 0.774731182795699 0.7142857142857143 0.01935483870967742 0.04017857142857143
1 0.707258064516129 0.015066964285714286 0.18333333333333332 0.030133928571428572
1 0.37311827956989246 0.29910714285714285 0.08602150537634409 0.17857142857142858
1 0.37311827956989246 0.5636160714285714 0.08602150537634409 0.17857142857142858
1 0.37311827956989246 0.7879464285714286 0.08602150537634409 0.17857142857142858
1 0.20026881720430106 0.013950892857142858 0.07258064516129033 0.027901785714285716
2 0.425 0.014508928571428572 0.32204301075268815 0.029017857142857144
3 0.5973118279569892 0.28683035714285715 0.3370967741935484 0.015625
3 0.47956989247311826 0.40401785714285715 0.1010752688172043 0.021205357142857144
3 0.46774193548387094 0.5714285714285714 0.07741935483870968 0.021205357142857144
3 0.46774193548387094 0.7957589285714286 0.07741935483870968 0.021205357142857144
3 0.2349462365591398 0.140625 0.14946236559139786 0.033482142857142856
3 0.5973118279569892 0.26450892857142855 0.3370967741935484 0.029017857142857144
3 0.5973118279569892 0.4888392857142857 0.3370967741935484 0.029017857142857144
3 0.5973118279569892 0.7131696428571429 0.3370967741935484 0.029017857142857144
3 0.5973118279569892 0.9520089285714286 0.3370967741935484 0.05803571428571429
3 0.3279569892473118 0.06473214285714286 0.024193548387096774 0.022321428571428572
3 0.3634408602150538 0.06473214285714286 0.026881720430107527 0.022321428571428572
3 0.410752688172043 0.06473214285714286 0.04838709677419355 0.022321428571428572
3 0.45376344086021503 0.06473214285714286 0.01881720430107527 0.022321428571428572
3 0.48494623655913977 0.06473214285714286 0.024193548387096774 0.022321428571428572
3 0.5172043010752688 0.06473214285714286 0.020967741935483872 0.022321428571428572
3 0.19516129032258064 0.4375 0.06989247311827956 0.020089285714285716
3 0.18225806451612903 0.5245535714285714 0.04408602150537634 0.020089285714285716
3 0.1978494623655914 0.5513392857142857 0.07526881720430108 0.020089285714285716
3 0.2053763440860215 0.578125 0.09086021505376345 0.020089285714285716
3 0.2 0.6049107142857143 0.07956989247311828 0.020089285714285716
3 0.21129032258064517 0.6316964285714286 0.10268817204301076 0.020089285714285716
3 0.1967741935483871 0.6584821428571429 0.07311827956989247 0.020089285714285716
3 0.18494623655913978 0.6852678571428571 0.04946236559139785 0.020089285714285716
3 0.17043010752688173 0.7120535714285714 0.020967741935483872 0.020089285714285716
3 0.2032258064516129 0.7388392857142857 0.08655913978494624 0.020089285714285716
3 0.16989247311827957 0.8560267857142857 0.01935483870967742 0.020089285714285716
3 0.17849462365591398 0.9430803571428571 0.03655913978494624 0.020089285714285716
3 0.20376344086021506 0.9698660714285714 0.08763440860215053 0.020089285714285716
3 0.23978494623655913 0.4375 0.014516129032258065 0.020089285714285716
3 0.21397849462365592 0.5245535714285714 0.013978494623655914 0.020089285714285716
3 0.24946236559139784 0.5513392857142857 0.02258064516129032 0.020089285714285716
3 0.2645161290322581 0.578125 0.02204301075268817 0.020089285714285716
3 0.25 0.6049107142857143 0.013978494623655914 0.020089285714285716
3 0.2698924731182796 0.6316964285714286 0.007526881720430108 0.020089285714285716
3 0.23978494623655913 0.6584821428571429 0.007526881720430108 0.020089285714285716
3 0.2161290322580645 0.6852678571428571 0.007526881720430108 0.020089285714285716
3 0.1881720430107527 0.7120535714285714 0.008064516129032258 0.020089285714285716
3 0.2537634408602151 0.7388392857142857 0.008064516129032258 0.020089285714285716
3 0.1935483870967742 0.8560267857142857 0.02258064516129032 0.020089285714285716
3 0.20913978494623656 0.9430803571428571 0.01989247311827957 0.020089285714285716
3 0.26129032258064516 0.9698660714285714 0.021505376344086023 0.020089285714285716
3 0.1989247311827957 0.04799107142857143 0.06182795698924731 0.022321428571428572
3 0.19462365591397848 0.06919642857142858 0.06182795698924731 0.022321428571428572