0 0.6441311852704258 0.005382775119617225 0.02704257767548907 0.01076555023923445
0 0.8043728423475259 0.13516746411483255 0.06501726121979287 0.01674641148325359
0 0.693325661680092 0.3373205741626794 0.03682393555811277 0.03110047846889952
1 0.7873993095512083 0.005980861244019139 0.1962025316455696 0.011961722488038277
1 0.4298043728423475 0.30023923444976075 0.09205983889528194 0.19138755980861244
1 0.4298043728423475 0.5406698564593302 0.09205983889528194 0.19138755980861244
1 0.4298043728423475 0.7811004784688995 0.09205983889528194 0.19138755980861244
1 0.2448216340621404 0.004784688995215311 0.07767548906789414 0.009569377990430622
2 0.4853279631760644 0.005382775119617225 0.34464902186421176 0.01076555023923445
3 0.6622554660529344 0.3373205741626794 0.020713463751438434 0.0215311004784689
3 0.669735327963176 0.48444976076555024 0.36075949367088606 0.01674641148325359
3 0.669735327963176 0.7248803827751196 0.36075949367088606 0.01674641148325359
3 0.669735327963176 0.965311004784689 0.36075949367088606 0.01674641148325359
3 0.2819332566168009 0.2452153110047847 0.15995397008055237 0.03588516746411483
3 0.669735327963176 0.2631578947368421 0.36075949367088606 0.03110047846889952
3 0.669735327963176 0.4605263157894737 0.36075949367088606 0.03110047846889952
3 0.669735327963176 0.7009569377990431 0.36075949367088606 0.03110047846889952
3 0.669735327963176 0.9413875598086124 0.36075949367088606 0.03110047846889952
3 0.3814729574223245 0.04904306220095694 0.025891829689298044 0.023923444976076555
3 0.4194476409666283 0.04904306220095694 0.028768699654775604 0.023923444976076555
3 0.4700805523590334 0.04904306220095694 0.05178365937859609 0.023923444976076555
3 0.5161104718066744 0.04904306220095694 0.020138089758342925 0.023923444976076555
3 0.549482163406214 0.04904306220095694 0.025891829689298044 0.023923444976076555
3 0.5840046029919448 0.04904306220095694 0.02243958573072497 0.023923444976076555
3 0.23935558112773303 0.3791866028708134 0.07479861910241657 0.0215311004784689
3 0.21231300345224396 0.47248803827751196 0.020713463751438434 0.0215311004784689
3 0.21979286536248563 0.5657894736842105 0.03567318757192175 0.0215311004784689
3 0.22036823935558114 0.6590909090909091 0.037399309551208286 0.0215311004784689
3 0.213463751438435 0.7523923444976076 0.023014959723820484 0.0215311004784689
3 0.213463751438435 0.7811004784688995 0.023014959723820484 0.0215311004784689
3 0.23245109321058688 0.8098086124401914 0.06098964326812428 0.0215311004784689
3 0.2284234752589183 0.90311004784689 0.053509781357882626 0.0215311004784689
3 0.23590333716915995 0.9318181818181818 0.06846950517836593 0.0215311004784689
3 0.23130034522439585 0.9605263157894737 0.059263521288837745 0.0215311004784689
3 0.23532796317606444 0.9886363636363636 0.06789413118527042 0.02033492822966507
3 0.2848101265822785 0.3791866028708134 0.010356731875719217 0.0215311004784689
3 0.23187571921749137 0.47248803827751196 0.012658227848101266 0.0215311004784689
3 0.2474108170310702 0.5657894736842105 0.013233601841196778 0.0215311004784689
3 0.2508630609896433 0.6590909090909091 0.01726121979286536 0.0215311004784689
3 0.23878020713463752 0.7523923444976076 0.021288837744533946 0.0215311004784689
3 0.23417721518987342 0.7811004784688995 0.013233601841196778 0.0215311004784689
3 0.26927502876869963 0.8098086124401914 0.006329113924050633 0.0215311004784689
3 0.2669735327963176 0.90311004784689 0.01726121979286536 0.0215311004784689
3 0.2802071346375144 0.9318181818181818 0.013233601841196778 0.0215311004784689
3 0.2727272727272727 0.9605263157894737 0.017836593785960874 0.0215311004784689
3 0.2807825086306099 0.9886363636363636 0.018411967779056387 0.02033492822966507
3 0.24338319907940162 0.03110047846889952 0.0661680092059839 0.023923444976076555
3 0.23878020713463752 0.05382775119617225 0.0661680092059839 0.023923444976076555
3 0.24453394706559264 0.12440191387559808 0.08515535097813579 0.023923444976076555
3 0.27790563866513235 0.13636363636363635 0.1524741081703107 0.04784688995215311
3 0.2761795166858458 0.14832535885167464 0.08285385500575373 0.023923444976076555
3 0.24856156501726123 0.1722488038277512 0.09321058688147296 0.023923444976076555
3 0.2744533947065593 0.18421052631578946 0.14556962025316456 0.04784688995215311
3 0.2721518987341772 0.19617224880382775 0.07019562715765247 0.023923444976076555