0 0.5723118279569892 0.01953125 0.025268817204301075 0.0390625
0 0.7220430107526882 0.15513392857142858 0.06075268817204301 0.015625
0 0.6182795698924731 0.34375 0.034408602150537634 0.029017857142857144
1 0.7061827956989247 0.020089285714285716 0.18333333333333332 0.04017857142857143
1 0.3720430107526882 0.3091517857142857 0.08602150537634409 0.17857142857142858
1 0.3720430107526882 0.5334821428571429 0.08602150537634409 0.17857142857142858
1 0.3720430107526882 0.7578125 0.08602150537634409 0.17857142857142858
1 0.19919354838709677 0.018973214285714284 0.07258064516129033 0.03794642857142857
2 0.4239247311827957 0.01953125 0.32204301075268815 0.0390625
2 0.4543010752688172 0.016741071428571428 0.007526881720430108 0.015625
3 0.5010752688172043 0.017857142857142856 0.11774193548387096 0.029017857142857144
3 0.589247311827957 0.34375 0.01935483870967742 0.020089285714285716
3 0.5962365591397849 0.4810267857142857 0.3370967741935484 0.015625
3 0.5962365591397849 0.7053571428571429 0.3370967741935484 0.015625
3 0.5962365591397849 0.9296875 0.3370967741935484 0.015625
3 0.5064516129032258 0.016741071428571428 0.09193548387096774 0.022321428571428572
3 0.5064516129032258 0.016741071428571428 0.09193548387096774 0.022321428571428572
3 0.23387096774193547 0.2578125 0.14946236559139786 0.033482142857142856
3 0.5962365591397849 0.27455357142857145 0.3370967741935484 0.029017857142857144
3 0.5962365591397849 0.45870535714285715 0.3370967741935484 0.029017857142857144
3 0.5962365591397849 0.6830357142857143 0.3370967741935484 0.029017857142857144
3 0.5962365591397849 0.9073660714285714 0.3370967741935484 0.029017857142857144
3 0.32688172043010755 0.07477678571428571 0.024193548387096774 0.022321428571428572
3 0.36236559139784946 0.07477678571428571 0.026881720430107527 0.022321428571428572
3 0.4096774193548387 0.07477678571428571 0.04838709677419355 0.022321428571428572
3 0.45268817204301076 0.07477678571428571 0.01881720430107527 0.022321428571428572
3 0.4838709677419355 0.07477678571428571 0.024193548387096774 0.022321428571428572
3 0.5161290322580645 0.07477678571428571 0.020967741935483872 0.022321428571428572
3 0.19408602150537635 0.3828125 0.06989247311827956 0.020089285714285716
3 0.16881720430107527 0.46986607142857145 0.01935483870967742 0.020089285714285716
3 0.17580645161290323 0.5569196428571429 0.03333333333333333 0.020089285714285716
3 0.17634408602150536 0.6439732142857143 0.03494623655913978 0.020089285714285716
3 0.16989247311827957 0.7310267857142857 0.021505376344086023 0.020089285714285716
3 0.16989247311827957 0.7578125 0.021505376344086023 0.020089285714285716
3 0.18763440860215053 0.7845982142857143 0.05698924731182796 0.020089285714285716
3 0.18387096774193548 0.8716517857142857 0.05 0.020089285714285716
3 0.19086021505376344 0.8984375 0.06397849462365592 0.020089285714285716
3 0.18655913978494623 0.9252232142857143 0.0553763440860215 0.020089285714285716
3 0.19032258064516128 0.9520089285714286 0.06290322580645161 0.020089285714285716
3 0.1736559139784946 0.9787946428571429 0.02903225806451613 0.020089285714285716
3 0.23655913978494625 0.3828125 0.00967741935483871 0.020089285714285716
3 0.1870967741935484 0.46986607142857145 0.011827956989247311 0.020089285714285716
3 0.20161290322580644 0.5569196428571429 0.012365591397849462 0.020089285714285716
3 0.20483870967741935 0.6439732142857143 0.016129032258064516 0.020089285714285716
3 0.1935483870967742 0.7310267857142857 0.01989247311827957 0.020089285714285716
3 0.18924731182795698 0.7578125 0.012365591397849462 0.020089285714285716
3 0.22204301075268817 0.7845982142857143 0.005913978494623656 0.020089285714285716
3 0.21989247311827956 0.8716517857142857 0.016129032258064516 0.020089285714285716
3 0.23225806451612904 0.8984375 0.012365591397849462 0.020089285714285716
3 0.2252688172043011 0.9252232142857143 0.016666666666666666 0.020089285714285716
3 0.23279569892473118 0.9520089285714286 0.016666666666666666 0.020089285714285716
3 0.1978494623655914 0.9787946428571429 0.013978494623655914 0.020089285714285716
3 0.1978494623655914 0.05803571428571429 0.06182795698924731 0.022321428571428572
3 0.1935483870967742 0.07924107142857142 0.06182795698924731 0.022321428571428572
3 0.1989247311827957 0.14508928571428573 0.07956989247311828 0.022321428571428572
3 0.23010752688172043 0.15625 0.1424731182795699 0.044642857142857144
3 0.22849462365591397 0.16741071428571427 0.07741935483870968 0.022321428571428572
3 0.20268817204301076 0.18973214285714285 0.08709677419354839 0.022321428571428572
3 0.22688172043010751 0.20089285714285715 0.13602150537634408 0.044642857142857144
3 0.22473118279569892 0.21205357142857142 0.06559139784946237 0.022321428571428572