0 0.5756830601092896 0.010770975056689343 0.025683060109289616 0.021541950113378686
0 0.7278688524590164 0.13945578231292516 0.06174863387978142 0.015873015873015872
0 0.6672131147540984 0.36848072562358275 0.12459016393442623 0.045351473922902494
0 0.6224043715846994 0.518140589569161 0.034972677595628415 0.02947845804988662
0 0.6327868852459017 0.746031746031746 0.05573770491803279 0.02947845804988662
0 0.6224043715846994 0.9739229024943311 0.034972677595628415 0.02947845804988662
1 0.7117486338797814 0.011337868480725623 0.18633879781420765 0.022675736961451247
1 0.3721311475409836 0.29591836734693877 0.08743169398907104 0.18140589569160998
1 0.3721311475409836 0.5238095238095238 0.08743169398907104 0.18140589569160998
1 0.3721311475409836 0.7517006802721088 0.08743169398907104 0.18140589569160998
1 0.19644808743169398 0.01020408163265306 0.07377049180327869 0.02040816326530612
2 0.4248633879781421 0.010770975056689343 0.3273224043715847 0.021541950113378686
2 0.45819672131147543 0.003968253968253968 0.00819672131147541 0.007936507936507936
3 0.5043715846994535 0.007936507936507936 0.1180327868852459 0.015873015873015872
3 0.592896174863388 0.36054421768707484 0.019672131147540985 0.02040816326530612
3 0.592896174863388 0.518140589569161 0.019672131147540985 0.02040816326530612
3 0.592896174863388 0.746031746031746 0.019672131147540985 0.02040816326530612
3 0.592896174863388 0.9739229024943311 0.019672131147540985 0.02040816326530612
3 0.5098360655737705 0.005668934240362812 0.09180327868852459 0.011337868480725623
3 0.5098360655737705 0.005668934240362812 0.09180327868852459 0.011337868480725623
3 0.23169398907103825 0.2437641723356009 0.15191256830601094 0.034013605442176874
3 0.6 0.2755102040816326 0.34262295081967215 0.05895691609977324
3 0.6 0.4478458049886621 0.34262295081967215 0.02947845804988662
3 0.6 0.6757369614512472 0.34262295081967215 0.02947845804988662
3 0.6 0.9036281179138322 0.34262295081967215 0.02947845804988662
3 0.3262295081967213 0.05782312925170068 0.02459016393442623 0.022675736961451247
3 0.3622950819672131 0.05782312925170068 0.0273224043715847 0.022675736961451247
3 0.4103825136612022 0.05782312925170068 0.04918032786885246 0.022675736961451247
3 0.4540983606557377 0.05782312925170068 0.01912568306010929 0.022675736961451247
3 0.48579234972677593 0.05782312925170068 0.02459016393442623 0.022675736961451247
3 0.5185792349726775 0.05782312925170068 0.021311475409836064 0.022675736961451247
3 0.1912568306010929 0.4580498866213152 0.07103825136612021 0.02040816326530612
3 0.17923497267759564 0.546485260770975 0.046994535519125684 0.02040816326530612
3 0.18907103825136612 0.5736961451247166 0.06666666666666667 0.02040816326530612
3 0.20382513661202187 0.6009070294784581 0.09672131147540984 0.02040816326530612
3 0.1650273224043716 0.6281179138321995 0.018579234972677595 0.02040816326530612
3 0.16557377049180327 0.7165532879818595 0.019672131147540985 0.02040816326530612
3 0.2 0.8049886621315193 0.08907103825136611 0.02040816326530612
3 0.1726775956284153 0.8934240362811792 0.033879781420765025 0.02040816326530612
3 0.173224043715847 0.981859410430839 0.03551912568306011 0.02040816326530612
3 0.2355191256830601 0.4580498866213152 0.012021857923497269 0.02040816326530612
3 0.21693989071038253 0.546485260770975 0.022404371584699455 0.02040816326530612
3 0.23442622950819672 0.5736961451247166 0.018579234972677595 0.02040816326530612
3 0.25901639344262295 0.6009070294784581 0.007650273224043716 0.02040816326530612
3 0.1819672131147541 0.6281179138321995 0.010382513661202186 0.02040816326530612
3 0.18524590163934426 0.7165532879818595 0.014754098360655738 0.02040816326530612
3 0.2502732240437158 0.8049886621315193 0.00546448087431694 0.02040816326530612
3 0.1994535519125683 0.8934240362811792 0.013114754098360656 0.02040816326530612
3 0.20327868852459016 0.981859410430839 0.018579234972677595 0.02040816326530612
3 0.19508196721311474 0.04081632653061224 0.06284153005464481 0.022675736961451247
3 0.1907103825136612 0.06235827664399093 0.06284153005464481 0.022675736961451247
3 0.19617486338797815 0.1292517006802721 0.08087431693989071 0.022675736961451247
3 0.2278688524590164 0.14058956916099774 0.1448087431693989 0.045351473922902494
3 0.2262295081967213 0.15192743764172337 0.07868852459016394 0.022675736961451247
3 0.2 0.1746031746031746 0.08852459016393442 0.022675736961451247
3 0.22459016393442624 0.18594104308390022 0.13825136612021857 0.045351473922902494