0 0.6053072625698324 0.009860788863109048 0.026256983240223464 0.019721577726218097
0 0.7608938547486034 0.14037122969837587 0.06312849162011173 0.016241299303944315
0 0.6988826815642458 0.37470997679814383 0.12737430167597766 0.04640371229698376
0 0.653072625698324 0.5278422273781903 0.035754189944134075 0.030162412993039442
0 0.6636871508379888 0.7610208816705336 0.05698324022346369 0.030162412993039442
0 0.6533519553072625 0.9889791183294664 0.036312849162011177 0.019721577726218097
1 0.744413407821229 0.010440835266821345 0.19050279329608938 0.02088167053364269
1 0.3972067039106145 0.3004640371229698 0.0893854748603352 0.18561484918793503
1 0.3972067039106145 0.5336426914153132 0.0893854748603352 0.18561484918793503
1 0.3972067039106145 0.7668213457076566 0.0893854748603352 0.18561484918793503
1 0.2175977653631285 0.009280742459396751 0.07541899441340782 0.018561484918793503
2 0.4511173184357542 0.009860788863109048 0.3346368715083799 0.019721577726218097
2 0.485195530726257 0.002900232018561485 0.008379888268156424 0.00580046403712297
3 0.5324022346368715 0.0069605568445475635 0.12067039106145251 0.013921113689095127
3 0.6229050279329609 0.3665893271461717 0.02011173184357542 0.02088167053364269
3 0.6229050279329609 0.5278422273781903 0.02011173184357542 0.02088167053364269
3 0.6229050279329609 0.7610208816705336 0.02011173184357542 0.02088167053364269
3 0.6231843575418995 0.9912993039443155 0.020670391061452513 0.015081206496519721
3 0.5379888268156424 0.004640371229698376 0.09385474860335195 0.009280742459396751
3 0.5379888268156424 0.004640371229698376 0.09385474860335195 0.009280742459396751
3 0.2536312849162011 0.2470997679814385 0.1553072625698324 0.03480278422273782
3 0.6301675977653631 0.27958236658932717 0.35027932960893854 0.060324825986078884
3 0.6301675977653631 0.45591647331786544 0.35027932960893854 0.030162412993039442
3 0.6301675977653631 0.6890951276102089 0.35027932960893854 0.030162412993039442
3 0.6301675977653631 0.9222737819025522 0.35027932960893854 0.030162412993039442
3 0.35027932960893854 0.0568445475638051 0.025139664804469275 0.02320185614849188
3 0.3871508379888268 0.0568445475638051 0.027932960893854747 0.02320185614849188
3 0.4363128491620112 0.0568445475638051 0.05027932960893855 0.02320185614849188
3 0.4810055865921788 0.0568445475638051 0.019553072625698324 0.02320185614849188
3 0.5134078212290503 0.0568445475638051 0.025139664804469275 0.02320185614849188
3 0.5469273743016759 0.0568445475638051 0.021787709497206705 0.02320185614849188
3 0.2122905027932961 0.46635730858468677 0.07262569832402235 0.02088167053364269
3 0.2 0.5568445475638051 0.048044692737430165 0.02088167053364269
3 0.2100558659217877 0.5846867749419954 0.06815642458100558 0.02088167053364269
3 0.22513966480446929 0.6125290023201856 0.09888268156424582 0.02088167053364269
3 0.18547486033519553 0.6403712296983759 0.01899441340782123 0.02088167053364269
3 0.18603351955307262 0.7308584686774942 0.02011173184357542 0.02088167053364269
3 0.2212290502793296 0.8213457076566125 0.09106145251396648 0.02088167053364269
3 0.19329608938547485 0.9118329466357309 0.034636871508379886 0.02088167053364269
3 0.19385474860335195 0.9953596287703016 0.03687150837988827 0.0069605568445475635
3 0.25754189944134076 0.46635730858468677 0.012290502793296089 0.02088167053364269
3 0.23854748603351955 0.5568445475638051 0.022905027932960894 0.02088167053364269
3 0.25642458100558657 0.5846867749419954 0.01899441340782123 0.02088167053364269
3 0.28156424581005585 0.6125290023201856 0.00782122905027933 0.02088167053364269
3 0.20279329608938548 0.6403712296983759 0.010614525139664804 0.02088167053364269
3 0.20614525139664805 0.7308584686774942 0.015083798882681564 0.02088167053364269
3 0.27262569832402234 0.8213457076566125 0.00558659217877095 0.02088167053364269
3 0.2206703910614525 0.9118329466357309 0.013407821229050279 0.02088167053364269
3 0.22486033519553073 0.9953596287703016 0.019553072625698324 0.0069605568445475635
3 0.21620111731843575 0.03944315545243619 0.06424581005586592 0.02320185614849188
3 0.211731843575419 0.06148491879350348 0.06424581005586592 0.02320185614849188
3 0.21731843575418994 0.12993039443155452 0.08268156424581005 0.02320185614849188
3 0.24972067039106144 0.14153132250580047 0.14804469273743018 0.04640371229698376
3 0.24804469273743016 0.1531322505800464 0.08044692737430167 0.02320185614849188
3 0.2212290502793296 0.17633410672853828 0.09050279329608939 0.02320185614849188
3 0.24636871508379887 0.18793503480278423 0.14134078212290502 0.04640371229698376