0 0.5911290322580646 0.016741071428571428 0.025268817204301075 0.033482142857142856
0 0.7408602150537634 0.14955357142857142 0.06075268817204301 0.015625
0 0.6811827956989247 0.375 0.12258064516129032 0.044642857142857144
0 0.6370967741935484 0.5223214285714286 0.034408602150537634 0.029017857142857144
0 0.6473118279569893 0.7466517857142857 0.054838709677419356 0.029017857142857144
0 0.6370967741935484 0.9709821428571429 0.034408602150537634 0.029017857142857144
1 0.725 0.017299107142857144 0.18333333333333332 0.03459821428571429
1 0.39086021505376345 0.30357142857142855 0.08602150537634409 0.17857142857142858
1 0.39086021505376345 0.5279017857142857 0.08602150537634409 0.17857142857142858
1 0.39086021505376345 0.7522321428571429 0.08602150537634409 0.17857142857142858
1 0.21801075268817205 0.016183035714285716 0.07258064516129033 0.03236607142857143
2 0.442741935483871 0.016741071428571428 0.32204301075268815 0.033482142857142856
2 0.4752688172043011 0.011160714285714286 0.007526881720430108 0.015625
3 0.5209677419354839 0.013950892857142858 0.11612903225806452 0.027901785714285716
3 0.6080645161290322 0.3671875 0.01935483870967742 0.020089285714285716
3 0.6080645161290322 0.5223214285714286 0.01935483870967742 0.020089285714285716
3 0.6080645161290322 0.7466517857142857 0.01935483870967742 0.020089285714285716
3 0.6080645161290322 0.9709821428571429 0.01935483870967742 0.020089285714285716
3 0.5263440860215054 0.011160714285714286 0.08978494623655914 0.022321428571428572
3 0.5263440860215054 0.011160714285714286 0.08978494623655914 0.022321428571428572
3 0.25268817204301075 0.25223214285714285 0.14946236559139786 0.033482142857142856
3 0.6150537634408603 0.28348214285714285 0.3370967741935484 0.05803571428571429
3 0.6150537634408603 0.453125 0.3370967741935484 0.029017857142857144
3 0.6150537634408603 0.6774553571428571 0.3370967741935484 0.029017857142857144
3 0.6150537634408603 0.9017857142857143 0.3370967741935484 0.029017857142857144
3 0.3456989247311828 0.06919642857142858 0.024193548387096774 0.022321428571428572
3 0.3811827956989247 0.06919642857142858 0.026881720430107527 0.022321428571428572
3 0.42849462365591395 0.06919642857142858 0.04838709677419355 0.022321428571428572
3 0.471505376344086 0.06919642857142858 0.01881720430107527 0.022321428571428572
3 0.5026881720430108 0.06919642857142858 0.024193548387096774 0.022321428571428572
3 0.5349462365591398 0.06919642857142858 0.020967741935483872 0.022321428571428572
3 0.2129032258064516 0.46316964285714285 0.06989247311827956 0.020089285714285716
3 0.2010752688172043 0.5502232142857143 0.046236559139784944 0.020089285714285716
3 0.210752688172043 0.5770089285714286 0.06559139784946237 0.020089285714285716
3 0.2252688172043011 0.6037946428571429 0.09516129032258064 0.020089285714285716
3 0.1870967741935484 0.6305803571428571 0.01827956989247312 0.020089285714285716
3 0.18763440860215053 0.7176339285714286 0.01935483870967742 0.020089285714285716
3 0.221505376344086 0.8046875 0.08763440860215053 0.020089285714285716
3 0.19462365591397848 0.8917410714285714 0.03333333333333333 0.020089285714285716
3 0.19516129032258064 0.9787946428571429 0.03494623655913978 0.020089285714285716
3 0.2564516129032258 0.46316964285714285 0.011827956989247311 0.020089285714285716
3 0.23817204301075268 0.5502232142857143 0.02204301075268817 0.020089285714285716
3 0.2553763440860215 0.5770089285714286 0.01827956989247312 0.020089285714285716
3 0.27956989247311825 0.6037946428571429 0.007526881720430108 0.020089285714285716
3 0.20376344086021506 0.6305803571428571 0.01021505376344086 0.020089285714285716
3 0.20698924731182797 0.7176339285714286 0.014516129032258065 0.020089285714285716
3 0.2709677419354839 0.8046875 0.005376344086021506 0.020089285714285716
3 0.22096774193548388 0.8917410714285714 0.012903225806451613 0.020089285714285716
3 0.22473118279569892 0.9787946428571429 0.01827956989247312 0.020089285714285716
3 0.21666666666666667 0.052455357142857144 0.06182795698924731 0.022321428571428572
3 0.21236559139784947 0.07366071428571429 0.06182795698924731 0.022321428571428572
3 0.21774193548387097 0.13950892857142858 0.07956989247311828 0.022321428571428572
3 0.2489247311827957 0.15066964285714285 0.1424731182795699 0.044642857142857144
3 0.24731182795698925 0.16183035714285715 0.07741935483870968 0.022321428571428572
3 0.221505376344086 0.18415178571428573 0.08709677419354839 0.022321428571428572
3 0.2456989247311828 0.1953125 0.13602150537634408 0.044642857142857144