0 0.5820441988950277 0.018922018348623854 0.025966850828729283 0.03784403669724771
0 0.7359116022099448 0.15711009174311927 0.062430939226519336 0.016055045871559634
0 0.6348066298342542 0.992545871559633 0.04751381215469613 0.01261467889908257
1 0.7196132596685083 0.0194954128440367 0.18839779005524862 0.0389908256880734
1 0.3762430939226519 0.31536697247706424 0.08839779005524862 0.1834862385321101
1 0.3762430939226519 0.5458715596330275 0.08839779005524862 0.1834862385321101
1 0.3762430939226519 0.7763761467889908 0.08839779005524862 0.1834862385321101
1 0.19861878453038673 0.01834862385321101 0.07458563535911603 0.03669724770642202
2 0.42955801104972374 0.018922018348623854 0.330939226519337 0.03784403669724771
2 0.5116022099447514 0.014908256880733946 0.0077348066298342545 0.016055045871559634
3 0.5342541436464089 0.016055045871559634 0.07016574585635359 0.02981651376146789
3 0.46298342541436466 0.32339449541284404 0.05856353591160221 0.021788990825688075
3 0.4734806629834254 0.5951834862385321 0.07955801104972375 0.021788990825688075
3 0.5997237569060774 0.9948394495412844 0.020441988950276244 0.008027522935779817
3 0.5397790055248619 0.014908256880733946 0.04364640883977901 0.022935779816513763
3 0.5397790055248619 0.014908256880733946 0.04364640883977901 0.022935779816513763
3 0.23425414364640884 0.21674311926605505 0.15359116022099448 0.034403669724770644
3 0.6066298342541436 0.23853211009174313 0.34640883977900555 0.02981651376146789
3 0.6066298342541436 0.5103211009174312 0.34640883977900555 0.02981651376146789
3 0.6066298342541436 0.6995412844036697 0.34640883977900555 0.02981651376146789
3 0.6066298342541436 0.930045871559633 0.34640883977900555 0.02981651376146789
3 0.3298342541436464 0.07454128440366972 0.024861878453038673 0.022935779816513763
3 0.36629834254143645 0.07454128440366972 0.027624309392265192 0.022935779816513763
3 0.4149171270718232 0.07454128440366972 0.049723756906077346 0.022935779816513763
3 0.4591160220994475 0.07454128440366972 0.019337016574585635 0.022935779816513763
3 0.49116022099447515 0.07454128440366972 0.024861878453038673 0.022935779816513763
3 0.5243093922651934 0.07454128440366972 0.02154696132596685 0.022935779816513763
3 0.19337016574585636 0.5217889908256881 0.0718232044198895 0.020642201834862386
3 0.16629834254143647 0.6112385321100917 0.018232044198895028 0.020642201834862386
3 0.17458563535911603 0.6387614678899083 0.03425414364640884 0.020642201834862386
3 0.16464088397790055 0.6662844036697247 0.014917127071823204 0.020642201834862386
3 0.1723756906077348 0.7557339449541285 0.03038674033149171 0.020642201834862386
3 0.16629834254143647 0.783256880733945 0.018232044198895028 0.020642201834862386
3 0.17734806629834254 0.8107798165137615 0.04033149171270718 0.020642201834862386
3 0.16519337016574587 0.838302752293578 0.015469613259668509 0.020642201834862386
3 0.17403314917127072 0.8658256880733946 0.03314917127071823 0.020642201834862386
3 0.17016574585635358 0.893348623853211 0.025966850828729283 0.020642201834862386
3 0.17016574585635358 0.9208715596330275 0.025966850828729283 0.020642201834862386
3 0.17292817679558012 0.948394495412844 0.03149171270718232 0.020642201834862386
3 0.1718232044198895 0.9759174311926605 0.028729281767955802 0.020642201834862386
3 0.23812154696132598 0.5217889908256881 0.012154696132596685 0.020642201834862386
3 0.1861878453038674 0.6112385321100917 0.016022099447513812 0.020642201834862386
3 0.19889502762430938 0.6387614678899083 0.0077348066298342545 0.020642201834862386
3 0.17845303867403314 0.6662844036697247 0.0060773480662983425 0.020642201834862386
3 0.20165745856353592 0.7557339449541285 0.020994475138121547 0.020642201834862386
3 0.18950276243093922 0.783256880733945 0.020994475138121547 0.020642201834862386
3 0.20883977900552486 0.8107798165137615 0.015469613259668509 0.020642201834862386
3 0.18342541436464088 0.838302752293578 0.016022099447513812 0.020642201834862386
3 0.2 0.8658256880733946 0.012154696132596685 0.020642201834862386
3 0.19281767955801105 0.893348623853211 0.012154696132596685 0.020642201834862386
3 0.19281767955801105 0.9208715596330275 0.01270718232044199 0.020642201834862386
3 0.19779005524861878 0.948394495412844 0.01270718232044199 0.020642201834862386
3 0.19392265193370165 0.9759174311926605 0.009944751381215469 0.020642201834862386
3 0.19723756906077347 0.05733944954128441 0.06353591160220995 0.022935779816513763
3 0.19281767955801105 0.07912844036697247 0.06353591160220995 0.022935779816513763
3 0.1983425414364641 0.14678899082568808 0.08176795580110498 0.022935779816513763
3 0.2303867403314917 0.15825688073394495 0.1464088397790055 0.045871559633027525
3 0.23480662983425415 0.16972477064220184 0.09171270718232044 0.022935779816513763
3 0.2994475138121547 0.16972477064220184 0.01712707182320442 0.022935779816513763