0 0.5926229508196721 0.011904761904761904 0.025683060109289616 0.023809523809523808
0 0.26010928961748636 0.7857142857142857 0.013114754098360656 0.027210884353741496
0 0.7448087431693989 0.1417233560090703 0.06174863387978142 0.015873015873015872
0 0.6382513661202186 0.5204081632653061 0.03278688524590164 0.02947845804988662
1 0.728688524590164 0.012471655328798186 0.18633879781420765 0.024943310657596373
1 0.38907103825136613 0.2981859410430839 0.08743169398907104 0.18140589569160998
1 0.38907103825136613 0.5260770975056689 0.08743169398907104 0.18140589569160998
1 0.38907103825136613 0.753968253968254 0.08743169398907104 0.18140589569160998
1 0.2133879781420765 0.011337868480725623 0.07377049180327869 0.022675736961451247
2 0.4418032786885246 0.011904761904761904 0.3273224043715847 0.023809523809523808
2 0.48770491803278687 0.00510204081632653 0.00819672131147541 0.01020408163265306
2 0.18907103825136612 0.7834467120181405 0.033879781420765025 0.02834467120181406
2 0.23278688524590163 0.7834467120181405 0.033879781420765025 0.02834467120181406
3 0.5281420765027323 0.009070294784580499 0.10546448087431694 0.018140589569160998
3 0.6098360655737705 0.5204081632653061 0.019672131147540985 0.02040816326530612
3 0.46502732240437156 0.9852607709750567 0.03879781420765027 0.015873015873015872
3 0.5336065573770492 0.006802721088435374 0.07923497267759563 0.013605442176870748
3 0.18907103825136612 0.7857142857142857 0.03278688524590164 0.035147392290249435
3 0.23278688524590163 0.7857142857142857 0.03278688524590164 0.035147392290249435
3 0.5336065573770492 0.006802721088435374 0.07923497267759563 0.013605442176870748
3 0.18907103825136612 0.7857142857142857 0.03278688524590164 0.035147392290249435
3 0.23278688524590163 0.7857142857142857 0.03278688524590164 0.035147392290249435
3 0.24863387978142076 0.2233560090702948 0.15191256830601094 0.034013605442176874
3 0.6169398907103825 0.26303854875283444 0.34262295081967215 0.02947845804988662
3 0.6169398907103825 0.4501133786848073 0.34262295081967215 0.02947845804988662
3 0.6169398907103825 0.6780045351473923 0.34262295081967215 0.02947845804988662
3 0.6169398907103825 0.9058956916099773 0.34262295081967215 0.02947845804988662
3 0.34316939890710385 0.060090702947845805 0.02459016393442623 0.022675736961451247
3 0.37923497267759565 0.060090702947845805 0.0273224043715847 0.022675736961451247
3 0.4273224043715847 0.060090702947845805 0.04918032786885246 0.022675736961451247
3 0.4710382513661202 0.060090702947845805 0.01912568306010929 0.022675736961451247
3 0.5027322404371585 0.060090702947845805 0.02459016393442623 0.022675736961451247
3 0.5355191256830601 0.060090702947845805 0.021311475409836064 0.022675736961451247
3 0.2081967213114754 0.35034013605442177 0.07103825136612021 0.02040816326530612
3 0.2081967213114754 0.4387755102040816 0.0715846994535519 0.02040816326530612
3 0.20218579234972678 0.46598639455782315 0.059562841530054644 0.02040816326530612
3 0.2005464480874317 0.5544217687074829 0.05573770491803279 0.02040816326530612
3 0.19453551912568307 0.5816326530612245 0.04426229508196721 0.02040816326530612
3 0.18688524590163935 0.6700680272108843 0.02841530054644809 0.02040816326530612
3 0.18961748633879782 0.6972789115646258 0.033879781420765025 0.02040816326530612
3 0.18907103825136612 0.7244897959183674 0.03333333333333333 0.02040816326530612
3 0.2005464480874317 0.7517006802721088 0.05573770491803279 0.02040816326530612
3 0.1830601092896175 0.8809523809523809 0.020765027322404372 0.02040816326530612
3 0.19781420765027322 0.9081632653061225 0.05081967213114754 0.02040816326530612
3 0.18633879781420765 0.935374149659864 0.0273224043715847 0.02040816326530612
3 0.1808743169398907 0.9625850340136054 0.01639344262295082 0.02040816326530612
3 0.17923497267759564 0.9892290249433107 0.014207650273224045 0.01927437641723356
3 0.25136612021857924 0.35034013605442177 0.009836065573770493 0.02040816326530612
3 0.2568306010928962 0.4387755102040816 0.020218579234972677 0.02040816326530612
3 0.24153005464480876 0.46598639455782315 0.012568306010928962 0.02040816326530612
3 0.24207650273224043 0.5544217687074829 0.020765027322404372 0.02040816326530612
3 0.2273224043715847 0.5816326530612245 0.015846994535519125 0.02040816326530612
3 0.2098360655737705 0.6700680272108843 0.012568306010928962 0.02040816326530612
3 0.21584699453551912 0.6972789115646258 0.01366120218579235 0.02040816326530612
3 0.2174863387978142 0.7244897959183674 0.01639344262295082 0.02040816326530612
3 0.2371584699453552 0.7517006802721088 0.012021857923497269 0.02040816326530612
3 0.20437158469945355 0.8809523809523809 0.016939890710382512 0.02040816326530612
3 0.23442622950819672 0.9081632653061225 0.01639344262295082 0.02040816326530612
3 0.2103825136612022 0.935374149659864 0.014754098360655738 0.02040816326530612
3 0.19836065573770492 0.9625850340136054 0.012568306010928962 0.02040816326530612
3 0.19617486338797815 0.9892290249433107 0.015300546448087432 0.01927437641723356
3 0.21202185792349726 0.04308390022675737 0.06284153005464481 0.022675736961451247
3 0.20765027322404372 0.06462585034013606 0.06284153005464481 0.022675736961451247
3 0.21311475409836064 0.13151927437641722 0.08087431693989071 0.022675736961451247
3 0.2448087431693989 0.14285714285714285 0.1448087431693989 0.045351473922902494
3 0.24918032786885247 0.15419501133786848 0.0907103825136612 0.022675736961451247
3 0.1989071038251366 0.17687074829931973 0.05245901639344262 0.022675736961451247