0 0.5915343915343916 0.02197802197802198 0.02433862433862434 0.04285714285714286
0 0.7391534391534391 0.15824175824175823 0.059788359788359786 0.015384615384615385
0 0.78994708994709 0.4582417582417582 0.01904761904761905 0.03956043956043956
1 0.7232804232804233 0.023076923076923078 0.17989417989417988 0.04285714285714286
1 0.39470899470899473 0.3098901098901099 0.08465608465608465 0.17582417582417584
1 0.39470899470899473 0.5307692307692308 0.08465608465608465 0.17582417582417584
1 0.39470899470899473 0.7516483516483516 0.08465608465608465 0.17582417582417584
1 0.22433862433862434 0.023076923076923078 0.07089947089947089 0.03736263736263736
2 0.4455026455026455 0.02197802197802198 0.3164021164021164 0.04285714285714286
2 0.4624338624338624 0.02197802197802198 0.007407407407407408 0.015384615384615385
3 0.5153439153439153 0.023076923076923078 0.1291005291005291 0.02857142857142857
3 0.48783068783068784 0.5384615384615384 0.0761904761904762 0.020879120879120878
3 0.6153439153439153 0.9208791208791208 0.33174603174603173 0.015384615384615385
3 0.5206349206349207 0.02197802197802198 0.1037037037037037 0.02197802197802198
3 0.5206349206349207 0.02197802197802198 0.1037037037037037 0.02197802197802198
3 0.25873015873015875 0.1934065934065934 0.14708994708994708 0.03296703296703297
3 0.6153439153439153 0.23626373626373626 0.33174603174603173 0.02857142857142857
3 0.6153439153439153 0.45714285714285713 0.33174603174603173 0.02857142857142857
3 0.6153439153439153 0.6780219780219781 0.33174603174603173 0.02857142857142857
3 0.6153439153439153 0.8989010989010989 0.33174603174603173 0.02857142857142857
3 0.3502645502645503 0.07912087912087912 0.023809523809523808 0.02197802197802198
3 0.3851851851851852 0.07912087912087912 0.026455026455026454 0.02197802197802198
3 0.43174603174603177 0.07912087912087912 0.047619047619047616 0.02197802197802198
3 0.4740740740740741 0.07912087912087912 0.018518518518518517 0.02197802197802198
3 0.5047619047619047 0.07912087912087912 0.023809523809523808 0.02197802197802198
3 0.5365079365079365 0.07912087912087912 0.020634920634920634 0.02197802197802198
3 0.21957671957671956 0.4857142857142857 0.06878306878306878 0.01978021978021978
3 0.21428571428571427 0.5714285714285714 0.05873015873015873 0.01978021978021978
3 0.20952380952380953 0.5978021978021978 0.04867724867724868 0.01978021978021978
3 0.2222222222222222 0.6241758241758242 0.07407407407407407 0.01978021978021978
3 0.22962962962962963 0.6505494505494506 0.08941798941798942 0.01978021978021978
3 0.22645502645502646 0.676923076923077 0.08306878306878307 0.01978021978021978
3 0.23809523809523808 0.7032967032967034 0.10634920634920635 0.01978021978021978
3 0.23756613756613756 0.7296703296703296 0.10476190476190476 0.01978021978021978
3 0.23703703703703705 0.756043956043956 0.1037037037037037 0.01978021978021978
3 0.23544973544973544 0.7824175824175824 0.10105820105820106 0.01978021978021978
3 0.19470899470899472 0.8978021978021978 0.01904761904761905 0.01978021978021978
3 0.20317460317460317 0.9835164835164835 0.03597883597883598 0.01978021978021978
3 0.2624338624338624 0.4857142857142857 0.01164021164021164 0.01978021978021978
3 0.25767195767195766 0.5714285714285714 0.022222222222222223 0.01978021978021978
3 0.24338624338624337 0.5978021978021978 0.013756613756613757 0.01978021978021978
3 0.27195767195767195 0.6241758241758242 0.020105820105820106 0.01978021978021978
3 0.2841269841269841 0.6505494505494506 0.014285714285714285 0.01978021978021978
3 0.2767195767195767 0.676923076923077 0.01216931216931217 0.01978021978021978
3 0.29894179894179895 0.7032967032967034 0.009523809523809525 0.01978021978021978
3 0.29788359788359786 0.7296703296703296 0.011111111111111112 0.01978021978021978
3 0.2968253968253968 0.756043956043956 0.009523809523809525 0.01978021978021978
3 0.2920634920634921 0.7824175824175824 0.00582010582010582 0.01978021978021978
3 0.21481481481481482 0.8978021978021978 0.0164021164021164 0.01978021978021978
3 0.22962962962962963 0.9835164835164835 0.01164021164021164 0.01978021978021978
3 0.22328042328042327 0.06263736263736264 0.06084656084656084 0.02197802197802198
3 0.21904761904761905 0.08351648351648351 0.06084656084656084 0.02197802197802198
3 0.22433862433862434 0.14835164835164835 0.07830687830687831 0.02197802197802198