0 0.5934426229508196 0.026077097505668934 0.025136612021857924 0.04421768707482993
0 0.7459016393442623 0.16666666666666666 0.06174863387978142 0.015873015873015872
0 0.7983606557377049 0.47619047619047616 0.019672131147540985 0.04081632653061224
1 0.7295081967213115 0.027210884353741496 0.18579234972677597 0.04421768707482993
1 0.3901639344262295 0.3231292517006803 0.08743169398907104 0.18140589569160998
1 0.3901639344262295 0.5510204081632653 0.08743169398907104 0.18140589569160998
1 0.3901639344262295 0.7789115646258503 0.08743169398907104 0.18140589569160998
1 0.21420765027322405 0.027210884353741496 0.073224043715847 0.03854875283446712
2 0.4426229508196721 0.026077097505668934 0.326775956284153 0.04421768707482993
2 0.4601092896174863 0.026077097505668934 0.007650273224043716 0.015873015873015872
3 0.5147540983606558 0.027210884353741496 0.13333333333333333 0.02947845804988662
3 0.48633879781420764 0.5589569160997733 0.07868852459016394 0.021541950113378686
3 0.6180327868852459 0.953514739229025 0.34262295081967215 0.015873015873015872
3 0.5202185792349727 0.026077097505668934 0.10710382513661203 0.022675736961451247
3 0.5202185792349727 0.026077097505668934 0.10710382513661203 0.022675736961451247
3 0.24972677595628415 0.20294784580498867 0.15191256830601094 0.034013605442176874
3 0.6180327868852459 0.2471655328798186 0.34262295081967215 0.02947845804988662
3 0.6180327868852459 0.47505668934240364 0.34262295081967215 0.02947845804988662
3 0.6180327868852459 0.7029478458049887 0.34262295081967215 0.02947845804988662
3 0.6180327868852459 0.9308390022675737 0.34262295081967215 0.02947845804988662
3 0.3442622950819672 0.08503401360544217 0.02459016393442623 0.022675736961451247
3 0.380327868852459 0.08503401360544217 0.0273224043715847 0.022675736961451247
3 0.4284153005464481 0.08503401360544217 0.04918032786885246 0.022675736961451247
3 0.4721311475409836 0.08503401360544217 0.01912568306010929 0.022675736961451247
3 0.5038251366120219 0.08503401360544217 0.02459016393442623 0.022675736961451247
3 0.5366120218579234 0.08503401360544217 0.021311475409836064 0.022675736961451247
3 0.20928961748633879 0.5045351473922902 0.07103825136612021 0.02040816326530612
3 0.20382513661202187 0.5929705215419501 0.060655737704918035 0.02040816326530612
3 0.1989071038251366 0.6201814058956916 0.05027322404371585 0.02040816326530612
3 0.21202185792349726 0.6473922902494331 0.07650273224043716 0.02040816326530612
3 0.21967213114754097 0.6746031746031746 0.09234972677595628 0.02040816326530612
3 0.21639344262295082 0.7018140589569161 0.08579234972677596 0.02040816326530612
3 0.2284153005464481 0.7290249433106576 0.10983606557377049 0.02040816326530612
3 0.2278688524590164 0.7562358276643991 0.10819672131147541 0.02040816326530612
3 0.2273224043715847 0.7834467120181405 0.10710382513661203 0.02040816326530612
3 0.22568306010928962 0.8106575963718821 0.10437158469945355 0.02040816326530612
3 0.18360655737704917 0.9297052154195011 0.019672131147540985 0.02040816326530612
3 0.253551912568306 0.5045351473922902 0.012021857923497269 0.02040816326530612
3 0.24863387978142076 0.5929705215419501 0.022950819672131147 0.02040816326530612
3 0.23387978142076501 0.6201814058956916 0.014207650273224045 0.02040816326530612
3 0.2633879781420765 0.6473922902494331 0.020765027322404372 0.02040816326530612
3 0.27595628415300544 0.6746031746031746 0.014754098360655738 0.02040816326530612
3 0.2683060109289617 0.7018140589569161 0.012568306010928962 0.02040816326530612
3 0.2912568306010929 0.7290249433106576 0.009836065573770493 0.02040816326530612
3 0.2901639344262295 0.7562358276643991 0.011475409836065573 0.02040816326530612
3 0.2890710382513661 0.7834467120181405 0.009836065573770493 0.02040816326530612
3 0.28415300546448086 0.8106575963718821 0.006010928961748634 0.02040816326530612
3 0.20437158469945355 0.9297052154195011 0.016939890710382512 0.02040816326530612
3 0.21311475409836064 0.06802721088435375 0.06284153005464481 0.022675736961451247
3 0.2087431693989071 0.08956916099773243 0.06284153005464481 0.022675736961451247
3 0.21420765027322405 0.1564625850340136 0.08087431693989071 0.022675736961451247