0 0.5571672354948806 0.022458628841607566 0.026734926052332197 0.04491725768321513
0 0.7155858930602957 0.16784869976359337 0.06427758816837315 0.016548463356973995
0 0.60580204778157 0.8002364066193853 0.03640500568828214 0.030732860520094562
0 0.770193401592719 0.7281323877068558 0.020477815699658702 0.0425531914893617
1 0.6988054607508533 0.02304964539007092 0.19397042093287828 0.04609929078014184
1 0.3452787258248009 0.3309692671394799 0.09101251422070535 0.18912529550827423
1 0.3452787258248009 0.5685579196217494 0.09101251422070535 0.18912529550827423
1 0.3452787258248009 0.806146572104019 0.09101251422070535 0.18912529550827423
1 0.1621160409556314 0.022458628841607566 0.07622298065984073 0.04018912529550828
2 0.40017064846416384 0.022458628841607566 0.34072810011376564 0.04491725768321513
2 0.4180887372013652 0.02127659574468085 0.007963594994311717 0.016548463356973995
3 0.474971558589306 0.022458628841607566 0.13879408418657566 0.030732860520094562
3 0.43458475540386804 0.3392434988179669 0.06029579067121729 0.022458628841607566
3 0.43458475540386804 0.5768321513002365 0.06029579067121729 0.022458628841607566
3 0.5750853242320819 0.8002364066193853 0.020477815699658702 0.02127659574468085
3 0.48065984072810014 0.02127659574468085 0.11149032992036405 0.02364066193853428
3 0.48065984072810014 0.02127659574468085 0.11149032992036405 0.02364066193853428
3 0.19908987485779295 0.20567375886524822 0.15813424345847554 0.03546099290780142
3 0.5824800910125142 0.25177304964539005 0.35665529010238906 0.030732860520094562
3 0.5824800910125142 0.48936170212765956 0.35665529010238906 0.030732860520094562
3 0.5824800910125142 0.7269503546099291 0.35665529010238906 0.030732860520094562
3 0.5824800910125142 0.9645390070921985 0.35665529010238906 0.030732860520094562
3 0.2974971558589306 0.08274231678486997 0.025597269624573378 0.02364066193853428
3 0.33503981797497157 0.08274231678486997 0.02844141069397042 0.02364066193853428
3 0.3850967007963595 0.08274231678486997 0.051194539249146756 0.02364066193853428
3 0.43060295790671216 0.08274231678486997 0.019908987485779295 0.02364066193853428
3 0.46359499431171786 0.08274231678486997 0.025597269624573378 0.02364066193853428
3 0.49772468714448237 0.08274231678486997 0.02218430034129693 0.02364066193853428
3 0.15699658703071673 0.5200945626477541 0.07394766780432309 0.02127659574468085
3 0.15984072810011377 0.6122931442080378 0.07963594994311718 0.02127659574468085
3 0.17690557451649602 0.640661938534279 0.11433447098976109 0.02127659574468085
3 0.16780432309442547 0.6690307328605201 0.09613196814562003 0.02127659574468085
3 0.14618885096700796 0.6973995271867612 0.05233219567690557 0.02127659574468085
3 0.13083048919226395 0.7257683215130024 0.02161547212741752 0.02127659574468085
3 0.17633674630261661 0.7541371158392435 0.11262798634812286 0.02127659574468085
3 0.15130830489192265 0.7825059101654847 0.06313993174061433 0.02127659574468085
3 0.17406143344709898 0.8108747044917257 0.10864618885096701 0.02127659574468085
3 0.1296928327645051 0.8392434988179669 0.019340159271899887 0.02127659574468085
3 0.13026166097838454 0.9314420803782506 0.020477815699658702 0.02127659574468085
3 0.20648464163822525 0.5200945626477541 0.019340159271899887 0.02127659574468085
3 0.2161547212741752 0.6122931442080378 0.027872582480091012 0.02127659574468085
3 0.24914675767918087 0.640661938534279 0.023890784982935155 0.02127659574468085
3 0.23208191126279865 0.6690307328605201 0.026166097838452786 0.02127659574468085
3 0.18600682593856654 0.6973995271867612 0.02161547212741752 0.02127659574468085
3 0.1547212741751991 0.7257683215130024 0.019908987485779295 0.02127659574468085
3 0.2434584755403868 0.7541371158392435 0.016496018202502846 0.02127659574468085
3 0.1945392491467577 0.7825059101654847 0.017064846416382253 0.02127659574468085
3 0.23833902161547213 0.8108747044917257 0.012514220705346985 0.02127659574468085
3 0.15073947667804324 0.8392434988179669 0.01763367463026166 0.02127659574468085
3 0.1547212741751991 0.9314420803782506 0.022753128555176336 0.02127659574468085
3 0.16097838452787258 0.06501182033096926 0.06541524459613197 0.02364066193853428
3 0.15642775881683732 0.08747044917257683 0.06541524459613197 0.02364066193853428
3 0.1621160409556314 0.15721040189125296 0.08418657565415244 0.02364066193853428