0 0.5783707865168539 0.016355140186915886 0.026404494382022473 0.03271028037383177
0 0.7348314606741573 0.1542056074766355 0.06348314606741573 0.016355140186915886
0 0.6264044943820225 0.7792056074766355 0.035955056179775284 0.030373831775700934
0 0.7887640449438202 0.7079439252336449 0.020224719101123594 0.04205607476635514
1 0.7182584269662922 0.016939252336448597 0.19157303370786516 0.03387850467289719
1 0.3691011235955056 0.31542056074766356 0.0898876404494382 0.18691588785046728
1 0.3691011235955056 0.5502336448598131 0.0898876404494382 0.18691588785046728
1 0.3691011235955056 0.7850467289719626 0.0898876404494382 0.18691588785046728
1 0.18848314606741573 0.015771028037383176 0.07584269662921349 0.03154205607476635
2 0.423314606741573 0.016355140186915886 0.3365168539325843 0.03271028037383177
2 0.4410112359550562 0.009345794392523364 0.007865168539325843 0.016355140186915886
3 0.4974719101123595 0.013434579439252336 0.13764044943820225 0.026869158878504672
3 0.45730337078651684 0.3235981308411215 0.05955056179775281 0.02219626168224299
3 0.45730337078651684 0.5584112149532711 0.05955056179775281 0.02219626168224299
3 0.5960674157303371 0.7792056074766355 0.020224719101123594 0.02102803738317757
3 0.5030898876404495 0.011098130841121495 0.11067415730337078 0.02219626168224299
3 0.5030898876404495 0.011098130841121495 0.11067415730337078 0.02219626168224299
3 0.2247191011235955 0.19158878504672897 0.15617977528089888 0.035046728971962614
3 0.6033707865168539 0.2371495327102804 0.35224719101123597 0.030373831775700934
3 0.6033707865168539 0.4719626168224299 0.35224719101123597 0.030373831775700934
3 0.6033707865168539 0.7067757009345794 0.35224719101123597 0.030373831775700934
3 0.6033707865168539 0.9415887850467289 0.35224719101123597 0.030373831775700934
3 0.3219101123595506 0.07009345794392523 0.025280898876404494 0.02336448598130841
3 0.35898876404494384 0.07009345794392523 0.028089887640449437 0.02336448598130841
3 0.4084269662921348 0.07009345794392523 0.05056179775280899 0.02336448598130841
3 0.4533707865168539 0.07009345794392523 0.019662921348314606 0.02336448598130841
3 0.4859550561797753 0.07009345794392523 0.025280898876404494 0.02336448598130841
3 0.5196629213483146 0.07009345794392523 0.021910112359550562 0.02336448598130841
3 0.18314606741573033 0.5023364485981309 0.07303370786516854 0.02102803738317757
3 0.18595505617977529 0.5934579439252337 0.07865168539325842 0.02102803738317757
3 0.20280898876404493 0.6214953271028038 0.11292134831460675 0.02102803738317757
3 0.19382022471910113 0.6495327102803738 0.0949438202247191 0.02102803738317757
3 0.17247191011235954 0.677570093457944 0.051685393258426963 0.02102803738317757
3 0.15730337078651685 0.705607476635514 0.021348314606741574 0.02102803738317757
3 0.20224719101123595 0.7336448598130841 0.11123595505617978 0.02102803738317757
3 0.17752808988764046 0.7616822429906542 0.062359550561797754 0.02102803738317757
3 0.2 0.7897196261682243 0.10730337078651686 0.02102803738317757
3 0.15617977528089888 0.8177570093457944 0.019101123595505618 0.02102803738317757
3 0.15674157303370786 0.9088785046728972 0.020224719101123594 0.02102803738317757
3 0.16601123595505618 0.9941588785046729 0.03876404494382023 0.009345794392523364
3 0.23202247191011235 0.5023364485981309 0.019101123595505618 0.02102803738317757
3 0.24157303370786518 0.5934579439252337 0.02752808988764045 0.02102803738317757
3 0.27415730337078653 0.6214953271028038 0.02359550561797753 0.02102803738317757
3 0.2573033707865168 0.6495327102803738 0.025842696629213482 0.02102803738317757
3 0.21179775280898877 0.677570093457944 0.021348314606741574 0.02102803738317757
3 0.18089887640449437 0.705607476635514 0.019662921348314606 0.02102803738317757
3 0.26853932584269663 0.7336448598130841 0.016292134831460674 0.02102803738317757
3 0.2202247191011236 0.7616822429906542 0.016853932584269662 0.02102803738317757
3 0.26348314606741574 0.7897196261682243 0.012359550561797753 0.02102803738317757
3 0.17696629213483145 0.8177570093457944 0.01741573033707865 0.02102803738317757
3 0.18089887640449437 0.9088785046728972 0.02247191011235955 0.02102803738317757
3 0.19691011235955055 0.9941588785046729 0.01853932584269663 0.009345794392523364
3 0.18707865168539325 0.052570093457943924 0.06460674157303371 0.02336448598130841
3 0.18258426966292135 0.07476635514018691 0.06460674157303371 0.02336448598130841
3 0.18820224719101122 0.14369158878504673 0.08314606741573034 0.02336448598130841