0 0.7696629213483146 0.11098130841121495 0.06348314606741573 0.016355140186915886
0 0.6612359550561798 0.735981308411215 0.035955056179775284 0.030373831775700934
0 0.8235955056179776 0.6647196261682243 0.020224719101123594 0.04205607476635514
0 0.6623595505617977 0.9707943925233645 0.03876404494382023 0.030373831775700934
1 0.40393258426966294 0.272196261682243 0.0898876404494382 0.18691588785046728
1 0.40393258426966294 0.5070093457943925 0.0898876404494382 0.18691588785046728
1 0.40393258426966294 0.741822429906542 0.0898876404494382 0.18691588785046728
3 0.49213483146067416 0.2803738317757009 0.05955056179775281 0.02219626168224299
3 0.49213483146067416 0.5151869158878505 0.05955056179775281 0.02219626168224299
3 0.6308988764044944 0.735981308411215 0.020224719101123594 0.02102803738317757
3 0.6308988764044944 0.9707943925233645 0.020224719101123594 0.02102803738317757
3 0.2595505617977528 0.1483644859813084 0.15617977528089888 0.035046728971962614
3 0.6382022471910113 0.1939252336448598 0.35224719101123597 0.030373831775700934
3 0.6382022471910113 0.4287383177570093 0.35224719101123597 0.030373831775700934
3 0.6382022471910113 0.6635514018691588 0.35224719101123597 0.030373831775700934
3 0.6382022471910113 0.8983644859813084 0.35224719101123597 0.030373831775700934
3 0.35674157303370785 0.026869158878504672 0.025280898876404494 0.02336448598130841
3 0.3938202247191011 0.026869158878504672 0.028089887640449437 0.02336448598130841
3 0.44325842696629214 0.026869158878504672 0.05056179775280899 0.02336448598130841
3 0.48820224719101124 0.026869158878504672 0.019662921348314606 0.02336448598130841
3 0.5207865168539326 0.026869158878504672 0.025280898876404494 0.02336448598130841
3 0.5544943820224719 0.026869158878504672 0.021910112359550562 0.02336448598130841
3 0.21797752808988763 0.4591121495327103 0.07303370786516854 0.02102803738317757
3 0.22078651685393258 0.5502336448598131 0.07865168539325842 0.02102803738317757
3 0.23764044943820226 0.5782710280373832 0.11292134831460675 0.02102803738317757
3 0.22865168539325842 0.6063084112149533 0.0949438202247191 0.02102803738317757
3 0.20730337078651687 0.6343457943925234 0.051685393258426963 0.02102803738317757
3 0.19213483146067414 0.6623831775700935 0.021348314606741574 0.02102803738317757
3 0.23707865168539327 0.6904205607476636 0.11123595505617978 0.02102803738317757
3 0.21235955056179776 0.7184579439252337 0.062359550561797754 0.02102803738317757
3 0.2348314606741573 0.7464953271028038 0.10730337078651686 0.02102803738317757
3 0.19101123595505617 0.7745327102803738 0.019101123595505618 0.02102803738317757
3 0.19157303370786516 0.8656542056074766 0.020224719101123594 0.02102803738317757
3 0.200561797752809 0.9567757009345794 0.038202247191011236 0.02102803738317757
3 0.22696629213483147 0.9848130841121495 0.09157303370786517 0.02102803738317757
3 0.26685393258426965 0.4591121495327103 0.019101123595505618 0.02102803738317757
3 0.27640449438202247 0.5502336448598131 0.02752808988764045 0.02102803738317757
3 0.3089887640449438 0.5782710280373832 0.02359550561797753 0.02102803738317757
3 0.29213483146067415 0.6063084112149533 0.025842696629213482 0.02102803738317757
3 0.24662921348314606 0.6343457943925234 0.021348314606741574 0.02102803738317757
3 0.2157303370786517 0.6623831775700935 0.019662921348314606 0.02102803738317757
3 0.30337078651685395 0.6904205607476636 0.016292134831460674 0.02102803738317757
3 0.2550561797752809 0.7184579439252337 0.016853932584269662 0.02102803738317757
3 0.298314606741573 0.7464953271028038 0.012359550561797753 0.02102803738317757
3 0.21179775280898877 0.7745327102803738 0.01741573033707865 0.02102803738317757
3 0.2157303370786517 0.8656542056074766 0.02247191011235955 0.02102803738317757
3 0.23146067415730337 0.9567757009345794 0.017977528089887642 0.02102803738317757
3 0.28820224719101123 0.9848130841121495 0.025280898876404494 0.02102803738317757
3 0.22191011235955055 0.011098130841121495 0.0651685393258427 0.02219626168224299
3 0.21741573033707864 0.03154205607476635 0.06460674157303371 0.02336448598130841
3 0.22303370786516855 0.10046728971962617 0.08314606741573034 0.02336448598130841