0 0.5709944751381215 0.0194954128440367 0.025966850828729283 0.0389908256880734
0 0.7248618784530386 0.15825688073394495 0.062430939226519336 0.016055045871559634
1 0.7085635359116023 0.020068807339449542 0.18839779005524862 0.040137614678899085
1 0.3651933701657459 0.3165137614678899 0.08839779005524862 0.1834862385321101
1 0.3651933701657459 0.5470183486238532 0.08839779005524862 0.1834862385321101
1 0.3651933701657459 0.7775229357798165 0.08839779005524862 0.1834862385321101
1 0.18756906077348065 0.018922018348623854 0.07458563535911603 0.03784403669724771
2 0.4185082872928177 0.0194954128440367 0.330939226519337 0.0389908256880734
2 0.43591160220994474 0.016055045871559634 0.0077348066298342545 0.016055045871559634
3 0.49116022099447515 0.017201834862385322 0.13480662983425415 0.02981651376146789
3 0.4966850828729282 0.016055045871559634 0.10828729281767956 0.022935779816513763
3 0.4966850828729282 0.016055045871559634 0.10828729281767956 0.022935779816513763
3 0.22320441988950276 0.19495412844036697 0.15359116022099448 0.034403669724770644
3 0.5955801104972376 0.2396788990825688 0.34640883977900555 0.02981651376146789
3 0.5955801104972376 0.4701834862385321 0.34640883977900555 0.02981651376146789
3 0.5955801104972376 0.7006880733944955 0.34640883977900555 0.02981651376146789
3 0.5955801104972376 0.9311926605504587 0.34640883977900555 0.02981651376146789
3 0.3187845303867403 0.07568807339449542 0.024861878453038673 0.022935779816513763
3 0.3552486187845304 0.07568807339449542 0.027624309392265192 0.022935779816513763
3 0.4038674033149171 0.07568807339449542 0.049723756906077346 0.022935779816513763
3 0.4480662983425414 0.07568807339449542 0.019337016574585635 0.022935779816513763
3 0.48011049723756904 0.07568807339449542 0.024861878453038673 0.022935779816513763
3 0.5132596685082873 0.07568807339449542 0.02154696132596685 0.022935779816513763
3 0.18232044198895028 0.5 0.0718232044198895 0.020642201834862386
3 0.1569060773480663 0.5894495412844036 0.020994475138121547 0.020642201834862386
3 0.20165745856353592 0.6169724770642202 0.11104972375690608 0.020642201834862386
3 0.1850828729281768 0.6444954128440367 0.07734806629834254 0.020642201834862386
3 0.18950276243093922 0.6720183486238532 0.0867403314917127 0.020642201834862386
3 0.1718232044198895 0.6995412844036697 0.05082872928176796 0.020642201834862386
3 0.1558011049723757 0.7270642201834863 0.01878453038674033 0.020642201834862386
3 0.156353591160221 0.8165137614678899 0.019889502762430938 0.020642201834862386
3 0.16519337016574587 0.9059633027522935 0.03756906077348066 0.020642201834862386
3 0.19116022099447513 0.9334862385321101 0.09005524861878453 0.020642201834862386
3 0.2287292817679558 0.5 0.016022099447513812 0.020642201834862386
3 0.18176795580110497 0.5894495412844036 0.022651933701657457 0.020642201834862386
3 0.2696132596685083 0.6169724770642202 0.019337016574585635 0.020642201834862386
3 0.23535911602209944 0.6444954128440367 0.018232044198895028 0.020642201834862386
3 0.2419889502762431 0.6720183486238532 0.012154696132596685 0.020642201834862386
3 0.20386740331491712 0.6995412844036697 0.0077348066298342545 0.020642201834862386
3 0.1718232044198895 0.7270642201834863 0.0077348066298342545 0.020642201834862386
3 0.17790055248618786 0.8165137614678899 0.018232044198895028 0.020642201834862386
3 0.19281767955801105 0.9059633027522935 0.01270718232044199 0.020642201834862386
3 0.24696132596685083 0.9334862385321101 0.016022099447513812 0.020642201834862386
3 0.1861878453038674 0.058486238532110095 0.06353591160220995 0.022935779816513763
3 0.18176795580110497 0.08027522935779817 0.06353591160220995 0.022935779816513763
3 0.18729281767955802 0.14793577981651376 0.08176795580110498 0.022935779816513763