0 0.7195530726256983 0.11136890951276102 0.06312849162011173 0.016241299303944315
0 0.7731843575418994 0.4280742459396752 0.02011173184357542 0.04176334106728538
1 0.3558659217877095 0.271461716937355 0.0893854748603352 0.18561484918793503
1 0.3558659217877095 0.5046403712296984 0.0893854748603352 0.18561484918793503
1 0.3558659217877095 0.7378190255220418 0.0893854748603352 0.18561484918793503
3 0.2122905027932961 0.14849187935034802 0.1553072625698324 0.03480278422273782
3 0.5888268156424581 0.1937354988399072 0.35027932960893854 0.030162412993039442
3 0.5888268156424581 0.42691415313225056 0.35027932960893854 0.030162412993039442
3 0.5888268156424581 0.7018561484918794 0.35027932960893854 0.030162412993039442
3 0.5888268156424581 0.8932714617169374 0.35027932960893854 0.030162412993039442
3 0.3089385474860335 0.027842227378190254 0.025139664804469275 0.02320185614849188
3 0.3458100558659218 0.027842227378190254 0.027932960893854747 0.02320185614849188
3 0.39497206703910615 0.027842227378190254 0.05027932960893855 0.02320185614849188
3 0.43966480446927375 0.027842227378190254 0.019553072625698324 0.02320185614849188
3 0.4720670391061452 0.027842227378190254 0.025139664804469275 0.02320185614849188
3 0.505586592178771 0.027842227378190254 0.021787709497206705 0.02320185614849188
3 0.17094972067039105 0.3677494199535963 0.07262569832402235 0.02088167053364269
3 0.17374301675977655 0.4582366589327146 0.0782122905027933 0.02088167053364269
3 0.1452513966480447 0.48607888631090485 0.021229050279329607 0.02088167053364269
3 0.19050279329608938 0.5139211136890951 0.1122905027932961 0.02088167053364269
3 0.1782122905027933 0.5417633410672854 0.08770949720670392 0.02088167053364269
3 0.18994413407821228 0.5696055684454756 0.1106145251396648 0.02088167053364269
3 0.1877094972067039 0.5974477958236659 0.10670391061452514 0.02088167053364269
3 0.14469273743016758 0.6879350348027842 0.02011173184357542 0.02088167053364269
3 0.15363128491620112 0.7784222737819025 0.03798882681564246 0.02088167053364269
3 0.17988826815642459 0.8062645011600929 0.09106145251396648 0.02088167053364269
3 0.15195530726256984 0.8967517401392111 0.034636871508379886 0.02088167053364269
3 0.15251396648044693 0.9872389791183295 0.036312849162011177 0.02088167053364269
3 0.21731843575418994 0.3677494199535963 0.015083798882681564 0.02088167053364269
3 0.22849162011173185 0.4582366589327146 0.02569832402234637 0.02088167053364269
3 0.16759776536312848 0.48607888631090485 0.017318435754189943 0.02088167053364269
3 0.2536312849162011 0.5139211136890951 0.008379888268156424 0.02088167053364269
3 0.22905027932960895 0.5417633410672854 0.00782122905027933 0.02088167053364269
3 0.2519553072625698 0.5696055684454756 0.00782122905027933 0.02088167053364269
3 0.24860335195530725 0.5974477958236659 0.00782122905027933 0.02088167053364269
3 0.16815642458100558 0.6879350348027842 0.021229050279329607 0.02088167053364269
3 0.1793296089385475 0.7784222737819025 0.00782122905027933 0.02088167053364269
3 0.2346368715083799 0.8062645011600929 0.012290502793296089 0.02088167053364269
3 0.18100558659217877 0.8967517401392111 0.01675977653631285 0.02088167053364269
3 0.18491620111731844 0.9872389791183295 0.022905027932960894 0.02088167053364269
3 0.17486033519553074 0.01160092807424594 0.06480446927374302 0.02320185614849188
3 0.17039106145251395 0.03248259860788863 0.06424581005586592 0.02320185614849188
3 0.17597765363128492 0.10092807424593968 0.08268156424581005 0.02320185614849188