0 0.5973118279569892 0.027901785714285716 0.024731182795698924 0.04352678571428571
0 0.7473118279569892 0.26674107142857145 0.06075268817204301 0.015625
1 0.7311827956989247 0.029017857142857144 0.1827956989247312 0.04352678571428571
1 0.41774193548387095 0.46763392857142855 0.15268817204301074 0.3169642857142857
1 0.5790322580645161 0.46763392857142855 0.15268817204301074 0.3169642857142857
1 0.7403225806451613 0.46763392857142855 0.15268817204301074 0.3169642857142857
1 0.22419354838709676 0.029017857142857144 0.07204301075268817 0.03794642857142857
2 0.4489247311827957 0.027901785714285716 0.32150537634408605 0.04352678571428571
2 0.48440860215053766 0.027901785714285716 0.007526881720430108 0.015625
3 0.5290322580645161 0.029017857142857144 0.11290322580645161 0.029017857142857144
3 0.38010752688172045 0.7008928571428571 0.05591397849462366 0.021205357142857144
3 0.5413978494623656 0.7008928571428571 0.05591397849462366 0.021205357142857144
3 0.7134408602150538 0.7008928571428571 0.07741935483870968 0.021205357142857144
3 0.5344086021505376 0.027901785714285716 0.08709677419354839 0.022321428571428572
3 0.5344086021505376 0.027901785714285716 0.08709677419354839 0.022321428571428572
3 0.2591397849462366 0.30245535714285715 0.14946236559139786 0.033482142857142856
3 0.41774193548387095 0.7455357142857143 0.13118279569892474 0.04017857142857143
3 0.5790322580645161 0.7455357142857143 0.13118279569892474 0.04017857142857143
3 0.7403225806451613 0.7455357142857143 0.13118279569892474 0.04017857142857143
3 0.3521505376344086 0.0859375 0.024193548387096774 0.022321428571428572
3 0.38763440860215054 0.0859375 0.026881720430107527 0.022321428571428572
3 0.4349462365591398 0.0859375 0.04838709677419355 0.022321428571428572
3 0.47795698924731184 0.0859375 0.01881720430107527 0.022321428571428572
3 0.5091397849462366 0.0859375 0.024193548387096774 0.022321428571428572
3 0.5413978494623656 0.0859375 0.020967741935483872 0.022321428571428572
3 0.21935483870967742 0.5993303571428571 0.06989247311827956 0.020089285714285716
3 0.1935483870967742 0.6863839285714286 0.01881720430107527 0.020089285714285716
3 0.1978494623655914 0.7131696428571429 0.026881720430107527 0.020089285714285716
3 0.19462365591397848 0.7399553571428571 0.020967741935483872 0.020089285714285716
3 0.1935483870967742 0.7667410714285714 0.01881720430107527 0.020089285714285716
3 0.1935483870967742 0.7935267857142857 0.01881720430107527 0.020089285714285716
3 0.2021505376344086 0.8203125 0.03602150537634408 0.020089285714285716
3 0.23279569892473118 0.9073660714285714 0.09731182795698924 0.020089285714285716
3 0.2295698924731183 0.9341517857142857 0.09086021505376345 0.020089285714285716
3 0.20967741935483872 0.9609375 0.051075268817204304 0.020089285714285716
3 0.23172043010752688 0.9877232142857143 0.09516129032258064 0.020089285714285716
3 0.267741935483871 0.5993303571428571 0.021505376344086023 0.020089285714285716
3 0.21935483870967742 0.6863839285714286 0.026881720430107527 0.020089285714285716
3 0.22741935483870968 0.7131696428571429 0.027419354838709678 0.020089285714285716
3 0.21935483870967742 0.7399553571428571 0.02204301075268817 0.020089285714285716
3 0.2172043010752688 0.7667410714285714 0.02204301075268817 0.020089285714285716
3 0.21666666666666667 0.7935267857142857 0.021505376344086023 0.020089285714285716
3 0.23333333333333334 0.8203125 0.020967741935483872 0.020089285714285716
3 0.2978494623655914 0.9073660714285714 0.026881720430107527 0.020089285714285716
3 0.28978494623655915 0.9341517857142857 0.02258064516129032 0.020089285714285716
3 0.24946236559139784 0.9609375 0.02258064516129032 0.020089285714285716
3 0.29301075268817206 0.9877232142857143 0.02043010752688172 0.020089285714285716
3 0.22311827956989247 0.06919642857142858 0.06182795698924731 0.022321428571428572
3 0.21881720430107526 0.09040178571428571 0.06182795698924731 0.022321428571428572
3 0.21451612903225806 0.25669642857142855 0.06075268817204301 0.022321428571428572