0 0.5492424242424242 0.018765133171912834 0.027389277389277388 0.03753026634382567
0 0.7115384615384616 0.16343825665859565 0.06585081585081586 0.01694915254237288
0 0.7674825174825175 0.2506053268765133 0.02097902097902098 0.043583535108958835
1 0.6943473193473193 0.01937046004842615 0.1987179487179487 0.0387409200968523
1 0.3321678321678322 0.3305084745762712 0.09324009324009325 0.1937046004842615
1 0.3321678321678322 0.6174334140435835 0.09324009324009325 0.1937046004842615
1 0.3321678321678322 0.860774818401937 0.09324009324009325 0.1937046004842615
1 0.1448135198135198 0.018159806295399514 0.07867132867132867 0.03631961259079903
2 0.3884032634032634 0.018765133171912834 0.34906759906759904 0.03753026634382567
3 0.5751748251748252 0.3171912832929782 0.36538461538461536 0.01694915254237288
3 0.44755244755244755 0.4443099273607748 0.10955710955710955 0.023002421307506054
3 0.4131701631701632 0.6210653753026635 0.041375291375291376 0.01694915254237288
3 0.4347319347319347 0.8692493946731235 0.08391608391608392 0.023002421307506054
3 0.18240093240093241 0.1585956416464891 0.16200466200466201 0.03631961259079903
3 0.5751748251748252 0.2929782082324455 0.36538461538461536 0.031476997578692496
3 0.5751748251748252 0.5363196125907991 0.36538461538461536 0.031476997578692496
3 0.5751748251748252 0.7796610169491526 0.36538461538461536 0.031476997578692496
3 0.28321678321678323 0.07627118644067797 0.026223776223776224 0.024213075060532687
3 0.32167832167832167 0.07627118644067797 0.029137529137529136 0.024213075060532687
3 0.372960372960373 0.07627118644067797 0.05244755244755245 0.024213075060532687
3 0.4195804195804196 0.07627118644067797 0.020396270396270396 0.024213075060532687
3 0.4533799533799534 0.07627118644067797 0.026223776223776224 0.024213075060532687
3 0.48834498834498835 0.07627118644067797 0.022727272727272728 0.024213075060532687
3 0.13927738927738928 0.48062953995157387 0.07575757575757576 0.021791767554479417
3 0.1252913752913753 0.5750605326876513 0.047785547785547784 0.021791767554479417
3 0.14219114219114218 0.6041162227602905 0.08158508158508158 0.021791767554479417
3 0.15034965034965034 0.6331719128329297 0.09848484848484848 0.021791767554479417
3 0.1445221445221445 0.662227602905569 0.08624708624708624 0.021791767554479417
3 0.14102564102564102 0.6912832929782082 0.07925407925407925 0.021791767554479417
3 0.15442890442890442 0.7203389830508474 0.10606060606060606 0.021791767554479417
3 0.15675990675990675 0.7493946731234867 0.11130536130536131 0.021791767554479417
3 0.155011655011655 0.7784503631961259 0.10780885780885781 0.021791767554479417
3 0.1252913752913753 0.8075060532687651 0.04836829836829837 0.021791767554479417
3 0.11188811188811189 0.9346246973365617 0.02097902097902098 0.021791767554479417
3 0.1864801864801865 0.48062953995157387 0.01282051282051282 0.021791767554479417
3 0.15967365967365968 0.5750605326876513 0.015151515151515152 0.021791767554479417
3 0.19696969696969696 0.6041162227602905 0.022144522144522144 0.021791767554479417
3 0.21328671328671328 0.6331719128329297 0.02156177156177156 0.021791767554479417
3 0.1987179487179487 0.662227602905569 0.015734265734265736 0.021791767554479417
3 0.18764568764568765 0.6912832929782082 0.008158508158508158 0.021791767554479417
3 0.21503496503496503 0.7203389830508474 0.008158508158508158 0.021791767554479417
3 0.2202797202797203 0.7493946731234867 0.008158508158508158 0.021791767554479417
3 0.2162004662004662 0.7784503631961259 0.008741258741258742 0.021791767554479417
3 0.15675990675990675 0.8075060532687651 0.008158508158508158 0.021791767554479417
3 0.13694638694638694 0.9346246973365617 0.023310023310023312 0.021791767554479417
3 0.14335664335664336 0.05811138014527845 0.06701631701631702 0.024213075060532687
3 0.1386946386946387 0.0811138014527845 0.06701631701631702 0.024213075060532687