0 0.5856756756756757 0.01905829596412556 0.025405405405405406 0.03811659192825112
0 0.7362162162162162 0.1547085201793722 0.06108108108108108 0.01569506726457399
0 0.7881081081081082 0.23542600896860988 0.01945945945945946 0.04035874439461883
1 0.7202702702702702 0.01961883408071749 0.18432432432432433 0.03923766816143498
1 0.38432432432432434 0.3094170403587444 0.08648648648648649 0.17937219730941703
1 0.38432432432432434 0.5751121076233184 0.08648648648648649 0.17937219730941703
1 0.38432432432432434 0.8004484304932735 0.08648648648648649 0.17937219730941703
1 0.21054054054054053 0.018497757847533634 0.07297297297297298 0.03699551569506727
2 0.43648648648648647 0.01905829596412556 0.3237837837837838 0.03811659192825112
3 0.6097297297297297 0.297085201793722 0.3389189189189189 0.01569506726457399
3 0.49135135135135133 0.4147982062780269 0.10162162162162162 0.021300448430493273
3 0.4594594594594595 0.57847533632287 0.038378378378378375 0.01569506726457399
3 0.47945945945945945 0.8082959641255605 0.07783783783783783 0.021300448430493273
3 0.2454054054054054 0.15022421524663676 0.15027027027027026 0.033632286995515695
3 0.6097297297297297 0.27466367713004486 0.3389189189189189 0.02914798206278027
3 0.6097297297297297 0.5 0.3389189189189189 0.02914798206278027
3 0.6097297297297297 0.7253363228699552 0.3389189189189189 0.02914798206278027
3 0.6097297297297297 0.9506726457399103 0.3389189189189189 0.02914798206278027
3 0.3389189189189189 0.07399103139013453 0.024324324324324326 0.02242152466367713
3 0.3745945945945946 0.07399103139013453 0.02702702702702703 0.02242152466367713
3 0.4221621621621622 0.07399103139013453 0.04864864864864865 0.02242152466367713
3 0.4654054054054054 0.07399103139013453 0.01891891891891892 0.02242152466367713
3 0.49675675675675673 0.07399103139013453 0.024324324324324326 0.02242152466367713
3 0.5291891891891892 0.07399103139013453 0.02108108108108108 0.02242152466367713
3 0.20540540540540542 0.4484304932735426 0.07027027027027027 0.020179372197309416
3 0.19243243243243244 0.5358744394618834 0.04432432432432432 0.020179372197309416
3 0.20810810810810812 0.5627802690582959 0.07567567567567568 0.020179372197309416
3 0.21567567567567567 0.5896860986547086 0.09135135135135135 0.020179372197309416
3 0.21027027027027026 0.6165919282511211 0.08 0.020179372197309416
3 0.20702702702702702 0.6434977578475336 0.07351351351351351 0.020179372197309416
3 0.21945945945945947 0.6704035874439462 0.09837837837837837 0.020179372197309416
3 0.22162162162162163 0.6973094170403588 0.10324324324324324 0.020179372197309416
3 0.22 0.7242152466367713 0.1 0.020179372197309416
3 0.19243243243243244 0.7511210762331838 0.044864864864864865 0.020179372197309416
3 0.18 0.8688340807174888 0.01945945945945946 0.020179372197309416
3 0.18864864864864864 0.9562780269058296 0.036756756756756756 0.020179372197309416
3 0.21405405405405406 0.9831838565022422 0.08810810810810811 0.020179372197309416
3 0.2491891891891892 0.4484304932735426 0.011891891891891892 0.020179372197309416
3 0.22432432432432434 0.5358744394618834 0.014054054054054054 0.020179372197309416
3 0.25891891891891894 0.5627802690582959 0.02054054054054054 0.020179372197309416
3 0.27405405405405403 0.5896860986547086 0.02 0.020179372197309416
3 0.26054054054054054 0.6165919282511211 0.014594594594594595 0.020179372197309416
3 0.25027027027027027 0.6434977578475336 0.0075675675675675675 0.020179372197309416
3 0.2756756756756757 0.6704035874439462 0.0075675675675675675 0.020179372197309416
3 0.28054054054054056 0.6973094170403588 0.0075675675675675675 0.020179372197309416
3 0.27675675675675676 0.7242152466367713 0.008108108108108109 0.020179372197309416
3 0.22162162162162163 0.7511210762331838 0.0075675675675675675 0.020179372197309416
3 0.20324324324324325 0.8688340807174888 0.021621621621621623 0.020179372197309416
3 0.21945945945945947 0.9562780269058296 0.02 0.020179372197309416
3 0.2718918918918919 0.9831838565022422 0.02216216216216216 0.020179372197309416
3 0.2091891891891892 0.05717488789237668 0.062162162162162166 0.02242152466367713
3 0.20486486486486485 0.07847533632286996 0.062162162162162166 0.02242152466367713