0 0.6175977653631285 0.022041763341067284 0.026256983240223464 0.04408352668213457
0 0.7731843575418994 0.16473317865429235 0.06312849162011173 0.016241299303944315
0 0.8268156424581006 0.2482598607888631 0.02011173184357542 0.04176334106728538
1 0.7567039106145251 0.02262180974477958 0.19050279329608938 0.04524361948955916
1 0.4094972067039106 0.3248259860788863 0.0893854748603352 0.18561484918793503
1 0.4094972067039106 0.5580046403712297 0.0893854748603352 0.18561484918793503
1 0.4094972067039106 0.7911832946635731 0.0893854748603352 0.18561484918793503
1 0.22960893854748604 0.022041763341067284 0.07486033519553073 0.03944315545243619
2 0.4634078212290503 0.022041763341067284 0.3346368715083799 0.04408352668213457
2 0.48547486033519555 0.02088167053364269 0.00782122905027933 0.016241299303944315
3 0.5391061452513967 0.022041763341067284 0.1318435754189944 0.030162412993039442
3 0.5446927374301676 0.02088167053364269 0.10502793296089385 0.02320185614849188
3 0.5446927374301676 0.02088167053364269 0.10502793296089385 0.02320185614849188
3 0.2659217877094972 0.22505800464037123 0.1553072625698324 0.03480278422273782
3 0.6424581005586593 0.2888631090487239 0.35027932960893854 0.030162412993039442
3 0.6424581005586593 0.4802784222737819 0.35027932960893854 0.030162412993039442
3 0.6424581005586593 0.7134570765661253 0.35027932960893854 0.030162412993039442
3 0.6424581005586593 0.9466357308584686 0.35027932960893854 0.030162412993039442
3 0.3625698324022346 0.08120649651972157 0.025139664804469275 0.02320185614849188
3 0.3994413407821229 0.08120649651972157 0.027932960893854747 0.02320185614849188
3 0.44860335195530726 0.08120649651972157 0.05027932960893855 0.02320185614849188
3 0.49329608938547487 0.08120649651972157 0.019553072625698324 0.02320185614849188
3 0.5256983240223464 0.08120649651972157 0.025139664804469275 0.02320185614849188
3 0.5592178770949721 0.08120649651972157 0.021787709497206705 0.02320185614849188
3 0.2245810055865922 0.5336426914153132 0.07262569832402235 0.02088167053364269
3 0.2346368715083799 0.6241299303944315 0.09273743016759776 0.02088167053364269
3 0.2329608938547486 0.6519721577726219 0.08994413407821229 0.02088167053364269
3 0.2346368715083799 0.679814385150812 0.09273743016759776 0.02088167053364269
3 0.2340782122905028 0.7076566125290024 0.09162011173184358 0.02088167053364269
3 0.21787709497206703 0.7354988399071926 0.05921787709497207 0.02088167053364269
3 0.22905027932960895 0.7633410672853829 0.08212290502793296 0.02088167053364269
3 0.21620111731843575 0.7911832946635731 0.055865921787709494 0.02088167053364269
3 0.22849162011173185 0.8190255220417634 0.08044692737430167 0.02088167053364269
3 0.20614525139664805 0.8468677494199536 0.035754189944134075 0.02088167053364269
3 0.19832402234636873 0.968677494199536 0.02011173184357542 0.02088167053364269
3 0.2709497206703911 0.5336426914153132 0.015083798882681564 0.02088167053364269
3 0.2966480446927374 0.6241299303944315 0.026256983240223464 0.02088167053364269
3 0.29329608938547486 0.6519721577726219 0.02346368715083799 0.02088167053364269
3 0.29217877094972067 0.679814385150812 0.016201117318435754 0.02088167053364269
3 0.2899441340782123 0.7076566125290024 0.01452513966480447 0.02088167053364269
3 0.2581005586592179 0.7354988399071926 0.015083798882681564 0.02088167053364269
3 0.27932960893854747 0.7633410672853829 0.012290502793296089 0.02088167053364269
3 0.2536312849162011 0.7911832946635731 0.012849162011173185 0.02088167053364269
3 0.2776536312849162 0.8190255220417634 0.012290502793296089 0.02088167053364269
3 0.2324022346368715 0.8468677494199536 0.011731843575418994 0.02088167053364269
3 0.2223463687150838 0.968677494199536 0.022905027932960894 0.02088167053364269
3 0.22849162011173185 0.06380510440835267 0.06424581005586592 0.02320185614849188
3 0.2240223463687151 0.08584686774941995 0.06424581005586592 0.02320185614849188
3 0.22960893854748604 0.154292343387471 0.08268156424581005 0.02320185614849188
3 0.2620111731843575 0.16589327146171692 0.14804469273743018 0.04640371229698376