0 0.5809139784946237 0.013950892857142858 0.025268817204301075 0.027901785714285716
0 0.7306451612903225 0.14397321428571427 0.06075268817204301 0.015625
0 0.6274193548387097 0.2924107142857143 0.035483870967741936 0.029017857142857144
1 0.7147849462365592 0.014508928571428572 0.18333333333333332 0.029017857142857144
1 0.38064516129032255 0.29799107142857145 0.08602150537634409 0.17857142857142858
1 0.38064516129032255 0.5223214285714286 0.08602150537634409 0.17857142857142858
1 0.38064516129032255 0.7466517857142857 0.08602150537634409 0.17857142857142858
1 0.20779569892473118 0.013392857142857142 0.07258064516129033 0.026785714285714284
2 0.43252688172043013 0.013950892857142858 0.32204301075268815 0.027901785714285716
2 0.47661290322580646 0.007254464285714286 0.008064516129032258 0.014508928571428572
3 0.5169354838709678 0.011160714285714286 0.10483870967741936 0.022321428571428572
3 0.4752688172043011 0.30580357142857145 0.07741935483870968 0.021205357142857144
3 0.5978494623655914 0.2924107142857143 0.01935483870967742 0.020089285714285716
3 0.4752688172043011 0.5591517857142857 0.07741935483870968 0.021205357142857144
3 0.4870967741935484 0.7544642857142857 0.1010752688172043 0.021205357142857144
3 0.4870967741935484 0.9787946428571429 0.1010752688172043 0.021205357142857144
3 0.5223118279569893 0.008928571428571428 0.07903225806451612 0.017857142857142856
3 0.5223118279569893 0.008928571428571428 0.07903225806451612 0.017857142857142856
3 0.24247311827956988 0.22433035714285715 0.14946236559139786 0.033482142857142856
3 0.6048387096774194 0.22321428571428573 0.3370967741935484 0.029017857142857144
3 0.6048387096774194 0.46205357142857145 0.3370967741935484 0.05803571428571429
3 0.6048387096774194 0.671875 0.3370967741935484 0.029017857142857144
3 0.6048387096774194 0.8962053571428571 0.3370967741935484 0.029017857142857144
3 0.33548387096774196 0.06361607142857142 0.024193548387096774 0.022321428571428572
3 0.3709677419354839 0.06361607142857142 0.026881720430107527 0.022321428571428572
3 0.4182795698924731 0.06361607142857142 0.04838709677419355 0.022321428571428572
3 0.4612903225806452 0.06361607142857142 0.01881720430107527 0.022321428571428572
3 0.4924731182795699 0.06361607142857142 0.024193548387096774 0.022321428571428572
3 0.524731182795699 0.06361607142857142 0.020967741935483872 0.022321428571428572
3 0.20268817204301076 0.5212053571428571 0.06989247311827956 0.020089285714285716
3 0.18978494623655914 0.6082589285714286 0.04408602150537634 0.020089285714285716
3 0.18440860215053764 0.6350446428571429 0.03387096774193549 0.020089285714285716
3 0.18225806451612903 0.6618303571428571 0.02903225806451613 0.020089285714285716
3 0.17634408602150536 0.6886160714285714 0.017204301075268817 0.020089285714285716
3 0.18010752688172044 0.7154017857142857 0.025268817204301075 0.020089285714285716
3 0.1827956989247312 0.7421875 0.030107526881720432 0.020089285714285716
3 0.17795698924731182 0.7689732142857143 0.02043010752688172 0.020089285714285716
3 0.18225806451612903 0.7957589285714286 0.02903225806451613 0.020089285714285716
3 0.18010752688172044 0.8225446428571429 0.024731182795698924 0.020089285714285716
3 0.1924731182795699 0.9397321428571429 0.05 0.020089285714285716
3 0.20053763440860214 0.9665178571428571 0.06559139784946237 0.020089285714285716
3 0.17419354838709677 0.9910714285714286 0.013978494623655914 0.015625
3 0.24516129032258063 0.5212053571428571 0.00967741935483871 0.020089285714285716
3 0.22258064516129034 0.6082589285714286 0.016129032258064516 0.020089285714285716
3 0.21129032258064517 0.6350446428571429 0.014516129032258065 0.020089285714285716
3 0.2053763440860215 0.6618303571428571 0.011827956989247311 0.020089285714285716
3 0.19408602150537635 0.6886160714285714 0.011827956989247311 0.020089285714285716
3 0.2021505376344086 0.7154017857142857 0.012365591397849462 0.020089285714285716
3 0.2064516129032258 0.7421875 0.011827956989247311 0.020089285714285716
3 0.19623655913978494 0.7689732142857143 0.01129032258064516 0.020089285714285716
3 0.20591397849462365 0.7957589285714286 0.011827956989247311 0.020089285714285716
3 0.20161290322580644 0.8225446428571429 0.011827956989247311 0.020089285714285716
3 0.23118279569892472 0.9397321428571429 0.021505376344086023 0.020089285714285716
3 0.24408602150537634 0.9665178571428571 0.016129032258064516 0.020089285714285716
3 0.19112903225806452 0.9910714285714286 0.014516129032258065 0.015625
3 0.2064516129032258 0.046875 0.06182795698924731 0.022321428571428572
3 0.2021505376344086 0.06808035714285714 0.06182795698924731 0.022321428571428572
3 0.2075268817204301 0.13392857142857142 0.07956989247311828 0.022321428571428572
3 0.23870967741935484 0.14508928571428573 0.1424731182795699 0.044642857142857144
3 0.24301075268817204 0.15625 0.08924731182795699 0.022321428571428572
3 0.2413978494623656 0.16741071428571427 0.14731182795698924 0.044642857142857144