0 0.5853403141361256 0.02717391304347826 0.024083769633507852 0.042391304347826085
0 0.731413612565445 0.16195652173913044 0.059162303664921465 0.015217391304347827
0 0.6261780104712041 0.5402173913043479 0.025654450261780103 0.02826086956521739
0 0.6392670157068063 0.7434782608695653 0.051832460732984295 0.02826086956521739
0 0.6376963350785341 0.9619565217391305 0.048167539267015703 0.02826086956521739
1 0.7157068062827225 0.02826086956521739 0.17801047120418848 0.042391304347826085
1 0.39057591623036647 0.3119565217391304 0.08376963350785341 0.17391304347826086
1 0.39057591623036647 0.5304347826086957 0.08376963350785341 0.17391304347826086
1 0.39057591623036647 0.7489130434782608 0.08376963350785341 0.17391304347826086
1 0.22198952879581152 0.02826086956521739 0.07015706806282722 0.03695652173913044
2 0.4408376963350785 0.02717391304347826 0.31308900523560207 0.042391304347826085
3 0.4827225130890052 0.31956521739130433 0.07539267015706806 0.020652173913043477
3 0.6089005235602094 0.47934782608695653 0.32827225130890053 0.015217391304347827
3 0.46335078534031415 0.5489130434782609 0.03717277486910995 0.015217391304347827
3 0.6020942408376964 0.5402173913043479 0.018848167539267015 0.01956521739130435
3 0.46335078534031415 0.7521739130434782 0.03717277486910995 0.015217391304347827
3 0.6020942408376964 0.7434782608695653 0.018848167539267015 0.01956521739130435
3 0.46335078534031415 0.9706521739130435 0.03717277486910995 0.015217391304347827
3 0.6020942408376964 0.9619565217391305 0.018848167539267015 0.01956521739130435
3 0.256020942408377 0.15760869565217392 0.14554973821989528 0.03260869565217391
3 0.6089005235602094 0.2391304347826087 0.32827225130890053 0.02826086956521739
3 0.6089005235602094 0.45760869565217394 0.32827225130890053 0.02826086956521739
3 0.6089005235602094 0.6760869565217391 0.32827225130890053 0.02826086956521739
3 0.6089005235602094 0.8945652173913043 0.32827225130890053 0.02826086956521739
3 0.34659685863874345 0.08369565217391305 0.02356020942408377 0.021739130434782608
3 0.381151832460733 0.08369565217391305 0.02617801047120419 0.021739130434782608
3 0.4272251308900524 0.08369565217391305 0.04712041884816754 0.021739130434782608
3 0.46910994764397906 0.08369565217391305 0.01832460732984293 0.021739130434782608
3 0.49947643979057593 0.08369565217391305 0.02356020942408377 0.021739130434782608
3 0.5308900523560209 0.08369565217391305 0.020418848167539267 0.021739130434782608
3 0.21727748691099477 0.4467391304347826 0.06806282722513089 0.01956521739130435
3 0.20471204188481676 0.5315217391304348 0.04293193717277487 0.01956521739130435
3 0.2198952879581152 0.5576086956521739 0.07329842931937172 0.01956521739130435
3 0.22722513089005236 0.5836956521739131 0.08848167539267016 0.01956521739130435
3 0.22198952879581152 0.6097826086956522 0.0774869109947644 0.01956521739130435
3 0.225130890052356 0.6358695652173914 0.08429319371727749 0.01956521739130435
3 0.2256544502617801 0.6619565217391304 0.08481675392670157 0.01956521739130435
3 0.20732984293193718 0.6880434782608695 0.048167539267015703 0.01956521739130435
3 0.22722513089005236 0.7141304347826087 0.08795811518324607 0.01956521739130435
3 0.23089005235602095 0.7402173913043478 0.09528795811518324 0.01956521739130435
3 0.19267015706806281 0.8543478260869565 0.018848167539267015 0.01956521739130435
3 0.20104712041884817 0.9391304347826087 0.0356020942408377 0.01956521739130435
3 0.2256544502617801 0.9652173913043478 0.08534031413612565 0.01956521739130435
3 0.25968586387434556 0.4467391304347826 0.011518324607329843 0.01956521739130435
3 0.23455497382198953 0.5315217391304348 0.011518324607329843 0.01956521739130435
3 0.2696335078534031 0.5576086956521739 0.021465968586387434 0.01956521739130435
3 0.2848167539267016 0.5836956521739131 0.020942408376963352 0.01956521739130435
3 0.2696335078534031 0.6097826086956522 0.012041884816753926 0.01956521739130435
3 0.2743455497382199 0.6358695652173914 0.007853403141361256 0.01956521739130435
3 0.2732984293193717 0.6619565217391304 0.005759162303664921 0.01956521739130435
3 0.23664921465968586 0.6880434782608695 0.005235602094240838 0.01956521739130435
3 0.2764397905759162 0.7141304347826087 0.005235602094240838 0.01956521739130435
3 0.2837696335078534 0.7402173913043478 0.005235602094240838 0.01956521739130435
3 0.21518324607329842 0.8543478260869565 0.021465968586387434 0.01956521739130435
3 0.23089005235602095 0.9391304347826087 0.018848167539267015 0.01956521739130435
3 0.2806282722513089 0.9652173913043478 0.0193717277486911 0.01956521739130435
3 0.22094240837696336 0.06739130434782609 0.060209424083769635 0.021739130434782608
3 0.21675392670157068 0.08804347826086957 0.060209424083769635 0.021739130434782608