0 0.7192307692307692 0.980593607305936 0.13901098901098902 0.02054794520547945
1 0.7486263736263736 0.0045662100456621 0.18736263736263736 0.0091324200913242
1 0.21483516483516482 0.21689497716894976 0.024175824175824177 0.0502283105022831
1 0.42417582417582417 0.5011415525114156 0.367032967032967 0.5342465753424658
1 0.21483516483516482 0.2853881278538813 0.024175824175824177 0.0502283105022831
1 0.21483516483516482 0.3538812785388128 0.024175824175824177 0.0502283105022831
1 0.21483516483516482 0.4223744292237443 0.024175824175824177 0.0502283105022831
1 0.21483516483516482 0.4908675799086758 0.024175824175824177 0.0502283105022831
1 0.21483516483516482 0.5593607305936074 0.024175824175824177 0.0502283105022831
1 0.21483516483516482 0.6278538812785388 0.024175824175824177 0.0502283105022831
3 0.7087912087912088 0.4828767123287671 0.11758241758241758 0.02054794520547945
3 0.7373626373626374 0.656392694063927 0.17472527472527472 0.023972602739726026
3 0.6686813186813186 0.6974885844748858 0.03626373626373627 0.0365296803652968
3 0.7098901098901099 0.6974885844748858 0.035164835164835165 0.0365296803652968
3 0.75 0.6974885844748858 0.03461538461538462 0.0365296803652968
3 0.7945054945054945 0.6974885844748858 0.04450549450549451 0.0365296803652968
3 0.7373626373626374 0.7420091324200914 0.17472527472527472 0.023972602739726026
3 0.6681318681318681 0.7831050228310502 0.035164835164835165 0.0365296803652968
3 0.7076923076923077 0.7831050228310502 0.033516483516483515 0.0365296803652968
3 0.6983516483516483 0.8778538812785388 0.09725274725274725 0.02054794520547945
3 0.21483516483516482 0.23515981735159816 0.027472527472527472 0.02511415525114155
3 0.21483516483516482 0.3036529680365297 0.027472527472527472 0.02511415525114155
3 0.21483516483516482 0.3721461187214612 0.027472527472527472 0.02511415525114155
3 0.21483516483516482 0.4406392694063927 0.027472527472527472 0.02511415525114155
3 0.21483516483516482 0.5091324200913242 0.027472527472527472 0.02511415525114155
3 0.21483516483516482 0.5776255707762558 0.027472527472527472 0.02511415525114155
3 0.21483516483516482 0.6461187214611872 0.027472527472527472 0.02511415525114155
3 0.21483516483516482 0.23515981735159816 0.027472527472527472 0.02511415525114155
3 0.21483516483516482 0.3036529680365297 0.027472527472527472 0.02511415525114155
3 0.21483516483516482 0.3721461187214612 0.027472527472527472 0.02511415525114155
3 0.21483516483516482 0.4406392694063927 0.027472527472527472 0.02511415525114155
3 0.21483516483516482 0.5091324200913242 0.027472527472527472 0.02511415525114155
3 0.21483516483516482 0.5776255707762558 0.027472527472527472 0.02511415525114155
3 0.21483516483516482 0.6461187214611872 0.027472527472527472 0.02511415525114155
3 0.7269230769230769 0.2888127853881279 0.1543956043956044 0.08561643835616438
3 0.7456043956043956 0.5536529680365296 0.15824175824175823 0.0228310502283105
3 0.7456043956043956 0.5776255707762558 0.15824175824175823 0.02054794520547945
3 0.6983516483516483 0.8573059360730594 0.09725274725274725 0.019406392694063926
3 0.6824175824175824 0.9360730593607306 0.06483516483516484 0.0228310502283105
3 0.360989010989011 0.04452054794520548 0.024725274725274724 0.0228310502283105
3 0.39725274725274723 0.04452054794520548 0.027472527472527472 0.0228310502283105
3 0.44560439560439563 0.04452054794520548 0.04945054945054945 0.0228310502283105
3 0.48956043956043954 0.04452054794520548 0.019230769230769232 0.0228310502283105
3 0.5214285714285715 0.04452054794520548 0.024725274725274724 0.0228310502283105
3 0.5543956043956044 0.04452054794520548 0.02142857142857143 0.0228310502283105
3 0.2291208791208791 0.0273972602739726 0.06318681318681318 0.0228310502283105
3 0.22472527472527473 0.04908675799086758 0.06318681318681318 0.0228310502283105
3 0.2620879120879121 0.1449771689497717 0.005494505494505495 0.01598173515981735
3 0.2774725274725275 0.1449771689497717 0.005494505494505495 0.01598173515981735
3 0.2923076923076923 0.1449771689497717 0.005494505494505495 0.01598173515981735
3 0.34945054945054943 0.1449771689497717 0.08901098901098901 0.01598173515981735
3 0.43626373626373627 0.1449771689497717 0.06483516483516484 0.01598173515981735
3 0.5269230769230769 0.1449771689497717 0.09725274725274725 0.01598173515981735
3 0.6021978021978022 0.1449771689497717 0.03296703296703297 0.01598173515981735