0 0.5672222222222222 0.028868360277136258 0.025555555555555557 0.04503464203233257
1 0.7055555555555556 0.03002309468822171 0.18888888888888888 0.04503464203233257
1 0.1661111111111111 0.2632794457274827 0.024444444444444446 0.050808314087759814
1 0.37777777777777777 0.5508083140877598 0.3711111111111111 0.5404157043879908
1 0.1661111111111111 0.3325635103926097 0.024444444444444446 0.050808314087759814
1 0.1661111111111111 0.4018475750577367 0.024444444444444446 0.050808314087759814
1 0.1661111111111111 0.47113163972286376 0.024444444444444446 0.050808314087759814
1 0.1661111111111111 0.5404157043879908 0.024444444444444446 0.050808314087759814
1 0.1661111111111111 0.6096997690531177 0.024444444444444446 0.050808314087759814
1 0.1661111111111111 0.6789838337182448 0.024444444444444446 0.050808314087759814
1 0.18166666666666667 0.03002309468822171 0.07444444444444444 0.03926096997690531
2 0.41388888888888886 0.028868360277136258 0.3322222222222222 0.04503464203233257
3 0.6655555555555556 0.5323325635103926 0.11888888888888889 0.020785219399538105
3 0.6944444444444444 0.707852193995381 0.17666666666666667 0.02424942263279446
3 0.625 0.7494226327944573 0.03666666666666667 0.03695150115473441
3 0.6666666666666666 0.7494226327944573 0.035555555555555556 0.03695150115473441
3 0.7072222222222222 0.7494226327944573 0.035 0.03695150115473441
3 0.7522222222222222 0.7494226327944573 0.045 0.03695150115473441
3 0.6944444444444444 0.7944572748267898 0.17666666666666667 0.02424942263279446
3 0.6244444444444445 0.836027713625866 0.035555555555555556 0.03695150115473441
3 0.6644444444444444 0.836027713625866 0.03388888888888889 0.03695150115473441
3 0.655 0.9318706697459584 0.09833333333333333 0.020785219399538105
3 0.1661111111111111 0.2817551963048499 0.027777777777777776 0.025404157043879907
3 0.1661111111111111 0.3510392609699769 0.027777777777777776 0.025404157043879907
3 0.1661111111111111 0.42032332563510394 0.027777777777777776 0.025404157043879907
3 0.1661111111111111 0.4896073903002309 0.027777777777777776 0.025404157043879907
3 0.1661111111111111 0.558891454965358 0.027777777777777776 0.025404157043879907
3 0.1661111111111111 0.628175519630485 0.027777777777777776 0.025404157043879907
3 0.1661111111111111 0.6974595842956121 0.027777777777777776 0.025404157043879907
3 0.1661111111111111 0.2817551963048499 0.027777777777777776 0.025404157043879907
3 0.1661111111111111 0.3510392609699769 0.027777777777777776 0.025404157043879907
3 0.1661111111111111 0.42032332563510394 0.027777777777777776 0.025404157043879907
3 0.1661111111111111 0.4896073903002309 0.027777777777777776 0.025404157043879907
3 0.1661111111111111 0.558891454965358 0.027777777777777776 0.025404157043879907
3 0.1661111111111111 0.628175519630485 0.027777777777777776 0.025404157043879907
3 0.1661111111111111 0.6974595842956121 0.027777777777777776 0.025404157043879907
3 0.6838888888888889 0.33602771362586603 0.15611111111111112 0.08660508083140878
3 0.7027777777777777 0.6039260969976905 0.16 0.023094688221709007
3 0.7027777777777777 0.628175519630485 0.16 0.020785219399538105
3 0.655 0.9110854503464203 0.09833333333333333 0.019630484988452657
3 0.6391666666666667 0.9890300230946882 0.0661111111111111 0.019630484988452657
3 0.3138888888888889 0.08891454965357967 0.025 0.023094688221709007
3 0.35055555555555556 0.08891454965357967 0.027777777777777776 0.023094688221709007
3 0.39944444444444444 0.08891454965357967 0.05 0.023094688221709007
3 0.4438888888888889 0.08891454965357967 0.019444444444444445 0.023094688221709007
3 0.4761111111111111 0.08891454965357967 0.025 0.023094688221709007
3 0.5094444444444445 0.08891454965357967 0.021666666666666667 0.023094688221709007
3 0.18055555555555555 0.07159353348729793 0.06388888888888888 0.023094688221709007
3 0.1761111111111111 0.09353348729792148 0.06388888888888888 0.023094688221709007
3 0.21388888888888888 0.1905311778290993 0.005555555555555556 0.016166281755196306
3 0.22944444444444445 0.1905311778290993 0.005555555555555556 0.016166281755196306
3 0.24444444444444444 0.1905311778290993 0.005555555555555556 0.016166281755196306
3 0.3022222222222222 0.1905311778290993 0.09 0.016166281755196306
3 0.39 0.1905311778290993 0.06555555555555556 0.016166281755196306
3 0.4816666666666667 0.1905311778290993 0.09833333333333333 0.016166281755196306
3 0.5577777777777778 0.1905311778290993 0.03333333333333333 0.016166281755196306