0 0.5619444444444445 0.021362586605080832 0.026111111111111113 0.042725173210161664
0 0.7166666666666667 0.1628175519630485 0.06277777777777778 0.016166281755196306
0 0.6111111111111112 0.3163972286374134 0.03944444444444444 0.03002309468822171
0 0.77 0.710161662817552 0.02 0.04157043879907621
1 0.7002777777777778 0.021939953810623556 0.18944444444444444 0.04387990762124711
1 0.355 0.32217090069284066 0.08888888888888889 0.18475750577367206
1 0.355 0.5542725173210161 0.08888888888888889 0.18475750577367206
1 0.355 0.7863741339491916 0.08888888888888889 0.18475750577367206
1 0.1761111111111111 0.020785219399538105 0.07444444444444444 0.03926096997690531
2 0.4086111111111111 0.021362586605080832 0.3327777777777778 0.042725173210161664
2 0.48444444444444446 0.019630484988452657 0.0077777777777777776 0.016166281755196306
3 0.5105555555555555 0.020785219399538105 0.07722222222222222 0.03002309468822171
3 0.5794444444444444 0.3163972286374134 0.02 0.020785219399538105
3 0.5161111111111111 0.019630484988452657 0.050555555555555555 0.023094688221709007
3 0.5161111111111111 0.019630484988452657 0.050555555555555555 0.023094688221709007
3 0.21222222222222223 0.24595842956120093 0.15444444444444444 0.03464203233256351
3 0.5866666666666667 0.24480369515011546 0.34833333333333333 0.03002309468822171
3 0.5866666666666667 0.476905311778291 0.34833333333333333 0.03002309468822171
3 0.5866666666666667 0.7090069284064665 0.34833333333333333 0.03002309468822171
3 0.5866666666666667 0.941108545034642 0.34833333333333333 0.03002309468822171
3 0.30833333333333335 0.07967667436489607 0.025 0.023094688221709007
3 0.345 0.07967667436489607 0.027777777777777776 0.023094688221709007
3 0.3938888888888889 0.07967667436489607 0.05 0.023094688221709007
3 0.43833333333333335 0.07967667436489607 0.019444444444444445 0.023094688221709007
3 0.47055555555555556 0.07967667436489607 0.025 0.023094688221709007
3 0.5038888888888889 0.07967667436489607 0.021666666666666667 0.023094688221709007
3 0.15222222222222223 0.37528868360277134 0.034444444444444444 0.020785219399538105
3 0.1461111111111111 0.40300230946882215 0.02277777777777778 0.020785219399538105
3 0.14888888888888888 0.43071593533487296 0.028333333333333332 0.020785219399538105
3 0.14888888888888888 0.5207852193995381 0.028333333333333332 0.020785219399538105
3 0.15388888888888888 0.5484988452655889 0.03777777777777778 0.020785219399538105
3 0.15888888888888889 0.5762124711316398 0.04777777777777778 0.020785219399538105
3 0.14722222222222223 0.6039260969976905 0.024444444444444446 0.020785219399538105
3 0.1688888888888889 0.6316397228637414 0.06833333333333333 0.020785219399538105
3 0.15222222222222223 0.6593533487297921 0.034444444444444444 0.020785219399538105
3 0.14722222222222223 0.687066974595843 0.024444444444444446 0.020785219399538105
3 0.15222222222222223 0.7147806004618937 0.034444444444444444 0.020785219399538105
3 0.15 0.7424942263279446 0.03 0.020785219399538105
3 0.145 0.8637413394919169 0.02 0.020785219399538105
3 0.15222222222222223 0.953810623556582 0.034444444444444444 0.020785219399538105
3 0.17833333333333334 0.37528868360277134 0.012222222222222223 0.020785219399538105
3 0.1688888888888889 0.40300230946882215 0.016666666666666666 0.020785219399538105
3 0.17 0.43071593533487296 0.0077777777777777776 0.020785219399538105
3 0.175 0.5207852193995381 0.016666666666666666 0.020785219399538105
3 0.1811111111111111 0.5484988452655889 0.011666666666666667 0.020785219399538105
3 0.19111111111111112 0.5762124711316398 0.011666666666666667 0.020785219399538105
3 0.16722222222222222 0.6039260969976905 0.010555555555555556 0.020785219399538105
3 0.21055555555555555 0.6316397228637414 0.008333333333333333 0.020785219399538105
3 0.17555555555555555 0.6593533487297921 0.007222222222222222 0.020785219399538105
3 0.16555555555555557 0.687066974595843 0.007222222222222222 0.020785219399538105
3 0.1761111111111111 0.7147806004618937 0.0077777777777777776 0.020785219399538105
3 0.17166666666666666 0.7424942263279446 0.0077777777777777776 0.020785219399538105
3 0.16166666666666665 0.8637413394919169 0.0077777777777777776 0.020785219399538105
3 0.17888888888888888 0.953810623556582 0.012777777777777779 0.020785219399538105
3 0.175 0.06235565819861432 0.06388888888888888 0.023094688221709007
3 0.17055555555555554 0.08429561200923788 0.06388888888888888 0.023094688221709007
3 0.1761111111111111 0.15242494226327943 0.08222222222222222 0.023094688221709007
3 0.20833333333333334 0.16397228637413394 0.14722222222222223 0.046189376443418015
3 0.21222222222222223 0.17551963048498845 0.09111111111111111 0.023094688221709007
3 0.14666666666666667 0.19861431870669746 0.023333333333333334 0.023094688221709007