0 0.7263936291240045 0.11702127659574468 0.06427758816837315 0.016548463356973995
0 0.6222980659840728 0.7494089834515366 0.04835039817974972 0.030732860520094562
1 0.3560864618885097 0.2801418439716312 0.09101251422070535 0.18912529550827423
1 0.3560864618885097 0.5177304964539007 0.09101251422070535 0.18912529550827423
1 0.3560864618885097 0.7553191489361702 0.09101251422070535 0.18912529550827423
3 0.4453924914675768 0.28841607565011823 0.06029579067121729 0.022458628841607566
3 0.45620022753128553 0.5685579196217494 0.08191126279863481 0.022458628841607566
3 0.4351535836177474 0.7588652482269503 0.040386803185438 0.016548463356973995
3 0.5858930602957907 0.7494089834515366 0.020477815699658702 0.02127659574468085
3 0.2098976109215017 0.17848699763593381 0.15813424345847554 0.03546099290780142
3 0.593287827076223 0.20094562647754138 0.35665529010238906 0.030732860520094562
3 0.593287827076223 0.48108747044917255 0.35665529010238906 0.030732860520094562
3 0.593287827076223 0.6761229314420804 0.35665529010238906 0.030732860520094562
3 0.593287827076223 0.9137115839243499 0.35665529010238906 0.030732860520094562
3 0.3083048919226394 0.031914893617021274 0.025597269624573378 0.02364066193853428
3 0.34584755403868034 0.031914893617021274 0.02844141069397042 0.02364066193853428
3 0.39590443686006827 0.031914893617021274 0.051194539249146756 0.02364066193853428
3 0.44141069397042093 0.031914893617021274 0.019908987485779295 0.02364066193853428
3 0.47440273037542663 0.031914893617021274 0.025597269624573378 0.02364066193853428
3 0.5085324232081911 0.031914893617021274 0.02218430034129693 0.02364066193853428
3 0.16780432309442547 0.4929078014184397 0.07394766780432309 0.02127659574468085
3 0.13993174061433447 0.5851063829787234 0.01877133105802048 0.02127659574468085
3 0.14846416382252559 0.6134751773049646 0.03526734926052332 0.02127659574468085
3 0.13822525597269625 0.6418439716312057 0.015358361774744027 0.02127659574468085
3 0.14618885096700796 0.7340425531914894 0.03128555176336746 0.02127659574468085
3 0.13993174061433447 0.7624113475177305 0.01877133105802048 0.02127659574468085
3 0.15130830489192265 0.7907801418439716 0.04152445961319681 0.02127659574468085
3 0.13879408418657566 0.8191489361702128 0.015927189988623434 0.02127659574468085
3 0.14789533560864618 0.8475177304964538 0.034129692832764506 0.02127659574468085
3 0.14391353811149032 0.875886524822695 0.026734926052332197 0.02127659574468085
3 0.14391353811149032 0.9042553191489362 0.026734926052332197 0.02127659574468085
3 0.14675767918088736 0.9326241134751773 0.032423208191126277 0.02127659574468085
3 0.14562002275312855 0.9609929078014184 0.02957906712172924 0.02127659574468085
3 0.21387940841865757 0.4929078014184397 0.012514220705346985 0.02127659574468085
3 0.16097838452787258 0.5851063829787234 0.017064846416382253 0.02127659574468085
3 0.17349260523321958 0.6134751773049646 0.007963594994311717 0.02127659574468085
3 0.15244596131968147 0.6418439716312057 0.006257110352673493 0.02127659574468085
3 0.1746302616609784 0.7340425531914894 0.01877133105802048 0.02127659574468085
3 0.16382252559726962 0.7624113475177305 0.02218430034129693 0.02127659574468085
3 0.18373151308304891 0.7907801418439716 0.016496018202502846 0.02127659574468085
3 0.15756541524459614 0.8191489361702128 0.016496018202502846 0.02127659574468085
3 0.1746302616609784 0.8475177304964538 0.012514220705346985 0.02127659574468085
3 0.16723549488054607 0.875886524822695 0.012514220705346985 0.02127659574468085
3 0.16723549488054607 0.9042553191489362 0.013083048919226393 0.02127659574468085
3 0.17235494880546076 0.9326241134751773 0.013083048919226393 0.02127659574468085
3 0.16837315130830488 0.9609929078014184 0.010238907849829351 0.02127659574468085
3 0.17178612059158135 0.014184397163120567 0.06541524459613197 0.02364066193853428
3 0.16723549488054607 0.03664302600472813 0.06541524459613197 0.02364066193853428
3 0.17292377701934017 0.10638297872340426 0.08418657565415244 0.02364066193853428
3 0.20591581342434584 0.1182033096926714 0.15073947667804324 0.04728132387706856
3 0.21046643913538113 0.13002364066193853 0.09442548350398179 0.02364066193853428
3 0.2770193401592719 0.13002364066193853 0.01763367463026166 0.02364066193853428