0 0.587434554973822 0.02608695652173913 0.024083769633507852 0.042391304347826085
0 0.712565445026178 0.5119565217391304 0.1319371727748691 0.05217391304347826
0 0.7183246073298429 0.5858695652173913 0.14397905759162305 0.05217391304347826
0 0.7183246073298429 0.6467391304347826 0.14397905759162305 0.05217391304347826
1 0.7178010471204188 0.02717391304347826 0.17801047120418848 0.042391304347826085
1 0.2094240837696335 0.24565217391304348 0.023036649214659685 0.04782608695652174
1 0.3298429319371728 0.5163043478260869 0.19790575916230366 0.508695652173913
1 0.2094240837696335 0.3108695652173913 0.023036649214659685 0.04782608695652174
1 0.2094240837696335 0.3760869565217391 0.023036649214659685 0.04782608695652174
1 0.22408376963350785 0.02717391304347826 0.07015706806282722 0.03695652173913044
2 0.44293193717277485 0.02608695652173913 0.31308900523560207 0.042391304347826085
3 0.4801047120418848 0.46304347826086956 0.07591623036649214 0.01956521739130435
3 0.5094240837696336 0.5423913043478261 0.13455497382198953 0.01956521739130435
3 0.5314136125654451 0.8336956521739131 0.17853403141361257 0.01956521739130435
3 0.6963350785340314 0.4 0.1 0.015217391304347827
3 0.6963350785340314 0.4217391304347826 0.1 0.015217391304347827
3 0.2094240837696335 0.26304347826086955 0.02617801047120419 0.02391304347826087
3 0.2094240837696335 0.3282608695652174 0.02617801047120419 0.02391304347826087
3 0.2094240837696335 0.3934782608695652 0.02617801047120419 0.02391304347826087
3 0.2094240837696335 0.26304347826086955 0.02617801047120419 0.02391304347826087
3 0.2094240837696335 0.3282608695652174 0.02617801047120419 0.02391304347826087
3 0.2094240837696335 0.3934782608695652 0.02617801047120419 0.02391304347826087
3 0.5277486910994764 0.3032608695652174 0.1706806282722513 0.05434782608695652
3 0.7261780104712042 0.2576086956521739 0.12827225130890052 0.021739130434782608
3 0.7261780104712042 0.2902173913043478 0.12827225130890052 0.0391304347826087
3 0.725130890052356 0.7184782608695652 0.13036649214659685 0.0391304347826087
3 0.725130890052356 0.7869565217391304 0.13036649214659685 0.058695652173913045
3 0.725130890052356 0.8456521739130435 0.13036649214659685 0.01956521739130435
3 0.725130890052356 0.8858695652173914 0.13036649214659685 0.01956521739130435
3 0.6963350785340314 0.3793478260869565 0.1 0.017391304347826087
3 0.7183246073298429 0.46630434782608693 0.14397905759162305 0.021739130434782608
3 0.3486910994764398 0.08260869565217391 0.02356020942408377 0.021739130434782608
3 0.3832460732984293 0.08260869565217391 0.02617801047120419 0.021739130434782608
3 0.4293193717277487 0.08260869565217391 0.04712041884816754 0.021739130434782608
3 0.4712041884816754 0.08260869565217391 0.01832460732984293 0.021739130434782608
3 0.5015706806282723 0.08260869565217391 0.02356020942408377 0.021739130434782608
3 0.5329842931937173 0.08260869565217391 0.020418848167539267 0.021739130434782608
3 0.22303664921465968 0.06630434782608696 0.060209424083769635 0.021739130434782608
3 0.218848167539267 0.08695652173913043 0.060209424083769635 0.021739130434782608
3 0.293717277486911 0.1782608695652174 0.08429319371727749 0.015217391304347827
3 0.3633507853403141 0.1782608695652174 0.03612565445026178 0.015217391304347827
3 0.4005235602094241 0.1782608695652174 0.0193717277486911 0.015217391304347827
3 0.4261780104712042 0.1782608695652174 0.013089005235602094 0.015217391304347827
3 0.4486910994764398 0.1782608695652174 0.012565445026178011 0.015217391304347827
3 0.47591623036649217 0.1782608695652174 0.02356020942408377 0.015217391304347827
3 0.5109947643979058 0.1782608695652174 0.027225130890052355 0.015217391304347827