0 0.5867231638418079 0.014084507042253521 0.02655367231638418 0.028169014084507043
0 0.7214689265536723 0.5293427230046949 0.1423728813559322 0.056338028169014086
0 0.727683615819209 0.6091549295774648 0.1553672316384181 0.056338028169014086
0 0.727683615819209 0.6748826291079812 0.1553672316384181 0.056338028169014086
1 0.7274011299435028 0.014671361502347418 0.19265536723163842 0.029342723004694836
1 0.17853107344632768 0.24178403755868544 0.024858757062146894 0.051643192488262914
1 0.30847457627118646 0.534037558685446 0.2135593220338983 0.5492957746478874
1 0.17853107344632768 0.31220657276995306 0.024858757062146894 0.051643192488262914
1 0.17853107344632768 0.3826291079812207 0.024858757062146894 0.051643192488262914
1 0.19463276836158191 0.013497652582159625 0.07627118644067797 0.02699530516431925
2 0.4307909604519774 0.014084507042253521 0.3384180790960452 0.028169014084507043
3 0.47062146892655365 0.4765258215962441 0.08192090395480225 0.02112676056338028
3 0.5022598870056497 0.562206572769953 0.14519774011299436 0.02112676056338028
3 0.5259887005649717 0.8767605633802817 0.19265536723163842 0.02112676056338028
3 0.703954802259887 0.4084507042253521 0.10790960451977401 0.01643192488262911
3 0.703954802259887 0.431924882629108 0.10790960451977401 0.01643192488262911
3 0.17853107344632768 0.2605633802816901 0.02824858757062147 0.025821596244131457
3 0.17853107344632768 0.33098591549295775 0.02824858757062147 0.025821596244131457
3 0.17853107344632768 0.4014084507042254 0.02824858757062147 0.025821596244131457
3 0.17853107344632768 0.2605633802816901 0.02824858757062147 0.025821596244131457
3 0.17853107344632768 0.33098591549295775 0.02824858757062147 0.025821596244131457
3 0.17853107344632768 0.4014084507042254 0.02824858757062147 0.025821596244131457
3 0.5220338983050847 0.3039906103286385 0.18418079096045198 0.05868544600938967
3 0.7361581920903955 0.2546948356807512 0.1384180790960452 0.023474178403755867
3 0.7361581920903955 0.289906103286385 0.1384180790960452 0.04225352112676056
3 0.7350282485875707 0.7523474178403756 0.14067796610169492 0.04225352112676056
3 0.7350282485875707 0.8262910798122066 0.14067796610169492 0.06338028169014084
3 0.7350282485875707 0.8896713615023474 0.14067796610169492 0.02112676056338028
3 0.7350282485875707 0.9330985915492958 0.14067796610169492 0.02112676056338028
3 0.703954802259887 0.38615023474178406 0.10790960451977401 0.018779342723004695
3 0.727683615819209 0.4800469483568075 0.1553672316384181 0.023474178403755867
3 0.3288135593220339 0.06572769953051644 0.025423728813559324 0.023474178403755867
3 0.36610169491525424 0.06572769953051644 0.02824858757062147 0.023474178403755867
3 0.415819209039548 0.06572769953051644 0.05084745762711865 0.023474178403755867
3 0.4610169491525424 0.06572769953051644 0.01977401129943503 0.023474178403755867
3 0.4937853107344633 0.06572769953051644 0.025423728813559324 0.023474178403755867
3 0.5276836158192091 0.06572769953051644 0.022033898305084745 0.023474178403755867
3 0.19322033898305085 0.04812206572769953 0.06497175141242938 0.023474178403755867
3 0.18870056497175142 0.07042253521126761 0.06497175141242938 0.023474178403755867
3 0.26949152542372884 0.16901408450704225 0.09096045197740113 0.01643192488262911
3 0.3446327683615819 0.16901408450704225 0.03898305084745763 0.01643192488262911
3 0.3847457627118644 0.16901408450704225 0.020903954802259886 0.01643192488262911
3 0.4124293785310734 0.16901408450704225 0.014124293785310734 0.01643192488262911
3 0.4367231638418079 0.16901408450704225 0.013559322033898305 0.01643192488262911
3 0.4661016949152542 0.16901408450704225 0.025423728813559324 0.01643192488262911
3 0.503954802259887 0.16901408450704225 0.02937853107344633 0.01643192488262911