0 0.6414930555555556 0.012620192307692308 0.027199074074074073 0.025240384615384616
0 0.8026620370370371 0.1502403846153846 0.06539351851851852 0.016826923076923076
0 0.6909722222222222 0.8245192307692307 0.037037037037037035 0.03125
0 0.8582175925925926 0.7199519230769231 0.020833333333333332 0.04326923076923077
1 0.7855902777777778 0.013221153846153846 0.19733796296296297 0.026442307692307692
1 0.42592592592592593 0.3161057692307692 0.09259259259259259 0.19230769230769232
1 0.42592592592592593 0.5576923076923077 0.09259259259259259 0.19230769230769232
1 0.42592592592592593 0.7992788461538461 0.09259259259259259 0.19230769230769232
1 0.23987268518518517 0.01201923076923077 0.078125 0.02403846153846154
2 0.4817708333333333 0.012620192307692308 0.34664351851851855 0.025240384615384616
2 0.5066550925925926 0.005408653846153846 0.008680555555555556 0.010817307692307692
3 0.5607638888888888 0.009615384615384616 0.13541666666666666 0.019230769230769232
3 0.6597222222222222 0.8245192307692307 0.020833333333333332 0.021634615384615384
3 0.5674189814814815 0.007211538461538462 0.10821759259259259 0.014423076923076924
3 0.5674189814814815 0.007211538461538462 0.10821759259259259 0.014423076923076924
3 0.27719907407407407 0.2127403846153846 0.16087962962962962 0.036057692307692304
3 0.6672453703703703 0.23557692307692307 0.3628472222222222 0.03125
3 0.6672453703703703 0.49278846153846156 0.3628472222222222 0.0625
3 0.6672453703703703 0.734375 0.3628472222222222 0.0625
3 0.6672453703703703 0.9717548076923077 0.36342592592592593 0.054086538461538464
3 0.3773148148148148 0.06370192307692307 0.026041666666666668 0.02403846153846154
3 0.41550925925925924 0.06370192307692307 0.028935185185185185 0.02403846153846154
3 0.4664351851851852 0.06370192307692307 0.052083333333333336 0.02403846153846154
3 0.5127314814814815 0.06370192307692307 0.02025462962962963 0.02403846153846154
3 0.5462962962962963 0.06370192307692307 0.026041666666666668 0.02403846153846154
3 0.5810185185185185 0.06370192307692307 0.022569444444444444 0.02403846153846154
3 0.234375 0.3473557692307692 0.07523148148148148 0.021634615384615384
3 0.21469907407407407 0.4411057692307692 0.03587962962962963 0.021634615384615384
3 0.2355324074074074 0.4699519230769231 0.078125 0.021634615384615384
3 0.23032407407407407 0.4987980769230769 0.06770833333333333 0.021634615384615384
3 0.23726851851851852 0.5276442307692307 0.08159722222222222 0.021634615384615384
3 0.21238425925925927 0.5564903846153846 0.031828703703703706 0.021634615384615384
3 0.20833333333333334 0.5853365384615384 0.023726851851851853 0.021634615384615384
3 0.22569444444444445 0.6141826923076923 0.05787037037037037 0.021634615384615384
3 0.21469907407407407 0.6430288461538461 0.03587962962962963 0.021634615384615384
3 0.2152777777777778 0.671875 0.03761574074074074 0.021634615384615384
3 0.20717592592592593 0.7980769230769231 0.020833333333333332 0.021634615384615384
3 0.21469907407407407 0.8918269230769231 0.03587962962962963 0.021634615384615384
3 0.2152777777777778 0.9855769230769231 0.03761574074074074 0.021634615384615384
3 0.28125 0.3473557692307692 0.01273148148148148 0.021634615384615384
3 0.24768518518518517 0.4411057692307692 0.023726851851851853 0.021634615384615384
3 0.28877314814814814 0.4699519230769231 0.02141203703703704 0.021634615384615384
3 0.27662037037037035 0.4987980769230769 0.017939814814814815 0.021634615384615384
3 0.2881944444444444 0.5276442307692307 0.013310185185185185 0.021634615384615384
3 0.2378472222222222 0.5564903846153846 0.013310185185185185 0.021634615384615384
3 0.22916666666666666 0.5853365384615384 0.01099537037037037 0.021634615384615384
3 0.26273148148148145 0.6141826923076923 0.01099537037037037 0.021634615384615384
3 0.24131944444444445 0.6430288461538461 0.01099537037037037 0.021634615384615384
3 0.24189814814814814 0.671875 0.008680555555555556 0.021634615384615384
3 0.22800925925925927 0.7980769230769231 0.015046296296296295 0.021634615384615384
3 0.24247685185185186 0.8918269230769231 0.013310185185185185 0.021634615384615384
3 0.24768518518518517 0.9855769230769231 0.02141203703703704 0.021634615384615384
3 0.23842592592592593 0.04567307692307692 0.06655092592592593 0.02403846153846154
3 0.2337962962962963 0.06850961538461539 0.06655092592592593 0.02403846153846154
3 0.23958333333333334 0.13942307692307693 0.08564814814814815 0.02403846153846154
3 0.27314814814814814 0.15144230769230768 0.15335648148148148 0.04807692307692308
3 0.2690972222222222 0.16346153846153846 0.07928240740740741 0.02403846153846154