0 0.5803763440860215 0.017857142857142856 0.025268817204301075 0.03571428571428571
0 0.7301075268817204 0.15178571428571427 0.06075268817204301 0.015625
0 0.625268817204301 0.3002232142857143 0.03225806451612903 0.029017857142857144
1 0.714247311827957 0.018415178571428572 0.18333333333333332 0.036830357142857144
1 0.38010752688172045 0.30580357142857145 0.08602150537634409 0.17857142857142858
1 0.38010752688172045 0.5301339285714286 0.08602150537634409 0.17857142857142858
1 0.38010752688172045 0.7544642857142857 0.08602150537634409 0.17857142857142858
1 0.20725806451612902 0.017299107142857144 0.07258064516129033 0.03459821428571429
2 0.431989247311828 0.017857142857142856 0.32204301075268815 0.03571428571428571
2 0.4413978494623656 0.013392857142857142 0.007526881720430108 0.015625
3 0.4989247311827957 0.014508928571428572 0.13870967741935483 0.029017857142857144
3 0.5973118279569892 0.3002232142857143 0.01935483870967742 0.020089285714285716
3 0.5043010752688172 0.013392857142857142 0.11290322580645161 0.022321428571428572
3 0.5043010752688172 0.013392857142857142 0.11290322580645161 0.022321428571428572
3 0.24193548387096775 0.20982142857142858 0.14946236559139786 0.033482142857142856
3 0.6043010752688172 0.23102678571428573 0.3370967741935484 0.029017857142857144
3 0.6043010752688172 0.4955357142857143 0.3370967741935484 0.029017857142857144
3 0.6043010752688172 0.6796875 0.3370967741935484 0.029017857142857144
3 0.6043010752688172 0.9040178571428571 0.3370967741935484 0.029017857142857144
3 0.3349462365591398 0.07142857142857142 0.024193548387096774 0.022321428571428572
3 0.3704301075268817 0.07142857142857142 0.026881720430107527 0.022321428571428572
3 0.41774193548387095 0.07142857142857142 0.04838709677419355 0.022321428571428572
3 0.460752688172043 0.07142857142857142 0.01881720430107527 0.022321428571428572
3 0.49193548387096775 0.07142857142857142 0.024193548387096774 0.022321428571428572
3 0.5241935483870968 0.07142857142857142 0.020967741935483872 0.022321428571428572
3 0.2021505376344086 0.33482142857142855 0.06989247311827956 0.020089285714285716
3 0.20053763440860214 0.421875 0.06720430107526881 0.020089285714285716
3 0.21559139784946235 0.4486607142857143 0.09731182795698924 0.020089285714285716
3 0.20268817204301076 0.47544642857142855 0.07150537634408602 0.020089285714285716
3 0.19516129032258064 0.5022321428571429 0.05591397849462366 0.020089285714285716
3 0.1989247311827957 0.5290178571428571 0.06397849462365592 0.020089285714285716
3 0.17634408602150536 0.5558035714285714 0.01827956989247312 0.020089285714285716
3 0.17688172043010753 0.6428571428571429 0.01935483870967742 0.020089285714285716
3 0.18387096774193548 0.7299107142857143 0.03333333333333333 0.020089285714285716
3 0.18440860215053764 0.8169642857142857 0.03494623655913978 0.020089285714285716
3 0.17795698924731182 0.9040178571428571 0.021505376344086023 0.020089285714285716
3 0.17795698924731182 0.9308035714285714 0.021505376344086023 0.020089285714285716
3 0.1956989247311828 0.9575892857142857 0.05698924731182796 0.020089285714285716
3 0.2467741935483871 0.33482142857142855 0.013978494623655914 0.020089285714285716
3 0.2478494623655914 0.421875 0.020967741935483872 0.020089285714285716
3 0.27903225806451615 0.4486607142857143 0.02258064516129032 0.020089285714285716
3 0.2510752688172043 0.47544642857142855 0.01989247311827957 0.020089285714285716
3 0.23655913978494625 0.5022321428571429 0.02043010752688172 0.020089285714285716
3 0.24193548387096775 0.5290178571428571 0.016129032258064516 0.020089285714285716
3 0.19516129032258064 0.5558035714285714 0.013978494623655914 0.020089285714285716
3 0.1967741935483871 0.6428571428571429 0.015591397849462365 0.020089285714285716
3 0.20967741935483872 0.7299107142857143 0.012365591397849462 0.020089285714285716
3 0.21451612903225806 0.8169642857142857 0.01935483870967742 0.020089285714285716
3 0.20268817204301076 0.9040178571428571 0.02204301075268817 0.020089285714285716
3 0.2021505376344086 0.9308035714285714 0.02204301075268817 0.020089285714285716
3 0.23225806451612904 0.9575892857142857 0.01021505376344086 0.020089285714285716
3 0.20591397849462365 0.0546875 0.06182795698924731 0.022321428571428572
3 0.20161290322580644 0.07589285714285714 0.06182795698924731 0.022321428571428572
3 0.20698924731182797 0.14174107142857142 0.07956989247311828 0.022321428571428572
3 0.23817204301075268 0.15290178571428573 0.1424731182795699 0.044642857142857144
3 0.24086021505376345 0.1640625 0.08655913978494624 0.022321428571428572