0 0.5851851851851851 0.025274725274725275 0.02433862433862434 0.04285714285714286
0 0.7328042328042328 0.16153846153846155 0.059788359788359786 0.015384615384615385
0 0.6296296296296297 0.3076923076923077 0.031746031746031744 0.02857142857142857
1 0.716931216931217 0.026373626373626374 0.17989417989417988 0.04285714285714286
1 0.38835978835978835 0.3131868131868132 0.08465608465608465 0.17582417582417584
1 0.38835978835978835 0.5340659340659341 0.08465608465608465 0.17582417582417584
1 0.38835978835978835 0.7549450549450549 0.08465608465608465 0.17582417582417584
1 0.21798941798941798 0.026373626373626374 0.07089947089947089 0.03736263736263736
2 0.43915343915343913 0.025274725274725275 0.3164021164021164 0.04285714285714286
2 0.4486772486772487 0.025274725274725275 0.007407407407407408 0.015384615384615385
3 0.5052910052910053 0.026373626373626374 0.1365079365079365 0.02857142857142857
3 0.6021164021164022 0.3076923076923077 0.01904761904761905 0.01978021978021978
3 0.5105820105820106 0.025274725274725275 0.1111111111111111 0.02197802197802198
3 0.5105820105820106 0.025274725274725275 0.1111111111111111 0.02197802197802198
3 0.2523809523809524 0.21868131868131868 0.14708994708994708 0.03296703296703297
3 0.608994708994709 0.23956043956043957 0.33174603174603173 0.02857142857142857
3 0.608994708994709 0.5 0.33174603174603173 0.02857142857142857
3 0.608994708994709 0.6813186813186813 0.33174603174603173 0.02857142857142857
3 0.608994708994709 0.9021978021978022 0.33174603174603173 0.02857142857142857
3 0.3439153439153439 0.08241758241758242 0.023809523809523808 0.02197802197802198
3 0.37883597883597886 0.08241758241758242 0.026455026455026454 0.02197802197802198
3 0.4253968253968254 0.08241758241758242 0.047619047619047616 0.02197802197802198
3 0.4677248677248677 0.08241758241758242 0.018518518518518517 0.02197802197802198
3 0.4984126984126984 0.08241758241758242 0.023809523809523808 0.02197802197802198
3 0.5301587301587302 0.08241758241758242 0.020634920634920634 0.02197802197802198
3 0.21322751322751324 0.34175824175824177 0.06878306878306878 0.01978021978021978
3 0.21164021164021163 0.42747252747252745 0.06613756613756613 0.01978021978021978
3 0.22645502645502646 0.45384615384615384 0.09576719576719576 0.01978021978021978
3 0.21375661375661376 0.48021978021978023 0.07037037037037037 0.01978021978021978
3 0.20634920634920634 0.5065934065934066 0.05502645502645503 0.01978021978021978
3 0.21005291005291005 0.532967032967033 0.06296296296296296 0.01978021978021978
3 0.18783068783068782 0.5593406593406594 0.01798941798941799 0.01978021978021978
3 0.18835978835978837 0.6450549450549451 0.01904761904761905 0.01978021978021978
3 0.19523809523809524 0.7307692307692307 0.0328042328042328 0.01978021978021978
3 0.19576719576719576 0.8164835164835165 0.03439153439153439 0.01978021978021978
3 0.18941798941798943 0.9021978021978022 0.021164021164021163 0.01978021978021978
3 0.18941798941798943 0.9285714285714286 0.021164021164021163 0.01978021978021978
3 0.20687830687830688 0.954945054945055 0.056084656084656084 0.01978021978021978
3 0.2571428571428571 0.34175824175824177 0.013756613756613757 0.01978021978021978
3 0.2582010582010582 0.42747252747252745 0.020634920634920634 0.01978021978021978
3 0.28888888888888886 0.45384615384615384 0.022222222222222223 0.01978021978021978
3 0.2613756613756614 0.48021978021978023 0.019576719576719578 0.01978021978021978
3 0.24708994708994708 0.5065934065934066 0.020105820105820106 0.01978021978021978
3 0.2523809523809524 0.532967032967033 0.015873015873015872 0.01978021978021978
3 0.20634920634920634 0.5593406593406594 0.013756613756613757 0.01978021978021978
3 0.20793650793650795 0.6450549450549451 0.015343915343915344 0.01978021978021978
3 0.22063492063492063 0.7307692307692307 0.01216931216931217 0.01978021978021978
3 0.2253968253968254 0.8164835164835165 0.01904761904761905 0.01978021978021978
3 0.21375661375661376 0.9021978021978022 0.021693121693121695 0.01978021978021978
3 0.21322751322751324 0.9285714285714286 0.021693121693121695 0.01978021978021978
3 0.24285714285714285 0.954945054945055 0.010052910052910053 0.01978021978021978
3 0.21693121693121692 0.06593406593406594 0.06084656084656084 0.02197802197802198
3 0.2126984126984127 0.08681318681318681 0.06084656084656084 0.02197802197802198
3 0.21798941798941798 0.15164835164835164 0.07830687830687831 0.02197802197802198
3 0.24867724867724866 0.16263736263736264 0.1402116402116402 0.04395604395604396
3 0.25132275132275134 0.17362637362637362 0.08518518518518518 0.02197802197802198