1 0.45875706214689266 0.15140845070422534 0.903954802259887 0.1643192488262911
1 0.20451977401129945 0.4800469483568075 0.16045197740112993 0.28169014084507044
1 0.37401129943502825 0.4800469483568075 0.16045197740112993 0.28169014084507044
1 0.5435028248587571 0.4800469483568075 0.16045197740112993 0.28169014084507044
1 0.7129943502824859 0.4800469483568075 0.16045197740112993 0.28169014084507044
1 0.45875706214689266 0.7640845070422535 0.6689265536723163 0.1936619718309859
1 0.7415254237288136 0.9512910798122066 0.05706214689265537 0.09507042253521127
3 0.45875706214689266 0.30633802816901406 0.6689265536723163 0.056338028169014086
3 0.20451977401129945 0.6197183098591549 0.13333333333333333 0.023474178403755867
3 0.37401129943502825 0.6197183098591549 0.13333333333333333 0.023474178403755867
3 0.5435028248587571 0.6197183098591549 0.13333333333333333 0.023474178403755867
3 0.7129943502824859 0.6197183098591549 0.13333333333333333 0.023474178403755867
3 0.35677966101694913 0.9911971830985915 0.16779661016949152 0.015258215962441314
3 0.6322033898305085 0.9947183098591549 0.07909604519774012 0.008215962441314555
3 0.29774011299435027 0.04460093896713615 0.025423728813559324 0.023474178403755867
3 0.33502824858757063 0.04460093896713615 0.02824858757062147 0.023474178403755867
3 0.3847457627118644 0.04460093896713615 0.05084745762711865 0.023474178403755867
3 0.42994350282485877 0.04460093896713615 0.01977401129943503 0.023474178403755867
3 0.46271186440677964 0.04460093896713615 0.025423728813559324 0.023474178403755867
3 0.4966101694915254 0.04460093896713615 0.022033898305084745 0.023474178403755867
3 0.16214689265536722 0.02699530516431925 0.06497175141242938 0.023474178403755867
3 0.1576271186440678 0.04929577464788732 0.06497175141242938 0.023474178403755867