0 0.5553370786516854 0.014018691588785047 0.026404494382022473 0.028037383177570093
0 0.20224719101123595 0.28738317757009346 0.011235955056179775 0.02336448598130841
0 0.7117977528089887 0.14018691588785046 0.06348314606741573 0.016355140186915886
0 0.7938202247191011 0.22780373831775702 0.017977528089887642 0.037383177570093455
1 0.6952247191011236 0.014602803738317757 0.19157303370786516 0.029205607476635514
1 0.3056179775280899 0.22897196261682243 0.03089887640449438 0.06425233644859812
1 0.43202247191011234 0.22897196261682243 0.03089887640449438 0.06425233644859812
1 0.5584269662921348 0.22897196261682243 0.03089887640449438 0.06425233644859812
1 0.6848314606741573 0.22897196261682243 0.03089887640449438 0.06425233644859812
1 0.34606741573033706 0.40654205607476634 0.0898876404494382 0.18691588785046728
1 0.34606741573033706 0.6413551401869159 0.0898876404494382 0.18691588785046728
1 0.34606741573033706 0.8761682242990654 0.0898876404494382 0.18691588785046728
1 0.1654494382022472 0.013434579439252336 0.07584269662921349 0.026869158878504672
2 0.4002808988764045 0.014018691588785047 0.3365168539325843 0.028037383177570093
2 0.4435393258426966 0.007009345794392523 0.008426966292134831 0.014018691588785047
3 0.48651685393258426 0.011098130841121495 0.11235955056179775 0.02219626168224299
3 0.5803370786516854 0.39369158878504673 0.35224719101123597 0.016355140186915886
3 0.5803370786516854 0.5864485981308412 0.35224719101123597 0.016355140186915886
3 0.5803370786516854 0.8212616822429907 0.35224719101123597 0.016355140186915886
3 0.49213483146067416 0.008761682242990653 0.0853932584269663 0.017523364485981307
3 0.49213483146067416 0.008761682242990653 0.0853932584269663 0.017523364485981307
3 0.20168539325842696 0.2102803738317757 0.15617977528089888 0.035046728971962614
3 0.5803370786516854 0.3703271028037383 0.35224719101123597 0.030373831775700934
3 0.5803370786516854 0.5630841121495327 0.35224719101123597 0.030373831775700934
3 0.5803370786516854 0.7978971962616822 0.35224719101123597 0.030373831775700934
3 0.36292134831460676 0.21495327102803738 0.07303370786516854 0.02219626168224299
3 0.4893258426966292 0.21495327102803738 0.07303370786516854 0.02219626168224299
3 0.6157303370786517 0.21495327102803738 0.07303370786516854 0.02219626168224299
3 0.7421348314606742 0.21495327102803738 0.07303370786516854 0.02219626168224299
3 0.298876404494382 0.06542056074766354 0.025280898876404494 0.02336448598130841
3 0.3359550561797753 0.06542056074766354 0.028089887640449437 0.02336448598130841
3 0.3853932584269663 0.06542056074766354 0.05056179775280899 0.02336448598130841
3 0.4303370786516854 0.06542056074766354 0.019662921348314606 0.02336448598130841
3 0.46292134831460674 0.06542056074766354 0.025280898876404494 0.02336448598130841
3 0.4966292134831461 0.06542056074766354 0.021910112359550562 0.02336448598130841
3 0.15842696629213482 0.40186915887850466 0.0702247191011236 0.02102803738317757
3 0.16067415730337078 0.42990654205607476 0.0747191011235955 0.02102803738317757
3 0.17415730337078653 0.45794392523364486 0.10168539325842697 0.02102803738317757
3 0.15280898876404495 0.48598130841121495 0.058426966292134834 0.02102803738317757
3 0.13370786516853933 0.5771028037383178 0.020224719101123594 0.02102803738317757
3 0.14101123595505619 0.6682242990654206 0.0348314606741573 0.02102803738317757
3 0.14157303370786517 0.7593457943925234 0.03651685393258427 0.02102803738317757
3 0.15617977528089888 0.8504672897196262 0.06573033707865168 0.02102803738317757
3 0.15674157303370786 0.8785046728971962 0.06685393258426967 0.02102803738317757
3 0.149438202247191 0.9065420560747663 0.052247191011235955 0.02102803738317757
3 0.13876404494382022 0.9345794392523364 0.030337078651685393 0.02102803738317757
3 0.15224719101123596 0.9626168224299065 0.05786516853932584 0.02102803738317757
3 0.1393258426966292 0.9894859813084113 0.03258426966292135 0.018691588785046728
3 0.20337078651685395 0.40186915887850466 0.012921348314606741 0.02102803738317757
3 0.20674157303370785 0.42990654205607476 0.011797752808988765 0.02102803738317757
3 0.2348314606741573 0.45794392523364486 0.012359550561797753 0.02102803738317757
3 0.18932584269662922 0.48598130841121495 0.008426966292134831 0.02102803738317757
3 0.15056179775280898 0.5771028037383178 0.007865168539325843 0.02102803738317757
3 0.16573033707865167 0.6682242990654206 0.007865168539325843 0.02102803738317757
3 0.1691011235955056 0.7593457943925234 0.012359550561797753 0.02102803738317757
3 0.19831460674157303 0.8504672897196262 0.012359550561797753 0.02102803738317757
3 0.2 0.8785046728971962 0.012359550561797753 0.02102803738317757
3 0.18483146067415732 0.9065420560747663 0.012359550561797753 0.02102803738317757
3 0.16179775280898875 0.9345794392523364 0.010112359550561797 0.02102803738317757
3 0.18820224719101122 0.9626168224299065 0.007865168539325843 0.02102803738317757
3 0.16264044943820224 0.9894859813084113 0.008426966292134831 0.018691588785046728
3 0.16404494382022472 0.04789719626168224 0.06460674157303371 0.02336448598130841
3 0.15955056179775282 0.07009345794392523 0.06460674157303371 0.02336448598130841
3 0.1651685393258427 0.13901869158878505 0.08314606741573034 0.02336448598130841
3 0.19775280898876405 0.15070093457943926 0.14887640449438203 0.04672897196261682
3 0.200561797752809 0.16238317757009346 0.09044943820224718 0.02336448598130841