0 0.5816489361702127 0.02041942604856512 0.025 0.04083885209713024
0 0.2473404255319149 0.2858719646799117 0.010638297872340425 0.02207505518763797
0 0.7297872340425532 0.1467991169977925 0.0601063829787234 0.01545253863134658
0 0.8074468085106383 0.22958057395143489 0.01702127659574468 0.03532008830022075
1 0.714095744680851 0.02097130242825607 0.18138297872340425 0.04194260485651214
1 0.3452127659574468 0.2306843267108168 0.02925531914893617 0.06070640176600441
1 0.4648936170212766 0.2306843267108168 0.02925531914893617 0.06070640176600441
1 0.5845744680851064 0.2306843267108168 0.02925531914893617 0.06070640176600441
1 0.7042553191489361 0.2306843267108168 0.02925531914893617 0.06070640176600441
1 0.38351063829787235 0.3984547461368653 0.0851063829787234 0.17660044150110377
1 0.38351063829787235 0.6203090507726269 0.0851063829787234 0.17660044150110377
1 0.38351063829787235 0.8421633554083885 0.0851063829787234 0.17660044150110377
1 0.21223404255319148 0.019867549668874173 0.07127659574468086 0.037527593818984545
2 0.4348404255319149 0.02041942604856512 0.31861702127659575 0.04083885209713024
2 0.475531914893617 0.018763796909492272 0.007446808510638298 0.01545253863134658
3 0.5164893617021277 0.019867549668874173 0.10585106382978723 0.02869757174392936
3 0.6053191489361702 0.38631346578366443 0.33351063829787236 0.01545253863134658
3 0.6053191489361702 0.5684326710816777 0.33351063829787236 0.01545253863134658
3 0.6053191489361702 0.7902869757174393 0.33351063829787236 0.01545253863134658
3 0.5218085106382979 0.018763796909492272 0.08031914893617022 0.02207505518763797
3 0.5218085106382979 0.018763796909492272 0.08031914893617022 0.02207505518763797
3 0.24680851063829787 0.2130242825607064 0.1478723404255319 0.033112582781456956
3 0.6053191489361702 0.36423841059602646 0.33351063829787236 0.02869757174392936
3 0.6053191489361702 0.5463576158940397 0.33351063829787236 0.02869757174392936
3 0.6053191489361702 0.7682119205298014 0.33351063829787236 0.02869757174392936
3 0.6053191489361702 0.9873068432671082 0.33404255319148934 0.023178807947019868
3 0.399468085106383 0.217439293598234 0.06914893617021277 0.02097130242825607
3 0.5191489361702127 0.217439293598234 0.06914893617021277 0.02097130242825607
3 0.6388297872340426 0.217439293598234 0.06914893617021277 0.02097130242825607
3 0.7585106382978724 0.217439293598234 0.06914893617021277 0.02097130242825607
3 0.33882978723404256 0.076158940397351 0.023936170212765957 0.02207505518763797
3 0.373936170212766 0.076158940397351 0.026595744680851064 0.02207505518763797
3 0.4207446808510638 0.076158940397351 0.047872340425531915 0.02207505518763797
3 0.4632978723404255 0.076158940397351 0.018617021276595744 0.02207505518763797
3 0.49414893617021277 0.076158940397351 0.023936170212765957 0.02207505518763797
3 0.5260638297872341 0.076158940397351 0.02074468085106383 0.02207505518763797
3 0.20585106382978724 0.39403973509933776 0.06648936170212766 0.019867549668874173
3 0.20797872340425533 0.4205298013245033 0.07074468085106383 0.019867549668874173
3 0.22074468085106383 0.4470198675496689 0.09627659574468085 0.019867549668874173
3 0.20053191489361702 0.4735099337748344 0.05531914893617021 0.019867549668874173
3 0.1824468085106383 0.5596026490066225 0.019148936170212766 0.019867549668874173
3 0.18936170212765957 0.6456953642384106 0.03297872340425532 0.019867549668874173
3 0.1898936170212766 0.7317880794701986 0.034574468085106384 0.019867549668874173
3 0.20372340425531915 0.8178807947019867 0.06223404255319149 0.019867549668874173
3 0.20425531914893616 0.8443708609271523 0.06329787234042553 0.019867549668874173
3 0.1973404255319149 0.8708609271523179 0.04946808510638298 0.019867549668874173
3 0.18723404255319148 0.8973509933774835 0.02872340425531915 0.019867549668874173
3 0.2 0.9238410596026491 0.054787234042553194 0.019867549668874173
3 0.18776595744680852 0.9503311258278145 0.03031914893617021 0.019867549668874173
3 0.18776595744680852 0.9768211920529801 0.03031914893617021 0.019867549668874173
3 0.24840425531914895 0.39403973509933776 0.01223404255319149 0.019867549668874173
3 0.25159574468085105 0.4205298013245033 0.011170212765957447 0.019867549668874173
3 0.2781914893617021 0.4470198675496689 0.011702127659574468 0.019867549668874173
3 0.2351063829787234 0.4735099337748344 0.007978723404255319 0.019867549668874173
3 0.19840425531914893 0.5596026490066225 0.007446808510638298 0.019867549668874173
3 0.2127659574468085 0.6456953642384106 0.007446808510638298 0.019867549668874173
3 0.21595744680851064 0.7317880794701986 0.011702127659574468 0.019867549668874173
3 0.24361702127659574 0.8178807947019867 0.011702127659574468 0.019867549668874173
3 0.24521276595744682 0.8443708609271523 0.011702127659574468 0.019867549668874173
3 0.23085106382978723 0.8708609271523179 0.011702127659574468 0.019867549668874173
3 0.20904255319148937 0.8973509933774835 0.009574468085106383 0.019867549668874173
3 0.23404255319148937 0.9238410596026491 0.007446808510638298 0.019867549668874173
3 0.20957446808510638 0.9503311258278145 0.007446808510638298 0.019867549668874173
3 0.20957446808510638 0.9768211920529801 0.007446808510638298 0.019867549668874173
3 0.21117021276595746 0.059602649006622516 0.061170212765957445 0.02207505518763797
3 0.20691489361702128 0.08057395143487858 0.061170212765957445 0.02207505518763797
3 0.21223404255319148 0.1456953642384106 0.07872340425531915 0.02207505518763797
3 0.24308510638297873 0.15673289183222958 0.14095744680851063 0.04415011037527594
3 0.24574468085106382 0.16777041942604856 0.08563829787234042 0.02207505518763797