0 0.29108796296296297 0.5709134615384616 0.013888888888888888 0.028846153846153848
0 0.8043981481481481 0.1045673076923077 0.06539351851851852 0.016826923076923076
0 0.6915509259259259 0.3076923076923077 0.034722222222222224 0.03125
1 0.42766203703703703 0.2704326923076923 0.09259259259259259 0.19230769230769232
1 0.42766203703703703 0.5120192307692307 0.09259259259259259 0.19230769230769232
1 0.42766203703703703 0.7536057692307693 0.09259259259259259 0.19230769230769232
2 0.21585648148148148 0.5685096153846154 0.03587962962962963 0.030048076923076924
2 0.2621527777777778 0.5685096153846154 0.03587962962962963 0.030048076923076924
3 0.6614583333333334 0.3076923076923077 0.020833333333333332 0.021634615384615384
3 0.21585648148148148 0.5709134615384616 0.034722222222222224 0.037259615384615384
3 0.2621527777777778 0.5709134615384616 0.034722222222222224 0.037259615384615384
3 0.21585648148148148 0.5709134615384616 0.034722222222222224 0.037259615384615384
3 0.2621527777777778 0.5709134615384616 0.034722222222222224 0.037259615384615384
3 0.2789351851851852 0.19110576923076922 0.16087962962962962 0.036057692307692304
3 0.6689814814814815 0.23317307692307693 0.3628472222222222 0.03125
3 0.6689814814814815 0.43149038461538464 0.3628472222222222 0.03125
3 0.6689814814814815 0.6730769230769231 0.3628472222222222 0.03125
3 0.6689814814814815 0.9146634615384616 0.3628472222222222 0.03125
3 0.37905092592592593 0.018028846153846152 0.026041666666666668 0.02403846153846154
3 0.41724537037037035 0.018028846153846152 0.028935185185185185 0.02403846153846154
3 0.4681712962962963 0.018028846153846152 0.052083333333333336 0.02403846153846154
3 0.5144675925925926 0.018028846153846152 0.02025462962962963 0.02403846153846154
3 0.5480324074074074 0.018028846153846152 0.026041666666666668 0.02403846153846154
3 0.5827546296296297 0.018028846153846152 0.022569444444444444 0.02403846153846154
3 0.2361111111111111 0.32572115384615385 0.07523148148148148 0.021634615384615384
3 0.21006944444444445 0.41947115384615385 0.023726851851851853 0.021634615384615384
3 0.21064814814814814 0.4483173076923077 0.024305555555555556 0.021634615384615384
3 0.21064814814814814 0.47716346153846156 0.024305555555555556 0.021634615384615384
3 0.21006944444444445 0.5060096153846154 0.023726851851851853 0.021634615384615384
3 0.2222222222222222 0.5348557692307693 0.047453703703703706 0.021634615384615384
3 0.21180555555555555 0.671875 0.027199074074074073 0.021634615384615384
3 0.2152777777777778 0.7007211538461539 0.03414351851851852 0.021634615384615384
3 0.20891203703703703 0.7295673076923077 0.020833333333333332 0.021634615384615384
3 0.20833333333333334 0.7584134615384616 0.019675925925925927 0.021634615384615384
3 0.2193287037037037 0.8521634615384616 0.04224537037037037 0.021634615384615384
3 0.21412037037037038 0.8810096153846154 0.031828703703703706 0.021634615384615384
3 0.21585648148148148 0.9098557692307693 0.034722222222222224 0.021634615384615384
3 0.21296296296296297 0.9387019230769231 0.029513888888888888 0.021634615384615384
3 0.2175925925925926 0.9675480769230769 0.03819444444444445 0.021634615384615384
3 0.2829861111111111 0.32572115384615385 0.01273148148148148 0.021634615384615384
3 0.2361111111111111 0.41947115384615385 0.02141203703703704 0.021634615384615384
3 0.23206018518518517 0.4483173076923077 0.01273148148148148 0.021634615384615384
3 0.23726851851851852 0.47716346153846156 0.023148148148148147 0.021634615384615384
3 0.23032407407407407 0.5060096153846154 0.01099537037037037 0.021634615384615384
3 0.25810185185185186 0.5348557692307693 0.017361111111111112 0.021634615384615384
3 0.24016203703703703 0.671875 0.023726851851851853 0.021634615384615384
3 0.24479166666666666 0.7007211538461539 0.017939814814814815 0.021634615384615384
3 0.23032407407407407 0.7295673076923077 0.015046296296296295 0.021634615384615384
3 0.22743055555555555 0.7584134615384616 0.013310185185185185 0.021634615384615384
3 0.25636574074074076 0.8521634615384616 0.024305555555555556 0.021634615384615384
3 0.24189814814814814 0.8810096153846154 0.01678240740740741 0.021634615384615384
3 0.24537037037037038 0.9098557692307693 0.017939814814814815 0.021634615384615384
3 0.23842592592592593 0.9387019230769231 0.015625 0.021634615384615384
3 0.24479166666666666 0.9675480769230769 0.01099537037037037 0.021634615384615384
3 0.24016203703703703 0.006610576923076923 0.06712962962962964 0.013221153846153846
3 0.2355324074074074 0.02283653846153846 0.06655092592592593 0.02403846153846154
3 0.24131944444444445 0.09375 0.08564814814814815 0.02403846153846154
3 0.27488425925925924 0.10576923076923077 0.15335648148148148 0.04807692307692308
3 0.2777777777777778 0.11778846153846154 0.0931712962962963 0.02403846153846154
3 0.234375 0.14182692307692307 0.07233796296296297 0.02403846153846154