0 0.5898907103825136 0.006235827664399093 0.025683060109289616 0.012471655328798186
0 0.2573770491803279 0.5702947845804989 0.013114754098360656 0.027210884353741496
0 0.7420765027322405 0.13038548752834467 0.06174863387978142 0.015873015873015872
0 0.6355191256830601 0.3219954648526077 0.03278688524590164 0.02947845804988662
1 0.7259562841530055 0.006802721088435374 0.18633879781420765 0.013605442176870748
1 0.38633879781420766 0.2868480725623583 0.08743169398907104 0.18140589569160998
1 0.38633879781420766 0.5147392290249433 0.08743169398907104 0.18140589569160998
1 0.38633879781420766 0.7426303854875284 0.08743169398907104 0.18140589569160998
1 0.21065573770491802 0.005668934240362812 0.07377049180327869 0.011337868480725623
2 0.4390710382513661 0.006235827664399093 0.3273224043715847 0.012471655328798186
2 0.18633879781420765 0.5680272108843537 0.033879781420765025 0.02834467120181406
2 0.23005464480874316 0.5680272108843537 0.033879781420765025 0.02834467120181406
3 0.5172131147540984 0.003401360544217687 0.12185792349726776 0.006802721088435374
3 0.607103825136612 0.3219954648526077 0.019672131147540985 0.02040816326530612
3 0.18633879781420765 0.5702947845804989 0.03278688524590164 0.035147392290249435
3 0.23005464480874316 0.5702947845804989 0.03278688524590164 0.035147392290249435
3 0.18633879781420765 0.5702947845804989 0.03278688524590164 0.035147392290249435
3 0.23005464480874316 0.5702947845804989 0.03278688524590164 0.035147392290249435
3 0.2459016393442623 0.21201814058956917 0.15191256830601094 0.034013605442176874
3 0.614207650273224 0.25170068027210885 0.34262295081967215 0.02947845804988662
3 0.614207650273224 0.4387755102040816 0.34262295081967215 0.02947845804988662
3 0.614207650273224 0.6666666666666666 0.34262295081967215 0.02947845804988662
3 0.614207650273224 0.8945578231292517 0.34262295081967215 0.02947845804988662
3 0.3404371584699454 0.048752834467120185 0.02459016393442623 0.022675736961451247
3 0.3765027322404372 0.048752834467120185 0.0273224043715847 0.022675736961451247
3 0.4245901639344262 0.048752834467120185 0.04918032786885246 0.022675736961451247
3 0.46830601092896174 0.048752834467120185 0.01912568306010929 0.022675736961451247
3 0.5 0.048752834467120185 0.02459016393442623 0.022675736961451247
3 0.5327868852459017 0.048752834467120185 0.021311475409836064 0.022675736961451247
3 0.20546448087431693 0.33900226757369617 0.07103825136612021 0.02040816326530612
3 0.1808743169398907 0.427437641723356 0.022404371584699455 0.02040816326530612
3 0.1814207650273224 0.4546485260770975 0.022950819672131147 0.02040816326530612
3 0.1814207650273224 0.481859410430839 0.022950819672131147 0.02040816326530612
3 0.1808743169398907 0.5090702947845805 0.022404371584699455 0.02040816326530612
3 0.1923497267759563 0.536281179138322 0.04480874316939891 0.02040816326530612
3 0.1825136612021858 0.6655328798185941 0.025683060109289616 0.02040816326530612
3 0.18579234972677597 0.6927437641723356 0.03224043715846994 0.02040816326530612
3 0.17978142076502732 0.719954648526077 0.019672131147540985 0.02040816326530612
3 0.17923497267759564 0.7471655328798186 0.018579234972677595 0.02040816326530612
3 0.18961748633879782 0.8356009070294784 0.03989071038251366 0.02040816326530612
3 0.18469945355191256 0.86281179138322 0.030054644808743168 0.02040816326530612
3 0.18633879781420765 0.8900226757369615 0.03278688524590164 0.02040816326530612
3 0.18360655737704917 0.9172335600907029 0.027868852459016394 0.02040816326530612
3 0.18797814207650274 0.9444444444444444 0.036065573770491806 0.02040816326530612
3 0.24972677595628415 0.33900226757369617 0.012021857923497269 0.02040816326530612
3 0.20546448087431693 0.427437641723356 0.020218579234972677 0.02040816326530612
3 0.20163934426229507 0.4546485260770975 0.012021857923497269 0.02040816326530612
3 0.20655737704918034 0.481859410430839 0.02185792349726776 0.02040816326530612
3 0.2 0.5090702947845805 0.010382513661202186 0.02040816326530612
3 0.2262295081967213 0.536281179138322 0.01639344262295082 0.02040816326530612
3 0.20928961748633879 0.6655328798185941 0.022404371584699455 0.02040816326530612
3 0.21366120218579235 0.6927437641723356 0.016939890710382512 0.02040816326530612
3 0.2 0.719954648526077 0.014207650273224045 0.02040816326530612
3 0.19726775956284154 0.7471655328798186 0.012568306010928962 0.02040816326530612
3 0.22459016393442624 0.8356009070294784 0.022950819672131147 0.02040816326530612
3 0.21092896174863388 0.86281179138322 0.015846994535519125 0.02040816326530612
3 0.21420765027322405 0.8900226757369615 0.016939890710382512 0.02040816326530612
3 0.20765027322404372 0.9172335600907029 0.014754098360655738 0.02040816326530612
3 0.21366120218579235 0.9444444444444444 0.010382513661202186 0.02040816326530612
3 0.20928961748633879 0.031746031746031744 0.06284153005464481 0.022675736961451247
3 0.20491803278688525 0.05328798185941043 0.06284153005464481 0.022675736961451247
3 0.2103825136612022 0.12018140589569161 0.08087431693989071 0.022675736961451247
3 0.24207650273224043 0.13151927437641722 0.1448087431693989 0.045351473922902494
3 0.2448087431693989 0.14285714285714285 0.08797814207650273 0.022675736961451247
3 0.20382513661202187 0.1655328798185941 0.06830601092896176 0.022675736961451247