0 0.5813157894736842 0.021334792122538294 0.024736842105263158 0.04266958424507659
0 0.26105263157894737 0.5809628008752735 0.01263157894736842 0.0262582056892779
0 0.7278947368421053 0.15645514223194748 0.05947368421052632 0.015317286652078774
0 0.6252631578947369 0.3413566739606127 0.031578947368421054 0.028446389496717725
1 0.7121052631578947 0.02188183807439825 0.17894736842105263 0.04266958424507659
1 0.38526315789473686 0.3074398249452954 0.08421052631578947 0.175054704595186
1 0.38526315789473686 0.5273522975929978 0.08421052631578947 0.175054704595186
1 0.38526315789473686 0.7472647702407003 0.08421052631578947 0.175054704595186
1 0.21578947368421053 0.02188183807439825 0.07052631578947369 0.037199124726477024
2 0.43605263157894736 0.021334792122538294 0.31526315789473686 0.04266958424507659
2 0.46421052631578946 0.020787746170678335 0.007368421052631579 0.015317286652078774
2 0.19263157894736843 0.5787746170678337 0.03263157894736842 0.02735229759299781
2 0.23473684210526316 0.5787746170678337 0.03263157894736842 0.02735229759299781
3 0.5110526315789473 0.02188183807439825 0.1168421052631579 0.028446389496717725
3 0.5978947368421053 0.3413566739606127 0.018947368421052633 0.019693654266958426
3 0.5163157894736842 0.020787746170678335 0.09157894736842105 0.02188183807439825
3 0.19263157894736843 0.5809628008752735 0.031578947368421054 0.03391684901531729
3 0.23473684210526316 0.5809628008752735 0.031578947368421054 0.03391684901531729
3 0.5163157894736842 0.020787746170678335 0.09157894736842105 0.02188183807439825
3 0.19263157894736843 0.5809628008752735 0.031578947368421054 0.03391684901531729
3 0.23473684210526316 0.5809628008752735 0.031578947368421054 0.03391684901531729
3 0.25 0.23522975929978118 0.1463157894736842 0.03282275711159737
3 0.6047368421052631 0.2735229759299781 0.33 0.028446389496717725
3 0.6047368421052631 0.4540481400437637 0.33 0.028446389496717725
3 0.6047368421052631 0.6739606126914661 0.33 0.028446389496717725
3 0.6047368421052631 0.8938730853391685 0.33 0.028446389496717725
3 0.3410526315789474 0.07768052516411379 0.02368421052631579 0.02188183807439825
3 0.3757894736842105 0.07768052516411379 0.02631578947368421 0.02188183807439825
3 0.42210526315789476 0.07768052516411379 0.04736842105263158 0.02188183807439825
3 0.46421052631578946 0.07768052516411379 0.018421052631578946 0.02188183807439825
3 0.49473684210526314 0.07768052516411379 0.02368421052631579 0.02188183807439825
3 0.5263157894736842 0.07768052516411379 0.020526315789473684 0.02188183807439825
3 0.21105263157894738 0.35776805251641136 0.06842105263157895 0.019693654266958426
3 0.18736842105263157 0.4431072210065646 0.02157894736842105 0.019693654266958426
3 0.18789473684210525 0.46936542669584247 0.022105263157894735 0.019693654266958426
3 0.18789473684210525 0.49562363238512036 0.022105263157894735 0.019693654266958426
3 0.18736842105263157 0.5218818380743983 0.02157894736842105 0.019693654266958426
3 0.19842105263157894 0.5481400437636762 0.0431578947368421 0.019693654266958426
3 0.18894736842105264 0.6728665207877462 0.024736842105263158 0.019693654266958426
3 0.19210526315789472 0.6991247264770241 0.03105263157894737 0.019693654266958426
3 0.1863157894736842 0.725382932166302 0.018947368421052633 0.019693654266958426
3 0.18578947368421053 0.7516411378555798 0.017894736842105262 0.019693654266958426
3 0.1957894736842105 0.8369803063457331 0.038421052631578946 0.019693654266958426
3 0.19105263157894736 0.8632385120350109 0.02894736842105263 0.019693654266958426
3 0.19263157894736843 0.8894967177242888 0.031578947368421054 0.019693654266958426
3 0.19 0.9157549234135668 0.026842105263157896 0.019693654266958426
3 0.19421052631578947 0.9420131291028446 0.034736842105263156 0.019693654266958426
3 0.2536842105263158 0.35776805251641136 0.011578947368421053 0.019693654266958426
3 0.21105263157894738 0.4431072210065646 0.019473684210526317 0.019693654266958426
3 0.2073684210526316 0.46936542669584247 0.011578947368421053 0.019693654266958426
3 0.21210526315789474 0.49562363238512036 0.021052631578947368 0.019693654266958426
3 0.20578947368421052 0.5218818380743983 0.01 0.019693654266958426
3 0.23105263157894737 0.5481400437636762 0.015789473684210527 0.019693654266958426
3 0.21473684210526317 0.6728665207877462 0.02157894736842105 0.019693654266958426
3 0.21894736842105264 0.6991247264770241 0.01631578947368421 0.019693654266958426
3 0.20578947368421052 0.725382932166302 0.01368421052631579 0.019693654266958426
3 0.2031578947368421 0.7516411378555798 0.012105263157894737 0.019693654266958426
3 0.2294736842105263 0.8369803063457331 0.022105263157894735 0.019693654266958426
3 0.2163157894736842 0.8632385120350109 0.015263157894736841 0.019693654266958426
3 0.21947368421052632 0.8894967177242888 0.01631578947368421 0.019693654266958426
3 0.2131578947368421 0.9157549234135668 0.014210526315789474 0.019693654266958426
3 0.21894736842105264 0.9420131291028446 0.01 0.019693654266958426
3 0.21473684210526317 0.061269146608315096 0.060526315789473685 0.02188183807439825
3 0.21052631578947367 0.08205689277899343 0.060526315789473685 0.02188183807439825
3 0.21578947368421053 0.14660831509846828 0.07789473684210527 0.02188183807439825
3 0.2463157894736842 0.1575492341356674 0.1394736842105263 0.0437636761487965
3 0.24894736842105264 0.16849015317286653 0.08473684210526315 0.02188183807439825
3 0.2094736842105263 0.19037199124726478 0.06578947368421052 0.02188183807439825