0 0.5855978260869565 0.019187358916478554 0.025543478260869567 0.03837471783295711
0 0.7369565217391304 0.15575620767494355 0.06141304347826087 0.01580135440180587
0 0.6326086956521739 0.5733634311512416 0.035869565217391305 0.029345372460496615
1 0.7209239130434782 0.019751693002257337 0.18532608695652175 0.039503386004514675
1 0.38315217391304346 0.3115124153498871 0.08695652173913043 0.18058690744920994
1 0.38315217391304346 0.5790067720090294 0.08695652173913043 0.18058690744920994
1 0.38315217391304346 0.8058690744920993 0.08695652173913043 0.18058690744920994
1 0.20842391304347826 0.018623024830699775 0.07336956521739131 0.03724604966139955
2 0.4355978260869565 0.019187358916478554 0.32554347826086955 0.03837471783295711
2 0.48695652173913045 0.01580135440180587 0.007608695652173913 0.01580135440180587
3 0.5239130434782608 0.016930022573363433 0.0983695652173913 0.029345372460496615
3 0.6097826086956522 0.29909706546275394 0.3407608695652174 0.01580135440180587
3 0.4907608695652174 0.417607223476298 0.10217391304347827 0.02144469525959368
3 0.4608695652173913 0.5869074492099323 0.042934782608695654 0.02144469525959368
3 0.6027173913043479 0.5733634311512416 0.01956521739130435 0.020316027088036117
3 0.5293478260869565 0.01580135440180587 0.07228260869565217 0.022573363431151242
3 0.5293478260869565 0.01580135440180587 0.07228260869565217 0.022573363431151242
3 0.24347826086956523 0.2144469525959368 0.15108695652173912 0.033860045146726865
3 0.6097826086956522 0.2765237020316027 0.3407608695652174 0.029345372460496615
3 0.6097826086956522 0.5033860045146726 0.3407608695652174 0.029345372460496615
3 0.6097826086956522 0.7302483069977427 0.3407608695652174 0.029345372460496615
3 0.6097826086956522 0.9571106094808126 0.3407608695652174 0.029345372460496615
3 0.3375 0.0744920993227991 0.024456521739130436 0.022573363431151242
3 0.3733695652173913 0.0744920993227991 0.02717391304347826 0.022573363431151242
3 0.421195652173913 0.0744920993227991 0.04891304347826087 0.022573363431151242
3 0.46467391304347827 0.0744920993227991 0.019021739130434784 0.022573363431151242
3 0.49619565217391304 0.0744920993227991 0.024456521739130436 0.022573363431151242
3 0.528804347826087 0.0744920993227991 0.021195652173913043 0.022573363431151242
3 0.20326086956521738 0.5146726862302483 0.07065217391304347 0.020316027088036117
3 0.17771739130434783 0.6027088036117382 0.01956521739130435 0.020316027088036117
3 0.18641304347826088 0.690744920993228 0.03695652173913044 0.020316027088036117
3 0.21195652173913043 0.7178329571106095 0.08858695652173913 0.020316027088036117
3 0.18478260869565216 0.8058690744920993 0.03369565217391304 0.020316027088036117
3 0.18532608695652175 0.9209932279909706 0.035326086956521736 0.020316027088036117
3 0.2483695652173913 0.5146726862302483 0.014130434782608696 0.020316027088036117
3 0.2016304347826087 0.6027088036117382 0.02282608695652174 0.020316027088036117
3 0.21141304347826087 0.690744920993228 0.007608695652173913 0.020316027088036117
3 0.2668478260869565 0.7178329571106095 0.01576086956521739 0.020316027088036117
3 0.21630434782608696 0.8058690744920993 0.02282608695652174 0.020316027088036117
3 0.2 0.8329571106094809 0.011956521739130435 0.020316027088036117
3 0.21358695652173912 0.9209932279909706 0.015217391304347827 0.020316027088036117
3 0.20706521739130435 0.05756207674943566 0.0625 0.022573363431151242
3 0.20271739130434782 0.07900677200902935 0.0625 0.022573363431151242
3 0.20815217391304347 0.1455981941309255 0.08043478260869565 0.022573363431151242
3 0.23967391304347826 0.15688487584650113 0.14402173913043478 0.045146726862302484
3 0.2217391304347826 0.16817155756207675 0.04565217391304348 0.022573363431151242