0 0.75 0.09501187648456057 0.06464530892448513 0.0166270783847981
0 0.8049199084668193 0.6579572446555819 0.020594965675057208 0.04275534441805225
1 0.37757437070938216 0.2589073634204275 0.09153318077803203 0.19002375296912113
1 0.37757437070938216 0.497624703087886 0.09153318077803203 0.19002375296912113
1 0.37757437070938216 0.7363420427553444 0.09153318077803203 0.19002375296912113
3 0.6161327231121282 0.4418052256532066 0.358695652173913 0.0166270783847981
3 0.2305491990846682 0.15676959619952494 0.15903890160183065 0.035629453681710214
3 0.6161327231121282 0.22209026128266032 0.358695652173913 0.030878859857482184
3 0.6161327231121282 0.4180522565320665 0.358695652173913 0.030878859857482184
3 0.6161327231121282 0.6567695961995249 0.358695652173913 0.030878859857482184
3 0.6161327231121282 0.8954869358669834 0.358695652173913 0.030878859857482184
3 0.3295194508009153 0.011282660332541567 0.02631578947368421 0.022565320665083134
3 0.3675629290617849 0.011282660332541567 0.02917620137299771 0.022565320665083134
3 0.4179061784897025 0.011282660332541567 0.05205949656750572 0.022565320665083134
3 0.4633867276887872 0.011282660332541567 0.020594965675057208 0.022565320665083134
3 0.4965675057208238 0.011282660332541567 0.02631578947368421 0.022565320665083134
3 0.5308924485125858 0.011282660332541567 0.02288329519450801 0.022565320665083134
3 0.18821510297482838 0.28978622327790976 0.07437070938215103 0.021377672209026127
3 0.16132723112128147 0.3824228028503563 0.020594965675057208 0.021377672209026127
3 0.16876430205949658 0.4750593824228028 0.03546910755148741 0.021377672209026127
3 0.16933638443935928 0.5676959619952494 0.03718535469107551 0.021377672209026127
3 0.16247139588100687 0.6603325415676959 0.02288329519450801 0.021377672209026127
3 0.16247139588100687 0.6888361045130641 0.02288329519450801 0.021377672209026127
3 0.18135011441647597 0.7173396674584323 0.06064073226544622 0.021377672209026127
3 0.17734553775743708 0.8099762470308789 0.05320366132723112 0.021377672209026127
3 0.18020594965675057 0.838479809976247 0.05892448512585812 0.021377672209026127
3 0.18421052631578946 0.8669833729216152 0.06693363844393593 0.021377672209026127
3 0.18478260869565216 0.8954869358669834 0.06807780320366133 0.021377672209026127
3 0.16647597254004576 0.9239904988123515 0.030892448512585814 0.021377672209026127
3 0.16647597254004576 0.9524940617577197 0.030892448512585814 0.021377672209026127
3 0.18764302059496568 0.9809976247030879 0.07379862700228833 0.021377672209026127
3 0.2345537757437071 0.28978622327790976 0.013157894736842105 0.021377672209026127
3 0.18077803203661327 0.3824228028503563 0.013157894736842105 0.021377672209026127
3 0.1950800915331808 0.4750593824228028 0.010869565217391304 0.021377672209026127
3 0.19908466819221968 0.5676959619952494 0.016590389016018305 0.021377672209026127
3 0.18878718535469108 0.6603325415676959 0.02288329519450801 0.021377672209026127
3 0.18478260869565216 0.6888361045130641 0.016590389016018305 0.021377672209026127
3 0.221395881006865 0.7173396674584323 0.012585812356979404 0.021377672209026127
3 0.21739130434782608 0.8099762470308789 0.02116704805491991 0.021377672209026127
3 0.2202517162471396 0.838479809976247 0.015446224256292907 0.021377672209026127
3 0.2294050343249428 0.8669833729216152 0.017734553775743706 0.021377672209026127
3 0.2311212814645309 0.8954869358669834 0.017734553775743706 0.021377672209026127
3 0.19221967963386727 0.9239904988123515 0.014874141876430207 0.021377672209026127
3 0.19221967963386727 0.9524940617577197 0.015446224256292907 0.021377672209026127
3 0.2351258581235698 0.9809976247030879 0.014874141876430207 0.021377672209026127
3 0.19221967963386727 0.0023752969121140144 0.06636155606407322 0.004750593824228029
3 0.18764302059496568 0.014251781472684086 0.06578947368421052 0.023752969121140142
3 0.19336384439359267 0.08432304038004751 0.08466819221967964 0.023752969121140142
3 0.22654462242562928 0.09619952494061758 0.15160183066361557 0.047505938242280284
3 0.2122425629290618 0.10807600950118765 0.057780320366132724 0.023752969121140142