0 0.5853403141361256 0.02608695652173913 0.024083769633507852 0.042391304347826085
0 0.731413612565445 0.1967391304347826 0.059162303664921465 0.015217391304347827
1 0.7157068062827225 0.02717391304347826 0.17801047120418848 0.042391304347826085
1 0.39057591623036647 0.3467391304347826 0.08376963350785341 0.17391304347826086
1 0.39057591623036647 0.5652173913043478 0.08376963350785341 0.17391304347826086
1 0.39057591623036647 0.783695652173913 0.08376963350785341 0.17391304347826086
1 0.22198952879581152 0.02717391304347826 0.07015706806282722 0.03695652173913044
2 0.4408376963350785 0.02608695652173913 0.31308900523560207 0.042391304347826085
2 0.48219895287958114 0.02608695652173913 0.007329842931937173 0.015217391304347827
3 0.5219895287958115 0.02717391304347826 0.10314136125654451 0.02826086956521739
3 0.6089005235602094 0.5141304347826087 0.32827225130890053 0.015217391304347827
3 0.5272251308900524 0.02608695652173913 0.07801047120418848 0.021739130434782608
3 0.5272251308900524 0.02608695652173913 0.07801047120418848 0.021739130434782608
3 0.256020942408377 0.2532608695652174 0.14554973821989528 0.03260869565217391
3 0.6089005235602094 0.3130434782608696 0.32827225130890053 0.02826086956521739
3 0.6089005235602094 0.4923913043478261 0.32827225130890053 0.02826086956521739
3 0.6089005235602094 0.7108695652173913 0.32827225130890053 0.02826086956521739
3 0.6089005235602094 0.9293478260869565 0.32827225130890053 0.02826086956521739
3 0.34659685863874345 0.08260869565217391 0.02356020942408377 0.021739130434782608
3 0.381151832460733 0.08260869565217391 0.02617801047120419 0.021739130434782608
3 0.4272251308900524 0.08260869565217391 0.04712041884816754 0.021739130434782608
3 0.46910994764397906 0.08260869565217391 0.01832460732984293 0.021739130434782608
3 0.49947643979057593 0.08260869565217391 0.02356020942408377 0.021739130434782608
3 0.5308900523560209 0.08260869565217391 0.020418848167539267 0.021739130434782608
3 0.21727748691099477 0.375 0.06806282722513089 0.01956521739130435
3 0.19267015706806281 0.4597826086956522 0.018848167539267015 0.01956521739130435
3 0.19947643979057592 0.5445652173913044 0.032460732984293195 0.01956521739130435
3 0.2 0.6293478260869565 0.034031413612565446 0.01956521739130435
3 0.193717277486911 0.7141304347826087 0.020942408376963352 0.01956521739130435
3 0.193717277486911 0.7402173913043478 0.020942408376963352 0.01956521739130435
3 0.21099476439790577 0.7663043478260869 0.05549738219895288 0.01956521739130435
3 0.20732984293193718 0.8510869565217392 0.04869109947643979 0.01956521739130435
3 0.2099476439790576 0.8771739130434782 0.05392670157068063 0.01956521739130435
3 0.2136125654450262 0.9032608695652173 0.0612565445026178 0.01956521739130435
3 0.21413612565445025 0.9293478260869565 0.06230366492146597 0.01956521739130435
3 0.1973821989528796 0.9554347826086956 0.028272251308900525 0.01956521739130435
3 0.1973821989528796 0.9815217391304348 0.028272251308900525 0.01956521739130435
3 0.25968586387434556 0.375 0.012041884816753926 0.01956521739130435
3 0.21047120418848167 0.4597826086956522 0.012041884816753926 0.01956521739130435
3 0.22356020942408378 0.5445652173913044 0.009947643979057591 0.01956521739130435
3 0.22722513089005236 0.6293478260869565 0.015183246073298429 0.01956521739130435
3 0.21780104712041884 0.7141304347826087 0.021465968586387434 0.01956521739130435
3 0.21413612565445025 0.7402173913043478 0.015183246073298429 0.01956521739130435
3 0.2476439790575916 0.7663043478260869 0.011518324607329843 0.01956521739130435
3 0.24397905759162303 0.8510869565217392 0.0193717277486911 0.01956521739130435
3 0.24659685863874345 0.8771739130434782 0.014136125654450262 0.01956521739130435
3 0.2549738219895288 0.9032608695652173 0.016230366492146597 0.01956521739130435
3 0.25654450261780104 0.9293478260869565 0.016230366492146597 0.01956521739130435
3 0.22094240837696336 0.9554347826086956 0.013612565445026177 0.01956521739130435
3 0.22094240837696336 0.9815217391304348 0.014136125654450262 0.01956521739130435
3 0.22094240837696336 0.06630434782608696 0.060209424083769635 0.021739130434782608
3 0.21675392670157068 0.08695652173913043 0.060209424083769635 0.021739130434782608
3 0.22198952879581152 0.18695652173913044 0.0774869109947644 0.021739130434782608
3 0.2523560209424084 0.19782608695652174 0.1387434554973822 0.043478260869565216