0 0.7912400455062572 0.13711583924349882 0.06427758816837315 0.016548463356973995
0 0.6837315130830489 0.3900709219858156 0.04152445961319681 0.030732860520094562
0 0.8458475540386803 0.9373522458628841 0.020477815699658702 0.0425531914893617
1 0.42093287827076226 0.30023640661938533 0.09101251422070535 0.18912529550827423
1 0.42093287827076226 0.5401891252955082 0.09101251422070535 0.18912529550827423
1 0.42093287827076226 0.7777777777777778 0.09101251422070535 0.18912529550827423
3 0.6507394766780432 0.3900709219858156 0.020477815699658702 0.02127659574468085
3 0.27474402730375425 0.21631205673758866 0.15813424345847554 0.07092198581560284
3 0.6581342434584755 0.2789598108747045 0.35665529010238906 0.061465721040189124
3 0.6581342434584755 0.46099290780141844 0.35665529010238906 0.030732860520094562
3 0.6581342434584755 0.6985815602836879 0.35665529010238906 0.030732860520094562
3 0.6581342434584755 0.9361702127659575 0.35665529010238906 0.030732860520094562
3 0.3731513083048919 0.013002364066193853 0.025597269624573378 0.02364066193853428
3 0.41069397042093286 0.013002364066193853 0.02844141069397042 0.02364066193853428
3 0.46075085324232085 0.013002364066193853 0.051194539249146756 0.02364066193853428
3 0.5062571103526735 0.013002364066193853 0.019908987485779295 0.02364066193853428
3 0.5392491467576792 0.013002364066193853 0.025597269624573378 0.02364066193853428
3 0.5733788395904437 0.013002364066193853 0.02218430034129693 0.02364066193853428
3 0.23265073947667805 0.3664302600472813 0.07394766780432309 0.02127659574468085
3 0.20591581342434584 0.458628841607565 0.020477815699658702 0.02127659574468085
3 0.21331058020477817 0.5508274231678487 0.03526734926052332 0.02127659574468085
3 0.21387940841865757 0.6430260047281324 0.036973833902161544 0.02127659574468085
3 0.20705346985210465 0.735224586288416 0.022753128555176336 0.02127659574468085
3 0.20705346985210465 0.7635933806146572 0.022753128555176336 0.02127659574468085
3 0.22582480091012513 0.7919621749408984 0.06029579067121729 0.02127659574468085
3 0.22184300341296928 0.8841607565011821 0.052901023890784986 0.02127659574468085
3 0.22923777019340158 0.9125295508274232 0.0676905574516496 0.02127659574468085
3 0.22468714448236632 0.9408983451536643 0.05858930602957907 0.02127659574468085
3 0.22866894197952217 0.9692671394799054 0.06655290102389079 0.02127659574468085
3 0.21131968145620023 0.9929078014184397 0.03128555176336746 0.01182033096926714
3 0.2764505119453925 0.3664302600472813 0.007963594994311717 0.02127659574468085
3 0.22468714448236632 0.458628841607565 0.011945392491467578 0.02127659574468085
3 0.23947667804323094 0.5508274231678487 0.01080773606370876 0.02127659574468085
3 0.2434584755403868 0.6430260047281324 0.016496018202502846 0.02127659574468085
3 0.23265073947667805 0.735224586288416 0.02161547212741752 0.02127659574468085
3 0.23151308304891924 0.7635933806146572 0.020477815699658702 0.02127659574468085
3 0.2633674630261661 0.7919621749408984 0.008532423208191127 0.02127659574468085
3 0.2622298065984073 0.8841607565011821 0.02161547212741752 0.02127659574468085
3 0.27588168373151306 0.9125295508274232 0.01820250284414107 0.02127659574468085
3 0.26507394766780434 0.9408983451536643 0.016496018202502846 0.02127659574468085
3 0.27360637087599543 0.9692671394799054 0.01763367463026166 0.02127659574468085
3 0.23492605233219568 0.9929078014184397 0.012514220705346985 0.01182033096926714
3 0.2366325369738339 0.004137115839243499 0.06598407281001138 0.008274231678486997
3 0.23208191126279865 0.01773049645390071 0.06541524459613197 0.02364066193853428
3 0.23777019340159272 0.12647754137115838 0.08418657565415244 0.02364066193853428
3 0.2707622298065984 0.13829787234042554 0.15073947667804324 0.04728132387706856