0 0.2521978021978022 0.5570776255707762 0.013186813186813187 0.0273972602739726
0 0.7395604395604396 0.1643835616438356 0.06208791208791209 0.01598173515981735
0 0.6335164835164835 0.545662100456621 0.035164835164835165 0.02968036529680365
0 0.6335164835164835 0.7968036529680366 0.035164835164835165 0.02968036529680365
1 0.7233516483516483 0.0045662100456621 0.18736263736263736 0.0091324200913242
1 0.38186813186813184 0.3219178082191781 0.08791208791208792 0.182648401826484
1 0.38186813186813184 0.5513698630136986 0.08791208791208792 0.182648401826484
1 0.38186813186813184 0.7808219178082192 0.08791208791208792 0.182648401826484
2 0.18076923076923077 0.5547945205479452 0.03406593406593406 0.028538812785388126
2 0.22472527472527473 0.5547945205479452 0.03406593406593406 0.028538812785388126
3 0.6038461538461538 0.545662100456621 0.01978021978021978 0.02054794520547945
3 0.6038461538461538 0.7968036529680366 0.01978021978021978 0.02054794520547945
3 0.18076923076923077 0.5570776255707762 0.03296703296703297 0.03538812785388128
3 0.22472527472527473 0.5570776255707762 0.03296703296703297 0.03538812785388128
3 0.18076923076923077 0.5570776255707762 0.03296703296703297 0.03538812785388128
3 0.22472527472527473 0.5570776255707762 0.03296703296703297 0.03538812785388128
3 0.24065934065934066 0.2237442922374429 0.15274725274725276 0.03424657534246575
3 0.610989010989011 0.2454337899543379 0.3445054945054945 0.02968036529680365
3 0.610989010989011 0.4748858447488584 0.3445054945054945 0.02968036529680365
3 0.610989010989011 0.704337899543379 0.3445054945054945 0.02968036529680365
3 0.610989010989011 0.9337899543378996 0.3445054945054945 0.02968036529680365
3 0.3357142857142857 0.04452054794520548 0.024725274725274724 0.0228310502283105
3 0.371978021978022 0.04452054794520548 0.027472527472527472 0.0228310502283105
3 0.42032967032967034 0.04452054794520548 0.04945054945054945 0.0228310502283105
3 0.4642857142857143 0.04452054794520548 0.019230769230769232 0.0228310502283105
3 0.49615384615384617 0.04452054794520548 0.024725274725274724 0.0228310502283105
3 0.5291208791208791 0.04452054794520548 0.02142857142857143 0.0228310502283105
3 0.2 0.3515981735159817 0.07142857142857142 0.02054794520547945
3 0.19230769230769232 0.4406392694063927 0.056593406593406594 0.02054794520547945
3 0.17582417582417584 0.4680365296803653 0.023076923076923078 0.02054794520547945
3 0.18021978021978022 0.4954337899543379 0.03241758241758242 0.02054794520547945
3 0.1912087912087912 0.5228310502283106 0.0543956043956044 0.02054794520547945
3 0.17417582417582417 0.6529680365296804 0.01978021978021978 0.02054794520547945
3 0.1813186813186813 0.7420091324200914 0.03406593406593406 0.02054794520547945
3 0.18186813186813186 0.8310502283105022 0.03571428571428571 0.02054794520547945
3 0.17527472527472526 0.9200913242009132 0.02197802197802198 0.02054794520547945
3 0.17527472527472526 0.9474885844748858 0.02197802197802198 0.02054794520547945
3 0.1934065934065934 0.9748858447488584 0.05824175824175824 0.02054794520547945
3 0.2456043956043956 0.3515981735159817 0.014285714285714285 0.02054794520547945
3 0.2357142857142857 0.4406392694063927 0.023626373626373626 0.02054794520547945
3 0.19945054945054946 0.4680365296803653 0.01868131868131868 0.02054794520547945
3 0.21153846153846154 0.4954337899543379 0.023076923076923078 0.02054794520547945
3 0.23296703296703297 0.5228310502283106 0.02197802197802198 0.02054794520547945
3 0.19505494505494506 0.6529680365296804 0.016483516483516484 0.02054794520547945
3 0.2076923076923077 0.7420091324200914 0.012087912087912088 0.02054794520547945
3 0.21318681318681318 0.8310502283105022 0.020879120879120878 0.02054794520547945
3 0.2010989010989011 0.9200913242009132 0.023076923076923078 0.02054794520547945
3 0.2 0.9474885844748858 0.02197802197802198 0.02054794520547945
3 0.23186813186813188 0.9748858447488584 0.012087912087912088 0.02054794520547945
3 0.20384615384615384 0.0273972602739726 0.06318681318681318 0.0228310502283105
3 0.19945054945054946 0.04908675799086758 0.06318681318681318 0.0228310502283105
3 0.20494505494505494 0.1541095890410959 0.08131868131868132 0.0228310502283105
3 0.2368131868131868 0.16552511415525115 0.14560439560439561 0.045662100456621