0 0.6011299435028249 0.02464788732394366 0.02598870056497175 0.045774647887323945
0 0.24632768361581922 0.3086854460093897 0.011299435028248588 0.023474178403755867
0 0.2576271186440678 0.45892018779342725 0.013559322033898305 0.028169014084507043
0 0.2576271186440678 0.8321596244131455 0.013559322033898305 0.028169014084507043
0 0.7587570621468926 0.1607981220657277 0.06384180790960452 0.01643192488262911
1 0.7418079096045198 0.025821596244131457 0.192090395480226 0.045774647887323945
1 0.47401129943502823 0.25 0.031073446327683617 0.06455399061032864
1 0.6084745762711864 0.25 0.031073446327683617 0.06455399061032864
1 0.39096045197740115 0.4284037558685446 0.0903954802259887 0.18779342723004694
1 0.39096045197740115 0.6643192488262911 0.0903954802259887 0.18779342723004694
1 0.39096045197740115 0.9002347417840375 0.0903954802259887 0.18779342723004694
1 0.20903954802259886 0.025821596244131457 0.07570621468926554 0.03990610328638498
2 0.44519774011299434 0.02464788732394366 0.33785310734463275 0.045774647887323945
2 0.4887005649717514 0.02464788732394366 0.007909604519774011 0.01643192488262911
2 0.18418079096045198 0.4565727699530516 0.03502824858757062 0.029342723004694836
2 0.22937853107344633 0.4565727699530516 0.03502824858757062 0.029342723004694836
2 0.18418079096045198 0.82981220657277 0.03502824858757062 0.029342723004694836
2 0.22937853107344633 0.82981220657277 0.03502824858757062 0.029342723004694836
3 0.5322033898305085 0.025821596244131457 0.11242937853107345 0.03051643192488263
3 0.6265536723163841 0.3732394366197183 0.35423728813559324 0.01643192488262911
3 0.4694915254237288 0.44835680751173707 0.04011299435028248 0.01643192488262911
3 0.6265536723163841 0.6091549295774648 0.35423728813559324 0.01643192488262911
3 0.4694915254237288 0.6842723004694836 0.04011299435028248 0.01643192488262911
3 0.6265536723163841 0.8450704225352113 0.35423728813559324 0.01643192488262911
3 0.4694915254237288 0.92018779342723 0.04011299435028248 0.01643192488262911
3 0.5378531073446328 0.02464788732394366 0.08531073446327683 0.023474178403755867
3 0.18418079096045198 0.45892018779342725 0.03389830508474576 0.036384976525821594
3 0.22937853107344633 0.45892018779342725 0.03389830508474576 0.036384976525821594
3 0.18418079096045198 0.8321596244131455 0.03389830508474576 0.036384976525821594
3 0.22937853107344633 0.8321596244131455 0.03389830508474576 0.036384976525821594
3 0.5378531073446328 0.02464788732394366 0.08531073446327683 0.023474178403755867
3 0.18418079096045198 0.45892018779342725 0.03389830508474576 0.036384976525821594
3 0.22937853107344633 0.45892018779342725 0.03389830508474576 0.036384976525821594
3 0.18418079096045198 0.8321596244131455 0.03389830508474576 0.036384976525821594
3 0.22937853107344633 0.8321596244131455 0.03389830508474576 0.036384976525821594
3 0.2457627118644068 0.2312206572769953 0.15706214689265538 0.035211267605633804
3 0.6265536723163841 0.34976525821596244 0.35423728813559324 0.03051643192488263
3 0.6265536723163841 0.5856807511737089 0.35423728813559324 0.03051643192488263
3 0.6265536723163841 0.8215962441314554 0.35423728813559324 0.03051643192488263
3 0.5316384180790961 0.23591549295774647 0.07344632768361582 0.022300469483568074
3 0.6661016949152543 0.23591549295774647 0.07344632768361582 0.022300469483568074
3 0.34350282485875705 0.08568075117370892 0.025423728813559324 0.023474178403755867
3 0.3807909604519774 0.08568075117370892 0.02824858757062147 0.023474178403755867
3 0.43050847457627117 0.08568075117370892 0.05084745762711865 0.023474178403755867
3 0.47570621468926555 0.08568075117370892 0.01977401129943503 0.023474178403755867
3 0.5084745762711864 0.08568075117370892 0.025423728813559324 0.023474178403755867
3 0.5423728813559322 0.08568075117370892 0.022033898305084745 0.023474178403755867
3 0.196045197740113 0.42370892018779344 0.05819209039548023 0.02112676056338028
3 0.17740112994350282 0.5575117370892019 0.020338983050847456 0.02112676056338028
3 0.20056497175141244 0.6490610328638498 0.0672316384180791 0.02112676056338028
3 0.19322033898305085 0.6772300469483568 0.05254237288135593 0.02112676056338028
3 0.1943502824858757 0.7687793427230047 0.05423728813559322 0.02112676056338028
3 0.196045197740113 0.7969483568075117 0.0576271186440678 0.02112676056338028
3 0.18361581920903955 0.931924882629108 0.03333333333333333 0.02112676056338028
3 0.2327683615819209 0.42370892018779344 0.00847457627118644 0.02112676056338028
3 0.1943502824858757 0.5575117370892019 0.007909604519774011 0.02112676056338028
3 0.24180790960451978 0.6490610328638498 0.00847457627118644 0.02112676056338028
3 0.22655367231638418 0.6772300469483568 0.007909604519774011 0.02112676056338028
3 0.2288135593220339 0.7687793427230047 0.007909604519774011 0.02112676056338028
3 0.23163841807909605 0.7969483568075117 0.007909604519774011 0.02112676056338028
3 0.207909604519774 0.931924882629108 0.00847457627118644 0.02112676056338028
3 0.207909604519774 0.06807511737089202 0.06497175141242938 0.023474178403755867
3 0.2033898305084746 0.0903755868544601 0.06497175141242938 0.023474178403755867
3 0.20903954802259886 0.1596244131455399 0.08361581920903954 0.023474178403755867
3 0.24180790960451978 0.17136150234741784 0.1497175141242938 0.046948356807511735
3 0.2175141242937853 0.18309859154929578 0.03615819209039548 0.023474178403755867