0 0.6097222222222223 0.013279445727482679 0.026111111111111113 0.026558891454965358
0 0.26055555555555554 0.28290993071593534 0.011111111111111112 0.023094688221709007
0 0.27166666666666667 0.43071593533487296 0.013333333333333334 0.02771362586605081
0 0.27166666666666667 0.7979214780600462 0.013333333333333334 0.02771362586605081
0 0.7644444444444445 0.1374133949191686 0.06277777777777778 0.016166281755196306
1 0.7480555555555556 0.013856812933025405 0.18944444444444444 0.02771362586605081
1 0.48444444444444446 0.2251732101616628 0.030555555555555555 0.06351039260969978
1 0.6166666666666667 0.2251732101616628 0.030555555555555555 0.06351039260969978
1 0.4027777777777778 0.4006928406466513 0.08888888888888889 0.18475750577367206
1 0.4027777777777778 0.6327944572748267 0.08888888888888889 0.18475750577367206
1 0.4027777777777778 0.8648960739030023 0.08888888888888889 0.18475750577367206
1 0.22416666666666665 0.012702078521939953 0.075 0.025404157043879907
2 0.4563888888888889 0.013279445727482679 0.3327777777777778 0.026558891454965358
2 0.49916666666666665 0.006351039260969977 0.008333333333333333 0.012702078521939953
2 0.19944444444444445 0.4284064665127021 0.034444444444444444 0.028868360277136258
2 0.24388888888888888 0.4284064665127021 0.034444444444444444 0.028868360277136258
2 0.19944444444444445 0.7956120092378753 0.034444444444444444 0.028868360277136258
2 0.24388888888888888 0.7956120092378753 0.034444444444444444 0.028868360277136258
3 0.5416666666666666 0.010392609699769052 0.1111111111111111 0.020785219399538105
3 0.6344444444444445 0.3464203233256351 0.34833333333333333 0.016166281755196306
3 0.48 0.42032332563510394 0.03944444444444444 0.016166281755196306
3 0.6344444444444445 0.5785219399538106 0.34833333333333333 0.016166281755196306
3 0.48 0.6524249422632794 0.03944444444444444 0.016166281755196306
3 0.6344444444444445 0.8106235565819861 0.34833333333333333 0.016166281755196306
3 0.48 0.8845265588914549 0.03944444444444444 0.016166281755196306
3 0.5472222222222223 0.008083140877598153 0.08444444444444445 0.016166281755196306
3 0.19944444444444445 0.43071593533487296 0.03333333333333333 0.03579676674364896
3 0.24388888888888888 0.43071593533487296 0.03333333333333333 0.03579676674364896
3 0.19944444444444445 0.7979214780600462 0.03333333333333333 0.03579676674364896
3 0.24388888888888888 0.7979214780600462 0.03333333333333333 0.03579676674364896
3 0.5472222222222223 0.008083140877598153 0.08444444444444445 0.016166281755196306
3 0.19944444444444445 0.43071593533487296 0.03333333333333333 0.03579676674364896
3 0.24388888888888888 0.43071593533487296 0.03333333333333333 0.03579676674364896
3 0.19944444444444445 0.7979214780600462 0.03333333333333333 0.03579676674364896
3 0.24388888888888888 0.7979214780600462 0.03333333333333333 0.03579676674364896
3 0.26 0.2066974595842956 0.15444444444444444 0.03464203233256351
3 0.6344444444444445 0.3233256351039261 0.34833333333333333 0.03002309468822171
3 0.6344444444444445 0.5554272517321016 0.34833333333333333 0.03002309468822171
3 0.6344444444444445 0.7875288683602771 0.34833333333333333 0.03002309468822171
3 0.5411111111111111 0.2113163972286374 0.07222222222222222 0.021939953810623556
3 0.6733333333333333 0.2113163972286374 0.07222222222222222 0.021939953810623556
3 0.3561111111111111 0.06351039260969978 0.025 0.023094688221709007
3 0.3927777777777778 0.06351039260969978 0.027777777777777776 0.023094688221709007
3 0.44166666666666665 0.06351039260969978 0.05 0.023094688221709007
3 0.4861111111111111 0.06351039260969978 0.019444444444444445 0.023094688221709007
3 0.5183333333333333 0.06351039260969978 0.025 0.023094688221709007
3 0.5516666666666666 0.06351039260969978 0.021666666666666667 0.023094688221709007
3 0.2111111111111111 0.3960739030023095 0.05722222222222222 0.020785219399538105
3 0.19277777777777777 0.5277136258660509 0.02 0.020785219399538105
3 0.21555555555555556 0.6177829099307159 0.0661111111111111 0.020785219399538105
3 0.20833333333333334 0.6454965357967667 0.051666666666666666 0.020785219399538105
3 0.20944444444444443 0.7355658198614319 0.05333333333333334 0.020785219399538105
3 0.2111111111111111 0.7632794457274826 0.056666666666666664 0.020785219399538105
3 0.1988888888888889 0.8960739030023095 0.03277777777777778 0.020785219399538105
3 0.19833333333333333 0.9861431870669746 0.03166666666666667 0.020785219399538105
3 0.24722222222222223 0.3960739030023095 0.008333333333333333 0.020785219399538105
3 0.20944444444444443 0.5277136258660509 0.0077777777777777776 0.020785219399538105
3 0.2561111111111111 0.6177829099307159 0.008333333333333333 0.020785219399538105
3 0.2411111111111111 0.6454965357967667 0.0077777777777777776 0.020785219399538105
3 0.24333333333333335 0.7355658198614319 0.0077777777777777776 0.020785219399538105
3 0.2461111111111111 0.7632794457274826 0.0077777777777777776 0.020785219399538105
3 0.22277777777777777 0.8960739030023095 0.008333333333333333 0.020785219399538105
3 0.22166666666666668 0.9861431870669746 0.0077777777777777776 0.020785219399538105
3 0.22277777777777777 0.046189376443418015 0.06388888888888888 0.023094688221709007
3 0.21833333333333332 0.06812933025404157 0.06388888888888888 0.023094688221709007
3 0.2238888888888889 0.13625866050808313 0.08222222222222222 0.023094688221709007
3 0.2561111111111111 0.14780600461893764 0.14722222222222223 0.046189376443418015
3 0.23222222222222222 0.15935334872979215 0.035555555555555556 0.023094688221709007