0 0.5832460732984294 0.02717391304347826 0.024083769633507852 0.042391304347826085
0 0.7293193717277487 0.16195652173913044 0.059162303664921465 0.015217391304347827
1 0.7136125654450262 0.02826086956521739 0.17801047120418848 0.042391304347826085
1 0.38848167539267014 0.3119565217391304 0.08376963350785341 0.17391304347826086
1 0.38848167539267014 0.5304347826086957 0.08376963350785341 0.17391304347826086
1 0.38848167539267014 0.7489130434782608 0.08376963350785341 0.17391304347826086
1 0.2198952879581152 0.02826086956521739 0.07015706806282722 0.03695652173913044
2 0.4387434554973822 0.02717391304347826 0.31308900523560207 0.042391304347826085
2 0.4581151832460733 0.02717391304347826 0.007329842931937173 0.015217391304347827
3 0.5089005235602094 0.02826086956521739 0.12513089005235603 0.02826086956521739
3 0.4612565445026178 0.5934782608695652 0.03717277486910995 0.015217391304347827
3 0.6068062827225131 0.7260869565217392 0.32827225130890053 0.015217391304347827
3 0.4806282722513089 0.8 0.07539267015706806 0.020652173913043477
3 0.5141361256544502 0.02717391304347826 0.1 0.021739130434782608
3 0.5141361256544502 0.02717391304347826 0.1 0.021739130434782608
3 0.25392670157068065 0.2184782608695652 0.14554973821989528 0.03260869565217391
3 0.6068062827225131 0.2391304347826087 0.32827225130890053 0.02826086956521739
3 0.6068062827225131 0.4967391304347826 0.32827225130890053 0.02826086956521739
3 0.6068062827225131 0.6902173913043478 0.32827225130890053 0.05652173913043478
3 0.6068062827225131 0.8945652173913043 0.32827225130890053 0.02826086956521739
3 0.34450261780104713 0.08369565217391305 0.02356020942408377 0.021739130434782608
3 0.37905759162303665 0.08369565217391305 0.02617801047120419 0.021739130434782608
3 0.42513089005235605 0.08369565217391305 0.04712041884816754 0.021739130434782608
3 0.46701570680628274 0.08369565217391305 0.01832460732984293 0.021739130434782608
3 0.4973821989528796 0.08369565217391305 0.02356020942408377 0.021739130434782608
3 0.5287958115183246 0.08369565217391305 0.020418848167539267 0.021739130434782608
3 0.21518324607329842 0.42391304347826086 0.06806282722513089 0.01956521739130435
3 0.22356020942408378 0.508695652173913 0.08481675392670157 0.01956521739130435
3 0.19424083769633507 0.5347826086956522 0.026701570680628273 0.01956521739130435
3 0.19005235602094242 0.5608695652173913 0.01780104712041885 0.01956521739130435
3 0.1905759162303665 0.6456521739130435 0.018848167539267015 0.01956521739130435
3 0.22356020942408378 0.7304347826086957 0.08534031413612565 0.01956521739130435
3 0.1973821989528796 0.8152173913043478 0.032460732984293195 0.01956521739130435
3 0.19790575916230366 0.9 0.034031413612565446 0.01956521739130435
3 0.19162303664921465 0.9847826086956522 0.020942408376963352 0.01956521739130435
3 0.25863874345549737 0.42391304347826086 0.013612565445026177 0.01956521739130435
3 0.281151832460733 0.508695652173913 0.025654450261780103 0.01956521739130435
3 0.21465968586387435 0.5347826086956522 0.007853403141361256 0.01956521739130435
3 0.20732984293193718 0.5608695652173913 0.011518324607329843 0.01956521739130435
3 0.2099476439790576 0.6456521739130435 0.015183246073298429 0.01956521739130435
3 0.27382198952879583 0.7304347826086957 0.009424083769633508 0.01956521739130435
3 0.22251308900523561 0.8152173913043478 0.012041884816753926 0.01956521739130435
3 0.22827225130890053 0.9 0.020942408376963352 0.01956521739130435
3 0.21675392670157068 0.9847826086956522 0.02356020942408377 0.01956521739130435
3 0.218848167539267 0.06739130434782609 0.060209424083769635 0.021739130434782608
3 0.21465968586387435 0.08804347826086957 0.060209424083769635 0.021739130434782608
3 0.2198952879581152 0.15217391304347827 0.0774869109947644 0.021739130434782608
3 0.25026178010471206 0.16304347826086957 0.1387434554973822 0.043478260869565216
3 0.2486910994764398 0.17391304347826086 0.07539267015706806 0.021739130434782608