0 0.6002762430939227 0.02121559633027523 0.025966850828729283 0.04243119266055046
0 0.7049723756906078 0.9885321100917431 0.13259668508287292 0.020642201834862386
1 0.7378453038674033 0.021788990825688075 0.18839779005524862 0.04357798165137615
1 0.20497237569060772 0.1834862385321101 0.05303867403314917 0.08027522935779817
1 0.2011049723756906 0.36811926605504586 0.02430939226519337 0.05045871559633028
1 0.4116022099447514 0.6536697247706422 0.36906077348066296 0.536697247706422
1 0.2011049723756906 0.4369266055045872 0.02430939226519337 0.05045871559633028
1 0.2011049723756906 0.5057339449541285 0.02430939226519337 0.05045871559633028
1 0.2011049723756906 0.5745412844036697 0.02430939226519337 0.05045871559633028
1 0.2011049723756906 0.643348623853211 0.02430939226519337 0.05045871559633028
1 0.2011049723756906 0.7121559633027523 0.02430939226519337 0.05045871559633028
1 0.2011049723756906 0.7809633027522935 0.02430939226519337 0.05045871559633028
1 0.2011049723756906 0.8497706422018348 0.02430939226519337 0.05045871559633028
1 0.2165745856353591 0.020642201834862386 0.07403314917127071 0.0389908256880734
2 0.44779005524861876 0.02121559633027523 0.330939226519337 0.04243119266055046
3 0.6784530386740332 0.6169724770642202 0.08011049723756906 0.020642201834862386
3 0.6712707182320442 0.8853211009174312 0.06574585635359116 0.020642201834862386
3 0.2011049723756906 0.38646788990825687 0.027624309392265192 0.02522935779816514
3 0.2011049723756906 0.4552752293577982 0.027624309392265192 0.02522935779816514
3 0.2011049723756906 0.5240825688073395 0.027624309392265192 0.02522935779816514
3 0.2011049723756906 0.5928899082568807 0.027624309392265192 0.02522935779816514
3 0.2011049723756906 0.661697247706422 0.027624309392265192 0.02522935779816514
3 0.2011049723756906 0.7305045871559633 0.027624309392265192 0.02522935779816514
3 0.2011049723756906 0.7993119266055045 0.027624309392265192 0.02522935779816514
3 0.2011049723756906 0.8681192660550459 0.027624309392265192 0.02522935779816514
3 0.2011049723756906 0.38646788990825687 0.027624309392265192 0.02522935779816514
3 0.2011049723756906 0.4552752293577982 0.027624309392265192 0.02522935779816514
3 0.2011049723756906 0.5240825688073395 0.027624309392265192 0.02522935779816514
3 0.2011049723756906 0.5928899082568807 0.027624309392265192 0.02522935779816514
3 0.2011049723756906 0.661697247706422 0.027624309392265192 0.02522935779816514
3 0.2011049723756906 0.7305045871559633 0.027624309392265192 0.02522935779816514
3 0.2011049723756906 0.7993119266055045 0.027624309392265192 0.02522935779816514
3 0.2011049723756906 0.8681192660550459 0.027624309392265192 0.02522935779816514
3 0.7160220994475138 0.44036697247706424 0.1552486187845304 0.0860091743119266
3 0.7348066298342542 0.6880733944954128 0.1591160220994475 0.022935779816513763
3 0.7348066298342542 0.7121559633027523 0.1591160220994475 0.020642201834862386
3 0.7348066298342542 0.7821100917431193 0.1591160220994475 0.022935779816513763
3 0.6712707182320442 0.8646788990825688 0.06574585635359116 0.0194954128440367
3 0.6712707182320442 0.9438073394495413 0.06519337016574586 0.022935779816513763
3 0.34806629834254144 0.07912844036697247 0.024861878453038673 0.022935779816513763
3 0.38453038674033146 0.07912844036697247 0.027624309392265192 0.022935779816513763
3 0.4331491712707182 0.07912844036697247 0.049723756906077346 0.022935779816513763
3 0.47734806629834253 0.07912844036697247 0.019337016574585635 0.022935779816513763
3 0.5093922651933702 0.07912844036697247 0.024861878453038673 0.022935779816513763
3 0.5425414364640884 0.07912844036697247 0.02154696132596685 0.022935779816513763
3 0.2154696132596685 0.06192660550458716 0.06353591160220995 0.022935779816513763
3 0.2110497237569061 0.08371559633027523 0.06353591160220995 0.022935779816513763
3 0.3011049723756906 0.2901376146788991 0.09281767955801105 0.016055045871559634
3 0.3883977900552486 0.2901376146788991 0.061878453038674036 0.016055045871559634
3 0.4535911602209945 0.2901376146788991 0.05027624309392265 0.016055045871559634
3 0.4983425414364641 0.2901376146788991 0.01878453038674033 0.016055045871559634
3 0.5287292817679557 0.2901376146788991 0.022099447513812154 0.016055045871559634
3 0.5662983425414365 0.2901376146788991 0.03314917127071823 0.016055045871559634