0 0.5678571428571428 0.02226027397260274 0.025824175824175823 0.04452054794520548
0 0.46263736263736266 0.4726027397260274 0.005494505494505495 0.01141552511415525
0 0.4736263736263736 0.4726027397260274 0.0032967032967032967 0.00684931506849315
0 0.4846153846153846 0.4726027397260274 0.0032967032967032967 0.00684931506849315
1 0.7043956043956044 0.0228310502283105 0.18681318681318682 0.04452054794520548
1 0.47802197802197804 0.2979452054794521 0.8741758241758242 0.3858447488584475
1 0.20934065934065935 0.7077625570776256 0.12307692307692308 0.2568493150684932
1 0.3412087912087912 0.7077625570776256 0.12307692307692308 0.2568493150684932
1 0.47307692307692306 0.7077625570776256 0.12307692307692308 0.2568493150684932
1 0.6049450549450549 0.7077625570776256 0.12307692307692308 0.2568493150684932
1 0.7368131868131869 0.7077625570776256 0.12307692307692308 0.2568493150684932
1 0.18626373626373627 0.0228310502283105 0.07362637362637363 0.03881278538812785
2 0.41620879120879123 0.02226027397260274 0.3291208791208791 0.04452054794520548
3 0.19615384615384615 0.5513698630136986 0.09615384615384616 0.02054794520547945
3 0.20934065934065935 0.952054794520548 0.1076923076923077 0.03995433789954338
3 0.3412087912087912 0.952054794520548 0.1076923076923077 0.03995433789954338
3 0.47307692307692306 0.9771689497716894 0.1076923076923077 0.03995433789954338
3 0.6049450549450549 0.9269406392694064 0.1076923076923077 0.03995433789954338
3 0.7368131868131869 0.9429223744292238 0.1076923076923077 0.03995433789954338
3 0.317032967032967 0.08105022831050228 0.024725274725274724 0.0228310502283105
3 0.3532967032967033 0.08105022831050228 0.027472527472527472 0.0228310502283105
3 0.40164835164835166 0.08105022831050228 0.04945054945054945 0.0228310502283105
3 0.44560439560439563 0.08105022831050228 0.019230769230769232 0.0228310502283105
3 0.4774725274725275 0.08105022831050228 0.024725274725274724 0.0228310502283105
3 0.5104395604395604 0.08105022831050228 0.02142857142857143 0.0228310502283105
3 0.18516483516483517 0.0639269406392694 0.06318681318681318 0.0228310502283105
3 0.18076923076923077 0.08561643835616438 0.06318681318681318 0.0228310502283105