0 0.5295138888888888 0.39783653846153844 0.005787037037037037 0.01201923076923077
0 0.5410879629629629 0.39783653846153844 0.003472222222222222 0.007211538461538462
0 0.5526620370370371 0.39783653846153844 0.003472222222222222 0.007211538461538462
1 0.5422453703703703 0.21454326923076922 0.9143518518518519 0.4074519230769231
1 0.26273148148148145 0.6454326923076923 0.12962962962962962 0.2704326923076923
1 0.40162037037037035 0.6454326923076923 0.12962962962962962 0.2704326923076923
1 0.5405092592592593 0.6454326923076923 0.12962962962962962 0.2704326923076923
1 0.6793981481481481 0.6454326923076923 0.12962962962962962 0.2704326923076923
1 0.8182870370370371 0.6454326923076923 0.12962962962962962 0.2704326923076923
3 0.2488425925925926 0.4807692307692308 0.10127314814814815 0.021634615384615384
3 0.26273148148148145 0.9026442307692307 0.11342592592592593 0.042067307692307696
3 0.40162037037037035 0.9026442307692307 0.11342592592592593 0.042067307692307696
3 0.5405092592592593 0.9290865384615384 0.11342592592592593 0.042067307692307696
3 0.6793981481481481 0.8762019230769231 0.11342592592592593 0.042067307692307696
3 0.8182870370370371 0.8930288461538461 0.11342592592592593 0.042067307692307696