0 0.5833333333333334 0.016439909297052153 0.025683060109289616 0.032879818594104306
0 0.7355191256830601 0.29024943310657597 0.06174863387978142 0.015873015873015872
1 0.7193989071038251 0.017006802721088437 0.18633879781420765 0.034013605442176874
1 0.3797814207650273 0.4467120181405896 0.08743169398907104 0.18140589569160998
1 0.3797814207650273 0.6791383219954649 0.08743169398907104 0.18140589569160998
1 0.3797814207650273 0.9070294784580499 0.08743169398907104 0.18140589569160998
1 0.2040983606557377 0.015873015873015872 0.07377049180327869 0.031746031746031744
2 0.4325136612021858 0.016439909297052153 0.3273224043715847 0.032879818594104306
2 0.473224043715847 0.01020408163265306 0.007650273224043716 0.015873015873015872
3 0.5158469945355191 0.013605442176870748 0.11038251366120219 0.027210884353741496
3 0.47704918032786886 0.5170068027210885 0.0814207650273224 0.021541950113378686
3 0.46830601092896174 0.7074829931972789 0.06393442622950819 0.021541950113378686
3 0.47704918032786886 0.9149659863945578 0.0814207650273224 0.021541950113378686
3 0.521311475409836 0.011337868480725623 0.08415300546448087 0.022675736961451247
3 0.521311475409836 0.011337868480725623 0.08415300546448087 0.022675736961451247
3 0.23934426229508196 0.36621315192743764 0.15191256830601094 0.06802721088435375
3 0.6076502732240437 0.41156462585034015 0.34262295081967215 0.02947845804988662
3 0.6076502732240437 0.6031746031746031 0.34262295081967215 0.02947845804988662
3 0.6076502732240437 0.8310657596371882 0.34262295081967215 0.02947845804988662
3 0.333879781420765 0.0691609977324263 0.02459016393442623 0.022675736961451247
3 0.3699453551912568 0.0691609977324263 0.0273224043715847 0.022675736961451247
3 0.4180327868852459 0.0691609977324263 0.04918032786885246 0.022675736961451247
3 0.46174863387978143 0.0691609977324263 0.01912568306010929 0.022675736961451247
3 0.4934426229508197 0.0691609977324263 0.02459016393442623 0.022675736961451247
3 0.5262295081967213 0.0691609977324263 0.021311475409836064 0.022675736961451247
3 0.1989071038251366 0.6848072562358276 0.07103825136612021 0.02040816326530612
3 0.18743169398907103 0.7732426303854876 0.048633879781420766 0.02040816326530612
3 0.19398907103825136 0.800453514739229 0.06120218579234973 0.02040816326530612
3 0.17759562841530055 0.8276643990929705 0.02841530054644809 0.02040816326530612
3 0.18688524590163935 0.854875283446712 0.046994535519125684 0.02040816326530612
3 0.21311475409836064 0.8820861678004536 0.0994535519125683 0.02040816326530612
3 0.19508196721311474 0.909297052154195 0.06393442622950819 0.02040816326530612
3 0.20546448087431693 0.9365079365079365 0.08415300546448087 0.02040816326530612
3 0.1721311475409836 0.963718820861678 0.017486338797814208 0.02040816326530612
3 0.19207650273224045 0.9897959183673469 0.05737704918032787 0.018140589569160998
3 0.24699453551912567 0.6848072562358276 0.020218579234972677 0.02040816326530612
3 0.22568306010928962 0.7732426303854876 0.020765027322404372 0.02040816326530612
3 0.23879781420765028 0.800453514739229 0.022404371584699455 0.02040816326530612
3 0.20765027322404372 0.8276643990929705 0.025136612021857924 0.02040816326530612
3 0.22513661202185792 0.854875283446712 0.023497267759562842 0.02040816326530612
3 0.27704918032786885 0.8820861678004536 0.023497267759562842 0.02040816326530612
3 0.24043715846994534 0.909297052154195 0.020765027322404372 0.02040816326530612
3 0.2573770491803279 0.9365079365079365 0.014754098360655738 0.02040816326530612
3 0.1923497267759563 0.963718820861678 0.016939890710382512 0.02040816326530612
3 0.2314207650273224 0.9897959183673469 0.015846994535519125 0.018140589569160998
3 0.20273224043715846 0.05215419501133787 0.06284153005464481 0.022675736961451247
3 0.19836065573770492 0.07369614512471655 0.06284153005464481 0.022675736961451247
3 0.20928961748633879 0.2800453514739229 0.09180327868852459 0.022675736961451247
3 0.2273224043715847 0.29138321995464855 0.1284153005464481 0.045351473922902494