0 0.5891891891891892 0.0257847533632287 0.024864864864864864 0.043721973094170405
0 0.74 0.30269058295964124 0.06108108108108108 0.01569506726457399
1 0.7237837837837838 0.026905829596412557 0.1837837837837838 0.043721973094170405
1 0.3881081081081081 0.45739910313901344 0.08648648648648649 0.17937219730941703
1 0.3881081081081081 0.6827354260089686 0.08648648648648649 0.17937219730941703
1 0.3881081081081081 0.9080717488789237 0.08648648648648649 0.17937219730941703
1 0.21405405405405406 0.026905829596412557 0.07243243243243243 0.03811659192825112
2 0.44 0.0257847533632287 0.3232432432432432 0.043721973094170405
2 0.518918918918919 0.0257847533632287 0.0075675675675675675 0.01569506726457399
3 0.5421621621621622 0.026905829596412557 0.07027027027027027 0.02914798206278027
3 0.4843243243243243 0.48654708520179374 0.08054054054054054 0.021300448430493273
3 0.6135135135135135 0.6300448430493274 0.3389189189189189 0.01569506726457399
3 0.4843243243243243 0.7062780269058296 0.08054054054054054 0.021300448430493273
3 0.6135135135135135 0.8957399103139013 0.3389189189189189 0.01569506726457399
3 0.4843243243243243 0.9719730941704036 0.08054054054054054 0.021300448430493273
3 0.5475675675675675 0.0257847533632287 0.04432432432432432 0.02242152466367713
3 0.5475675675675675 0.0257847533632287 0.04432432432432432 0.02242152466367713
3 0.2491891891891892 0.3609865470852018 0.15027027027027026 0.033632286995515695
3 0.6135135135135135 0.38228699551569506 0.3389189189189189 0.02914798206278027
3 0.6135135135135135 0.6076233183856502 0.3389189189189189 0.02914798206278027
3 0.6135135135135135 0.8733183856502242 0.3389189189189189 0.02914798206278027
3 0.3427027027027027 0.08408071748878924 0.024324324324324326 0.02242152466367713
3 0.3783783783783784 0.08408071748878924 0.02702702702702703 0.02242152466367713
3 0.4259459459459459 0.08408071748878924 0.04864864864864865 0.02242152466367713
3 0.46918918918918917 0.08408071748878924 0.01891891891891892 0.02242152466367713
3 0.5005405405405405 0.08408071748878924 0.024324324324324326 0.02242152466367713
3 0.532972972972973 0.08408071748878924 0.02108108108108108 0.02242152466367713
3 0.2091891891891892 0.6591928251121076 0.07027027027027027 0.020179372197309416
3 0.1837837837837838 0.7466367713004485 0.01945945945945946 0.020179372197309416
3 0.21783783783783783 0.8340807174887892 0.08810810810810811 0.020179372197309416
3 0.1908108108108108 0.92152466367713 0.03351351351351351 0.020179372197309416
3 0.252972972972973 0.6591928251121076 0.011891891891891892 0.020179372197309416
3 0.20108108108108108 0.7466367713004485 0.01027027027027027 0.020179372197309416
3 0.2718918918918919 0.8340807174887892 0.014054054054054054 0.020179372197309416
3 0.21891891891891893 0.92152466367713 0.016756756756756756 0.020179372197309416
3 0.20594594594594595 0.9484304932735426 0.011891891891891892 0.020179372197309416
3 0.21297297297297296 0.06726457399103139 0.062162162162162166 0.02242152466367713
3 0.20864864864864865 0.08856502242152467 0.062162162162162166 0.02242152466367713
3 0.21945945945945947 0.29260089686098656 0.09081081081081081 0.02242152466367713
3 0.2372972972972973 0.3038116591928251 0.12702702702702703 0.04484304932735426