0 0.5933510638297872 0.02041942604856512 0.025 0.04083885209713024
0 0.7414893617021276 0.2913907284768212 0.0601063829787234 0.01545253863134658
1 0.7257978723404256 0.02097130242825607 0.18138297872340425 0.04194260485651214
1 0.3952127659574468 0.44370860927152317 0.0851063829787234 0.17660044150110377
1 0.3952127659574468 0.6655629139072847 0.0851063829787234 0.17660044150110377
1 0.3952127659574468 0.8874172185430463 0.0851063829787234 0.17660044150110377
1 0.22393617021276596 0.019867549668874173 0.07127659574468086 0.037527593818984545
2 0.4465425531914894 0.02041942604856512 0.31861702127659575 0.04083885209713024
2 0.523936170212766 0.018763796909492272 0.007446808510638298 0.01545253863134658
3 0.5468085106382978 0.019867549668874173 0.06914893617021277 0.02869757174392936
3 0.4898936170212766 0.47240618101545256 0.07925531914893617 0.02097130242825607
3 0.6170212765957447 0.6136865342163356 0.33351063829787236 0.01545253863134658
3 0.4898936170212766 0.6887417218543046 0.07925531914893617 0.02097130242825607
3 0.6170212765957447 0.8752759381898455 0.33351063829787236 0.01545253863134658
3 0.4898936170212766 0.9503311258278145 0.07925531914893617 0.02097130242825607
3 0.5521276595744681 0.018763796909492272 0.043617021276595745 0.02207505518763797
3 0.5521276595744681 0.018763796909492272 0.043617021276595745 0.02207505518763797
3 0.25851063829787235 0.3487858719646799 0.1478723404255319 0.033112582781456956
3 0.6170212765957447 0.369757174392936 0.33351063829787236 0.02869757174392936
3 0.6170212765957447 0.5916114790286976 0.33351063829787236 0.02869757174392936
3 0.6170212765957447 0.8532008830022075 0.33351063829787236 0.02869757174392936
3 0.350531914893617 0.076158940397351 0.023936170212765957 0.02207505518763797
3 0.38563829787234044 0.076158940397351 0.026595744680851064 0.02207505518763797
3 0.4324468085106383 0.076158940397351 0.047872340425531915 0.02207505518763797
3 0.475 0.076158940397351 0.018617021276595744 0.02207505518763797
3 0.5058510638297873 0.076158940397351 0.023936170212765957 0.02207505518763797
3 0.5377659574468086 0.076158940397351 0.02074468085106383 0.02207505518763797
3 0.21914893617021278 0.6423841059602649 0.06914893617021277 0.019867549668874173
3 0.19414893617021275 0.7284768211920529 0.019148936170212766 0.019867549668874173
3 0.2276595744680851 0.8145695364238411 0.08670212765957447 0.019867549668874173
3 0.20106382978723406 0.9006622516556292 0.03297872340425532 0.019867549668874173
3 0.2622340425531915 0.6423841059602649 0.011702127659574468 0.019867549668874173
3 0.21117021276595746 0.7284768211920529 0.010106382978723405 0.019867549668874173
3 0.28085106382978725 0.8145695364238411 0.013829787234042552 0.019867549668874173
3 0.22872340425531915 0.9006622516556292 0.01648936170212766 0.019867549668874173
3 0.21595744680851064 0.9271523178807947 0.011702127659574468 0.019867549668874173
3 0.22287234042553192 0.059602649006622516 0.061170212765957445 0.02207505518763797
3 0.21861702127659574 0.08057395143487858 0.061170212765957445 0.02207505518763797
3 0.22925531914893618 0.2814569536423841 0.08936170212765958 0.02207505518763797
3 0.24680851063829787 0.2924944812362031 0.125 0.04415011037527594