0 0.584375 0.02922077922077922 0.023958333333333335 0.04220779220779221
0 0.27291666666666664 0.38852813852813856 0.010416666666666666 0.021645021645021644
0 0.7296875 0.26082251082251084 0.058854166666666666 0.015151515151515152
1 0.7140625 0.030303030303030304 0.17708333333333334 0.04220779220779221
1 0.390625 0.4101731601731602 0.08333333333333333 0.17316017316017315
1 0.390625 0.6277056277056277 0.08333333333333333 0.17316017316017315
1 0.390625 0.8452380952380952 0.08333333333333333 0.17316017316017315
1 0.22291666666666668 0.030303030303030304 0.06979166666666667 0.0367965367965368
2 0.440625 0.02922077922077922 0.31145833333333334 0.04220779220779221
2 0.5166666666666667 0.02922077922077922 0.007291666666666667 0.015151515151515152
3 0.5390625 0.030303030303030304 0.06770833333333333 0.02813852813852814
3 0.6078125 0.3593073593073593 0.3265625 0.015151515151515152
3 0.48333333333333334 0.4329004329004329 0.07760416666666667 0.020562770562770564
3 0.48333333333333334 0.6742424242424242 0.07760416666666667 0.020562770562770564
3 0.6078125 0.7943722943722944 0.3265625 0.015151515151515152
3 0.47239583333333335 0.8679653679653679 0.05520833333333333 0.020562770562770564
3 0.5442708333333334 0.02922077922077922 0.042708333333333334 0.021645021645021644
3 0.5442708333333334 0.02922077922077922 0.042708333333333334 0.021645021645021644
3 0.25677083333333334 0.3170995670995671 0.14479166666666668 0.032467532467532464
3 0.6078125 0.33766233766233766 0.3265625 0.02813852813852814
3 0.6078125 0.5941558441558441 0.3265625 0.02813852813852814
3 0.6078125 0.7727272727272727 0.3265625 0.02813852813852814
3 0.346875 0.0854978354978355 0.0234375 0.021645021645021644
3 0.38125 0.0854978354978355 0.026041666666666668 0.021645021645021644
3 0.4270833333333333 0.0854978354978355 0.046875 0.021645021645021644
3 0.46875 0.0854978354978355 0.018229166666666668 0.021645021645021644
3 0.49895833333333334 0.0854978354978355 0.0234375 0.021645021645021644
3 0.5302083333333333 0.0854978354978355 0.0203125 0.021645021645021644
3 0.21822916666666667 0.6612554112554112 0.06770833333333333 0.01948051948051948
3 0.20052083333333334 0.7456709956709957 0.03229166666666667 0.01948051948051948
3 0.20104166666666667 0.8560606060606061 0.033854166666666664 0.01948051948051948
3 0.20833333333333334 0.9404761904761905 0.0484375 0.01948051948051948
3 0.2109375 0.9664502164502164 0.05364583333333333 0.01948051948051948
3 0.259375 0.6612554112554112 0.009375 0.01948051948051948
3 0.22552083333333334 0.7456709956709957 0.011979166666666667 0.01948051948051948
3 0.21302083333333333 0.7716450216450217 0.0078125 0.01948051948051948
3 0.22447916666666667 0.8560606060606061 0.007291666666666667 0.01948051948051948
3 0.240625 0.9404761904761905 0.0109375 0.01948051948051948
3 0.2453125 0.9664502164502164 0.009375 0.01948051948051948
3 0.221875 0.06926406926406926 0.059895833333333336 0.021645021645021644
3 0.21770833333333334 0.08982683982683982 0.059895833333333336 0.021645021645021644
3 0.228125 0.2510822510822511 0.0875 0.021645021645021644
3 0.2453125 0.2619047619047619 0.12239583333333333 0.04329004329004329
3 0.23020833333333332 0.2727272727272727 0.016666666666666666 0.021645021645021644