0 0.580327868852459 0.022675736961451247 0.025136612021857924 0.04421768707482993
0 0.253551912568306 0.39909297052154197 0.01092896174863388 0.022675736961451247
0 0.7327868852459016 0.2653061224489796 0.06174863387978142 0.015873015873015872
1 0.7163934426229508 0.023809523809523808 0.18579234972677597 0.04421768707482993
1 0.3770491803278688 0.4217687074829932 0.08743169398907104 0.18140589569160998
1 0.3770491803278688 0.6496598639455783 0.08743169398907104 0.18140589569160998
1 0.3770491803278688 0.8775510204081632 0.08743169398907104 0.18140589569160998
1 0.2010928961748634 0.023809523809523808 0.073224043715847 0.03854875283446712
2 0.42950819672131146 0.022675736961451247 0.326775956284153 0.04421768707482993
2 0.5092896174863388 0.022675736961451247 0.007650273224043716 0.015873015873015872
3 0.5327868852459017 0.023809523809523808 0.07103825136612021 0.02947845804988662
3 0.6049180327868853 0.36848072562358275 0.34262295081967215 0.015873015873015872
3 0.4743169398907104 0.445578231292517 0.0814207650273224 0.021541950113378686
3 0.4743169398907104 0.6984126984126984 0.0814207650273224 0.021541950113378686
3 0.6049180327868853 0.8242630385487528 0.34262295081967215 0.015873015873015872
3 0.4628415300546448 0.9013605442176871 0.05792349726775956 0.021541950113378686
3 0.5382513661202186 0.022675736961451247 0.04480874316939891 0.022675736961451247
3 0.5382513661202186 0.022675736961451247 0.04480874316939891 0.022675736961451247
3 0.2366120218579235 0.3242630385487528 0.15191256830601094 0.034013605442176874
3 0.6049180327868853 0.3458049886621315 0.34262295081967215 0.02947845804988662
3 0.6049180327868853 0.6145124716553289 0.34262295081967215 0.02947845804988662
3 0.6049180327868853 0.8015873015873016 0.34262295081967215 0.02947845804988662
3 0.33114754098360655 0.08163265306122448 0.02459016393442623 0.022675736961451247
3 0.36721311475409835 0.08163265306122448 0.0273224043715847 0.022675736961451247
3 0.41530054644808745 0.08163265306122448 0.04918032786885246 0.022675736961451247
3 0.45901639344262296 0.08163265306122448 0.01912568306010929 0.022675736961451247
3 0.4907103825136612 0.08163265306122448 0.02459016393442623 0.022675736961451247
3 0.5234972677595628 0.08163265306122448 0.021311475409836064 0.022675736961451247
3 0.19617486338797815 0.6848072562358276 0.07103825136612021 0.02040816326530612
3 0.17759562841530055 0.7732426303854876 0.033879781420765025 0.02040816326530612
3 0.17814207650273223 0.8888888888888888 0.03551912568306011 0.02040816326530612
3 0.18579234972677597 0.9773242630385488 0.05081967213114754 0.02040816326530612
3 0.1885245901639344 0.9965986394557823 0.05683060109289618 0.0045351473922902496
3 0.23934426229508196 0.6848072562358276 0.009836065573770493 0.02040816326530612
3 0.20382513661202187 0.7732426303854876 0.012568306010928962 0.02040816326530612
3 0.1907103825136612 0.800453514739229 0.00819672131147541 0.02040816326530612
3 0.20273224043715846 0.8888888888888888 0.007650273224043716 0.02040816326530612
3 0.21967213114754097 0.9773242630385488 0.011475409836065573 0.02040816326530612
3 0.22486338797814207 0.9965986394557823 0.010382513661202186 0.0045351473922902496
3 0.2 0.06462585034013606 0.06284153005464481 0.022675736961451247
3 0.19562841530054645 0.08616780045351474 0.06284153005464481 0.022675736961451247
3 0.20655737704918034 0.25510204081632654 0.09180327868852459 0.022675736961451247
3 0.22459016393442624 0.26643990929705214 0.1284153005464481 0.045351473922902494
3 0.2087431693989071 0.2777777777777778 0.017486338797814208 0.022675736961451247