0 0.7488344988344988 0.2457627118644068 0.06585081585081586 0.01694915254237288
0 0.8047785547785548 0.33292978208232443 0.02097902097902098 0.043583535108958835
1 0.36946386946386944 0.4128329297820823 0.09324009324009325 0.1937046004842615
1 0.36946386946386944 0.6561743341404358 0.09324009324009325 0.1937046004842615
1 0.36946386946386944 0.8995157384987893 0.09324009324009325 0.1937046004842615
3 0.46386946386946387 0.4213075060532688 0.06818181818181818 0.023002421307506054
3 0.6124708624708625 0.5992736077481841 0.36538461538461536 0.01694915254237288
3 0.4731934731934732 0.6815980629539952 0.08682983682983683 0.023002421307506054
3 0.4731934731934732 0.9297820823244553 0.08682983682983683 0.023002421307506054
3 0.2196969696969697 0.30871670702179177 0.16200466200466201 0.03631961259079903
3 0.6124708624708625 0.33171912832929784 0.36538461538461536 0.031476997578692496
3 0.6124708624708625 0.5750605326876513 0.36538461538461536 0.031476997578692496
3 0.6124708624708625 0.8184019370460048 0.36538461538461536 0.031476997578692496
3 0.32051282051282054 0.011501210653753027 0.026806526806526808 0.023002421307506054
3 0.35926573426573427 0.011501210653753027 0.02972027972027972 0.023002421307506054
3 0.41054778554778554 0.011501210653753027 0.05303030303030303 0.023002421307506054
3 0.4568764568764569 0.011501210653753027 0.02097902097902098 0.023002421307506054
3 0.49067599067599066 0.011501210653753027 0.026806526806526808 0.023002421307506054
3 0.5256410256410257 0.011501210653753027 0.023310023310023312 0.023002421307506054
3 0.17657342657342656 0.6307506053268765 0.07575757575757576 0.021791767554479417
3 0.1561771561771562 0.725181598062954 0.035547785547785545 0.021791767554479417
3 0.17424242424242425 0.7542372881355932 0.07109557109557109 0.021791767554479417
3 0.16958041958041958 0.7832929782082324 0.06235431235431235 0.021791767554479417
3 0.17074592074592074 0.8123486682808717 0.0641025641025641 0.021791767554479417
3 0.1660839160839161 0.8414043583535109 0.05536130536130536 0.021791767554479417
3 0.18240093240093241 0.8704600484261501 0.08741258741258741 0.021791767554479417
3 0.17715617715617715 0.8995157384987893 0.0775058275058275 0.021791767554479417
3 0.1585081585081585 0.9285714285714286 0.039627039627039624 0.021791767554479417
3 0.18181818181818182 0.9576271186440678 0.08624708624708624 0.021791767554479417
3 0.22785547785547786 0.6307506053268765 0.02156177156177156 0.021791767554479417
3 0.1853146853146853 0.725181598062954 0.0168997668997669 0.021791767554479417
3 0.22202797202797203 0.7542372881355932 0.017482517482517484 0.021791767554479417
3 0.21678321678321677 0.7832929782082324 0.024475524475524476 0.021791767554479417
3 0.21736596736596736 0.8123486682808717 0.022144522144522144 0.021791767554479417
3 0.20454545454545456 0.8414043583535109 0.014568764568764568 0.021791767554479417
3 0.23834498834498835 0.8704600484261501 0.018065268065268064 0.021791767554479417
3 0.22843822843822845 0.8995157384987893 0.018065268065268064 0.021791767554479417
3 0.1888111888111888 0.9285714285714286 0.015734265734265736 0.021791767554479417
3 0.23601398601398602 0.9576271186440678 0.015734265734265736 0.021791767554479417
3 0.18065268065268064 0.002421307506053269 0.0675990675990676 0.004842615012106538
3 0.175990675990676 0.014527845036319613 0.06701631701631702 0.024213075060532687
3 0.18764568764568765 0.23486682808716708 0.0979020979020979 0.024213075060532687
3 0.20687645687645687 0.2469733656174334 0.13694638694638694 0.048426150121065374