0 0.27835648148148145 0.3473557692307692 0.011574074074074073 0.02403846153846154
0 0.7858796296296297 0.20552884615384615 0.06539351851851852 0.016826923076923076
1 0.40914351851851855 0.3713942307692308 0.09259259259259259 0.19230769230769232
1 0.40914351851851855 0.6129807692307693 0.09259259259259259 0.19230769230769232
1 0.40914351851851855 0.8545673076923077 0.09259259259259259 0.19230769230769232
3 0.6504629629629629 0.31490384615384615 0.3628472222222222 0.016826923076923076
3 0.5 0.41947115384615385 0.061342592592592594 0.02283653846153846
3 0.5121527777777778 0.6213942307692307 0.08622685185185185 0.02283653846153846
3 0.6504629629629629 0.7980769230769231 0.3628472222222222 0.016826923076923076
3 0.5 0.8798076923076923 0.061342592592592594 0.02283653846153846
3 0.2604166666666667 0.26802884615384615 0.16087962962962962 0.036057692307692304
3 0.6504629629629629 0.29086538461538464 0.3628472222222222 0.03125
3 0.6504629629629629 0.5324519230769231 0.3628472222222222 0.03125
3 0.6504629629629629 0.7740384615384616 0.3628472222222222 0.03125
3 0.3605324074074074 0.01201923076923077 0.02662037037037037 0.02403846153846154
3 0.3990162037037037 0.01201923076923077 0.029513888888888888 0.02403846153846154
3 0.44994212962962965 0.01201923076923077 0.052662037037037035 0.02403846153846154
3 0.49594907407407407 0.01201923076923077 0.020833333333333332 0.02403846153846154
3 0.5295138888888888 0.01201923076923077 0.02662037037037037 0.02403846153846154
3 0.5642361111111112 0.01201923076923077 0.023148148148148147 0.02403846153846154
3 0.2175925925925926 0.6502403846153846 0.07523148148148148 0.021634615384615384
3 0.20717592592592593 0.7439903846153846 0.05497685185185185 0.021634615384615384
3 0.2193287037037037 0.7728365384615384 0.07928240740740741 0.021634615384615384
3 0.18981481481481483 0.8016826923076923 0.019675925925925927 0.021634615384615384
3 0.19791666666666666 0.8954326923076923 0.03587962962962963 0.021634615384615384
3 0.2621527777777778 0.6502403846153846 0.008101851851851851 0.021634615384615384
3 0.24247685185185186 0.7439903846153846 0.008680555555555556 0.021634615384615384
3 0.265625 0.7728365384615384 0.00636574074074074 0.021634615384615384
3 0.20891203703703703 0.8016826923076923 0.01273148148148148 0.021634615384615384
3 0.22569444444444445 0.8954326923076923 0.013310185185185185 0.021634615384615384
3 0.21180555555555555 0.9242788461538461 0.008680555555555556 0.021634615384615384
3 0.22164351851851852 0.0030048076923076925 0.06712962962962964 0.006009615384615385
3 0.2170138888888889 0.015625 0.06655092592592593 0.02403846153846154
3 0.22858796296296297 0.19471153846153846 0.09722222222222222 0.02403846153846154
3 0.24768518518518517 0.20673076923076922 0.13599537037037038 0.04807692307692308
3 0.24710648148148148 0.21875 0.05150462962962963 0.02403846153846154