0 0.569672131147541 0.006235827664399093 0.025683060109289616 0.012471655328798186
0 0.7218579234972677 0.23242630385487528 0.06174863387978142 0.015873015873015872
1 0.7057377049180328 0.006802721088435374 0.18633879781420765 0.013605442176870748
1 0.366120218579235 0.3888888888888889 0.08743169398907104 0.18140589569160998
1 0.366120218579235 0.6167800453514739 0.08743169398907104 0.18140589569160998
1 0.366120218579235 0.844671201814059 0.08743169398907104 0.18140589569160998
1 0.19043715846994536 0.005668934240362812 0.07377049180327869 0.011337868480725623
2 0.41885245901639345 0.006235827664399093 0.3273224043715847 0.012471655328798186
3 0.5166666666666667 0.003401360544217687 0.0825136612021858 0.006802721088435374
3 0.45191256830601095 0.4376417233560091 0.05792349726775956 0.021541950113378686
3 0.4633879781420765 0.6247165532879818 0.0814207650273224 0.021541950113378686
3 0.22568306010928962 0.29138321995464855 0.15191256830601094 0.034013605442176874
3 0.5939890710382514 0.35374149659863946 0.34262295081967215 0.02947845804988662
3 0.5939890710382514 0.5408163265306123 0.34262295081967215 0.02947845804988662
3 0.5939890710382514 0.7687074829931972 0.34262295081967215 0.02947845804988662
3 0.32021857923497266 0.048752834467120185 0.02459016393442623 0.022675736961451247
3 0.35628415300546445 0.048752834467120185 0.0273224043715847 0.022675736961451247
3 0.40437158469945356 0.048752834467120185 0.04918032786885246 0.022675736961451247
3 0.44808743169398907 0.048752834467120185 0.01912568306010929 0.022675736961451247
3 0.47978142076502733 0.048752834467120185 0.02459016393442623 0.022675736961451247
3 0.512568306010929 0.048752834467120185 0.021311475409836064 0.022675736961451247
3 0.16393442622950818 0.5929705215419501 0.02841530054644809 0.02040816326530612
3 0.16174863387978142 0.6201814058956916 0.02459016393442623 0.02040816326530612
3 0.15901639344262294 0.6473922902494331 0.018579234972677595 0.02040816326530612
3 0.15956284153005465 0.735827664399093 0.019672131147540985 0.02040816326530612
3 0.19398907103825136 0.8242630385487528 0.08907103825136611 0.02040816326530612
3 0.16666666666666666 0.9126984126984127 0.033879781420765025 0.02040816326530612
3 0.18633879781420765 0.5929705215419501 0.010382513661202186 0.02040816326530612
3 0.1814207650273224 0.6201814058956916 0.00819672131147541 0.02040816326530612
3 0.17486338797814208 0.6473922902494331 0.007650273224043716 0.02040816326530612
3 0.17595628415300546 0.735827664399093 0.007650273224043716 0.02040816326530612
3 0.2453551912568306 0.8242630385487528 0.007650273224043716 0.02040816326530612
3 0.19289617486338798 0.9126984126984127 0.012568306010928962 0.02040816326530612
3 0.17978142076502732 0.9399092970521542 0.00819672131147541 0.02040816326530612
3 0.18907103825136612 0.031746031746031744 0.06284153005464481 0.022675736961451247
3 0.18469945355191256 0.05328798185941043 0.06284153005464481 0.022675736961451247
3 0.19562841530054645 0.2222222222222222 0.09180327868852459 0.022675736961451247
3 0.21366120218579235 0.23356009070294784 0.1284153005464481 0.045351473922902494
3 0.20327868852459016 0.24489795918367346 0.02841530054644809 0.022675736961451247