0 0.6011072261072261 0.012106537530266344 0.027389277389277388 0.024213075060532687
0 0.7634032634032634 0.15012106537530268 0.06585081585081586 0.01694915254237288
1 0.7462121212121212 0.012711864406779662 0.1987179487179487 0.025423728813559324
1 0.38403263403263405 0.3171912832929782 0.09324009324009325 0.1937046004842615
1 0.38403263403263405 0.5702179176755447 0.09324009324009325 0.1937046004842615
1 0.38403263403263405 0.8135593220338984 0.09324009324009325 0.1937046004842615
1 0.19667832167832167 0.011501210653753027 0.07867132867132867 0.023002421307506054
2 0.4402680652680653 0.012106537530266344 0.34906759906759904 0.024213075060532687
3 0.627039627039627 0.30387409200968524 0.36538461538461536 0.01694915254237288
3 0.46503496503496505 0.4043583535108959 0.041375291375291376 0.01694915254237288
3 0.627039627039627 0.513317191283293 0.36538461538461536 0.01694915254237288
3 0.4994172494172494 0.5956416464891041 0.10955710955710955 0.023002421307506054
3 0.627039627039627 0.7566585956416465 0.36538461538461536 0.01694915254237288
3 0.4994172494172494 0.860774818401937 0.10955710955710955 0.023002421307506054
3 0.627039627039627 0.9951573849878934 0.36596736596736595 0.007263922518159807
3 0.23426573426573427 0.14527845036319612 0.16200466200466201 0.03631961259079903
3 0.627039627039627 0.2796610169491525 0.36538461538461536 0.031476997578692496
3 0.627039627039627 0.4891041162227603 0.36538461538461536 0.031476997578692496
3 0.627039627039627 0.7324455205811138 0.36538461538461536 0.031476997578692496
3 0.627039627039627 0.9757869249394673 0.36538461538461536 0.031476997578692496
3 0.3350815850815851 0.06295399515738499 0.026223776223776224 0.024213075060532687
3 0.3735431235431235 0.06295399515738499 0.029137529137529136 0.024213075060532687
3 0.42482517482517484 0.06295399515738499 0.05244755244755245 0.024213075060532687
3 0.47144522144522144 0.06295399515738499 0.020396270396270396 0.024213075060532687
3 0.5052447552447552 0.06295399515738499 0.026223776223776224 0.024213075060532687
3 0.5402097902097902 0.06295399515738499 0.022727272727272728 0.024213075060532687
3 0.19114219114219114 0.46731234866828086 0.07575757575757576 0.021791767554479417
3 0.17307692307692307 0.5617433414043583 0.04020979020979021 0.021791767554479417
3 0.18822843822843824 0.5907990314769975 0.06993006993006994 0.021791767554479417
3 0.18706293706293706 0.6198547215496368 0.06818181818181818 0.021791767554479417
3 0.18356643356643357 0.648910411622276 0.06060606060606061 0.021791767554479417
3 0.18706293706293706 0.6779661016949152 0.06818181818181818 0.021791767554479417
3 0.17715617715617715 0.7070217917675545 0.047785547785547784 0.021791767554479417
3 0.1963869463869464 0.7360774818401937 0.08624708624708624 0.021791767554479417
3 0.16375291375291376 0.7651331719128329 0.02097902097902098 0.021791767554479417
3 0.20804195804195805 0.7941888619854721 0.11013986013986014 0.021791767554479417
3 0.16375291375291376 0.9213075060532687 0.02097902097902098 0.021791767554479417
3 0.23834498834498835 0.46731234866828086 0.01282051282051282 0.021791767554479417
3 0.2062937062937063 0.5617433414043583 0.019813519813519812 0.021791767554479417
3 0.23717948717948717 0.5907990314769975 0.022144522144522144 0.021791767554479417
3 0.2331002331002331 0.6198547215496368 0.017482517482517484 0.021791767554479417
3 0.22319347319347319 0.648910411622276 0.01282051282051282 0.021791767554479417
3 0.23135198135198135 0.6779661016949152 0.01282051282051282 0.021791767554479417
3 0.2097902097902098 0.7070217917675545 0.012237762237762238 0.021791767554479417
3 0.24825174825174826 0.7360774818401937 0.012237762237762238 0.021791767554479417
3 0.18240093240093241 0.7651331719128329 0.01048951048951049 0.021791767554479417
3 0.2703962703962704 0.7941888619854721 0.008158508158508158 0.021791767554479417
3 0.1864801864801865 0.9213075060532687 0.019230769230769232 0.021791767554479417
3 0.19522144522144522 0.044794188861985475 0.06701631701631702 0.024213075060532687
3 0.19055944055944055 0.06779661016949153 0.06701631701631702 0.024213075060532687