0 0.5827127659574468 0.016004415011037526 0.025 0.03200883002207505
0 0.7308510638297873 0.1467991169977925 0.0601063829787234 0.01545253863134658
1 0.7151595744680851 0.016556291390728478 0.18138297872340425 0.033112582781456956
1 0.38457446808510637 0.29911699779249445 0.0851063829787234 0.17660044150110377
1 0.38457446808510637 0.5298013245033113 0.0851063829787234 0.17660044150110377
1 0.38457446808510637 0.7516556291390728 0.0851063829787234 0.17660044150110377
1 0.21356382978723404 0.01545253863134658 0.07180851063829788 0.03090507726269316
2 0.43590425531914895 0.016004415011037526 0.31861702127659575 0.03200883002207505
3 0.6063829787234043 0.2869757174392936 0.33351063829787236 0.01545253863134658
3 0.45851063829787236 0.37858719646799116 0.03776595744680851 0.01545253863134658
3 0.6063829787234043 0.47792494481236203 0.33351063829787236 0.01545253863134658
3 0.4898936170212766 0.5529801324503312 0.1 0.02097130242825607
3 0.6063829787234043 0.6997792494481236 0.33351063829787236 0.01545253863134658
3 0.4898936170212766 0.7947019867549668 0.1 0.02097130242825607
3 0.6063829787234043 0.9216335540838853 0.33351063829787236 0.01545253863134658
3 0.2478723404255319 0.1423841059602649 0.1478723404255319 0.033112582781456956
3 0.6063829787234043 0.26490066225165565 0.33351063829787236 0.02869757174392936
3 0.6063829787234043 0.45584988962472406 0.33351063829787236 0.02869757174392936
3 0.6063829787234043 0.6777041942604857 0.33351063829787236 0.02869757174392936
3 0.6063829787234043 0.8995584988962473 0.33351063829787236 0.02869757174392936
3 0.3398936170212766 0.0673289183222958 0.023936170212765957 0.02207505518763797
3 0.375 0.0673289183222958 0.026595744680851064 0.02207505518763797
3 0.4218085106382979 0.0673289183222958 0.047872340425531915 0.02207505518763797
3 0.4643617021276596 0.0673289183222958 0.018617021276595744 0.02207505518763797
3 0.4952127659574468 0.0673289183222958 0.023936170212765957 0.02207505518763797
3 0.527127659574468 0.0673289183222958 0.02074468085106383 0.02207505518763797
3 0.20851063829787234 0.4359823399558499 0.06914893617021277 0.019867549668874173
3 0.1920212765957447 0.522075055187638 0.036702127659574466 0.019867549668874173
3 0.20585106382978724 0.5485651214128036 0.06382978723404255 0.019867549668874173
3 0.2047872340425532 0.5750551876379691 0.06223404255319149 0.019867549668874173
3 0.20159574468085106 0.6015452538631346 0.05531914893617021 0.019867549668874173
3 0.2047872340425532 0.6280353200883002 0.06223404255319149 0.019867549668874173
3 0.19574468085106383 0.6545253863134658 0.043617021276595745 0.019867549668874173
3 0.21329787234042552 0.6810154525386314 0.07872340425531915 0.019867549668874173
3 0.18351063829787234 0.7075055187637969 0.019148936170212766 0.019867549668874173
3 0.22393617021276596 0.7339955849889624 0.10053191489361703 0.019867549668874173
3 0.18351063829787234 0.8498896247240618 0.019148936170212766 0.019867549668874173
3 0.1920212765957447 0.9359823399558499 0.036170212765957444 0.019867549668874173
3 0.2170212765957447 0.9624724061810155 0.08670212765957447 0.019867549668874173
3 0.25159574468085105 0.4359823399558499 0.011702127659574468 0.019867549668874173
3 0.22234042553191488 0.522075055187638 0.018085106382978722 0.019867549668874173
3 0.25053191489361704 0.5485651214128036 0.02021276595744681 0.019867549668874173
3 0.24680851063829787 0.5750551876379691 0.015957446808510637 0.019867549668874173
3 0.2377659574468085 0.6015452538631346 0.011702127659574468 0.019867549668874173
3 0.24521276595744682 0.6280353200883002 0.011702127659574468 0.019867549668874173
3 0.225531914893617 0.6545253863134658 0.011170212765957447 0.019867549668874173
3 0.26063829787234044 0.6810154525386314 0.011170212765957447 0.019867549668874173
3 0.20053191489361702 0.7075055187637969 0.009574468085106383 0.019867549668874173
3 0.28085106382978725 0.7339955849889624 0.007446808510638298 0.019867549668874173
3 0.20425531914893616 0.8498896247240618 0.017553191489361703 0.019867549668874173
3 0.21968085106382979 0.9359823399558499 0.013829787234042552 0.019867549668874173
3 0.27180851063829786 0.9624724061810155 0.01702127659574468 0.019867549668874173
3 0.21223404255319148 0.05077262693156733 0.061170212765957445 0.02207505518763797
3 0.20797872340425533 0.0717439293598234 0.061170212765957445 0.02207505518763797