0 0.5912234042553192 0.018763796909492272 0.025 0.037527593818984545
0 0.7393617021276596 0.25165562913907286 0.0601063829787234 0.01545253863134658
1 0.7236702127659574 0.019315673289183224 0.18138297872340425 0.03863134657836645
1 0.3930851063829787 0.40397350993377484 0.0851063829787234 0.17660044150110377
1 0.3930851063829787 0.6258278145695364 0.0851063829787234 0.17660044150110377
1 0.3930851063829787 0.847682119205298 0.0851063829787234 0.17660044150110377
1 0.2220744680851064 0.018211920529801324 0.07180851063829788 0.03642384105960265
2 0.4444148936170213 0.018763796909492272 0.31861702127659575 0.037527593818984545
2 0.4797872340425532 0.01545253863134658 0.007446808510638298 0.01545253863134658
3 0.5234042553191489 0.016556291390728478 0.11117021276595744 0.02869757174392936
3 0.4765957446808511 0.45143487858719644 0.05638297872340425 0.02097130242825607
3 0.6148936170212767 0.5739514348785872 0.33351063829787236 0.01545253863134658
3 0.4877659574468085 0.6490066225165563 0.07925531914893617 0.02097130242825607
3 0.6148936170212767 0.7958057395143487 0.33351063829787236 0.01545253863134658
3 0.4877659574468085 0.8708609271523179 0.07925531914893617 0.02097130242825607
3 0.5287234042553192 0.01545253863134658 0.08563829787234042 0.02207505518763797
3 0.5287234042553192 0.01545253863134658 0.08563829787234042 0.02207505518763797
3 0.25638297872340426 0.3090507726269316 0.1478723404255319 0.033112582781456956
3 0.6148936170212767 0.369757174392936 0.33351063829787236 0.02869757174392936
3 0.6148936170212767 0.5518763796909493 0.33351063829787236 0.02869757174392936
3 0.6148936170212767 0.7737306843267108 0.33351063829787236 0.02869757174392936
3 0.3484042553191489 0.0728476821192053 0.023936170212765957 0.02207505518763797
3 0.38351063829787235 0.0728476821192053 0.026595744680851064 0.02207505518763797
3 0.43031914893617024 0.0728476821192053 0.047872340425531915 0.02207505518763797
3 0.4728723404255319 0.0728476821192053 0.018617021276595744 0.02207505518763797
3 0.5037234042553191 0.0728476821192053 0.023936170212765957 0.02207505518763797
3 0.5356382978723404 0.0728476821192053 0.02074468085106383 0.02207505518763797
3 0.2170212765957447 0.6026490066225165 0.06914893617021277 0.019867549668874173
3 0.20904255319148937 0.6887417218543046 0.05319148936170213 0.019867549668874173
3 0.21329787234042552 0.7152317880794702 0.06223404255319149 0.019867549668874173
3 0.21808510638297873 0.7417218543046358 0.07127659574468086 0.019867549668874173
3 0.21436170212765956 0.7682119205298014 0.06382978723404255 0.019867549668874173
3 0.19148936170212766 0.7947019867549668 0.018085106382978722 0.019867549668874173
3 0.1920212765957447 0.8807947019867549 0.019148936170212766 0.019867549668874173
3 0.225531914893617 0.9668874172185431 0.08670212765957447 0.019867549668874173
3 0.2579787234042553 0.6026490066225165 0.007446808510638298 0.019867549668874173
3 0.24202127659574468 0.6887417218543046 0.007978723404255319 0.019867549668874173
3 0.25159574468085105 0.7152317880794702 0.007978723404255319 0.019867549668874173
3 0.26063829787234044 0.7417218543046358 0.007978723404255319 0.019867549668874173
3 0.2531914893617021 0.7682119205298014 0.007978723404255319 0.019867549668874173
3 0.20797872340425533 0.7947019867549668 0.010106382978723405 0.019867549668874173
3 0.20691489361702128 0.8807947019867549 0.005319148936170213 0.019867549668874173
3 0.2765957446808511 0.9668874172185431 0.009574468085106383 0.019867549668874173
3 0.22074468085106383 0.056291390728476824 0.061170212765957445 0.02207505518763797
3 0.21648936170212765 0.0772626931567329 0.061170212765957445 0.02207505518763797
3 0.2271276595744681 0.24172185430463577 0.08936170212765958 0.02207505518763797
3 0.24468085106382978 0.25275938189845476 0.125 0.04415011037527594
3 0.25053191489361704 0.26379690949227375 0.059574468085106386 0.02207505518763797