0 0.7228009259259259 0.21033653846153846 0.06539351851851852 0.016826923076923076
1 0.3460648148148148 0.3762019230769231 0.09259259259259259 0.19230769230769232
1 0.3460648148148148 0.6177884615384616 0.09259259259259259 0.19230769230769232
1 0.3460648148148148 0.859375 0.09259259259259259 0.19230769230769232
3 0.4369212962962963 0.42788461538461536 0.061342592592592594 0.02283653846153846
3 0.5873842592592593 0.5612980769230769 0.3628472222222222 0.016826923076923076
3 0.44907407407407407 0.6430288461538461 0.08622685185185185 0.02283653846153846
3 0.5873842592592593 0.8028846153846154 0.3628472222222222 0.016826923076923076
3 0.44907407407407407 0.8846153846153846 0.08622685185185185 0.02283653846153846
3 0.19733796296296297 0.27283653846153844 0.16087962962962962 0.036057692307692304
3 0.5873842592592593 0.3389423076923077 0.3628472222222222 0.03125
3 0.5873842592592593 0.5372596153846154 0.3628472222222222 0.03125
3 0.5873842592592593 0.7788461538461539 0.3628472222222222 0.03125
3 0.2974537037037037 0.015625 0.026041666666666668 0.02403846153846154
3 0.33564814814814814 0.015625 0.028935185185185185 0.02403846153846154
3 0.38657407407407407 0.015625 0.052083333333333336 0.02403846153846154
3 0.43287037037037035 0.015625 0.02025462962962963 0.02403846153846154
3 0.4664351851851852 0.015625 0.026041666666666668 0.02403846153846154
3 0.5011574074074074 0.015625 0.022569444444444444 0.02403846153846154
3 0.1545138888888889 0.5925480769230769 0.07523148148148148 0.021634615384615384
3 0.14583333333333334 0.6862980769230769 0.05787037037037037 0.021634615384615384
3 0.15046296296296297 0.7151442307692307 0.06770833333333333 0.021634615384615384
3 0.1556712962962963 0.7439903846153846 0.0775462962962963 0.021634615384615384
3 0.15162037037037038 0.7728365384615384 0.06944444444444445 0.021634615384615384
3 0.1267361111111111 0.8016826923076923 0.019675925925925927 0.021634615384615384
3 0.12731481481481483 0.8954326923076923 0.020833333333333332 0.021634615384615384
3 0.16377314814814814 0.9885817307692307 0.09490740740740741 0.020432692307692308
3 0.19907407407407407 0.5925480769230769 0.008101851851851851 0.021634615384615384
3 0.18171296296296297 0.6862980769230769 0.008680555555555556 0.021634615384615384
3 0.19212962962962962 0.7151442307692307 0.008680555555555556 0.021634615384615384
3 0.2019675925925926 0.7439903846153846 0.008680555555555556 0.021634615384615384
3 0.19386574074074073 0.7728365384615384 0.008680555555555556 0.021634615384615384
3 0.14467592592592593 0.8016826923076923 0.01099537037037037 0.021634615384615384
3 0.14351851851851852 0.8954326923076923 0.005787037037037037 0.021634615384615384
3 0.21961805555555555 0.9885817307692307 0.01099537037037037 0.020432692307692308
3 0.15856481481481483 0.005408653846153846 0.06712962962962964 0.010817307692307692
3 0.15393518518518517 0.020432692307692308 0.06655092592592593 0.02403846153846154
3 0.16550925925925927 0.19951923076923078 0.09722222222222222 0.02403846153846154
3 0.18460648148148148 0.21153846153846154 0.13599537037037038 0.04807692307692308
3 0.1909722222222222 0.22355769230769232 0.06481481481481481 0.02403846153846154