0 0.5858638743455498 0.02608695652173913 0.024083769633507852 0.042391304347826085
0 0.2675392670157068 0.8271739130434783 0.012565445026178011 0.02608695652173913
0 0.7319371727748691 0.25869565217391305 0.059162303664921465 0.015217391304347827
1 0.7162303664921466 0.02717391304347826 0.17801047120418848 0.042391304347826085
1 0.3910994764397906 0.40869565217391307 0.08376963350785341 0.17391304347826086
1 0.3910994764397906 0.6271739130434782 0.08376963350785341 0.17391304347826086
1 0.3910994764397906 0.8456521739130435 0.08376963350785341 0.17391304347826086
1 0.22251308900523561 0.02717391304347826 0.07015706806282722 0.03695652173913044
2 0.44136125654450264 0.02608695652173913 0.31308900523560207 0.042391304347826085
2 0.46335078534031415 0.02608695652173913 0.007329842931937173 0.015217391304347827
2 0.19947643979057592 0.825 0.032460732984293195 0.02717391304347826
2 0.2413612565445026 0.825 0.032460732984293195 0.02717391304347826
3 0.5130890052356021 0.02717391304347826 0.1225130890052356 0.02826086956521739
3 0.4732984293193717 0.41630434782608694 0.05549738219895288 0.020652173913043477
3 0.4732984293193717 0.6347826086956522 0.05549738219895288 0.020652173913043477
3 0.4732984293193717 0.8532608695652174 0.05549738219895288 0.020652173913043477
3 0.518324607329843 0.02608695652173913 0.09738219895287958 0.021739130434782608
3 0.19947643979057592 0.8271739130434783 0.031413612565445025 0.03369565217391304
3 0.2413612565445026 0.8271739130434783 0.031413612565445025 0.03369565217391304
3 0.518324607329843 0.02608695652173913 0.09738219895287958 0.021739130434782608
3 0.19947643979057592 0.8271739130434783 0.031413612565445025 0.03369565217391304
3 0.2413612565445026 0.8271739130434783 0.031413612565445025 0.03369565217391304
3 0.25654450261780104 0.31521739130434784 0.14554973821989528 0.03260869565217391
3 0.6094240837696335 0.3358695652173913 0.32827225130890053 0.02826086956521739
3 0.6094240837696335 0.5543478260869565 0.32827225130890053 0.02826086956521739
3 0.6094240837696335 0.7728260869565218 0.32827225130890053 0.02826086956521739
3 0.3471204188481675 0.08260869565217391 0.02356020942408377 0.021739130434782608
3 0.38167539267015704 0.08260869565217391 0.02617801047120419 0.021739130434782608
3 0.42774869109947644 0.08260869565217391 0.04712041884816754 0.021739130434782608
3 0.46963350785340313 0.08260869565217391 0.01832460732984293 0.021739130434782608
3 0.5 0.08260869565217391 0.02356020942408377 0.021739130434782608
3 0.5314136125654451 0.08260869565217391 0.020418848167539267 0.021739130434782608
3 0.2261780104712042 0.5206521739130435 0.08534031413612565 0.01956521739130435
3 0.20785340314136125 0.6054347826086957 0.04869109947643979 0.01956521739130435
3 0.19790575916230366 0.6315217391304347 0.028272251308900525 0.01956521739130435
3 0.21413612565445025 0.657608695652174 0.0612565445026178 0.01956521739130435
3 0.2036649214659686 0.7423913043478261 0.039790575916230364 0.01956521739130435
3 0.20471204188481676 0.7684782608695652 0.042408376963350786 0.01956521739130435
3 0.20523560209424083 0.7945652173913044 0.04293193717277487 0.01956521739130435
3 0.21675392670157068 0.9184782608695652 0.06596858638743455 0.01956521739130435
3 0.2753926701570681 0.5206521739130435 0.007329842931937173 0.01956521739130435
3 0.2387434554973822 0.6054347826086957 0.007329842931937173 0.01956521739130435
3 0.21727748691099477 0.6315217391304347 0.005235602094240838 0.01956521739130435
3 0.25026178010471206 0.657608695652174 0.005759162303664921 0.01956521739130435
3 0.22984293193717278 0.7423913043478261 0.007329842931937173 0.01956521739130435
3 0.2319371727748691 0.7684782608695652 0.005759162303664921 0.01956521739130435
3 0.23298429319371727 0.7945652173913044 0.007329842931937173 0.01956521739130435
3 0.25654450261780104 0.9184782608695652 0.007853403141361256 0.01956521739130435
3 0.22146596858638742 0.06630434782608696 0.060209424083769635 0.021739130434782608
3 0.21727748691099477 0.08695652173913043 0.060209424083769635 0.021739130434782608
3 0.22774869109947643 0.24891304347826088 0.08795811518324607 0.021739130434782608
3 0.2450261780104712 0.2597826086956522 0.12303664921465969 0.043478260869565216
3 0.2570680628272251 0.27065217391304347 0.07172774869109948 0.021739130434782608