0 0.5782608695652174 0.02708803611738149 0.025 0.04401805869074492
0 0.24782608695652175 0.8589164785553047 0.013043478260869565 0.02708803611738149
0 0.7298913043478261 0.2686230248306998 0.06141304347826087 0.01580135440180587
1 0.7135869565217391 0.028216704288939052 0.18478260869565216 0.04401805869074492
1 0.3760869565217391 0.42437923250564336 0.08695652173913043 0.18058690744920994
1 0.3760869565217391 0.6512415349887133 0.08695652173913043 0.18058690744920994
1 0.3760869565217391 0.8781038374717833 0.08695652173913043 0.18058690744920994
1 0.20108695652173914 0.028216704288939052 0.07282608695652174 0.03837471783295711
2 0.4282608695652174 0.02708803611738149 0.325 0.04401805869074492
2 0.45108695652173914 0.02708803611738149 0.007608695652173913 0.01580135440180587
2 0.17717391304347826 0.8566591422121896 0.03369565217391304 0.028216704288939052
2 0.22065217391304348 0.8566591422121896 0.03369565217391304 0.028216704288939052
3 0.5027173913043478 0.028216704288939052 0.12717391304347825 0.029345372460496615
3 0.46141304347826084 0.4322799097065463 0.057608695652173914 0.02144469525959368
3 0.46141304347826084 0.6591422121896162 0.057608695652173914 0.02144469525959368
3 0.46141304347826084 0.8860045146726863 0.057608695652173914 0.02144469525959368
3 0.5081521739130435 0.02708803611738149 0.10108695652173913 0.022573363431151242
3 0.17717391304347826 0.8589164785553047 0.03260869565217391 0.034988713318284424
3 0.22065217391304348 0.8589164785553047 0.03260869565217391 0.034988713318284424
3 0.5081521739130435 0.02708803611738149 0.10108695652173913 0.022573363431151242
3 0.17717391304347826 0.8589164785553047 0.03260869565217391 0.034988713318284424
3 0.22065217391304348 0.8589164785553047 0.03260869565217391 0.034988713318284424
3 0.23641304347826086 0.327313769751693 0.15108695652173912 0.033860045146726865
3 0.6027173913043479 0.34875846501128666 0.3407608695652174 0.029345372460496615
3 0.6027173913043479 0.5756207674943566 0.3407608695652174 0.029345372460496615
3 0.6027173913043479 0.8024830699774267 0.3407608695652174 0.029345372460496615
3 0.33043478260869563 0.08577878103837472 0.024456521739130436 0.022573363431151242
3 0.36630434782608695 0.08577878103837472 0.02717391304347826 0.022573363431151242
3 0.4141304347826087 0.08577878103837472 0.04891304347826087 0.022573363431151242
3 0.45760869565217394 0.08577878103837472 0.019021739130434784 0.022573363431151242
3 0.4891304347826087 0.08577878103837472 0.024456521739130436 0.022573363431151242
3 0.5217391304347826 0.08577878103837472 0.021195652173913043 0.022573363431151242
3 0.2048913043478261 0.5406320541760722 0.08858695652173913 0.020316027088036117
3 0.1858695652173913 0.628668171557562 0.050543478260869565 0.020316027088036117
3 0.17554347826086958 0.6557562076749436 0.029347826086956522 0.020316027088036117
3 0.1923913043478261 0.6828442437923251 0.06358695652173912 0.020316027088036117
3 0.1815217391304348 0.7708803611738149 0.041304347826086954 0.020316027088036117
3 0.1826086956521739 0.7979683972911964 0.044021739130434785 0.020316027088036117
3 0.18315217391304348 0.8250564334085779 0.04456521739130435 0.020316027088036117
3 0.19510869565217392 0.95372460496614 0.06847826086956521 0.020316027088036117
3 0.2559782608695652 0.5406320541760722 0.007608695652173913 0.020316027088036117
3 0.21793478260869564 0.628668171557562 0.007608695652173913 0.020316027088036117
3 0.1956521739130435 0.6557562076749436 0.005434782608695652 0.020316027088036117
3 0.2298913043478261 0.6828442437923251 0.005978260869565218 0.020316027088036117
3 0.20869565217391303 0.7708803611738149 0.007608695652173913 0.020316027088036117
3 0.2108695652173913 0.7979683972911964 0.005978260869565218 0.020316027088036117
3 0.21195652173913043 0.8250564334085779 0.007608695652173913 0.020316027088036117
3 0.23641304347826086 0.95372460496614 0.008152173913043478 0.020316027088036117
3 0.2 0.06884875846501129 0.0625 0.022573363431151242
3 0.1956521739130435 0.09029345372460497 0.0625 0.022573363431151242
3 0.20652173913043478 0.2584650112866817 0.09130434782608696 0.022573363431151242
3 0.22445652173913044 0.2697516930022573 0.12771739130434784 0.045146726862302484
3 0.23695652173913043 0.28103837471783294 0.07445652173913044 0.022573363431151242