0 0.5783422459893048 0.01611111111111111 0.025133689839572194 0.03222222222222222
0 0.7272727272727273 0.28444444444444444 0.06042780748663101 0.015555555555555555
1 0.7114973262032086 0.016666666666666666 0.18235294117647058 0.03333333333333333
1 0.379144385026738 0.43777777777777777 0.0855614973262032 0.17777777777777778
1 0.379144385026738 0.6611111111111111 0.0855614973262032 0.17777777777777778
1 0.379144385026738 0.8844444444444445 0.0855614973262032 0.17777777777777778
1 0.2072192513368984 0.015555555555555555 0.07219251336898395 0.03111111111111111
2 0.43074866310160426 0.01611111111111111 0.32032085561497325 0.03222222222222222
2 0.45294117647058824 0.01 0.0074866310160427805 0.015555555555555555
3 0.5040106951871658 0.013333333333333334 0.12566844919786097 0.02666666666666667
3 0.46310160427807484 0.44555555555555554 0.05668449197860963 0.021111111111111112
3 0.46310160427807484 0.6688888888888889 0.05668449197860963 0.021111111111111112
3 0.46310160427807484 0.8922222222222222 0.05668449197860963 0.021111111111111112
3 0.5093582887700535 0.011111111111111112 0.1 0.022222222222222223
3 0.5093582887700535 0.011111111111111112 0.1 0.022222222222222223
3 0.24171122994652405 0.3422222222222222 0.14866310160427806 0.03333333333333333
3 0.6021390374331551 0.36333333333333334 0.3352941176470588 0.028888888888888888
3 0.6021390374331551 0.5866666666666667 0.3352941176470588 0.028888888888888888
3 0.6021390374331551 0.81 0.3352941176470588 0.028888888888888888
3 0.3342245989304813 0.06777777777777778 0.02406417112299465 0.022222222222222223
3 0.3695187165775401 0.06777777777777778 0.026737967914438502 0.022222222222222223
3 0.41657754010695186 0.06777777777777778 0.0481283422459893 0.022222222222222223
3 0.45935828877005347 0.06777777777777778 0.01871657754010695 0.022222222222222223
3 0.4903743315508021 0.06777777777777778 0.02406417112299465 0.022222222222222223
3 0.5224598930481283 0.06777777777777778 0.02085561497326203 0.022222222222222223
3 0.2106951871657754 0.5522222222222222 0.08716577540106951 0.02
3 0.18449197860962566 0.6388888888888888 0.034759358288770054 0.02
3 0.19197860962566846 0.7255555555555555 0.04973262032085562 0.02
3 0.1946524064171123 0.7522222222222222 0.05508021390374331 0.02
3 0.2016042780748663 0.7788888888888889 0.06898395721925134 0.02
3 0.18181818181818182 0.8055555555555556 0.028877005347593583 0.02
3 0.1983957219251337 0.8322222222222222 0.06256684491978609 0.02
3 0.1877005347593583 0.9188888888888889 0.040641711229946524 0.02
3 0.18877005347593584 0.9455555555555556 0.04331550802139037 0.02
3 0.1893048128342246 0.9722222222222222 0.04385026737967915 0.02
3 0.260427807486631 0.5522222222222222 0.006951871657754011 0.02
3 0.20855614973262032 0.6388888888888888 0.0074866310160427805 0.02
3 0.22459893048128343 0.7255555555555555 0.010160427807486631 0.02
3 0.2288770053475936 0.7522222222222222 0.0074866310160427805 0.02
3 0.2427807486631016 0.7788888888888889 0.0074866310160427805 0.02
3 0.2016042780748663 0.8055555555555556 0.0053475935828877 0.02
3 0.23529411764705882 0.8322222222222222 0.0058823529411764705 0.02
3 0.2144385026737968 0.9188888888888889 0.0074866310160427805 0.02
3 0.21711229946524063 0.9455555555555556 0.0074866310160427805 0.02
3 0.21871657754010695 0.9722222222222222 0.010160427807486631 0.02
3 0.20588235294117646 0.051111111111111114 0.06149732620320856 0.022222222222222223
3 0.2016042780748663 0.07222222222222222 0.06149732620320856 0.022222222222222223
3 0.21229946524064172 0.27444444444444444 0.08983957219251337 0.022222222222222223
3 0.22994652406417113 0.28555555555555556 0.12566844919786097 0.044444444444444446