0 0.723463687150838 0.2552204176334107 0.06312849162011173 0.016241299303944315
1 0.35977653631284917 0.41531322505800466 0.0893854748603352 0.18561484918793503
1 0.35977653631284917 0.648491879350348 0.0893854748603352 0.18561484918793503
1 0.35977653631284917 0.8816705336426914 0.0893854748603352 0.18561484918793503
3 0.4474860335195531 0.4234338747099768 0.05921787709497207 0.022041763341067284
3 0.4474860335195531 0.6566125290023201 0.05921787709497207 0.022041763341067284
3 0.4474860335195531 0.8897911832946636 0.05921787709497207 0.022041763341067284
3 0.21620111731843575 0.31554524361948955 0.1553072625698324 0.03480278422273782
3 0.5927374301675977 0.3375870069605568 0.35027932960893854 0.030162412993039442
3 0.5927374301675977 0.5707656612529002 0.35027932960893854 0.030162412993039442
3 0.5927374301675977 0.8039443155452436 0.35027932960893854 0.030162412993039442
3 0.3128491620111732 0.029002320185614848 0.025139664804469275 0.02320185614849188
3 0.34972067039106147 0.029002320185614848 0.027932960893854747 0.02320185614849188
3 0.39888268156424583 0.029002320185614848 0.05027932960893855 0.02320185614849188
3 0.4435754189944134 0.029002320185614848 0.019553072625698324 0.02320185614849188
3 0.4759776536312849 0.029002320185614848 0.025139664804469275 0.02320185614849188
3 0.5094972067039106 0.029002320185614848 0.021787709497206705 0.02320185614849188
3 0.18379888268156425 0.5348027842227379 0.09106145251396648 0.02088167053364269
3 0.1564245810055866 0.6252900232018561 0.036312849162011177 0.02088167053364269
3 0.16424581005586592 0.7157772621809745 0.05195530726256983 0.02088167053364269
3 0.1670391061452514 0.7436194895591647 0.057541899441340784 0.02088167053364269
3 0.17430167597765364 0.771461716937355 0.07206703910614524 0.02088167053364269
3 0.15363128491620112 0.7993039443155452 0.030167597765363128 0.02088167053364269
3 0.17094972067039105 0.8271461716937355 0.06536312849162011 0.02088167053364269
3 0.15977653631284916 0.9176334106728539 0.042458100558659215 0.02088167053364269
3 0.16089385474860335 0.9454756380510441 0.045251396648044694 0.02088167053364269
3 0.16145251396648044 0.9733178654292344 0.04581005586592179 0.02088167053364269
3 0.23575418994413408 0.5348027842227379 0.007262569832402235 0.02088167053364269
3 0.18156424581005587 0.6252900232018561 0.00782122905027933 0.02088167053364269
3 0.19832402234636873 0.7157772621809745 0.010614525139664804 0.02088167053364269
3 0.20279329608938548 0.7436194895591647 0.00782122905027933 0.02088167053364269
3 0.21731843575418994 0.771461716937355 0.00782122905027933 0.02088167053364269
3 0.17430167597765364 0.7993039443155452 0.00558659217877095 0.02088167053364269
3 0.20949720670391062 0.8271461716937355 0.006145251396648044 0.02088167053364269
3 0.1877094972067039 0.9176334106728539 0.00782122905027933 0.02088167053364269
3 0.19050279329608938 0.9454756380510441 0.00782122905027933 0.02088167053364269
3 0.19217877094972066 0.9733178654292344 0.010614525139664804 0.02088167053364269
3 0.1787709497206704 0.01160092807424594 0.06424581005586592 0.02320185614849188
3 0.17430167597765364 0.033642691415313224 0.06424581005586592 0.02320185614849188
3 0.18547486033519553 0.24477958236658934 0.09385474860335195 0.02320185614849188
3 0.20391061452513967 0.25638051044083526 0.13128491620111732 0.04640371229698376