0 0.5991978609625669 0.020555555555555556 0.025133689839572194 0.04111111111111111
0 0.279144385026738 0.3877777777777778 0.0106951871657754 0.022222222222222223
0 0.7481283422459893 0.25666666666666665 0.06042780748663101 0.015555555555555555
1 0.7323529411764705 0.021111111111111112 0.18235294117647058 0.042222222222222223
1 0.4 0.41 0.0855614973262032 0.17777777777777778
1 0.4 0.6333333333333333 0.0855614973262032 0.17777777777777778
1 0.4 0.8566666666666667 0.0855614973262032 0.17777777777777778
1 0.22780748663101605 0.02 0.07165775401069518 0.03777777777777778
2 0.4516042780748663 0.020555555555555556 0.32032085561497325 0.04111111111111111
2 0.4737967914438503 0.01888888888888889 0.0074866310160427805 0.015555555555555555
3 0.5245989304812835 0.02 0.12513368983957218 0.028888888888888888
3 0.4839572192513369 0.4177777777777778 0.05668449197860963 0.021111111111111112
3 0.4839572192513369 0.6411111111111111 0.05668449197860963 0.021111111111111112
3 0.4839572192513369 0.8644444444444445 0.05668449197860963 0.021111111111111112
3 0.5299465240641711 0.01888888888888889 0.09946524064171124 0.022222222222222223
3 0.5299465240641711 0.01888888888888889 0.09946524064171124 0.022222222222222223
3 0.2625668449197861 0.31444444444444447 0.14866310160427806 0.03333333333333333
3 0.6229946524064172 0.33555555555555555 0.3352941176470588 0.028888888888888888
3 0.6229946524064172 0.5588888888888889 0.3352941176470588 0.028888888888888888
3 0.6229946524064172 0.7822222222222223 0.3352941176470588 0.028888888888888888
3 0.35508021390374334 0.07666666666666666 0.02406417112299465 0.022222222222222223
3 0.39037433155080214 0.07666666666666666 0.026737967914438502 0.022222222222222223
3 0.4374331550802139 0.07666666666666666 0.0481283422459893 0.022222222222222223
3 0.4802139037433155 0.07666666666666666 0.01871657754010695 0.022222222222222223
3 0.5112299465240642 0.07666666666666666 0.02406417112299465 0.022222222222222223
3 0.5433155080213904 0.07666666666666666 0.02085561497326203 0.022222222222222223
3 0.2267379679144385 0.06 0.06149732620320856 0.022222222222222223
3 0.22245989304812835 0.0811111111111111 0.06149732620320856 0.022222222222222223
3 0.23315508021390374 0.24666666666666667 0.08983957219251337 0.022222222222222223
3 0.25080213903743315 0.2577777777777778 0.12566844919786097 0.044444444444444446
3 0.2631016042780749 0.2688888888888889 0.0732620320855615 0.022222222222222223