0 0.6892361111111112 0.9375 0.14872685185185186 0.021634615384615384
1 0.1568287037037037 0.19471153846153846 0.02546296296296296 0.052884615384615384
1 0.3773148148148148 0.49399038461538464 0.38657407407407407 0.5625
1 0.1568287037037037 0.2668269230769231 0.02546296296296296 0.052884615384615384
1 0.1568287037037037 0.3389423076923077 0.02546296296296296 0.052884615384615384
1 0.1568287037037037 0.4110576923076923 0.02546296296296296 0.052884615384615384
1 0.1568287037037037 0.4831730769230769 0.02546296296296296 0.052884615384615384
1 0.1568287037037037 0.5552884615384616 0.02546296296296296 0.052884615384615384
1 0.1568287037037037 0.6274038461538461 0.02546296296296296 0.052884615384615384
1 0.1568287037037037 0.6995192307692307 0.02546296296296296 0.052884615384615384
3 0.6568287037037037 0.45552884615384615 0.08391203703703703 0.021634615384615384
3 0.7071759259259259 0.7367788461538461 0.1840277777777778 0.025240384615384616
3 0.6695601851851852 0.8293269230769231 0.109375 0.021634615384615384
3 0.1568287037037037 0.21394230769230768 0.028935185185185185 0.026442307692307692
3 0.1568287037037037 0.2860576923076923 0.028935185185185185 0.026442307692307692
3 0.1568287037037037 0.3581730769230769 0.028935185185185185 0.026442307692307692
3 0.1568287037037037 0.43028846153846156 0.028935185185185185 0.026442307692307692
3 0.1568287037037037 0.5024038461538461 0.028935185185185185 0.026442307692307692
3 0.1568287037037037 0.5745192307692307 0.028935185185185185 0.026442307692307692
3 0.1568287037037037 0.6466346153846154 0.028935185185185185 0.026442307692307692
3 0.1568287037037037 0.71875 0.028935185185185185 0.026442307692307692
3 0.1568287037037037 0.21394230769230768 0.028935185185185185 0.026442307692307692
3 0.1568287037037037 0.2860576923076923 0.028935185185185185 0.026442307692307692
3 0.1568287037037037 0.3581730769230769 0.028935185185185185 0.026442307692307692
3 0.1568287037037037 0.43028846153846156 0.028935185185185185 0.026442307692307692
3 0.1568287037037037 0.5024038461538461 0.028935185185185185 0.026442307692307692
3 0.1568287037037037 0.5745192307692307 0.028935185185185185 0.026442307692307692
3 0.1568287037037037 0.6466346153846154 0.028935185185185185 0.026442307692307692
3 0.1568287037037037 0.71875 0.028935185185185185 0.026442307692307692
3 0.6961805555555556 0.2704326923076923 0.16261574074074073 0.09014423076923077
3 0.7158564814814815 0.5300480769230769 0.16666666666666666 0.02403846153846154
3 0.7158564814814815 0.5552884615384616 0.16666666666666666 0.021634615384615384
3 0.7146990740740741 0.6286057692307693 0.1684027777777778 0.02403846153846154
3 0.7146990740740741 0.6538461538461539 0.1684027777777778 0.021634615384615384
3 0.6695601851851852 0.8076923076923077 0.109375 0.020432692307692308
3 0.6493055555555556 0.890625 0.06828703703703703 0.02403846153846154
3 0.3107638888888889 0.013221153846153846 0.026041666666666668 0.02403846153846154
3 0.3489583333333333 0.013221153846153846 0.028935185185185185 0.02403846153846154
3 0.39988425925925924 0.013221153846153846 0.052083333333333336 0.02403846153846154
3 0.4461805555555556 0.013221153846153846 0.02025462962962963 0.02403846153846154
3 0.47974537037037035 0.013221153846153846 0.026041666666666668 0.02403846153846154
3 0.5144675925925926 0.013221153846153846 0.022569444444444444 0.02403846153846154
3 0.171875 0.004206730769230769 0.06712962962962964 0.008413461538461538
3 0.16724537037037038 0.018028846153846152 0.06655092592592593 0.02403846153846154
3 0.2465277777777778 0.11899038461538461 0.08564814814814815 0.016826923076923076
3 0.3263888888888889 0.11899038461538461 0.05324074074074074 0.016826923076923076
3 0.4149305555555556 0.11899038461538461 0.10474537037037036 0.016826923076923076
3 0.5162037037037037 0.11899038461538461 0.07523148148148148 0.016826923076923076
3 0.5868055555555556 0.11899038461538461 0.045717592592592594 0.016826923076923076