0 0.6332951945080092 0.028503562945368172 0.02631578947368421 0.04631828978622328
0 0.7929061784897025 0.17577197149643706 0.06464530892448513 0.0166270783847981
0 0.8478260869565217 0.26128266033254155 0.020594965675057208 0.04275534441805225
1 0.7757437070938215 0.029691211401425176 0.1945080091533181 0.04631828978622328
1 0.4204805491990847 0.33966745843230406 0.09153318077803203 0.19002375296912113
1 0.4204805491990847 0.5878859857482185 0.09153318077803203 0.19002375296912113
1 0.4204805491990847 0.8266033254156769 0.09153318077803203 0.19002375296912113
1 0.23627002288329518 0.029691211401425176 0.07665903890160183 0.040380047505938245
2 0.4754004576659039 0.028503562945368172 0.34210526315789475 0.04631828978622328
3 0.6590389016018307 0.32660332541567694 0.358695652173913 0.0166270783847981
3 0.5 0.4251781472684085 0.04061784897025172 0.0166270783847981
3 0.6590389016018307 0.5320665083135392 0.358695652173913 0.0166270783847981
3 0.5337528604118993 0.6128266033254157 0.10755148741418764 0.022565320665083134
3 0.6590389016018307 0.7707838479809976 0.358695652173913 0.0166270783847981
3 0.5337528604118993 0.8729216152019003 0.10755148741418764 0.022565320665083134
3 0.2734553775743707 0.171021377672209 0.15903890160183065 0.035629453681710214
3 0.6590389016018307 0.3028503562945368 0.358695652173913 0.030878859857482184
3 0.6590389016018307 0.5083135391923991 0.358695652173913 0.030878859857482184
3 0.6590389016018307 0.7470308788598575 0.358695652173913 0.030878859857482184
3 0.6590389016018307 0.9845605700712589 0.35926773455377575 0.028503562945368172
3 0.37242562929061784 0.09026128266033254 0.02574370709382151 0.023752969121140142
3 0.41018306636155605 0.09026128266033254 0.028604118993135013 0.023752969121140142
3 0.4605263157894737 0.09026128266033254 0.05148741418764302 0.023752969121140142
3 0.5062929061784897 0.09026128266033254 0.02002288329519451 0.023752969121140142
3 0.5394736842105263 0.09026128266033254 0.02574370709382151 0.023752969121140142
3 0.5737986270022883 0.09026128266033254 0.02231121281464531 0.023752969121140142
3 0.2311212814645309 0.48693586698337293 0.07437070938215103 0.021377672209026127
3 0.2133867276887872 0.5795724465558195 0.039473684210526314 0.021377672209026127
3 0.22826086956521738 0.6080760095011877 0.06864988558352403 0.021377672209026127
3 0.2419908466819222 0.6365795724465558 0.09610983981693363 0.021377672209026127
3 0.21739130434782608 0.665083135391924 0.04691075514874142 0.021377672209026127
3 0.22711670480549198 0.6935866983372921 0.06693363844393593 0.021377672209026127
3 0.2374141876430206 0.7220902612826603 0.08752860411899313 0.021377672209026127
3 0.23627002288329518 0.7505938242280285 0.08466819221967964 0.021377672209026127
3 0.2236842105263158 0.7790973871733967 0.059496567505720827 0.021377672209026127
3 0.22711670480549198 0.8076009501187649 0.06693363844393593 0.021377672209026127
3 0.204233409610984 0.9323040380047506 0.020594965675057208 0.021377672209026127
3 0.27860411899313503 0.48693586698337293 0.015446224256292907 0.021377672209026127
3 0.2459954233409611 0.5795724465558195 0.019450800915331808 0.021377672209026127
3 0.27631578947368424 0.6080760095011877 0.021739130434782608 0.021377672209026127
3 0.30434782608695654 0.6365795724465558 0.021739130434782608 0.021377672209026127
3 0.2522883295194508 0.665083135391924 0.017162471395881007 0.021377672209026127
3 0.2723112128146453 0.6935866983372921 0.017162471395881007 0.021377672209026127
3 0.2911899313501144 0.7220902612826603 0.012585812356979404 0.021377672209026127
3 0.2877574370709382 0.7505938242280285 0.013157894736842105 0.021377672209026127
3 0.2625858123569794 0.7790973871733967 0.012585812356979404 0.021377672209026127
3 0.2705949656750572 0.8076009501187649 0.012585812356979404 0.021377672209026127
3 0.2294050343249428 0.9323040380047506 0.02402745995423341 0.021377672209026127
3 0.2351258581235698 0.07244655581947744 0.06578947368421052 0.023752969121140142
3 0.2305491990846682 0.09501187648456057 0.06578947368421052 0.023752969121140142