0 0.7969283276450512 0.12174940898345153 0.06427758816837315 0.016548463356973995
1 0.4482366325369738 0.33451536643026003 0.161547212741752 0.33569739952718675
1 0.6188850967007964 0.33451536643026003 0.161547212741752 0.33569739952718675
1 0.7895335608646189 0.33451536643026003 0.161547212741752 0.33569739952718675
1 0.4485210466439135 0.8457446808510638 0.1621160409556314 0.3061465721040189
1 0.6191695108077361 0.8457446808510638 0.1621160409556314 0.3061465721040189
1 0.7898179749715586 0.8457446808510638 0.1621160409556314 0.3061465721040189
3 0.40841865756541523 0.5815602836879432 0.05915813424345848 0.022458628841607566
3 0.5790671217292378 0.5815602836879432 0.05915813424345848 0.022458628841607566
3 0.7497155858930603 0.5815602836879432 0.05915813424345848 0.022458628841607566
3 0.2804323094425484 0.20685579196217493 0.15813424345847554 0.03546099290780142
3 0.4482366325369738 0.6288416075650118 0.13879408418657566 0.0425531914893617
3 0.6188850967007964 0.6182033096926713 0.13879408418657566 0.02127659574468085
3 0.7895335608646189 0.6288416075650118 0.13879408418657566 0.0425531914893617
3 0.378839590443686 0.03664302600472813 0.025597269624573378 0.02364066193853428
3 0.41638225255972694 0.03664302600472813 0.02844141069397042 0.02364066193853428
3 0.4664391353811149 0.03664302600472813 0.051194539249146756 0.02364066193853428
3 0.5119453924914675 0.03664302600472813 0.019908987485779295 0.02364066193853428
3 0.5449374288964732 0.03664302600472813 0.025597269624573378 0.02364066193853428
3 0.5790671217292378 0.03664302600472813 0.02218430034129693 0.02364066193853428
3 0.2161547212741752 0.5212765957446809 0.030147895335608646 0.02127659574468085
3 0.21160409556313994 0.549645390070922 0.02104664391353811 0.02127659574468085
3 0.2150170648464164 0.5780141843971631 0.027303754266211604 0.02127659574468085
3 0.23037542662116042 0.6063829787234043 0.05858930602957907 0.02127659574468085
3 0.20875995449374288 0.6347517730496454 0.01478953356086462 0.02127659574468085
3 0.21217292377701935 0.6631205673758865 0.02161547212741752 0.02127659574468085
3 0.21160409556313994 0.7553191489361702 0.020477815699658702 0.02127659574468085
3 0.24744027303754265 0.8475177304964538 0.09271899886234357 0.02127659574468085
3 0.21899886234357224 0.9397163120567376 0.03526734926052332 0.02127659574468085
3 0.2434584755403868 0.5212765957446809 0.01763367463026166 0.02127659574468085
3 0.23094425483503983 0.549645390070922 0.01080773606370876 0.02127659574468085
3 0.2366325369738339 0.5780141843971631 0.01080773606370876 0.02127659574468085
3 0.267349260523322 0.6063829787234043 0.008532423208191127 0.02127659574468085
3 0.22184300341296928 0.6347517730496454 0.006257110352673493 0.02127659574468085
3 0.22923777019340158 0.6631205673758865 0.006257110352673493 0.02127659574468085
3 0.23208191126279865 0.7553191489361702 0.015358361774744027 0.02127659574468085
3 0.3043230944254835 0.8475177304964538 0.01478953356086462 0.02127659574468085
3 0.24744027303754265 0.9397163120567376 0.015358361774744027 0.02127659574468085
3 0.23265073947667805 0.9680851063829787 0.008532423208191127 0.02127659574468085
3 0.24232081911262798 0.018912529550827423 0.06541524459613197 0.02364066193853428
3 0.23777019340159272 0.041371158392434985 0.06541524459613197 0.02364066193853428
3 0.2434584755403868 0.1111111111111111 0.08418657565415244 0.02364066193853428
3 0.3225255972696246 0.1111111111111111 0.05233219567690557 0.02364066193853428
3 0.23720136518771331 0.1347517730496454 0.07167235494880546 0.02364066193853428
3 0.270193401592719 0.14657210401891252 0.13822525597269625 0.04728132387706856
3 0.26393629124004553 0.15839243498817968 0.042662116040955635 0.02364066193853428