0 0.5810526315789474 0.0262582056892779 0.024210526315789474 0.04266958424507659
0 0.7278947368421053 0.16192560175054704 0.05947368421052632 0.015317286652078774
1 0.7121052631578947 0.02735229759299781 0.17894736842105263 0.04266958424507659
1 0.4052631578947368 0.3588621444201313 0.14947368421052631 0.31072210065645517
1 0.5631578947368421 0.3588621444201313 0.14947368421052631 0.31072210065645517
1 0.7210526315789474 0.3588621444201313 0.14947368421052631 0.31072210065645517
1 0.21578947368421053 0.02735229759299781 0.07052631578947369 0.037199124726477024
2 0.4357894736842105 0.0262582056892779 0.31473684210526315 0.04266958424507659
2 0.4673684210526316 0.0262582056892779 0.007368421052631579 0.015317286652078774
3 0.5126315789473684 0.02735229759299781 0.11368421052631579 0.028446389496717725
3 0.37842105263157894 0.6312910284463895 0.07473684210526316 0.020787746170678335
3 0.7047368421052631 0.587527352297593 0.09578947368421052 0.020787746170678335
3 0.5178947368421053 0.0262582056892779 0.08842105263157894 0.02188183807439825
3 0.5178947368421053 0.0262582056892779 0.08842105263157894 0.02188183807439825
3 0.25 0.2188183807439825 0.1463157894736842 0.03282275711159737
3 0.4052631578947368 0.675054704595186 0.12842105263157894 0.03938730853391685
3 0.5631578947368421 0.6159737417943107 0.12842105263157894 0.03938730853391685
3 0.7210526315789474 0.6312910284463895 0.12842105263157894 0.03938730853391685
3 0.3410526315789474 0.08315098468271334 0.02368421052631579 0.02188183807439825
3 0.3757894736842105 0.08315098468271334 0.02631578947368421 0.02188183807439825
3 0.42210526315789476 0.08315098468271334 0.04736842105263158 0.02188183807439825
3 0.46421052631578946 0.08315098468271334 0.018421052631578946 0.02188183807439825
3 0.49473684210526314 0.08315098468271334 0.02368421052631579 0.02188183807439825
3 0.5263157894736842 0.08315098468271334 0.020526315789473684 0.02188183807439825
3 0.21105263157894738 0.5098468271334792 0.06842105263157895 0.019693654266958426
3 0.1863157894736842 0.5951859956236324 0.019473684210526317 0.019693654266958426
3 0.2026315789473684 0.6214442013129103 0.05210526315789474 0.019693654266958426
3 0.20157894736842105 0.6477024070021882 0.049473684210526316 0.019693654266958426
3 0.18578947368421053 0.6739606126914661 0.017894736842105262 0.019693654266958426
3 0.1863157894736842 0.7592997811816192 0.018947368421052633 0.019693654266958426
3 0.21947368421052632 0.8446389496717724 0.08578947368421053 0.019693654266958426
3 0.1931578947368421 0.9299781181619255 0.03263157894736842 0.019693654266958426
3 0.25263157894736843 0.5098468271334792 0.01 0.019693654266958426
3 0.2073684210526316 0.5951859956236324 0.01631578947368421 0.019693654266958426
3 0.2373684210526316 0.6214442013129103 0.012105263157894737 0.019693654266958426
3 0.23526315789473684 0.6477024070021882 0.012105263157894737 0.019693654266958426
3 0.20105263157894737 0.6739606126914661 0.007368421052631579 0.019693654266958426
3 0.20578947368421052 0.7592997811816192 0.015263157894736841 0.019693654266958426
3 0.27210526315789474 0.8446389496717724 0.014210526315789474 0.019693654266958426
3 0.22052631578947368 0.9299781181619255 0.015789473684210527 0.019693654266958426
3 0.20684210526315788 0.9562363238512035 0.01 0.019693654266958426
3 0.21473684210526317 0.06673960612691467 0.060526315789473685 0.02188183807439825
3 0.21052631578947367 0.087527352297593 0.060526315789473685 0.02188183807439825
3 0.21578947368421053 0.15207877461706784 0.07789473684210527 0.02188183807439825
3 0.2889473684210526 0.15207877461706784 0.04842105263157895 0.02188183807439825
3 0.20157894736842105 0.1739606126914661 0.049473684210526316 0.02188183807439825
3 0.2673684210526316 0.1739606126914661 0.06263157894736843 0.02188183807439825