0 0.6045945945945946 0.020179372197309416 0.025405405405405406 0.04035874439461883
0 0.7551351351351351 0.15695067264573992 0.06108108108108108 0.01569506726457399
1 0.7391891891891892 0.020739910313901346 0.18432432432432433 0.04147982062780269
1 0.4237837837837838 0.35874439461883406 0.1535135135135135 0.3183856502242152
1 0.585945945945946 0.35874439461883406 0.1535135135135135 0.3183856502242152
1 0.7481081081081081 0.35874439461883406 0.1535135135135135 0.3183856502242152
1 0.22918918918918918 0.01905829596412556 0.07243243243243243 0.03811659192825112
2 0.4554054054054054 0.020179372197309416 0.3237837837837838 0.04035874439461883
2 0.5027027027027027 0.017937219730941704 0.0075675675675675675 0.01569506726457399
3 0.5416216216216216 0.01905829596412556 0.10162162162162162 0.02914798206278027
3 0.39675675675675676 0.5930493273542601 0.07783783783783783 0.021300448430493273
3 0.538918918918919 0.5908071748878924 0.038378378378378375 0.01569506726457399
3 0.7102702702702702 0.6378923766816144 0.05621621621621622 0.021300448430493273
3 0.547027027027027 0.017937219730941704 0.07567567567567568 0.02242152466367713
3 0.547027027027027 0.017937219730941704 0.07567567567567568 0.02242152466367713
3 0.26432432432432434 0.19282511210762332 0.15027027027027026 0.033632286995515695
3 0.4237837837837838 0.6378923766816144 0.1318918918918919 0.04035874439461883
3 0.585945945945946 0.6322869955156951 0.1318918918918919 0.04035874439461883
3 0.7481081081081081 0.6827354260089686 0.1318918918918919 0.04035874439461883
3 0.35783783783783785 0.07623318385650224 0.024324324324324326 0.02242152466367713
3 0.3935135135135135 0.07623318385650224 0.02702702702702703 0.02242152466367713
3 0.4410810810810811 0.07623318385650224 0.04864864864864865 0.02242152466367713
3 0.4843243243243243 0.07623318385650224 0.01891891891891892 0.02242152466367713
3 0.5156756756756756 0.07623318385650224 0.024324324324324326 0.02242152466367713
3 0.5481081081081081 0.07623318385650224 0.02108108108108108 0.02242152466367713
3 0.22432432432432434 0.4910313901345291 0.07027027027027027 0.020179372197309416
3 0.23297297297297298 0.57847533632287 0.08756756756756756 0.020179372197309416
3 0.22324324324324324 0.6053811659192825 0.0681081081081081 0.020179372197309416
3 0.23135135135135135 0.6322869955156951 0.08486486486486486 0.020179372197309416
3 0.2427027027027027 0.6591928251121076 0.10756756756756757 0.020179372197309416
3 0.22918918918918918 0.6860986547085202 0.08054054054054054 0.020179372197309416
3 0.2145945945945946 0.7130044843049327 0.05081081081081081 0.020179372197309416
3 0.23783783783783785 0.7399103139013453 0.09783783783783784 0.020179372197309416
3 0.21081081081081082 0.7668161434977578 0.043243243243243246 0.020179372197309416
3 0.19837837837837838 0.7937219730941704 0.018378378378378378 0.020179372197309416
3 0.1989189189189189 0.8811659192825112 0.01945945945945946 0.020179372197309416
3 0.23297297297297298 0.968609865470852 0.08810810810810811 0.020179372197309416
3 0.2681081081081081 0.4910313901345291 0.012432432432432432 0.020179372197309416
3 0.29027027027027025 0.57847533632287 0.02216216216216216 0.020179372197309416
3 0.2708108108108108 0.6053811659192825 0.02216216216216216 0.020179372197309416
3 0.28540540540540543 0.6322869955156951 0.016216216216216217 0.020179372197309416
3 0.3075675675675676 0.6591928251121076 0.016216216216216217 0.020179372197309416
3 0.27945945945945944 0.6860986547085202 0.014054054054054054 0.020179372197309416
3 0.2481081081081081 0.7130044843049327 0.01027027027027027 0.020179372197309416
3 0.29621621621621624 0.7399103139013453 0.012432432432432432 0.020179372197309416
3 0.23945945945945946 0.7668161434977578 0.0075675675675675675 0.020179372197309416
3 0.22 0.7937219730941704 0.02 0.020179372197309416
3 0.22162162162162163 0.8811659192825112 0.02108108108108108 0.020179372197309416
3 0.29081081081081084 0.968609865470852 0.02216216216216216 0.020179372197309416
3 0.2281081081081081 0.05941704035874439 0.062162162162162166 0.02242152466367713
3 0.22378378378378377 0.08071748878923767 0.062162162162162166 0.02242152466367713
3 0.22918918918918918 0.1468609865470852 0.08 0.02242152466367713
3 0.3043243243243243 0.1468609865470852 0.04972972972972973 0.02242152466367713