0 0.7877574370709383 0.13182897862232779 0.06464530892448513 0.0166270783847981
1 0.7708810068649885 0.004750593824228029 0.1950800915331808 0.009501187648456057
1 0.43707093821510296 0.34560570071258906 0.16247139588100687 0.33729216152019004
1 0.6086956521739131 0.34560570071258906 0.16247139588100687 0.33729216152019004
1 0.7803203661327232 0.34560570071258906 0.16247139588100687 0.33729216152019004
3 0.408466819221968 0.5938242280285035 0.08237986270022883 0.022565320665083134
3 0.5589244851258581 0.5914489311163895 0.04061784897025172 0.0166270783847981
3 0.7402745995423341 0.6413301662707839 0.059496567505720827 0.022565320665083134
3 0.2683066361556064 0.16983372921615203 0.15903890160183065 0.035629453681710214
3 0.43707093821510296 0.6413301662707839 0.13958810068649885 0.04275534441805225
3 0.6086956521739131 0.6353919239904988 0.13958810068649885 0.04275534441805225
3 0.7803203661327232 0.6888361045130641 0.13958810068649885 0.04275534441805225
3 0.36727688787185353 0.04631828978622328 0.02574370709382151 0.023752969121140142
3 0.40503432494279173 0.04631828978622328 0.028604118993135013 0.023752969121140142
3 0.45537757437070936 0.04631828978622328 0.05148741418764302 0.023752969121140142
3 0.5011441647597255 0.04631828978622328 0.02002288329519451 0.023752969121140142
3 0.534324942791762 0.04631828978622328 0.02574370709382151 0.023752969121140142
3 0.568649885583524 0.04631828978622328 0.02231121281464531 0.023752969121140142
3 0.22597254004576658 0.4857482185273159 0.07437070938215103 0.021377672209026127
3 0.2351258581235698 0.5783847980997625 0.09267734553775744 0.021377672209026127
3 0.2248283752860412 0.6068883610451307 0.07208237986270023 0.021377672209026127
3 0.2334096109839817 0.6353919239904988 0.08981693363844394 0.021377672209026127
3 0.24542334096109839 0.663895486935867 0.11384439359267734 0.021377672209026127
3 0.2311212814645309 0.6923990498812351 0.08524027459954234 0.021377672209026127
3 0.21567505720823799 0.7209026128266033 0.05377574370709382 0.021377672209026127
3 0.2402745995423341 0.7494061757719715 0.10354691075514874 0.021377672209026127
3 0.2116704805491991 0.7779097387173397 0.04576659038901602 0.021377672209026127
3 0.19851258581235698 0.8064133016627079 0.019450800915331808 0.021377672209026127
3 0.19908466819221968 0.8990498812351544 0.020594965675057208 0.021377672209026127
3 0.2351258581235698 0.9899049881235155 0.09382151029748284 0.017814726840855107
3 0.2723112128146453 0.4857482185273159 0.013157894736842105 0.021377672209026127
3 0.29576659038901604 0.5783847980997625 0.02345537757437071 0.021377672209026127
3 0.2751716247139588 0.6068883610451307 0.02345537757437071 0.021377672209026127
3 0.2906178489702517 0.6353919239904988 0.017162471395881007 0.021377672209026127
3 0.31407322654462244 0.663895486935867 0.017162471395881007 0.021377672209026127
3 0.284324942791762 0.6923990498812351 0.014874141876430207 0.021377672209026127
3 0.2511441647597254 0.7209026128266033 0.010869565217391304 0.021377672209026127
3 0.30205949656750575 0.7494061757719715 0.013157894736842105 0.021377672209026127
3 0.2419908466819222 0.7779097387173397 0.008009153318077803 0.021377672209026127
3 0.221395881006865 0.8064133016627079 0.02116704805491991 0.021377672209026127
3 0.2231121281464531 0.8990498812351544 0.02231121281464531 0.021377672209026127
3 0.2963386727688787 0.9899049881235155 0.02402745995423341 0.017814726840855107
3 0.2299771167048055 0.028503562945368172 0.06578947368421052 0.023752969121140142
3 0.22540045766590389 0.0510688836104513 0.06578947368421052 0.023752969121140142
3 0.2311212814645309 0.12114014251781473 0.08466819221967964 0.023752969121140142
3 0.31064073226544625 0.12114014251781473 0.05263157894736842 0.023752969121140142