0 0.5613259668508287 0.02408256880733945 0.02541436464088398 0.04472477064220184
0 0.7154696132596685 0.16628440366972477 0.062430939226519336 0.016055045871559634
1 0.6988950276243094 0.02522935779816514 0.1878453038674033 0.04472477064220184
1 0.37679558011049724 0.37270642201834864 0.1569060773480663 0.3256880733944954
1 0.5425414364640884 0.37270642201834864 0.1569060773480663 0.3256880733944954
1 0.7082872928176795 0.37270642201834864 0.1569060773480663 0.3256880733944954
1 0.17790055248618786 0.02522935779816514 0.07403314917127071 0.0389908256880734
2 0.4088397790055249 0.02408256880733945 0.33038674033149174 0.04472477064220184
2 0.4574585635359116 0.02408256880733945 0.0077348066298342545 0.016055045871559634
3 0.4972375690607735 0.02522935779816514 0.10386740331491713 0.02981651376146789
3 0.34917127071823206 0.6123853211009175 0.07955801104972375 0.021788990825688075
3 0.494475138121547 0.6100917431192661 0.039226519337016576 0.016055045871559634
3 0.6696132596685083 0.658256880733945 0.057458563535911604 0.021788990825688075
3 0.5027624309392266 0.02408256880733945 0.07734806629834254 0.022935779816513763
3 0.5027624309392266 0.02408256880733945 0.07734806629834254 0.022935779816513763
3 0.2138121546961326 0.2029816513761468 0.15359116022099448 0.034403669724770644
3 0.37679558011049724 0.658256880733945 0.13480662983425415 0.04128440366972477
3 0.5425414364640884 0.6525229357798165 0.13480662983425415 0.04128440366972477
3 0.7082872928176795 0.7041284403669725 0.13480662983425415 0.04128440366972477
3 0.30939226519337015 0.08371559633027523 0.024861878453038673 0.022935779816513763
3 0.34585635359116024 0.08371559633027523 0.027624309392265192 0.022935779816513763
3 0.39447513812154694 0.08371559633027523 0.049723756906077346 0.022935779816513763
3 0.43867403314917125 0.08371559633027523 0.019337016574585635 0.022935779816513763
3 0.4707182320441989 0.08371559633027523 0.024861878453038673 0.022935779816513763
3 0.5038674033149171 0.08371559633027523 0.02154696132596685 0.022935779816513763
3 0.17292817679558012 0.5080275229357798 0.0718232044198895 0.020642201834862386
3 0.18176795580110497 0.5974770642201835 0.08950276243093923 0.020642201834862386
3 0.1718232044198895 0.625 0.06961325966850829 0.020642201834862386
3 0.18011049723756906 0.6525229357798165 0.0867403314917127 0.020642201834862386
3 0.19171270718232045 0.680045871559633 0.10994475138121547 0.020642201834862386
3 0.17790055248618786 0.7075688073394495 0.08232044198895028 0.020642201834862386
3 0.16298342541436464 0.7350917431192661 0.051933701657458566 0.020642201834862386
3 0.1867403314917127 0.7626146788990825 0.1 0.020642201834862386
3 0.1591160220994475 0.7901376146788991 0.04419889502762431 0.020642201834862386
3 0.1464088397790055 0.8176605504587156 0.01878453038674033 0.020642201834862386
3 0.14696132596685083 0.9071100917431193 0.019889502762430938 0.020642201834862386
3 0.18176795580110497 0.992545871559633 0.09060773480662983 0.01261467889908257
3 0.2176795580110497 0.5080275229357798 0.01270718232044199 0.020642201834862386
3 0.24033149171270718 0.5974770642201835 0.022651933701657457 0.020642201834862386
3 0.22044198895027625 0.625 0.022651933701657457 0.020642201834862386
3 0.23535911602209944 0.6525229357798165 0.016574585635359115 0.020642201834862386
3 0.2580110497237569 0.680045871559633 0.016574585635359115 0.020642201834862386
3 0.2292817679558011 0.7075688073394495 0.014364640883977901 0.020642201834862386
3 0.19723756906077347 0.7350917431192661 0.010497237569060774 0.020642201834862386
3 0.24640883977900552 0.7626146788990825 0.01270718232044199 0.020642201834862386
3 0.18839779005524862 0.7901376146788991 0.0077348066298342545 0.020642201834862386
3 0.1685082872928177 0.8176605504587156 0.020441988950276244 0.020642201834862386
3 0.17016574585635358 0.9071100917431193 0.02154696132596685 0.020642201834862386
3 0.2408839779005525 0.992545871559633 0.023204419889502764 0.01261467889908257
3 0.17679558011049723 0.06651376146788991 0.06353591160220995 0.022935779816513763
3 0.1723756906077348 0.08830275229357798 0.06353591160220995 0.022935779816513763
3 0.17790055248618786 0.1559633027522936 0.08176795580110498 0.022935779816513763
3 0.2546961325966851 0.1559633027522936 0.05082872928176796 0.022935779816513763