0 0.5845744680851064 0.026490066225165563 0.02446808510638298 0.04304635761589404
0 0.7329787234042553 0.16335540838852097 0.0601063829787234 0.01545253863134658
1 0.7170212765957447 0.02759381898454746 0.18085106382978725 0.04304635761589404
1 0.40691489361702127 0.3620309050772627 0.15106382978723404 0.31346578366445915
1 0.5664893617021277 0.3620309050772627 0.15106382978723404 0.31346578366445915
1 0.726063829787234 0.3620309050772627 0.15106382978723404 0.31346578366445915
1 0.2154255319148936 0.02759381898454746 0.07127659574468086 0.037527593818984545
2 0.4377659574468085 0.026490066225165563 0.3180851063829787 0.04304635761589404
2 0.451063829787234 0.026490066225165563 0.007446808510638298 0.01545253863134658
3 0.5058510638297873 0.02759381898454746 0.13351063829787235 0.02869757174392936
3 0.3797872340425532 0.5927152317880795 0.07553191489361702 0.02097130242825607
3 0.5202127659574468 0.6103752759381899 0.03776595744680851 0.01545253863134658
3 0.6797872340425531 0.6103752759381899 0.03776595744680851 0.01545253863134658
3 0.5111702127659574 0.026490066225165563 0.10797872340425532 0.02207505518763797
3 0.5111702127659574 0.026490066225165563 0.10797872340425532 0.02207505518763797
3 0.25 0.24282560706401765 0.1478723404255319 0.033112582781456956
3 0.40691489361702127 0.6368653421633554 0.12978723404255318 0.039735099337748346
3 0.5664893617021277 0.6512141280353201 0.12978723404255318 0.039735099337748346
3 0.726063829787234 0.6512141280353201 0.12978723404255318 0.039735099337748346
3 0.34202127659574466 0.08388520971302428 0.023936170212765957 0.02207505518763797
3 0.3771276595744681 0.08388520971302428 0.026595744680851064 0.02207505518763797
3 0.423936170212766 0.08388520971302428 0.047872340425531915 0.02207505518763797
3 0.4664893617021277 0.08388520971302428 0.018617021276595744 0.02207505518763797
3 0.4973404255319149 0.08388520971302428 0.023936170212765957 0.02207505518763797
3 0.5292553191489362 0.08388520971302428 0.02074468085106383 0.02207505518763797
3 0.18404255319148935 0.5364238410596026 0.01648936170212766 0.019867549668874173
3 0.19042553191489361 0.5629139072847682 0.02872340425531915 0.019867549668874173
3 0.18723404255319148 0.5894039735099338 0.022340425531914895 0.019867549668874173
3 0.19095744680851065 0.6158940397350994 0.029787234042553193 0.019867549668874173
3 0.21329787234042552 0.6423841059602649 0.07446808510638298 0.019867549668874173
3 0.2074468085106383 0.6688741721854304 0.06329787234042553 0.019867549668874173
3 0.1829787234042553 0.695364238410596 0.014361702127659574 0.019867549668874173
3 0.19361702127659575 0.7218543046357616 0.035106382978723406 0.019867549668874173
3 0.18617021276595744 0.7483443708609272 0.02021276595744681 0.019867549668874173
3 0.18563829787234043 0.8642384105960265 0.019148936170212766 0.019867549668874173
3 0.21914893617021278 0.9503311258278145 0.08670212765957447 0.019867549668874173
3 0.20212765957446807 0.5364238410596026 0.013829787234042552 0.019867549668874173
3 0.2148936170212766 0.5629139072847682 0.013829787234042552 0.019867549668874173
3 0.2074468085106383 0.5894039735099338 0.01223404255319149 0.019867549668874173
3 0.21329787234042552 0.6158940397350994 0.009574468085106383 0.019867549668874173
3 0.25957446808510637 0.6423841059602649 0.011702127659574468 0.019867549668874173
3 0.24840425531914895 0.6688741721854304 0.01223404255319149 0.019867549668874173
3 0.1973404255319149 0.695364238410596 0.007978723404255319 0.019867549668874173
3 0.2175531914893617 0.7218543046357616 0.007446808510638298 0.019867549668874173
3 0.2026595744680851 0.7483443708609272 0.007446808510638298 0.019867549668874173
3 0.20585106382978724 0.8642384105960265 0.015957446808510637 0.019867549668874173
3 0.2712765957446808 0.9503311258278145 0.011702127659574468 0.019867549668874173
3 0.21436170212765956 0.0673289183222958 0.061170212765957445 0.02207505518763797
3 0.21010638297872342 0.08830022075055188 0.061170212765957445 0.02207505518763797
3 0.2154255319148936 0.1534216335540839 0.07872340425531915 0.02207505518763797
3 0.28936170212765955 0.1534216335540839 0.04893617021276596 0.02207505518763797
3 0.20957446808510638 0.17549668874172186 0.06702127659574468 0.02207505518763797
3 0.2404255319148936 0.18653421633554085 0.12925531914893618 0.04415011037527594