0 0.5725988700564971 0.009389671361502348 0.02655367231638418 0.018779342723004695
0 0.7299435028248588 0.14084507042253522 0.06384180790960452 0.01643192488262911
1 0.713276836158192 0.009976525821596244 0.19265536723163842 0.01995305164319249
1 0.38361581920903953 0.352112676056338 0.16045197740112993 0.3333333333333333
1 0.5531073446327683 0.352112676056338 0.16045197740112993 0.3333333333333333
1 0.7225988700564971 0.352112676056338 0.16045197740112993 0.3333333333333333
1 0.1805084745762712 0.008802816901408451 0.07627118644067797 0.017605633802816902
2 0.4166666666666667 0.009389671361502348 0.3384180790960452 0.018779342723004695
2 0.4403954802259887 0.002347417840375587 0.00847457627118644 0.004694835680751174
3 0.4940677966101695 0.006455399061032864 0.1327683615819209 0.012910798122065728
3 0.5135593220338983 0.5974178403755869 0.05875706214689266 0.022300469483568074
3 0.6830508474576271 0.5974178403755869 0.05875706214689266 0.022300469483568074
3 0.49971751412429377 0.004107981220657277 0.10564971751412429 0.008215962441314555
3 0.49971751412429377 0.004107981220657277 0.10564971751412429 0.008215962441314555
3 0.21694915254237288 0.22535211267605634 0.15706214689265538 0.035211267605633804
3 0.38361581920903953 0.6549295774647887 0.13785310734463277 0.04225352112676056
3 0.5531073446327683 0.6443661971830986 0.13785310734463277 0.04225352112676056
3 0.7225988700564971 0.6443661971830986 0.13785310734463277 0.04225352112676056
3 0.31468926553672316 0.056338028169014086 0.025423728813559324 0.023474178403755867
3 0.3519774011299435 0.056338028169014086 0.02824858757062147 0.023474178403755867
3 0.4016949152542373 0.056338028169014086 0.05084745762711865 0.023474178403755867
3 0.44689265536723166 0.056338028169014086 0.01977401129943503 0.023474178403755867
3 0.47966101694915253 0.056338028169014086 0.025423728813559324 0.023474178403755867
3 0.5135593220338983 0.056338028169014086 0.022033898305084745 0.023474178403755867
3 0.14858757062146893 0.5375586854460094 0.020338983050847456 0.02112676056338028
3 0.18418079096045198 0.6291079812206573 0.09209039548022599 0.02112676056338028
3 0.15593220338983052 0.7206572769953051 0.03502824858757062 0.02112676056338028
3 0.15649717514124295 0.8403755868544601 0.03672316384180791 0.02112676056338028
3 0.1497175141242938 0.931924882629108 0.022598870056497175 0.02112676056338028
3 0.1497175141242938 0.960093896713615 0.022598870056497175 0.02112676056338028
3 0.17005649717514124 0.5375586854460094 0.01694915254237288 0.02112676056338028
3 0.24124293785310735 0.6291079812206573 0.015819209039548022 0.02112676056338028
3 0.18531073446327684 0.7206572769953051 0.01751412429378531 0.02112676056338028
3 0.1694915254237288 0.7488262910798122 0.007909604519774011 0.02112676056338028
3 0.18531073446327684 0.8403755868544601 0.014689265536723164 0.02112676056338028
3 0.17175141242937852 0.931924882629108 0.015254237288135594 0.02112676056338028
3 0.1711864406779661 0.960093896713615 0.014689265536723164 0.02112676056338028
3 0.1790960451977401 0.03873239436619718 0.06497175141242938 0.023474178403755867
3 0.17457627118644067 0.06103286384976526 0.06497175141242938 0.023474178403755867
3 0.18022598870056497 0.13028169014084506 0.08361581920903954 0.023474178403755867
3 0.25875706214689265 0.13028169014084506 0.0519774011299435 0.023474178403755867
3 0.17853107344632768 0.15375586854460094 0.0807909604519774 0.023474178403755867
3 0.2062146892655367 0.16549295774647887 0.13615819209039548 0.046948356807511735