0 0.5937158469945355 0.012471655328798186 0.025683060109289616 0.024943310657596373
0 0.7459016393442623 0.14285714285714285 0.06174863387978142 0.015873015873015872
1 0.7297814207650273 0.013038548752834467 0.18633879781420765 0.026077097505668934
1 0.41092896174863386 0.3469387755102041 0.1551912568306011 0.3219954648526077
1 0.5748633879781421 0.3469387755102041 0.1551912568306011 0.3219954648526077
1 0.7387978142076502 0.3469387755102041 0.1551912568306011 0.3219954648526077
1 0.21448087431693988 0.011904761904761904 0.07377049180327869 0.023809523809523808
2 0.442896174863388 0.012471655328798186 0.3273224043715847 0.024943310657596373
2 0.46584699453551914 0.005668934240362812 0.00819672131147541 0.011337868480725623
3 0.51775956284153 0.00963718820861678 0.1284153005464481 0.01927437641723356
3 0.5366120218579234 0.5839002267573696 0.05683060109289618 0.021541950113378686
3 0.7005464480874317 0.5839002267573696 0.05683060109289618 0.021541950113378686
3 0.523224043715847 0.007369614512471655 0.10218579234972677 0.01473922902494331
3 0.523224043715847 0.007369614512471655 0.10218579234972677 0.01473922902494331
3 0.24972677595628415 0.22448979591836735 0.15191256830601094 0.034013605442176874
3 0.41092896174863386 0.6394557823129252 0.13333333333333333 0.04081632653061224
3 0.5748633879781421 0.6292517006802721 0.13333333333333333 0.04081632653061224
3 0.7387978142076502 0.6292517006802721 0.13333333333333333 0.04081632653061224
3 0.3442622950819672 0.061224489795918366 0.02459016393442623 0.022675736961451247
3 0.380327868852459 0.061224489795918366 0.0273224043715847 0.022675736961451247
3 0.4284153005464481 0.061224489795918366 0.04918032786885246 0.022675736961451247
3 0.4721311475409836 0.061224489795918366 0.01912568306010929 0.022675736961451247
3 0.5038251366120219 0.061224489795918366 0.02459016393442623 0.022675736961451247
3 0.5366120218579234 0.061224489795918366 0.021311475409836064 0.022675736961451247
3 0.18360655737704917 0.5260770975056689 0.019672131147540985 0.02040816326530612
3 0.2180327868852459 0.6145124716553289 0.08907103825136611 0.02040816326530612
3 0.1907103825136612 0.7029478458049887 0.033879781420765025 0.02040816326530612
3 0.1912568306010929 0.81859410430839 0.03551912568306011 0.02040816326530612
3 0.18469945355191256 0.9070294784580499 0.02185792349726776 0.02040816326530612
3 0.18469945355191256 0.9342403628117913 0.02185792349726776 0.02040816326530612
3 0.20437158469945355 0.5260770975056689 0.01639344262295082 0.02040816326530612
3 0.273224043715847 0.6145124716553289 0.015300546448087432 0.02040816326530612
3 0.2191256830601093 0.7029478458049887 0.016939890710382512 0.02040816326530612
3 0.20382513661202187 0.7301587301587301 0.007650273224043716 0.02040816326530612
3 0.2191256830601093 0.81859410430839 0.014207650273224045 0.02040816326530612
3 0.20601092896174864 0.9070294784580499 0.014754098360655738 0.02040816326530612
3 0.20546448087431693 0.9342403628117913 0.014207650273224045 0.02040816326530612
3 0.21311475409836064 0.04421768707482993 0.06284153005464481 0.022675736961451247
3 0.2087431693989071 0.06575963718820861 0.06284153005464481 0.022675736961451247
3 0.21420765027322405 0.1326530612244898 0.08087431693989071 0.022675736961451247
3 0.2901639344262295 0.1326530612244898 0.05027322404371585 0.022675736961451247
3 0.21256830601092896 0.15532879818594103 0.07814207650273224 0.022675736961451247
3 0.23934426229508196 0.16666666666666666 0.13169398907103824 0.045351473922902494