0 0.5997252747252747 0.0091324200913242 0.025824175824175823 0.0182648401826484
0 0.7527472527472527 0.136986301369863 0.06208791208791209 0.01598173515981735
1 0.7365384615384616 0.009703196347031963 0.18736263736263736 0.019406392694063926
1 0.41593406593406596 0.3424657534246575 0.15604395604395604 0.3242009132420091
1 0.5807692307692308 0.3424657534246575 0.15604395604395604 0.3242009132420091
1 0.7456043956043956 0.3424657534246575 0.15604395604395604 0.3242009132420091
1 0.2184065934065934 0.008561643835616438 0.07417582417582418 0.017123287671232876
2 0.4480769230769231 0.0091324200913242 0.3291208791208791 0.0182648401826484
2 0.5293956043956044 0.00228310502283105 0.008241758241758242 0.0045662100456621
3 0.5524725274725275 0.006278538812785388 0.07087912087912088 0.012557077625570776
3 0.3879120879120879 0.5810502283105022 0.07802197802197802 0.021689497716894976
3 0.5527472527472528 0.5810502283105022 0.07802197802197802 0.021689497716894976
3 0.7175824175824176 0.6267123287671232 0.07802197802197802 0.021689497716894976
3 0.557967032967033 0.003995433789954338 0.04450549450549451 0.007990867579908675
3 0.557967032967033 0.003995433789954338 0.04450549450549451 0.007990867579908675
3 0.25384615384615383 0.2191780821917808 0.15274725274725276 0.03424657534246575
3 0.41593406593406596 0.6267123287671232 0.13406593406593406 0.0410958904109589
3 0.5807692307692308 0.6267123287671232 0.13406593406593406 0.0410958904109589
3 0.7456043956043956 0.6723744292237442 0.13406593406593406 0.0410958904109589
3 0.3489010989010989 0.0547945205479452 0.024725274725274724 0.0228310502283105
3 0.3851648351648352 0.0547945205479452 0.027472527472527472 0.0228310502283105
3 0.43351648351648353 0.0547945205479452 0.04945054945054945 0.0228310502283105
3 0.4774725274725275 0.0547945205479452 0.019230769230769232 0.0228310502283105
3 0.5093406593406593 0.0547945205479452 0.024725274725274724 0.0228310502283105
3 0.5423076923076923 0.0547945205479452 0.02142857142857143 0.0228310502283105
3 0.21318681318681318 0.5228310502283106 0.07142857142857142 0.02054794520547945
3 0.19175824175824177 0.6118721461187214 0.02912087912087912 0.02054794520547945
3 0.20549450549450549 0.639269406392694 0.056593406593406594 0.02054794520547945
3 0.18736263736263736 0.6666666666666666 0.02032967032967033 0.02054794520547945
3 0.21318681318681318 0.6940639269406392 0.07197802197802197 0.02054794520547945
3 0.19945054945054946 0.7214611872146118 0.04450549450549451 0.02054794520547945
3 0.1934065934065934 0.7488584474885844 0.031868131868131866 0.02054794520547945
3 0.1901098901098901 0.776255707762557 0.025824175824175823 0.02054794520547945
3 0.20054945054945056 0.8036529680365296 0.046703296703296704 0.02054794520547945
3 0.19065934065934065 0.8310502283105022 0.026373626373626374 0.02054794520547945
3 0.20054945054945056 0.9509132420091324 0.046153846153846156 0.02054794520547945
3 0.189010989010989 0.978310502283105 0.023076923076923078 0.02054794520547945
3 0.2543956043956044 0.5228310502283106 0.005494505494505495 0.02054794520547945
3 0.2175824175824176 0.6118721461187214 0.015384615384615385 0.02054794520547945
3 0.2434065934065934 0.639269406392694 0.012087912087912088 0.02054794520547945
3 0.20494505494505494 0.6666666666666666 0.007692307692307693 0.02054794520547945
3 0.256043956043956 0.6940639269406392 0.007692307692307693 0.02054794520547945
3 0.22857142857142856 0.7214611872146118 0.007692307692307693 0.02054794520547945
3 0.21483516483516482 0.7488584474885844 0.005494505494505495 0.02054794520547945
3 0.20934065934065935 0.776255707762557 0.006043956043956044 0.02054794520547945
3 0.22967032967032966 0.8036529680365296 0.005494505494505495 0.02054794520547945
3 0.20934065934065935 0.8310502283105022 0.005494505494505495 0.02054794520547945
3 0.23241758241758242 0.9509132420091324 0.012087912087912088 0.02054794520547945
3 0.2087912087912088 0.978310502283105 0.011538461538461539 0.02054794520547945
3 0.21703296703296704 0.03767123287671233 0.06318681318681318 0.0228310502283105
3 0.21263736263736263 0.0593607305936073 0.06318681318681318 0.0228310502283105
3 0.21813186813186813 0.1267123287671233 0.08131868131868132 0.0228310502283105
3 0.2945054945054945 0.1267123287671233 0.05054945054945055 0.0228310502283105
3 0.21208791208791208 0.1495433789954338 0.06923076923076923 0.0228310502283105
3 0.24395604395604395 0.16095890410958905 0.13351648351648351 0.045662100456621
3 0.22582417582417583 0.1723744292237443 0.016483516483516484 0.0228310502283105