0 0.584375 0.02922077922077922 0.023958333333333335 0.04220779220779221
0 0.2677083333333333 0.9318181818181818 0.0125 0.025974025974025976
0 0.7296875 0.1634199134199134 0.058854166666666666 0.015151515151515152
1 0.7140625 0.030303030303030304 0.17708333333333334 0.04220779220779221
1 0.41041666666666665 0.3582251082251082 0.14791666666666667 0.30735930735930733
1 0.5666666666666667 0.3582251082251082 0.14791666666666667 0.30735930735930733
1 0.7229166666666667 0.3582251082251082 0.14791666666666667 0.30735930735930733
1 0.22291666666666668 0.030303030303030304 0.06979166666666667 0.0367965367965368
2 0.440625 0.02922077922077922 0.31145833333333334 0.04220779220779221
2 0.5177083333333333 0.02922077922077922 0.007291666666666667 0.015151515151515152
2 0.2 0.9296536796536796 0.03229166666666667 0.027056277056277056
2 0.24166666666666667 0.9296536796536796 0.03229166666666667 0.027056277056277056
3 0.5395833333333333 0.030303030303030304 0.06666666666666667 0.02813852813852814
3 0.38385416666666666 0.5844155844155844 0.07395833333333333 0.020562770562770564
3 0.5401041666666667 0.6461038961038961 0.07395833333333333 0.020562770562770564
3 0.7067708333333333 0.5844155844155844 0.09479166666666666 0.020562770562770564
3 0.5447916666666667 0.02922077922077922 0.041666666666666664 0.021645021645021644
3 0.2 0.9318181818181818 0.03125 0.03354978354978355
3 0.24166666666666667 0.9318181818181818 0.03125 0.03354978354978355
3 0.5447916666666667 0.02922077922077922 0.041666666666666664 0.021645021645021644
3 0.2 0.9318181818181818 0.03125 0.03354978354978355
3 0.24166666666666667 0.9318181818181818 0.03125 0.03354978354978355
3 0.25677083333333334 0.24134199134199133 0.14479166666666668 0.032467532467532464
3 0.41041666666666665 0.6277056277056277 0.12708333333333333 0.03896103896103896
3 0.5666666666666667 0.6893939393939394 0.12708333333333333 0.03896103896103896
3 0.7229166666666667 0.6277056277056277 0.12708333333333333 0.03896103896103896
3 0.346875 0.0854978354978355 0.0234375 0.021645021645021644
3 0.38125 0.0854978354978355 0.026041666666666668 0.021645021645021644
3 0.4270833333333333 0.0854978354978355 0.046875 0.021645021645021644
3 0.46875 0.0854978354978355 0.018229166666666668 0.021645021645021644
3 0.49895833333333334 0.0854978354978355 0.0234375 0.021645021645021644
3 0.5302083333333333 0.0854978354978355 0.0203125 0.021645021645021644
3 0.2109375 0.5292207792207793 0.05364583333333333 0.01948051948051948
3 0.19375 0.5551948051948052 0.019270833333333334 0.01948051948051948
3 0.19947916666666668 0.5811688311688312 0.030208333333333334 0.01948051948051948
3 0.19791666666666666 0.6071428571428571 0.027604166666666666 0.01948051948051948
3 0.2109375 0.6331168831168831 0.053125 0.01948051948051948
3 0.19427083333333334 0.6590909090909091 0.019791666666666666 0.01948051948051948
3 0.21041666666666667 0.685064935064935 0.052083333333333336 0.01948051948051948
3 0.19270833333333334 0.711038961038961 0.0171875 0.01948051948051948
3 0.19427083333333334 0.737012987012987 0.019791666666666666 0.01948051948051948
3 0.20572916666666666 0.8214285714285714 0.043229166666666666 0.01948051948051948
3 0.1890625 0.8474025974025974 0.009895833333333333 0.01948051948051948
3 0.1890625 0.8733766233766234 0.009895833333333333 0.01948051948051948
3 0.19947916666666668 0.8993506493506493 0.030729166666666665 0.01948051948051948
3 0.24791666666666667 0.5292207792207793 0.013541666666666667 0.01948051948051948
3 0.21145833333333333 0.5551948051948052 0.009895833333333333 0.01948051948051948
3 0.22239583333333332 0.5811688311688312 0.009375 0.01948051948051948
3 0.21979166666666666 0.6071428571428571 0.009895833333333333 0.01948051948051948
3 0.24427083333333333 0.6331168831168831 0.0078125 0.01948051948051948
3 0.2109375 0.6590909090909091 0.007291666666666667 0.01948051948051948
3 0.24166666666666667 0.685064935064935 0.005208333333333333 0.01948051948051948
3 0.20729166666666668 0.711038961038961 0.005729166666666666 0.01948051948051948
3 0.20989583333333334 0.737012987012987 0.005729166666666666 0.01948051948051948
3 0.23645833333333333 0.8214285714285714 0.011458333333333333 0.01948051948051948
3 0.2015625 0.8474025974025974 0.009375 0.01948051948051948
3 0.20208333333333334 0.8733766233766234 0.0109375 0.01948051948051948
3 0.22395833333333334 0.8993506493506493 0.011458333333333333 0.01948051948051948
3 0.221875 0.06926406926406926 0.059895833333333336 0.021645021645021644
3 0.21770833333333334 0.08982683982683982 0.059895833333333336 0.021645021645021644
3 0.22291666666666668 0.15367965367965367 0.07708333333333334 0.021645021645021644
3 0.2953125 0.15367965367965367 0.04791666666666667 0.021645021645021644
3 0.2171875 0.17532467532467533 0.065625 0.021645021645021644
3 0.24739583333333334 0.18614718614718614 0.1265625 0.04329004329004329
3 0.23020833333333332 0.19696969696969696 0.015625 0.021645021645021644