0 0.5931216931216932 0.025274725274725275 0.02433862433862434 0.04285714285714286
0 0.2714285714285714 0.9417582417582417 0.012698412698412698 0.026373626373626374
0 0.7407407407407407 0.16153846153846155 0.059788359788359786 0.015384615384615385
1 0.7248677248677249 0.026373626373626374 0.17989417989417988 0.04285714285714286
1 0.4164021164021164 0.35934065934065934 0.15026455026455027 0.3120879120879121
1 0.5751322751322752 0.35934065934065934 0.15026455026455027 0.3120879120879121
1 0.7338624338624339 0.35934065934065934 0.15026455026455027 0.3120879120879121
1 0.22592592592592592 0.026373626373626374 0.07089947089947089 0.03736263736263736
2 0.4470899470899471 0.025274725274725275 0.3164021164021164 0.04285714285714286
2 0.5253968253968254 0.025274725274725275 0.007407407407407408 0.015384615384615385
2 0.20264550264550266 0.9395604395604396 0.0328042328042328 0.027472527472527472
2 0.24497354497354498 0.9395604395604396 0.0328042328042328 0.027472527472527472
3 0.5476190476190477 0.026373626373626374 0.06772486772486773 0.02857142857142857
3 0.38941798941798944 0.589010989010989 0.07513227513227513 0.020879120879120878
3 0.5481481481481482 0.6516483516483517 0.07513227513227513 0.020879120879120878
3 0.7174603174603175 0.589010989010989 0.0962962962962963 0.020879120879120878
3 0.5529100529100529 0.025274725274725275 0.042328042328042326 0.02197802197802198
3 0.20264550264550266 0.9417582417582417 0.031746031746031744 0.03406593406593406
3 0.24497354497354498 0.9417582417582417 0.031746031746031744 0.03406593406593406
3 0.5529100529100529 0.025274725274725275 0.042328042328042326 0.02197802197802198
3 0.20264550264550266 0.9417582417582417 0.031746031746031744 0.03406593406593406
3 0.24497354497354498 0.9417582417582417 0.031746031746031744 0.03406593406593406
3 0.26031746031746034 0.24065934065934066 0.14708994708994708 0.03296703296703297
3 0.4164021164021164 0.6329670329670329 0.1291005291005291 0.03956043956043956
3 0.5751322751322752 0.6956043956043956 0.1291005291005291 0.03956043956043956
3 0.7338624338624339 0.6329670329670329 0.1291005291005291 0.03956043956043956
3 0.35185185185185186 0.08241758241758242 0.023809523809523808 0.02197802197802198
3 0.38677248677248677 0.08241758241758242 0.026455026455026454 0.02197802197802198
3 0.43333333333333335 0.08241758241758242 0.047619047619047616 0.02197802197802198
3 0.4756613756613757 0.08241758241758242 0.018518518518518517 0.02197802197802198
3 0.5063492063492063 0.08241758241758242 0.023809523809523808 0.02197802197802198
3 0.5380952380952381 0.08241758241758242 0.020634920634920634 0.02197802197802198
3 0.21375661375661376 0.532967032967033 0.054497354497354496 0.01978021978021978
3 0.1962962962962963 0.5593406593406594 0.019576719576719578 0.01978021978021978
3 0.2021164021164021 0.5857142857142857 0.030687830687830688 0.01978021978021978
3 0.20052910052910053 0.6120879120879121 0.028042328042328042 0.01978021978021978
3 0.21375661375661376 0.6384615384615384 0.05396825396825397 0.01978021978021978
3 0.19682539682539682 0.6648351648351648 0.020105820105820106 0.01978021978021978
3 0.21322751322751324 0.6912087912087912 0.05291005291005291 0.01978021978021978
3 0.19523809523809524 0.7175824175824176 0.01746031746031746 0.01978021978021978
3 0.19682539682539682 0.743956043956044 0.020105820105820106 0.01978021978021978
3 0.20846560846560847 0.8296703296703297 0.043915343915343914 0.01978021978021978
3 0.19153439153439153 0.856043956043956 0.010052910052910053 0.01978021978021978
3 0.19153439153439153 0.8824175824175824 0.010052910052910053 0.01978021978021978
3 0.2021164021164021 0.9087912087912088 0.031216931216931216 0.01978021978021978
3 0.25132275132275134 0.532967032967033 0.013756613756613757 0.01978021978021978
3 0.21428571428571427 0.5593406593406594 0.010052910052910053 0.01978021978021978
3 0.2253968253968254 0.5857142857142857 0.009523809523809525 0.01978021978021978
3 0.22275132275132276 0.6120879120879121 0.010052910052910053 0.01978021978021978
3 0.24761904761904763 0.6384615384615384 0.007936507936507936 0.01978021978021978
3 0.21375661375661376 0.6648351648351648 0.007407407407407408 0.01978021978021978
3 0.24497354497354498 0.6912087912087912 0.005291005291005291 0.01978021978021978
3 0.21005291005291005 0.7175824175824176 0.00582010582010582 0.01978021978021978
3 0.2126984126984127 0.743956043956044 0.00582010582010582 0.01978021978021978
3 0.2396825396825397 0.8296703296703297 0.01164021164021164 0.01978021978021978
3 0.20423280423280424 0.856043956043956 0.009523809523809525 0.01978021978021978
3 0.20476190476190476 0.8824175824175824 0.011111111111111112 0.01978021978021978
3 0.22698412698412698 0.9087912087912088 0.01164021164021164 0.01978021978021978
3 0.22486772486772486 0.06593406593406594 0.06084656084656084 0.02197802197802198
3 0.22063492063492063 0.08681318681318681 0.06084656084656084 0.02197802197802198
3 0.22592592592592592 0.15164835164835164 0.07830687830687831 0.02197802197802198
3 0.29947089947089944 0.15164835164835164 0.04867724867724868 0.02197802197802198
3 0.2201058201058201 0.17362637362637362 0.06666666666666667 0.02197802197802198
3 0.2507936507936508 0.18461538461538463 0.12857142857142856 0.04395604395604396
3 0.23333333333333334 0.1956043956043956 0.015873015873015872 0.02197802197802198