0 0.5821052631578948 0.024070021881838075 0.024210526315789474 0.04266958424507659
0 0.7289473684210527 0.15973741794310722 0.05947368421052632 0.015317286652078774
1 0.7131578947368421 0.02516411378555799 0.17894736842105263 0.04266958424507659
1 0.4063157894736842 0.35667396061269147 0.14947368421052631 0.31072210065645517
1 0.5642105263157895 0.35667396061269147 0.14947368421052631 0.31072210065645517
1 0.7221052631578947 0.35667396061269147 0.14947368421052631 0.31072210065645517
1 0.2168421052631579 0.02516411378555799 0.07052631578947369 0.037199124726477024
2 0.4368421052631579 0.024070021881838075 0.31473684210526315 0.04266958424507659
2 0.47368421052631576 0.024070021881838075 0.007368421052631579 0.015317286652078774
3 0.5163157894736842 0.02516411378555799 0.10842105263157895 0.028446389496717725
3 0.38 0.6291028446389497 0.07578947368421053 0.020787746170678335
3 0.5478947368421052 0.5853391684901532 0.09578947368421052 0.020787746170678335
3 0.6852631578947368 0.6039387308533917 0.05473684210526316 0.020787746170678335
3 0.521578947368421 0.024070021881838075 0.08315789473684211 0.02188183807439825
3 0.521578947368421 0.024070021881838075 0.08315789473684211 0.02188183807439825
3 0.25105263157894736 0.2549234135667396 0.1463157894736842 0.06564551422319474
3 0.4063157894736842 0.6728665207877462 0.12842105263157894 0.03938730853391685
3 0.5642105263157895 0.6291028446389497 0.12842105263157894 0.03938730853391685
3 0.7221052631578947 0.6477024070021882 0.12842105263157894 0.03938730853391685
3 0.34210526315789475 0.08096280087527352 0.02368421052631579 0.02188183807439825
3 0.37684210526315787 0.08096280087527352 0.02631578947368421 0.02188183807439825
3 0.4231578947368421 0.08096280087527352 0.04736842105263158 0.02188183807439825
3 0.4652631578947368 0.08096280087527352 0.018421052631578946 0.02188183807439825
3 0.4957894736842105 0.08096280087527352 0.02368421052631579 0.02188183807439825
3 0.5273684210526316 0.08096280087527352 0.020526315789473684 0.02188183807439825
3 0.21210526315789474 0.562363238512035 0.06842105263157895 0.019693654266958426
3 0.18736842105263157 0.6477024070021882 0.018947368421052633 0.019693654266958426
3 0.22052631578947368 0.7330415754923414 0.08578947368421053 0.019693654266958426
3 0.19421052631578947 0.8183807439824945 0.03263157894736842 0.019693654266958426
3 0.19473684210526315 0.9299781181619255 0.034210526315789476 0.019693654266958426
3 0.2521052631578947 0.562363238512035 0.006842105263157895 0.019693654266958426
3 0.2073684210526316 0.6477024070021882 0.01631578947368421 0.019693654266958426
3 0.27421052631578946 0.7330415754923414 0.015789473684210527 0.019693654266958426
3 0.2236842105263158 0.8183807439824945 0.02 0.019693654266958426
3 0.20894736842105263 0.8446389496717724 0.012105263157894737 0.019693654266958426
3 0.22157894736842104 0.9299781181619255 0.014210526315789474 0.019693654266958426
3 0.21578947368421053 0.06455142231947483 0.060526315789473685 0.02188183807439825
3 0.21157894736842106 0.08533916849015317 0.060526315789473685 0.02188183807439825
3 0.2168421052631579 0.14989059080962802 0.07789473684210527 0.02188183807439825
3 0.29 0.14989059080962802 0.04842105263157895 0.02188183807439825
3 0.22052631578947368 0.17177242888402625 0.08526315789473685 0.02188183807439825
3 0.28789473684210526 0.17177242888402625 0.03105263157894737 0.02188183807439825
3 0.2063157894736842 0.1936542669584245 0.057368421052631575 0.02188183807439825