0 0.7520138089758343 0.1076555023923445 0.06501726121979287 0.01674641148325359
0 0.8239355581127733 0.3145933014354067 0.020713463751438434 0.0430622009569378
1 0.4706559263521289 0.2751196172248804 0.06214039125431531 0.15789473684210525
1 0.46835443037974683 0.2511961722488038 0.08400460299194476 0.17464114832535885
1 0.571921749136939 0.2511961722488038 0.08400460299194476 0.17464114832535885
1 0.6754890678941312 0.2511961722488038 0.08400460299194476 0.17464114832535885
1 0.7790563866513234 0.2511961722488038 0.08400460299194476 0.17464114832535885
1 0.3993095512082854 0.6710526315789473 0.16340621403912542 0.3397129186602871
1 0.571921749136939 0.6710526315789473 0.16340621403912542 0.3397129186602871
1 0.7445339470655926 0.6710526315789473 0.16340621403912542 0.3397129186602871
3 0.383199079401611 0.2236842105263158 0.10356731875719218 0.0645933014354067
3 0.383199079401611 0.31100478468899523 0.10356731875719218 0.07177033492822966
3 0.41657077100115075 0.4126794258373206 0.19792865362485615 0.05263157894736842
3 0.46835443037974683 0.41985645933014354 0.0805523590333717 0.03349282296650718
3 0.571921749136939 0.41985645933014354 0.0805523590333717 0.03349282296650718
3 0.6754890678941312 0.41985645933014354 0.0805523590333717 0.03349282296650718
3 0.7790563866513234 0.41985645933014354 0.0805523590333717 0.03349282296650718
3 0.3705408515535098 0.9688995215311005 0.08285385500575373 0.022727272727272728
3 0.5316455696202531 0.9210526315789473 0.05983889528193326 0.022727272727272728
3 0.22957422324510932 0.20334928229665072 0.15995397008055237 0.03588516746411483
3 0.571921749136939 0.9688995215311005 0.14039125431530494 0.0430622009569378
3 0.7445339470655926 0.9318181818181818 0.14039125431530494 0.0430622009569378
3 0.3291139240506329 0.03110047846889952 0.025891829689298044 0.023923444976076555
3 0.3670886075949367 0.03110047846889952 0.028768699654775604 0.023923444976076555
3 0.4177215189873418 0.03110047846889952 0.05178365937859609 0.023923444976076555
3 0.46375143843498273 0.03110047846889952 0.020138089758342925 0.023923444976076555
3 0.49712313003452246 0.03110047846889952 0.025891829689298044 0.023923444976076555
3 0.5316455696202531 0.03110047846889952 0.02243958573072497 0.023923444976076555
3 0.18699654775604144 0.5215311004784688 0.07479861910241657 0.0215311004784689
3 0.15995397008055237 0.6148325358851675 0.020713463751438434 0.0215311004784689
3 0.1962025316455696 0.7081339712918661 0.09378596087456847 0.0215311004784689
3 0.167433831990794 0.8014354066985646 0.03567318757192175 0.0215311004784689
3 0.16800920598388952 0.9234449760765551 0.037399309551208286 0.0215311004784689
3 0.2336018411967779 0.5215311004784688 0.012658227848101266 0.0215311004784689
3 0.1812428078250863 0.6148325358851675 0.01668584579976985 0.0215311004784689
3 0.2566168009205984 0.7081339712918661 0.021288837744533946 0.0215311004784689
3 0.1996547756041427 0.8014354066985646 0.02186421173762946 0.0215311004784689
3 0.18354430379746836 0.8301435406698564 0.012658227848101266 0.0215311004784689
3 0.19850402761795166 0.9234449760765551 0.01726121979286536 0.0215311004784689
3 0.19102416570771003 0.013157894736842105 0.0661680092059839 0.023923444976076555
3 0.18642117376294592 0.03588516746411483 0.0661680092059839 0.023923444976076555
3 0.19217491369390102 0.10645933014354067 0.08515535097813579 0.023923444976076555
3 0.2721518987341772 0.10645933014354067 0.05293440736478711 0.023923444976076555
3 0.20655926352128884 0.1303827751196172 0.1144994246260069 0.023923444976076555
3 0.2243958573072497 0.1423444976076555 0.14959723820483314 0.04784688995215311