0 0.2201117318435754 0.41647331786542924 0.0111731843575419 0.02320185614849188
0 0.2581005586592179 0.41647331786542924 0.0111731843575419 0.02320185614849188
0 0.3039106145251397 0.41647331786542924 0.0111731843575419 0.02320185614849188
0 0.2346368715083799 0.4582366589327146 0.0111731843575419 0.02320185614849188
0 0.2698324022346369 0.4582366589327146 0.0111731843575419 0.02320185614849188
0 0.7815642458100559 0.2679814385150812 0.06312849162011173 0.016241299303944315
0 0.835195530726257 0.351508120649652 0.02011173184357542 0.04176334106728538
1 0.41787709497206704 0.4280742459396752 0.0893854748603352 0.18561484918793503
1 0.41787709497206704 0.6705336426914154 0.0893854748603352 0.18561484918793503
1 0.41787709497206704 0.9037122969837587 0.0893854748603352 0.18561484918793503
3 0.6508379888268156 0.41531322505800466 0.35027932960893854 0.016241299303944315
3 0.49553072625698324 0.511600928074246 0.03966480446927374 0.016241299303944315
3 0.6508379888268156 0.6577726218097448 0.35027932960893854 0.016241299303944315
3 0.5284916201117319 0.7366589327146171 0.10502793296089385 0.022041763341067284
3 0.6508379888268156 0.8491879350348028 0.35027932960893854 0.016241299303944315
3 0.5162011173184358 0.9280742459396751 0.08044692737430167 0.022041763341067284
3 0.27430167597765365 0.3225058004640371 0.1553072625698324 0.06960556844547564
3 0.6508379888268156 0.39211136890951276 0.35027932960893854 0.030162412993039442
3 0.6508379888268156 0.6345707656612529 0.35027932960893854 0.030162412993039442
3 0.6508379888268156 0.8259860788863109 0.35027932960893854 0.030162412993039442
3 0.37094972067039106 0.04176334106728538 0.025139664804469275 0.02320185614849188
3 0.40782122905027934 0.04176334106728538 0.027932960893854747 0.02320185614849188
3 0.4569832402234637 0.04176334106728538 0.05027932960893855 0.02320185614849188
3 0.5016759776536313 0.04176334106728538 0.019553072625698324 0.02320185614849188
3 0.5340782122905028 0.04176334106728538 0.025139664804469275 0.02320185614849188
3 0.5675977653631284 0.04176334106728538 0.021787709497206705 0.02320185614849188
3 0.2329608938547486 0.7505800464037123 0.07262569832402235 0.02088167053364269
3 0.24189944134078212 0.8410672853828306 0.09106145251396648 0.02088167053364269
3 0.21396648044692737 0.931554524361949 0.034636871508379886 0.02088167053364269
3 0.27541899441340784 0.7505800464037123 0.007262569832402235 0.02088167053364269
3 0.29441340782122905 0.8410672853828306 0.00782122905027933 0.02088167053364269
3 0.23854748603351955 0.931554524361949 0.008379888268156424 0.02088167053364269
3 0.22625698324022347 0.9593967517401392 0.006145251396648044 0.02088167053364269
3 0.23687150837988827 0.024361948955916472 0.06424581005586592 0.02320185614849188
3 0.2324022346368715 0.04640371229698376 0.06424581005586592 0.02320185614849188
3 0.24134078212290502 0.25754060324825984 0.08994413407821229 0.02320185614849188
3 0.31620111731843575 0.25754060324825984 0.038547486033519554 0.02320185614849188