0 0.6380208333333334 0.0234375 0.027199074074074073 0.046875
0 0.2175925925925926 0.4735576923076923 0.011574074074074073 0.02403846153846154
0 0.2569444444444444 0.4735576923076923 0.011574074074074073 0.02403846153846154
0 0.30439814814814814 0.4735576923076923 0.011574074074074073 0.02403846153846154
0 0.2326388888888889 0.5168269230769231 0.011574074074074073 0.02403846153846154
0 0.2690972222222222 0.5168269230769231 0.011574074074074073 0.02403846153846154
0 0.7991898148148148 0.31971153846153844 0.06539351851851852 0.016826923076923076
0 0.8547453703703703 0.40625 0.020833333333333332 0.04326923076923077
1 0.7818287037037037 0.02403846153846154 0.19675925925925927 0.046875
1 0.4224537037037037 0.4855769230769231 0.09259259259259259 0.19230769230769232
1 0.4224537037037037 0.7367788461538461 0.09259259259259259 0.19230769230769232
1 0.4227430555555556 0.9405048076923077 0.0931712962962963 0.11658653846153846
1 0.2361111111111111 0.02403846153846154 0.0775462962962963 0.040865384615384616
2 0.4782986111111111 0.0234375 0.34664351851851855 0.046875
2 0.5416666666666666 0.02283653846153846 0.008101851851851851 0.016826923076923076
3 0.5769675925925926 0.02403846153846154 0.09606481481481481 0.03125
3 0.6637731481481481 0.4723557692307692 0.3628472222222222 0.016826923076923076
3 0.5028935185185185 0.5721153846153846 0.041087962962962965 0.016826923076923076
3 0.6637731481481481 0.7235576923076923 0.3628472222222222 0.016826923076923076
3 0.5370370370370371 0.8052884615384616 0.1087962962962963 0.02283653846153846
3 0.6637731481481481 0.921875 0.3628472222222222 0.016826923076923076
3 0.5245949074074074 0.9951923076923077 0.08391203703703703 0.007211538461538462
3 0.5827546296296297 0.02283653846153846 0.06828703703703703 0.02403846153846154
3 0.5827546296296297 0.02283653846153846 0.06828703703703703 0.02403846153846154
3 0.27372685185185186 0.3762019230769231 0.16087962962962962 0.07211538461538461
3 0.6637731481481481 0.4483173076923077 0.3628472222222222 0.03125
3 0.6637731481481481 0.6995192307692307 0.3628472222222222 0.03125
3 0.6637731481481481 0.8978365384615384 0.3628472222222222 0.03125
3 0.3738425925925926 0.08533653846153846 0.026041666666666668 0.02403846153846154
3 0.41203703703703703 0.08533653846153846 0.028935185185185185 0.02403846153846154
3 0.46296296296296297 0.08533653846153846 0.052083333333333336 0.02403846153846154
3 0.5092592592592593 0.08533653846153846 0.02025462962962963 0.02403846153846154
3 0.5428240740740741 0.08533653846153846 0.026041666666666668 0.02403846153846154
3 0.5775462962962963 0.08533653846153846 0.022569444444444444 0.02403846153846154
3 0.2309027777777778 0.8197115384615384 0.07523148148148148 0.021634615384615384
3 0.24016203703703703 0.9134615384615384 0.0943287037037037 0.021634615384615384
3 0.27488425925925924 0.8197115384615384 0.007523148148148148 0.021634615384615384
3 0.2945601851851852 0.9134615384615384 0.008101851851851851 0.021634615384615384
3 0.2349537037037037 0.0673076923076923 0.06655092592592593 0.02403846153846154
3 0.23032407407407407 0.09014423076923077 0.06655092592592593 0.02403846153846154
3 0.23958333333333334 0.3088942307692308 0.0931712962962963 0.02403846153846154
3 0.31712962962962965 0.3088942307692308 0.03993055555555555 0.02403846153846154