0 0.6149717514124293 0.005868544600938967 0.02655367231638418 0.011737089201877934
0 0.772316384180791 0.13380281690140844 0.06384180790960452 0.01643192488262911
1 0.7556497175141242 0.006455399061032864 0.19265536723163842 0.012910798122065728
1 0.42598870056497173 0.34507042253521125 0.16045197740112993 0.3333333333333333
1 0.5954802259887005 0.34507042253521125 0.16045197740112993 0.3333333333333333
1 0.7649717514124293 0.34507042253521125 0.16045197740112993 0.3333333333333333
1 0.2228813559322034 0.00528169014084507 0.07627118644067797 0.01056338028169014
2 0.4590395480225989 0.005868544600938967 0.3384180790960452 0.011737089201877934
3 0.3864406779661017 0.6103286384976526 0.05875706214689266 0.022300469483568074
3 0.5666666666666667 0.5903755868544601 0.08022598870056497 0.022300469483568074
3 0.7367231638418079 0.6103286384976526 0.08135593220338982 0.022300469483568074
3 0.2593220338983051 0.19483568075117372 0.15706214689265538 0.035211267605633804
3 0.42598870056497173 0.6572769953051644 0.13785310734463277 0.04225352112676056
3 0.5954802259887005 0.6373239436619719 0.13785310734463277 0.04225352112676056
3 0.7649717514124293 0.6572769953051644 0.13785310734463277 0.04225352112676056
3 0.35706214689265536 0.04929577464788732 0.025423728813559324 0.023474178403755867
3 0.3943502824858757 0.04929577464788732 0.02824858757062147 0.023474178403755867
3 0.4440677966101695 0.04929577464788732 0.05084745762711865 0.023474178403755867
3 0.48926553672316386 0.04929577464788732 0.01977401129943503 0.023474178403755867
3 0.5220338983050847 0.04929577464788732 0.025423728813559324 0.023474178403755867
3 0.5559322033898305 0.04929577464788732 0.022033898305084745 0.023474178403755867
3 0.2175141242937853 0.5070422535211268 0.07344632768361582 0.02112676056338028
3 0.21129943502824858 0.5985915492957746 0.061581920903954805 0.02112676056338028
3 0.19887005649717515 0.6267605633802817 0.03615819209039548 0.02112676056338028
3 0.19887005649717515 0.6549295774647887 0.03672316384180791 0.02112676056338028
3 0.19717514124293786 0.6830985915492958 0.0327683615819209 0.02112676056338028
3 0.19887005649717515 0.7112676056338029 0.03615819209039548 0.02112676056338028
3 0.1903954802259887 0.7394366197183099 0.0192090395480226 0.02112676056338028
3 0.19096045197740114 0.8309859154929577 0.020338983050847456 0.02112676056338028
3 0.22655367231638418 0.9225352112676056 0.09209039548022599 0.02112676056338028
3 0.26101694915254237 0.5070422535211268 0.007909604519774011 0.02112676056338028
3 0.2542372881355932 0.5985915492957746 0.01694915254237288 0.02112676056338028
3 0.22994350282485876 0.6267605633802817 0.01977401129943503 0.02112676056338028
3 0.22655367231638418 0.6549295774647887 0.012429378531073447 0.02112676056338028
3 0.22033898305084745 0.6830985915492958 0.007909604519774011 0.02112676056338028
3 0.2231638418079096 0.7112676056338029 0.0062146892655367235 0.02112676056338028
3 0.207909604519774 0.7394366197183099 0.010734463276836158 0.02112676056338028
3 0.21129943502824858 0.8309859154929577 0.014689265536723164 0.02112676056338028
3 0.2858757062146893 0.9225352112676056 0.020903954802259886 0.02112676056338028
3 0.2214689265536723 0.03169014084507042 0.06497175141242938 0.023474178403755867
3 0.21694915254237288 0.0539906103286385 0.06497175141242938 0.023474178403755867
3 0.22259887005649717 0.12323943661971831 0.08361581920903954 0.023474178403755867
3 0.30112994350282485 0.12323943661971831 0.0519774011299435 0.023474178403755867
3 0.22655367231638418 0.1467136150234742 0.09152542372881356 0.023474178403755867
3 0.29887005649717513 0.1467136150234742 0.03333333333333333 0.023474178403755867