0 0.5857894736842105 0.02188183807439825 0.024210526315789474 0.04266958424507659
0 0.7326315789473684 0.1575492341356674 0.05947368421052632 0.015317286652078774
1 0.716842105263158 0.022975929978118162 0.17894736842105263 0.04266958424507659
1 0.41 0.3544857768052516 0.14947368421052631 0.31072210065645517
1 0.5678947368421052 0.3544857768052516 0.14947368421052631 0.31072210065645517
1 0.7257894736842105 0.3544857768052516 0.14947368421052631 0.31072210065645517
1 0.22052631578947368 0.022975929978118162 0.07052631578947369 0.037199124726477024
2 0.4405263157894737 0.02188183807439825 0.31473684210526315 0.04266958424507659
2 0.5036842105263157 0.02188183807439825 0.007368421052631579 0.015317286652078774
3 0.533157894736842 0.022975929978118162 0.08210526315789474 0.028446389496717725
3 0.37315789473684213 0.6017505470459519 0.05473684210526316 0.020787746170678335
3 0.5410526315789473 0.5831509846827133 0.07473684210526316 0.020787746170678335
3 0.6994736842105264 0.6017505470459519 0.07578947368421053 0.020787746170678335
3 0.5384210526315789 0.02188183807439825 0.056842105263157895 0.02188183807439825
3 0.5384210526315789 0.02188183807439825 0.056842105263157895 0.02188183807439825
3 0.25473684210526315 0.21444201312910285 0.1463157894736842 0.03282275711159737
3 0.41 0.6455142231947484 0.12842105263157894 0.03938730853391685
3 0.5678947368421052 0.6269146608315098 0.12842105263157894 0.03938730853391685
3 0.7257894736842105 0.6455142231947484 0.12842105263157894 0.03938730853391685
3 0.34578947368421054 0.0787746170678337 0.02368421052631579 0.02188183807439825
3 0.38052631578947366 0.0787746170678337 0.02631578947368421 0.02188183807439825
3 0.4268421052631579 0.0787746170678337 0.04736842105263158 0.02188183807439825
3 0.4689473684210526 0.0787746170678337 0.018421052631578946 0.02188183807439825
3 0.4994736842105263 0.0787746170678337 0.02368421052631579 0.02188183807439825
3 0.5310526315789473 0.0787746170678337 0.020526315789473684 0.02188183807439825
3 0.21578947368421053 0.5054704595185996 0.06842105263157895 0.019693654266958426
3 0.21 0.5908096280087527 0.057368421052631575 0.019693654266958426
3 0.19842105263157894 0.6170678336980306 0.03368421052631579 0.019693654266958426
3 0.19842105263157894 0.6433260393873085 0.034210526315789476 0.019693654266958426
3 0.1968421052631579 0.6695842450765864 0.030526315789473683 0.019693654266958426
3 0.19842105263157894 0.6958424507658644 0.03368421052631579 0.019693654266958426
3 0.19052631578947368 0.7221006564551422 0.017894736842105262 0.019693654266958426
3 0.19105263157894736 0.8074398249452954 0.018947368421052633 0.019693654266958426
3 0.22421052631578947 0.8927789934354485 0.08578947368421053 0.019693654266958426
3 0.19789473684210526 0.9781181619256017 0.03263157894736842 0.019693654266958426
3 0.2563157894736842 0.5054704595185996 0.007368421052631579 0.019693654266958426
3 0.25 0.5908096280087527 0.015789473684210527 0.019693654266958426
3 0.22736842105263158 0.6170678336980306 0.018421052631578946 0.019693654266958426
3 0.22421052631578947 0.6433260393873085 0.011578947368421053 0.019693654266958426
3 0.21842105263157896 0.6695842450765864 0.007368421052631579 0.019693654266958426
3 0.22105263157894736 0.6958424507658644 0.005789473684210527 0.019693654266958426
3 0.20684210526315788 0.7221006564551422 0.01 0.019693654266958426
3 0.21 0.8074398249452954 0.01368421052631579 0.019693654266958426
3 0.2794736842105263 0.8927789934354485 0.019473684210526317 0.019693654266958426
3 0.22842105263157894 0.9781181619256017 0.022631578947368423 0.019693654266958426
3 0.21947368421052632 0.06236323851203501 0.060526315789473685 0.02188183807439825
3 0.21526315789473685 0.08315098468271334 0.060526315789473685 0.02188183807439825
3 0.22052631578947368 0.14770240700218817 0.07789473684210527 0.02188183807439825
3 0.29368421052631577 0.14770240700218817 0.04842105263157895 0.02188183807439825
3 0.22421052631578947 0.16958424507658643 0.08526315789473685 0.02188183807439825
3 0.29157894736842105 0.16958424507658643 0.03105263157894737 0.02188183807439825