0 0.5852631578947368 0.02188183807439825 0.024210526315789474 0.04266958424507659
0 0.7321052631578947 0.1575492341356674 0.05947368421052632 0.015317286652078774
1 0.7163157894736842 0.022975929978118162 0.17894736842105263 0.04266958424507659
1 0.4094736842105263 0.3544857768052516 0.14947368421052631 0.31072210065645517
1 0.5673684210526316 0.3544857768052516 0.14947368421052631 0.31072210065645517
1 0.7252631578947368 0.3544857768052516 0.14947368421052631 0.31072210065645517
1 0.22 0.022975929978118162 0.07052631578947369 0.037199124726477024
2 0.44 0.02188183807439825 0.31473684210526315 0.04266958424507659
2 0.5105263157894737 0.02188183807439825 0.007368421052631579 0.015317286652078774
3 0.5363157894736842 0.022975929978118162 0.07473684210526316 0.028446389496717725
3 0.3726315789473684 0.6269146608315098 0.05473684210526316 0.020787746170678335
3 0.5305263157894737 0.5831509846827133 0.05473684210526316 0.020787746170678335
3 0.6884210526315789 0.5831509846827133 0.05473684210526316 0.020787746170678335
3 0.541578947368421 0.02188183807439825 0.049473684210526316 0.02188183807439825
3 0.541578947368421 0.02188183807439825 0.049473684210526316 0.02188183807439825
3 0.2542105263157895 0.21444201312910285 0.1463157894736842 0.03282275711159737
3 0.4094736842105263 0.6706783369803063 0.12842105263157894 0.03938730853391685
3 0.5673684210526316 0.6269146608315098 0.12842105263157894 0.03938730853391685
3 0.7252631578947368 0.6269146608315098 0.12842105263157894 0.03938730853391685
3 0.3452631578947368 0.0787746170678337 0.02368421052631579 0.02188183807439825
3 0.38 0.0787746170678337 0.02631578947368421 0.02188183807439825
3 0.4263157894736842 0.0787746170678337 0.04736842105263158 0.02188183807439825
3 0.46842105263157896 0.0787746170678337 0.018421052631578946 0.02188183807439825
3 0.49894736842105264 0.0787746170678337 0.02368421052631579 0.02188183807439825
3 0.5305263157894737 0.0787746170678337 0.020526315789473684 0.02188183807439825
3 0.21526315789473685 0.5054704595185996 0.06842105263157895 0.019693654266958426
3 0.1936842105263158 0.5908096280087527 0.02526315789473684 0.019693654266958426
3 0.1931578947368421 0.6170678336980306 0.024736842105263158 0.019693654266958426
3 0.19 0.6433260393873085 0.017894736842105262 0.019693654266958426
3 0.21157894736842106 0.6695842450765864 0.061052631578947365 0.019693654266958426
3 0.19052631578947368 0.6958424507658644 0.019473684210526317 0.019693654266958426
3 0.19052631578947368 0.7811816192560175 0.018947368421052633 0.019693654266958426
3 0.2236842105263158 0.8665207877461707 0.08578947368421053 0.019693654266958426
3 0.19736842105263158 0.9518599562363238 0.03263157894736842 0.019693654266958426
3 0.2578947368421053 0.5054704595185996 0.011578947368421053 0.019693654266958426
3 0.22 0.5908096280087527 0.022105263157894735 0.019693654266958426
3 0.21578947368421053 0.6170678336980306 0.014210526315789474 0.019693654266958426
3 0.2063157894736842 0.6433260393873085 0.01 0.019693654266958426
3 0.24894736842105264 0.6695842450765864 0.007894736842105263 0.019693654266958426
3 0.2073684210526316 0.6958424507658644 0.007894736842105263 0.019693654266958426
3 0.21 0.7811816192560175 0.015263157894736841 0.019693654266958426
3 0.2794736842105263 0.8665207877461707 0.020526315789473684 0.019693654266958426
3 0.22789473684210526 0.9518599562363238 0.022105263157894735 0.019693654266958426
3 0.21210526315789474 0.9781181619256017 0.012105263157894737 0.019693654266958426
3 0.21894736842105264 0.06236323851203501 0.060526315789473685 0.02188183807439825
3 0.21473684210526317 0.08315098468271334 0.060526315789473685 0.02188183807439825
3 0.22 0.14770240700218817 0.07789473684210527 0.02188183807439825
3 0.2931578947368421 0.14770240700218817 0.04842105263157895 0.02188183807439825
3 0.22210526315789475 0.16958424507658643 0.08263157894736842 0.02188183807439825
3 0.28526315789473683 0.16958424507658643 0.02368421052631579 0.02188183807439825