0 0.7342696629213483 0.09813084112149532 0.06348314606741573 0.016355140186915886
1 0.3898876404494382 0.308411214953271 0.15955056179775282 0.3317757009345794
1 0.5584269662921348 0.308411214953271 0.15955056179775282 0.3317757009345794
1 0.7269662921348314 0.308411214953271 0.15955056179775282 0.3317757009345794
1 0.3898876404494382 0.8282710280373832 0.15955056179775282 0.3317757009345794
1 0.5584269662921348 0.8282710280373832 0.15955056179775282 0.3317757009345794
1 0.7269662921348314 0.8282710280373832 0.15955056179775282 0.3317757009345794
3 0.350561797752809 0.552570093457944 0.058426966292134834 0.02219626168224299
3 0.5191011235955056 0.552570093457944 0.058426966292134834 0.02219626168224299
3 0.698876404494382 0.552570093457944 0.08089887640449438 0.02219626168224299
3 0.22415730337078651 0.1588785046728972 0.15617977528089888 0.035046728971962614
3 0.3898876404494382 0.5992990654205608 0.13707865168539327 0.04205607476635514
3 0.5584269662921348 0.5992990654205608 0.13707865168539327 0.04205607476635514
3 0.7269662921348314 0.5992990654205608 0.13707865168539327 0.04205607476635514
3 0.32134831460674157 0.014018691588785047 0.025280898876404494 0.02336448598130841
3 0.35842696629213483 0.014018691588785047 0.028089887640449437 0.02336448598130841
3 0.40786516853932586 0.014018691588785047 0.05056179775280899 0.02336448598130841
3 0.45280898876404496 0.014018691588785047 0.019662921348314606 0.02336448598130841
3 0.4853932584269663 0.014018691588785047 0.025280898876404494 0.02336448598130841
3 0.5191011235955056 0.014018691588785047 0.021910112359550562 0.02336448598130841
3 0.18258426966292135 0.4696261682242991 0.07303370786516854 0.02102803738317757
3 0.15955056179775282 0.5607476635514018 0.02696629213483146 0.02102803738317757
3 0.15617977528089888 0.5887850467289719 0.020786516853932586 0.02102803738317757
3 0.16067415730337078 0.616822429906542 0.029775280898876405 0.02102803738317757
3 0.1556179775280899 0.6448598130841121 0.019101123595505618 0.02102803738317757
3 0.1601123595505618 0.6728971962616822 0.028651685393258425 0.02102803738317757
3 0.15617977528089888 0.7009345794392523 0.020786516853932586 0.02102803738317757
3 0.15617977528089888 0.7289719626168224 0.020224719101123594 0.02102803738317757
3 0.1556179775280899 0.7570093457943925 0.019101123595505618 0.02102803738317757
3 0.15898876404494383 0.7850467289719626 0.026404494382022473 0.02102803738317757
3 0.15617977528089888 0.9077102803738317 0.020224719101123594 0.02102803738317757
3 0.2258426966292135 0.4696261682242991 0.007865168539325843 0.02102803738317757
3 0.18370786516853932 0.5607476635514018 0.016292134831460674 0.02102803738317757
3 0.17865168539325843 0.5887850467289719 0.01741573033707865 0.02102803738317757
3 0.18764044943820224 0.616822429906542 0.01741573033707865 0.02102803738317757
3 0.17415730337078653 0.6448598130841121 0.012921348314606741 0.02102803738317757
3 0.18314606741573033 0.6728971962616822 0.011797752808988765 0.02102803738317757
3 0.17584269662921348 0.7009345794392523 0.012359550561797753 0.02102803738317757
3 0.1747191011235955 0.7289719626168224 0.010674157303370787 0.02102803738317757
3 0.1747191011235955 0.7570093457943925 0.012921348314606741 0.02102803738317757
3 0.18258426966292135 0.7850467289719626 0.01348314606741573 0.02102803738317757
3 0.1747191011235955 0.9077102803738317 0.011797752808988765 0.02102803738317757
3 0.18651685393258427 0.004672897196261682 0.0651685393258427 0.009345794392523364
3 0.18202247191011237 0.018691588785046728 0.06460674157303371 0.02336448598130841
3 0.18764044943820224 0.08761682242990654 0.08314606741573034 0.02336448598130841
3 0.2657303370786517 0.08761682242990654 0.051685393258426963 0.02336448598130841
3 0.1898876404494382 0.11098130841121495 0.08820224719101123 0.02336448598130841
3 0.2573033707865168 0.11098130841121495 0.025280898876404494 0.02336448598130841