0 0.5835978835978836 0.023076923076923078 0.02433862433862434 0.04285714285714286
0 0.7312169312169312 0.15934065934065933 0.059788359788359786 0.015384615384615385
0 0.6280423280423281 0.7472527472527473 0.031746031746031744 0.02857142857142857
1 0.7153439153439154 0.024175824175824177 0.17989417989417988 0.04285714285714286
1 0.38677248677248677 0.310989010989011 0.08465608465608465 0.17582417582417584
1 0.38677248677248677 0.5318681318681319 0.08465608465608465 0.17582417582417584
1 0.38677248677248677 0.7527472527472527 0.08465608465608465 0.17582417582417584
1 0.2164021164021164 0.024175824175824177 0.07089947089947089 0.03736263736263736
2 0.43756613756613755 0.023076923076923078 0.3164021164021164 0.04285714285714286
2 0.5052910052910053 0.023076923076923078 0.007407407407407408 0.015384615384615385
3 0.5328042328042328 0.024175824175824177 0.07830687830687831 0.02857142857142857
3 0.48095238095238096 0.31868131868131866 0.07883597883597884 0.020879120879120878
3 0.48095238095238096 0.5791208791208792 0.07883597883597884 0.020879120879120878
3 0.48095238095238096 0.7604395604395604 0.07883597883597884 0.020879120879120878
3 0.6005291005291006 0.7472527472527473 0.01904761904761905 0.01978021978021978
3 0.48095238095238096 0.9813186813186813 0.07883597883597884 0.020879120879120878
3 0.5380952380952381 0.023076923076923078 0.05291005291005291 0.02197802197802198
3 0.5380952380952381 0.023076923076923078 0.05291005291005291 0.02197802197802198
3 0.2507936507936508 0.23296703296703297 0.14708994708994708 0.06593406593406594
3 0.6074074074074074 0.23736263736263735 0.33174603174603173 0.02857142857142857
3 0.6074074074074074 0.4978021978021978 0.33174603174603173 0.02857142857142857
3 0.6074074074074074 0.6791208791208792 0.33174603174603173 0.02857142857142857
3 0.6074074074074074 0.9 0.33174603174603173 0.02857142857142857
3 0.3423280423280423 0.08021978021978023 0.023809523809523808 0.02197802197802198
3 0.3772486772486772 0.08021978021978023 0.026455026455026454 0.02197802197802198
3 0.4238095238095238 0.08021978021978023 0.047619047619047616 0.02197802197802198
3 0.46613756613756613 0.08021978021978023 0.018518518518518517 0.02197802197802198
3 0.49682539682539684 0.08021978021978023 0.023809523809523808 0.02197802197802198
3 0.5285714285714286 0.08021978021978023 0.020634920634920634 0.02197802197802198
3 0.21164021164021163 0.5417582417582417 0.06878306878306878 0.01978021978021978
3 0.2015873015873016 0.6274725274725275 0.04867724867724868 0.01978021978021978
3 0.20317460317460317 0.6538461538461539 0.05185185185185185 0.01978021978021978
3 0.18994708994708995 0.7395604395604396 0.025925925925925925 0.01978021978021978
3 0.18677248677248678 0.765934065934066 0.01904761904761905 0.01978021978021978
3 0.18677248677248678 0.8516483516483516 0.01904761904761905 0.01978021978021978
3 0.2201058201058201 0.9373626373626374 0.08624338624338625 0.01978021978021978
3 0.25343915343915346 0.5417582417582417 0.009523809523809525 0.01978021978021978
3 0.23862433862433863 0.6274725274725275 0.01904761904761905 0.01978021978021978
3 0.23544973544973544 0.6538461538461539 0.007936507936507936 0.01978021978021978
3 0.21534391534391534 0.7395604395604396 0.01904761904761905 0.01978021978021978
3 0.20687830687830688 0.765934065934066 0.0164021164021164 0.01978021978021978
3 0.20846560846560847 0.8516483516483516 0.01904761904761905 0.01978021978021978
3 0.27566137566137566 0.9373626373626374 0.019576719576719578 0.01978021978021978
3 0.21534391534391534 0.06373626373626373 0.06084656084656084 0.02197802197802198
3 0.2111111111111111 0.08461538461538462 0.06084656084656084 0.02197802197802198
3 0.2164021164021164 0.14945054945054945 0.07830687830687831 0.02197802197802198
3 0.24708994708994708 0.16043956043956045 0.1402116402116402 0.04395604395604396
3 0.2455026455026455 0.17142857142857143 0.0761904761904762 0.02197802197802198
3 0.30687830687830686 0.17142857142857143 0.026984126984126985 0.02197802197802198