0 0.590443686006826 0.027186761229314422 0.026166097838452786 0.04609929078014184
0 0.6985210466439136 0.9680851063829787 0.13651877133105803 0.02127659574468085
1 0.7320819112627986 0.028368794326241134 0.19340159271899887 0.04609929078014184
1 0.17974971558589306 0.26713947990543735 0.02502844141069397 0.05200945626477541
1 0.39647326507394764 0.5614657210401891 0.3799772468714448 0.5531914893617021
1 0.17974971558589306 0.3380614657210402 0.02502844141069397 0.05200945626477541
1 0.17974971558589306 0.408983451536643 0.02502844141069397 0.05200945626477541
1 0.17974971558589306 0.4799054373522459 0.02502844141069397 0.05200945626477541
1 0.17974971558589306 0.5508274231678487 0.02502844141069397 0.05200945626477541
1 0.17974971558589306 0.6217494089834515 0.02502844141069397 0.05200945626477541
1 0.17974971558589306 0.6926713947990544 0.02502844141069397 0.05200945626477541
1 0.17974971558589306 0.7635933806146572 0.02502844141069397 0.05200945626477541
1 0.1956769055745165 0.028368794326241134 0.07622298065984073 0.04018912529550828
2 0.4334470989761092 0.027186761229314422 0.34015927189988626 0.04609929078014184
3 0.6712172923777019 0.4940898345153664 0.08248009101251422 0.02127659574468085
3 0.7207053469852105 0.7706855791962175 0.18088737201365188 0.024822695035460994
3 0.6831626848691695 0.8617021276595744 0.10580204778156997 0.02127659574468085
3 0.17974971558589306 0.2860520094562648 0.02844141069397042 0.026004728132387706
3 0.17974971558589306 0.35697399527186763 0.02844141069397042 0.026004728132387706
3 0.17974971558589306 0.42789598108747046 0.02844141069397042 0.026004728132387706
3 0.17974971558589306 0.4988179669030733 0.02844141069397042 0.026004728132387706
3 0.17974971558589306 0.5697399527186762 0.02844141069397042 0.026004728132387706
3 0.17974971558589306 0.640661938534279 0.02844141069397042 0.026004728132387706
3 0.17974971558589306 0.7115839243498818 0.02844141069397042 0.026004728132387706
3 0.17974971558589306 0.7825059101654847 0.02844141069397042 0.026004728132387706
3 0.17974971558589306 0.2860520094562648 0.02844141069397042 0.026004728132387706
3 0.17974971558589306 0.35697399527186763 0.02844141069397042 0.026004728132387706
3 0.17974971558589306 0.42789598108747046 0.02844141069397042 0.026004728132387706
3 0.17974971558589306 0.4988179669030733 0.02844141069397042 0.026004728132387706
3 0.17974971558589306 0.5697399527186762 0.02844141069397042 0.026004728132387706
3 0.17974971558589306 0.640661938534279 0.02844141069397042 0.026004728132387706
3 0.17974971558589306 0.7115839243498818 0.02844141069397042 0.026004728132387706
3 0.17974971558589306 0.7825059101654847 0.02844141069397042 0.026004728132387706
3 0.7098976109215017 0.32742316784869974 0.15984072810011377 0.0591016548463357
3 0.7292377701934016 0.5673758865248227 0.16382252559726962 0.02364066193853428
3 0.7292377701934016 0.5921985815602837 0.16382252559726962 0.02127659574468085
3 0.7281001137656428 0.6643026004728132 0.16552901023890784 0.02364066193853428
3 0.7281001137656428 0.6891252955082743 0.16552901023890784 0.02127659574468085
3 0.6831626848691695 0.8404255319148937 0.10580204778156997 0.02009456264775414
3 0.6638225255972696 0.9219858156028369 0.0671217292377702 0.02364066193853428
3 0.3310580204778157 0.08865248226950355 0.025597269624573378 0.02364066193853428
3 0.36860068259385664 0.08865248226950355 0.02844141069397042 0.02364066193853428
3 0.41865756541524457 0.08865248226950355 0.051194539249146756 0.02364066193853428
3 0.4641638225255973 0.08865248226950355 0.019908987485779295 0.02364066193853428
3 0.49715585893060293 0.08865248226950355 0.025597269624573378 0.02364066193853428
3 0.5312855517633674 0.08865248226950355 0.02218430034129693 0.02364066193853428
3 0.1945392491467577 0.07092198581560284 0.06541524459613197 0.02364066193853428
3 0.1899886234357224 0.0933806146572104 0.06541524459613197 0.02364066193853428
3 0.26791808873720135 0.19267139479905437 0.08418657565415244 0.016548463356973995
3 0.3464163822525597 0.19267139479905437 0.05233219567690557 0.016548463356973995
3 0.4283276450511945 0.19267139479905437 0.09215017064846416 0.016548463356973995
3 0.4948805460750853 0.19267139479905437 0.020477815699658702 0.016548463356973995
3 0.5255972696245734 0.19267139479905437 0.02104664391353811 0.016548463356973995
3 0.5568828213879409 0.19267139479905437 0.020477815699658702 0.016548463356973995