0 0.5837696335078534 0.02608695652173913 0.024083769633507852 0.042391304347826085
0 0.7298429319371728 0.1608695652173913 0.059162303664921465 0.015217391304347827
1 0.7141361256544503 0.02717391304347826 0.17801047120418848 0.042391304347826085
1 0.40890052356020945 0.3565217391304348 0.1486910994764398 0.30869565217391304
1 0.5659685863874345 0.3565217391304348 0.1486910994764398 0.30869565217391304
1 0.7230366492146597 0.3565217391304348 0.1486910994764398 0.30869565217391304
1 0.22041884816753926 0.02717391304347826 0.07015706806282722 0.03695652173913044
2 0.43926701570680626 0.02608695652173913 0.31308900523560207 0.042391304347826085
2 0.4973821989528796 0.02608695652173913 0.007329842931937173 0.015217391304347827
3 0.5287958115183246 0.02717391304347826 0.08638743455497382 0.02826086956521739
3 0.37225130890052355 0.5836956521739131 0.05445026178010471 0.020652173913043477
3 0.5397905759162304 0.6021739130434782 0.07539267015706806 0.020652173913043477
3 0.5659685863874345 0.6739130434782609 0.12774869109947645 0.014130434782608696
3 0.6968586387434555 0.5836956521739131 0.07539267015706806 0.020652173913043477
3 0.5340314136125655 0.02608695652173913 0.0612565445026178 0.021739130434782608
3 0.5340314136125655 0.02608695652173913 0.0612565445026178 0.021739130434782608
3 0.2544502617801047 0.21739130434782608 0.14554973821989528 0.03260869565217391
3 0.40890052356020945 0.6271739130434782 0.12774869109947645 0.0391304347826087
3 0.5659685863874345 0.6456521739130435 0.12774869109947645 0.0391304347826087
3 0.7230366492146597 0.6271739130434782 0.12774869109947645 0.0391304347826087
3 0.3450261780104712 0.08260869565217391 0.02356020942408377 0.021739130434782608
3 0.3795811518324607 0.08260869565217391 0.02617801047120419 0.021739130434782608
3 0.4256544502617801 0.08260869565217391 0.04712041884816754 0.021739130434782608
3 0.4675392670157068 0.08260869565217391 0.01832460732984293 0.021739130434782608
3 0.4979057591623037 0.08260869565217391 0.02356020942408377 0.021739130434782608
3 0.5293193717277487 0.08260869565217391 0.020418848167539267 0.021739130434782608
3 0.2157068062827225 0.5065217391304347 0.06806282722513089 0.01956521739130435
3 0.19581151832460733 0.591304347826087 0.028272251308900525 0.01956521739130435
3 0.19581151832460733 0.6173913043478261 0.028795811518324606 0.01956521739130435
3 0.19633507853403143 0.6434782608695652 0.029842931937172777 0.01956521739130435
3 0.19162303664921465 0.6695652173913044 0.019895287958115182 0.01956521739130435
3 0.20471204188481676 0.6956521739130435 0.04659685863874346 0.01956521739130435
3 0.1973821989528796 0.7217391304347827 0.031413612565445025 0.01956521739130435
3 0.19005235602094242 0.7478260869565218 0.017277486910994764 0.01956521739130435
3 0.1905759162303665 0.7739130434782608 0.01780104712041885 0.01956521739130435
3 0.1931937172774869 0.8 0.023036649214659685 0.01956521739130435
3 0.19109947643979058 0.9141304347826087 0.018848167539267015 0.01956521739130435
3 0.25759162303664923 0.5065217391304347 0.01099476439790576 0.01956521739130435
3 0.22408376963350785 0.591304347826087 0.02198952879581152 0.01956521739130435
3 0.22146596858638742 0.6173913043478261 0.015706806282722512 0.01956521739130435
3 0.22251308900523561 0.6434782608695652 0.016230366492146597 0.01956521739130435
3 0.21047120418848167 0.6695652173913044 0.012041884816753926 0.01956521739130435
3 0.23664921465968586 0.6956521739130435 0.011518324607329843 0.01956521739130435
3 0.22146596858638742 0.7217391304347827 0.011518324607329843 0.01956521739130435
3 0.20680628272251309 0.7478260869565218 0.009424083769633508 0.01956521739130435
3 0.20680628272251309 0.7739130434782608 0.009947643979057591 0.01956521739130435
3 0.21151832460732983 0.8 0.007853403141361256 0.01956521739130435
3 0.2130890052356021 0.9141304347826087 0.019895287958115182 0.01956521739130435
3 0.2193717277486911 0.06630434782608696 0.060209424083769635 0.021739130434782608
3 0.21518324607329842 0.08695652173913043 0.060209424083769635 0.021739130434782608
3 0.22041884816753926 0.15108695652173912 0.0774869109947644 0.021739130434782608
3 0.2931937172774869 0.15108695652173912 0.048167539267015703 0.021739130434782608
3 0.23350785340314137 0.17282608695652174 0.10418848167539267 0.021739130434782608