0 0.7134831460674157 0.10747663551401869 0.06348314606741573 0.016355140186915886
1 0.3691011235955056 0.3177570093457944 0.15955056179775282 0.3317757009345794
1 0.5376404494382022 0.3177570093457944 0.15955056179775282 0.3317757009345794
1 0.7061797752808989 0.3177570093457944 0.15955056179775282 0.3317757009345794
3 0.3297752808988764 0.6086448598130841 0.058426966292134834 0.02219626168224299
3 0.498314606741573 0.5619158878504673 0.058426966292134834 0.02219626168224299
3 0.6780898876404494 0.5619158878504673 0.08089887640449438 0.02219626168224299
3 0.20337078651685395 0.19158878504672897 0.15617977528089888 0.035046728971962614
3 0.3691011235955056 0.655373831775701 0.13707865168539327 0.04205607476635514
3 0.5376404494382022 0.6086448598130841 0.13707865168539327 0.04205607476635514
3 0.7061797752808989 0.6086448598130841 0.13707865168539327 0.04205607476635514
3 0.300561797752809 0.02336448598130841 0.025280898876404494 0.02336448598130841
3 0.33764044943820226 0.02336448598130841 0.028089887640449437 0.02336448598130841
3 0.38707865168539324 0.02336448598130841 0.05056179775280899 0.02336448598130841
3 0.43202247191011234 0.02336448598130841 0.019662921348314606 0.02336448598130841
3 0.4646067415730337 0.02336448598130841 0.025280898876404494 0.02336448598130841
3 0.498314606741573 0.02336448598130841 0.021910112359550562 0.02336448598130841
3 0.16179775280898875 0.5023364485981309 0.07303370786516854 0.02102803738317757
3 0.13539325842696628 0.5934579439252337 0.020786516853932586 0.02102803738317757
3 0.1398876404494382 0.6214953271028038 0.029775280898876405 0.02102803738317757
3 0.14157303370786517 0.6495327102803738 0.03258426966292135 0.02102803738317757
3 0.13595505617977527 0.677570093457944 0.021348314606741574 0.02102803738317757
3 0.13651685393258428 0.705607476635514 0.02247191011235955 0.02102803738317757
3 0.15393258426966291 0.7336448598130841 0.05786516853932584 0.02102803738317757
3 0.13595505617977527 0.7616822429906542 0.021348314606741574 0.02102803738317757
3 0.15337078651685393 0.7897196261682243 0.056179775280898875 0.02102803738317757
3 0.1544943820224719 0.8177570093457944 0.05898876404494382 0.02102803738317757
3 0.13539325842696628 0.9404205607476636 0.020224719101123594 0.02102803738317757
3 0.2050561797752809 0.5023364485981309 0.007865168539325843 0.02102803738317757
3 0.15786516853932583 0.5934579439252337 0.01741573033707865 0.02102803738317757
3 0.16685393258426967 0.6214953271028038 0.01741573033707865 0.02102803738317757
3 0.1662921348314607 0.6495327102803738 0.010674157303370787 0.02102803738317757
3 0.15617977528089888 0.677570093457944 0.012359550561797753 0.02102803738317757
3 0.15674157303370786 0.705607476635514 0.012921348314606741 0.02102803738317757
3 0.19269662921348316 0.7336448598130841 0.012921348314606741 0.02102803738317757
3 0.15617977528089888 0.7616822429906542 0.012921348314606741 0.02102803738317757
3 0.18820224719101122 0.7897196261682243 0.007865168539325843 0.02102803738317757
3 0.19157303370786516 0.8177570093457944 0.008426966292134831 0.02102803738317757
3 0.15674157303370786 0.9404205607476636 0.016853932584269662 0.02102803738317757
3 0.16573033707865167 0.009345794392523364 0.0651685393258427 0.018691588785046728
3 0.16123595505617977 0.028037383177570093 0.06460674157303371 0.02336448598130841
3 0.16685393258426967 0.0969626168224299 0.08314606741573034 0.02336448598130841
3 0.2449438202247191 0.0969626168224299 0.051685393258426963 0.02336448598130841
3 0.16067415730337078 0.12032710280373832 0.07078651685393259 0.02336448598130841
3 0.19325842696629214 0.13200934579439252 0.13651685393258428 0.04672897196261682