0 0.5964864864864865 0.010650224215246636 0.025405405405405406 0.021300448430493273
0 0.7470270270270271 0.13789237668161436 0.06108108108108108 0.01569506726457399
1 0.731081081081081 0.011210762331838564 0.18432432432432433 0.02242152466367713
1 0.39513513513513515 0.29260089686098656 0.08648648648648649 0.17937219730941703
1 0.39513513513513515 0.5179372197309418 0.08648648648648649 0.17937219730941703
1 0.39513513513513515 0.7432735426008968 0.08648648648648649 0.17937219730941703
1 0.22135135135135134 0.010089686098654708 0.07297297297297298 0.020179372197309416
2 0.4472972972972973 0.010650224215246636 0.3237837837837838 0.021300448430493273
2 0.5164864864864865 0.003923766816143498 0.008108108108108109 0.007847533632286996
3 0.5445945945945946 0.007847533632286996 0.08054054054054054 0.01569506726457399
3 0.5021621621621621 0.3004484304932735 0.10162162162162162 0.021300448430493273
3 0.5021621621621621 0.5257847533632287 0.10162162162162162 0.021300448430493273
3 0.6205405405405405 0.6905829596412556 0.3389189189189189 0.01569506726457399
3 0.49027027027027026 0.7668161434977578 0.07783783783783783 0.021300448430493273
3 0.4702702702702703 0.9915919282511211 0.03891891891891892 0.014573991031390135
3 0.55 0.005605381165919282 0.05459459459459459 0.011210762331838564
3 0.55 0.005605381165919282 0.05459459459459459 0.011210762331838564
3 0.2562162162162162 0.21300448430493274 0.15027027027027026 0.06726457399103139
3 0.6205405405405405 0.21748878923766815 0.3389189189189189 0.02914798206278027
3 0.6205405405405405 0.4428251121076233 0.3389189189189189 0.02914798206278027
3 0.6205405405405405 0.6681614349775785 0.3389189189189189 0.02914798206278027
3 0.6205405405405405 0.8934977578475336 0.3389189189189189 0.02914798206278027
3 0.3497297297297297 0.05717488789237668 0.024324324324324326 0.02242152466367713
3 0.3854054054054054 0.05717488789237668 0.02702702702702703 0.02242152466367713
3 0.432972972972973 0.05717488789237668 0.04864864864864865 0.02242152466367713
3 0.47621621621621624 0.05717488789237668 0.01891891891891892 0.02242152466367713
3 0.5075675675675676 0.05717488789237668 0.024324324324324326 0.02242152466367713
3 0.54 0.05717488789237668 0.02108108108108108 0.02242152466367713
3 0.21621621621621623 0.5280269058295964 0.07027027027027027 0.020179372197309416
3 0.20594594594594595 0.6154708520179372 0.04972972972972973 0.020179372197309416
3 0.20756756756756756 0.6423766816143498 0.05297297297297297 0.020179372197309416
3 0.19405405405405404 0.7298206278026906 0.026486486486486487 0.020179372197309416
3 0.1908108108108108 0.7567264573991032 0.01945945945945946 0.020179372197309416
3 0.1908108108108108 0.844170403587444 0.01945945945945946 0.020179372197309416
3 0.22486486486486487 0.9316143497757847 0.08810810810810811 0.020179372197309416
3 0.2610810810810811 0.5280269058295964 0.014054054054054054 0.020179372197309416
3 0.24432432432432433 0.6154708520179372 0.02054054054054054 0.020179372197309416
3 0.24054054054054055 0.6423766816143498 0.0075675675675675675 0.020179372197309416
3 0.22 0.7298206278026906 0.02 0.020179372197309416
3 0.21135135135135136 0.7567264573991032 0.016216216216216217 0.020179372197309416
3 0.21081081081081082 0.844170403587444 0.015135135135135135 0.020179372197309416
3 0.28 0.9316143497757847 0.016216216216216217 0.020179372197309416
3 0.22 0.04035874439461883 0.062162162162162166 0.02242152466367713
3 0.21567567567567567 0.061659192825112105 0.062162162162162166 0.02242152466367713
3 0.22108108108108107 0.12780269058295965 0.08 0.02242152466367713
3 0.2524324324324324 0.13901345291479822 0.14324324324324325 0.04484304932735426
3 0.2508108108108108 0.15022421524663676 0.07783783783783783 0.02242152466367713
3 0.31351351351351353 0.15022421524663676 0.027567567567567567 0.02242152466367713