0 0.584375 0.02918918918918919 0.023958333333333335 0.04216216216216216
0 0.7296875 0.19027027027027027 0.058854166666666666 0.015135135135135135
0 0.8067708333333333 0.2843243243243243 0.016666666666666666 0.034594594594594595
0 0.2234375 0.20972972972972972 0.04635416666666667 0.04108108108108108
0 0.2864583333333333 0.20972972972972972 0.07552083333333333 0.04108108108108108
1 0.7140625 0.03027027027027027 0.17708333333333334 0.04216216216216216
1 0.3619791666666667 0.2843243243243243 0.04479166666666667 0.09297297297297297
1 0.42083333333333334 0.2843243243243243 0.04479166666666667 0.09297297297297297
1 0.4791666666666667 0.2843243243243243 0.04479166666666667 0.09297297297297297
1 0.5380208333333333 0.2843243243243243 0.04479166666666667 0.09297297297297297
1 0.5963541666666666 0.2843243243243243 0.04479166666666667 0.09297297297297297
1 0.6552083333333333 0.2843243243243243 0.04479166666666667 0.09297297297297297
1 0.7135416666666666 0.2843243243243243 0.04479166666666667 0.09297297297297297
1 0.7723958333333333 0.2843243243243243 0.04479166666666667 0.09297297297297297
1 0.390625 0.46702702702702703 0.08333333333333333 0.17297297297297298
1 0.390625 0.7124324324324325 0.08333333333333333 0.17297297297297298
2 0.440625 0.02918918918918919 0.31145833333333334 0.04216216216216216
2 0.4979166666666667 0.02918918918918919 0.007291666666666667 0.015135135135135135
3 0.1828125 0 0 0
3 0.22291666666666668 0.03027027027027027 0.06979166666666667 0.036756756756756756
3 0.6729166666666667 0.08540540540540541 0.057291666666666664 0.021621621621621623
3 0.71875 0.08540540540540541 0.034375 0.021621621621621623
3 0.7609375 0.08540540540540541 0.050520833333333334 0.021621621621621623
3 0.21770833333333334 0.07783783783783783 0.06927083333333334 0.043243243243243246
3 0.30520833333333336 0.08540540540540541 0.04114583333333333 0.021621621621621623
3 0.346875 0.08540540540540541 0.0234375 0.021621621621621623
3 0.38125 0.08540540540540541 0.026041666666666668 0.021621621621621623
3 0.4270833333333333 0.08540540540540541 0.046875 0.021621621621621623
3 0.46875 0.08540540540540541 0.018229166666666668 0.021621621621621623
3 0.49895833333333334 0.08540540540540541 0.0234375 0.021621621621621623
3 0.5302083333333333 0.08540540540540541 0.0203125 0.021621621621621623
3 0.7963541666666667 0.08324324324324324 0.013020833333333334 0.022702702702702703
3 0.7140625 0.03351351351351351 0.17708333333333334 0.04756756756756757
3 0.296875 0.13513513513513514 0.05625 0.021621621621621623
3 0.34791666666666665 0.13513513513513514 0.025520833333333333 0.021621621621621623
3 0.40260416666666665 0.13513513513513514 0.06354166666666666 0.021621621621621623
3 0.453125 0.13513513513513514 0.015625 0.021621621621621623
3 0.4864583333333333 0.13513513513513514 0.03177083333333333 0.021621621621621623
3 0.22604166666666667 0.1891891891891892 0.08385416666666666 0.021621621621621623
3 0.29322916666666665 0.3362162162162162 0.016666666666666666 0.017297297297297298
3 0.29322916666666665 0.40756756756756757 0.016666666666666666 0.017297297297297298
3 0.29322916666666665 0.4810810810810811 0.016666666666666666 0.017297297297297298
3 0.2265625 0.5848648648648649 0.08489583333333334 0.01945945945945946
3 0.20208333333333334 0.6691891891891892 0.0359375 0.01945945945945946
3 0.20364583333333333 0.6951351351351351 0.03854166666666667 0.01945945945945946
3 0.20260416666666667 0.721081081081081 0.036458333333333336 0.01945945945945946
3 0.2 0.7470270270270271 0.03177083333333333 0.01945945945945946
3 0.20520833333333333 0.772972972972973 0.041666666666666664 0.01945945945945946
3 0.20208333333333334 0.798918918918919 0.0359375 0.01945945945945946
3 0.2 0.8248648648648649 0.03125 0.01945945945945946
3 0.2 0.8508108108108108 0.03125 0.01945945945945946
3 0.20052083333333334 0.8767567567567568 0.0328125 0.01945945945945946
3 0.20833333333333334 0.961081081081081 0.04791666666666667 0.01945945945945946
3 0.19947916666666668 0.987027027027027 0.030208333333333334 0.01945945945945946
3 0.7807291666666667 0.19243243243243244 0.008333333333333333 0.017297297297297298
3 0.7932291666666667 0.19243243243243244 0.008333333333333333 0.017297297297297298
3 0.36354166666666665 0.2843243243243243 0.058333333333333334 0.11243243243243244
3 0.42239583333333336 0.2843243243243243 0.058333333333333334 0.11243243243243244
3 0.48072916666666665 0.2843243243243243 0.058333333333333334 0.11243243243243244
3 0.5395833333333333 0.2843243243243243 0.058333333333333334 0.11243243243243244
3 0.5979166666666667 0.2843243243243243 0.058333333333333334 0.11243243243243244
3 0.6567708333333333 0.2843243243243243 0.058333333333333334 0.11243243243243244
3 0.7151041666666667 0.2843243243243243 0.058333333333333334 0.11243243243243244
3 0.7739583333333333 0.2843243243243243 0.058333333333333334 0.11243243243243244
3 0.390625 0.46702702702702703 0.08333333333333333 0.17297297297297298
3 0.6078125 0.4335135135135135 0.3265625 0.02810810810810811
3 0.6078125 0.45513513513513515 0.3265625 0.015135135135135135
3 0.390625 0.7124324324324325 0.08333333333333333 0.17297297297297298
3 0.6078125 0.654054054054054 0.3265625 0.05621621621621622
3 0.6078125 0.8572972972972973 0.3265625 0.02810810810810811
3 0.5296875 0.03027027027027027 0.08645833333333333 0.02810810810810811
3 0.6078125 0.45513513513513515 0.3265625 0.015135135135135135
3 0.4630208333333333 0.5643243243243243 0.03697916666666667 0.015135135135135135
3 0.4630208333333333 0.7632432432432432 0.03697916666666667 0.015135135135135135
3 0.49375 0.9372972972972973 0.09791666666666667 0.02054054054054054
3 0.5348958333333333 0.02918918918918919 0.06145833333333333 0.021621621621621623
3 0.5348958333333333 0.02918918918918919 0.06145833333333333 0.021621621621621623
3 0.25677083333333334 0.23351351351351352 0.14479166666666668 0.032432432432432434
3 0.6078125 0.4335135135135135 0.3265625 0.02810810810810811
3 0.6078125 0.654054054054054 0.3265625 0.05621621621621622
3 0.6078125 0.8572972972972973 0.3265625 0.02810810810810811
3 0.26875 0.1545945945945946 0.13697916666666668 0.043243243243243246