0 0.5842931937172775 0.02608695652173913 0.024083769633507852 0.042391304347826085
0 0.6900523560209424 0.8967391304347826 0.1382198952879581 0.01956521739130435
1 0.7146596858638743 0.02717391304347826 0.17801047120418848 0.042391304347826085
1 0.20628272251308902 0.2467391304347826 0.023036649214659685 0.04782608695652174
1 0.40575916230366493 0.5173913043478261 0.34973821989528797 0.508695652173913
1 0.20628272251308902 0.3119565217391304 0.023036649214659685 0.04782608695652174
1 0.20628272251308902 0.37717391304347825 0.023036649214659685 0.04782608695652174
1 0.20628272251308902 0.4423913043478261 0.023036649214659685 0.04782608695652174
1 0.20628272251308902 0.5076086956521739 0.023036649214659685 0.04782608695652174
1 0.20628272251308902 0.5728260869565217 0.023036649214659685 0.04782608695652174
1 0.20628272251308902 0.6380434782608696 0.023036649214659685 0.04782608695652174
1 0.22094240837696336 0.02717391304347826 0.07015706806282722 0.03695652173913044
2 0.4397905759162304 0.02608695652173913 0.31308900523560207 0.042391304347826085
3 0.6586387434554973 0.4826086956521739 0.07591623036649214 0.01956521739130435
3 0.7041884816753927 0.7152173913043478 0.16649214659685863 0.02282608695652174
3 0.6664921465968586 0.7989130434782609 0.09162303664921466 0.01956521739130435
3 0.6989528795811518 0.9228260869565217 0.15602094240837697 0.015217391304347827
3 0.20628272251308902 0.26413043478260867 0.02617801047120419 0.02391304347826087
3 0.20628272251308902 0.3293478260869565 0.02617801047120419 0.02391304347826087
3 0.20628272251308902 0.39456521739130435 0.02617801047120419 0.02391304347826087
3 0.20628272251308902 0.4597826086956522 0.02617801047120419 0.02391304347826087
3 0.20628272251308902 0.525 0.02617801047120419 0.02391304347826087
3 0.20628272251308902 0.5902173913043478 0.02617801047120419 0.02391304347826087
3 0.20628272251308902 0.6554347826086957 0.02617801047120419 0.02391304347826087
3 0.20628272251308902 0.26413043478260867 0.02617801047120419 0.02391304347826087
3 0.20628272251308902 0.3293478260869565 0.02617801047120419 0.02391304347826087
3 0.20628272251308902 0.39456521739130435 0.02617801047120419 0.02391304347826087
3 0.20628272251308902 0.4597826086956522 0.02617801047120419 0.02391304347826087
3 0.20628272251308902 0.525 0.02617801047120419 0.02391304347826087
3 0.20628272251308902 0.5902173913043478 0.02617801047120419 0.02391304347826087
3 0.20628272251308902 0.6554347826086957 0.02617801047120419 0.02391304347826087
3 0.694240837696335 0.31521739130434784 0.14712041884816754 0.08152173913043478
3 0.7120418848167539 0.55 0.15078534031413612 0.021739130434782608
3 0.7109947643979058 0.6173913043478261 0.15235602094240838 0.021739130434782608
3 0.7109947643979058 0.6402173913043478 0.15235602094240838 0.01956521739130435
3 0.6664921465968586 0.7793478260869565 0.09162303664921466 0.01847826086956522
3 0.6518324607329843 0.8543478260869565 0.061780104712041886 0.021739130434782608
3 0.34554973821989526 0.08260869565217391 0.02356020942408377 0.021739130434782608
3 0.38010471204188484 0.08260869565217391 0.02617801047120419 0.021739130434782608
3 0.4261780104712042 0.08260869565217391 0.04712041884816754 0.021739130434782608
3 0.4680628272251309 0.08260869565217391 0.01832460732984293 0.021739130434782608
3 0.49842931937172774 0.08260869565217391 0.02356020942408377 0.021739130434782608
3 0.5298429319371728 0.08260869565217391 0.020418848167539267 0.021739130434782608
3 0.2198952879581152 0.06630434782608696 0.060209424083769635 0.021739130434782608
3 0.2157068062827225 0.08695652173913043 0.060209424083769635 0.021739130434782608
3 0.287434554973822 0.1782608695652174 0.0774869109947644 0.015217391304347827
3 0.35968586387434553 0.1782608695652174 0.048167539267015703 0.015217391304347827
3 0.4350785340314136 0.1782608695652174 0.08481675392670157 0.015217391304347827
3 0.4963350785340314 0.1782608695652174 0.018848167539267015 0.015217391304347827
3 0.5246073298429319 0.1782608695652174 0.0193717277486911 0.015217391304347827
3 0.5534031413612566 0.1782608695652174 0.018848167539267015 0.015217391304347827