0 0.7807909604519774 0.10915492957746478 0.06384180790960452 0.01643192488262911
1 0.4344632768361582 0.3204225352112676 0.16045197740112993 0.3333333333333333
1 0.603954802259887 0.3204225352112676 0.16045197740112993 0.3333333333333333
1 0.7734463276836158 0.3204225352112676 0.16045197740112993 0.3333333333333333
3 0.3949152542372881 0.5856807511737089 0.05875706214689266 0.022300469483568074
3 0.5644067796610169 0.5657276995305164 0.05875706214689266 0.022300469483568074
3 0.7451977401129943 0.5856807511737089 0.08135593220338982 0.022300469483568074
3 0.7734463276836158 0.6631455399061033 0.13785310734463277 0.015258215962441314
3 0.2677966101694915 0.17018779342723006 0.15706214689265538 0.035211267605633804
3 0.4344632768361582 0.6220657276995305 0.13785310734463277 0.02112676056338028
3 0.603954802259887 0.6126760563380281 0.13785310734463277 0.04225352112676056
3 0.7734463276836158 0.6326291079812206 0.13785310734463277 0.04225352112676056
3 0.3655367231638418 0.02464788732394366 0.025423728813559324 0.023474178403755867
3 0.40282485875706214 0.02464788732394366 0.02824858757062147 0.023474178403755867
3 0.45254237288135596 0.02464788732394366 0.05084745762711865 0.023474178403755867
3 0.4977401129943503 0.02464788732394366 0.01977401129943503 0.023474178403755867
3 0.5305084745762711 0.02464788732394366 0.025423728813559324 0.023474178403755867
3 0.5644067796610169 0.02464788732394366 0.022033898305084745 0.023474178403755867
3 0.22598870056497175 0.4823943661971831 0.07344632768361582 0.02112676056338028
3 0.2305084745762712 0.573943661971831 0.08305084745762711 0.02112676056338028
3 0.22372881355932203 0.602112676056338 0.06892655367231638 0.02112676056338028
3 0.21525423728813559 0.6302816901408451 0.05254237288135593 0.02112676056338028
3 0.20734463276836157 0.6584507042253521 0.03615819209039548 0.02112676056338028
3 0.2062146892655367 0.6866197183098591 0.03389830508474576 0.02112676056338028
3 0.20564971751412428 0.7147887323943662 0.0327683615819209 0.02112676056338028
3 0.2016949152542373 0.7429577464788732 0.025423728813559324 0.02112676056338028
3 0.207909604519774 0.7711267605633803 0.03728813559322034 0.02112676056338028
3 0.20677966101694914 0.7992957746478874 0.03502824858757062 0.02112676056338028
3 0.19943502824858758 0.9225352112676056 0.020338983050847456 0.02112676056338028
3 0.27175141242937856 0.4823943661971831 0.012429378531073447 0.02112676056338028
3 0.28700564971751413 0.573943661971831 0.022598870056497175 0.02112676056338028
3 0.2672316384180791 0.602112676056338 0.012994350282485875 0.02112676056338028
3 0.2497175141242938 0.6302816901408451 0.010169491525423728 0.02112676056338028
3 0.23333333333333334 0.6584507042253521 0.010169491525423728 0.02112676056338028
3 0.2305084745762712 0.6866197183098591 0.007909604519774011 0.02112676056338028
3 0.22937853107344633 0.7147887323943662 0.00847457627118644 0.02112676056338028
3 0.2214689265536723 0.7429577464788732 0.007909604519774011 0.02112676056338028
3 0.23389830508474577 0.7711267605633803 0.00847457627118644 0.02112676056338028
3 0.22994350282485876 0.7992957746478874 0.005649717514124294 0.02112676056338028
3 0.22090395480225988 0.9225352112676056 0.01751412429378531 0.02112676056338028
3 0.22994350282485876 0.009976525821596244 0.0655367231638418 0.01995305164319249
3 0.22542372881355932 0.029342723004694836 0.06497175141242938 0.023474178403755867
3 0.23107344632768362 0.09859154929577464 0.08361581920903954 0.023474178403755867
3 0.3096045197740113 0.09859154929577464 0.0519774011299435 0.023474178403755867
3 0.23333333333333334 0.12206572769953052 0.08870056497175141 0.023474178403755867