0 0.6102209944751381 0.013188073394495414 0.025966850828729283 0.026376146788990827
0 0.7640883977900552 0.14564220183486237 0.062430939226519336 0.016055045871559634
1 0.7477900552486187 0.013761467889908258 0.18839779005524862 0.027522935779816515
1 0.425414364640884 0.35206422018348627 0.1569060773480663 0.3256880733944954
1 0.5911602209944752 0.35206422018348627 0.1569060773480663 0.3256880733944954
1 0.7569060773480663 0.35206422018348627 0.1569060773480663 0.3256880733944954
1 0.22679558011049725 0.01261467889908257 0.07458563535911603 0.02522935779816514
2 0.45773480662983423 0.013188073394495414 0.330939226519337 0.026376146788990827
2 0.4704419889502762 0.006307339449541285 0.008287292817679558 0.01261467889908257
3 0.5276243093922652 0.010321100917431193 0.14033149171270717 0.020642201834862386
3 0.3867403314917127 0.6112385321100917 0.057458563535911604 0.021788990825688075
3 0.5524861878453039 0.591743119266055 0.057458563535911604 0.021788990825688075
3 0.7292817679558011 0.6112385321100917 0.07955801104972375 0.021788990825688075
3 0.7569060773480663 0.6869266055045872 0.13480662983425415 0.014908256880733946
3 0.5331491712707183 0.008027522935779817 0.1138121546961326 0.016055045871559634
3 0.5331491712707183 0.008027522935779817 0.1138121546961326 0.016055045871559634
3 0.26243093922651933 0.20527522935779816 0.15359116022099448 0.034403669724770644
3 0.425414364640884 0.6467889908256881 0.13480662983425415 0.020642201834862386
3 0.5911602209944752 0.6376146788990825 0.13480662983425415 0.04128440366972477
3 0.7569060773480663 0.6571100917431193 0.13480662983425415 0.04128440366972477
3 0.3580110497237569 0.06307339449541284 0.024861878453038673 0.022935779816513763
3 0.39447513812154694 0.06307339449541284 0.027624309392265192 0.022935779816513763
3 0.4430939226519337 0.06307339449541284 0.049723756906077346 0.022935779816513763
3 0.487292817679558 0.06307339449541284 0.019337016574585635 0.022935779816513763
3 0.5193370165745856 0.06307339449541284 0.024861878453038673 0.022935779816513763
3 0.5524861878453039 0.06307339449541284 0.02154696132596685 0.022935779816513763
3 0.22154696132596685 0.5103211009174312 0.0718232044198895 0.020642201834862386
3 0.22596685082872928 0.5997706422018348 0.08121546961325966 0.020642201834862386
3 0.21933701657458562 0.6272935779816514 0.06740331491712707 0.020642201834862386
3 0.2110497237569061 0.6548165137614679 0.05138121546961326 0.020642201834862386
3 0.20331491712707184 0.6823394495412844 0.03535911602209945 0.020642201834862386
3 0.2022099447513812 0.7098623853211009 0.03314917127071823 0.020642201834862386
3 0.20165745856353592 0.7373853211009175 0.032044198895027624 0.020642201834862386
3 0.19779005524861878 0.7649082568807339 0.024861878453038673 0.020642201834862386
3 0.20386740331491712 0.7924311926605505 0.036464088397790057 0.020642201834862386
3 0.20276243093922652 0.819954128440367 0.03425414364640884 0.020642201834862386
3 0.19558011049723756 0.9403669724770642 0.019889502762430938 0.020642201834862386
3 0.2662983425414365 0.5103211009174312 0.012154696132596685 0.020642201834862386
3 0.28121546961325966 0.5997706422018348 0.022099447513812154 0.020642201834862386
3 0.261878453038674 0.6272935779816514 0.01270718232044199 0.020642201834862386
3 0.2447513812154696 0.6548165137614679 0.009944751381215469 0.020642201834862386
3 0.2287292817679558 0.6823394495412844 0.009944751381215469 0.020642201834862386
3 0.22596685082872928 0.7098623853211009 0.0077348066298342545 0.020642201834862386
3 0.22486187845303868 0.7373853211009175 0.008287292817679558 0.020642201834862386
3 0.21712707182320443 0.7649082568807339 0.0077348066298342545 0.020642201834862386
3 0.2292817679558011 0.7924311926605505 0.008287292817679558 0.020642201834862386
3 0.225414364640884 0.819954128440367 0.0055248618784530384 0.020642201834862386
3 0.2165745856353591 0.9403669724770642 0.01712707182320442 0.020642201834862386
3 0.225414364640884 0.045871559633027525 0.06353591160220995 0.022935779816513763
3 0.22099447513812154 0.0676605504587156 0.06353591160220995 0.022935779816513763
3 0.2265193370165746 0.1353211009174312 0.08176795580110498 0.022935779816513763
3 0.3033149171270718 0.1353211009174312 0.05082872928176796 0.022935779816513763
3 0.2287292817679558 0.15825688073394495 0.0867403314917127 0.022935779816513763