0 0.577807486631016 0.020555555555555556 0.025133689839572194 0.04111111111111111
0 0.7267379679144385 0.15666666666666668 0.06042780748663101 0.015555555555555555
1 0.7109625668449198 0.021111111111111112 0.18235294117647058 0.042222222222222223
1 0.39893048128342246 0.3566666666666667 0.1518716577540107 0.31555555555555553
1 0.5593582887700534 0.3566666666666667 0.1518716577540107 0.31555555555555553
1 0.7197860962566844 0.3566666666666667 0.1518716577540107 0.31555555555555553
1 0.20641711229946524 0.02 0.07165775401069518 0.03777777777777778
2 0.43021390374331553 0.020555555555555556 0.32032085561497325 0.04111111111111111
2 0.5064171122994653 0.01888888888888889 0.0074866310160427805 0.015555555555555555
3 0.5299465240641711 0.02 0.07112299465240642 0.028888888888888888
3 0.39893048128342246 0.6722222222222223 0.1304812834224599 0.014444444444444444
3 0.5427807486631016 0.5888888888888889 0.09732620320855614 0.021111111111111112
3 0.6930481283422459 0.5888888888888889 0.07700534759358289 0.021111111111111112
3 0.5352941176470588 0.01888888888888889 0.045454545454545456 0.022222222222222223
3 0.5352941176470588 0.01888888888888889 0.045454545454545456 0.022222222222222223
3 0.2411764705882353 0.21444444444444444 0.14866310160427806 0.03333333333333333
3 0.39893048128342246 0.6433333333333333 0.1304812834224599 0.04
3 0.5593582887700534 0.6233333333333333 0.1304812834224599 0.02
3 0.7197860962566844 0.6333333333333333 0.1304812834224599 0.04
3 0.3336898395721925 0.07666666666666666 0.02406417112299465 0.022222222222222223
3 0.3689839572192513 0.07666666666666666 0.026737967914438502 0.022222222222222223
3 0.4160427807486631 0.07666666666666666 0.0481283422459893 0.022222222222222223
3 0.4588235294117647 0.07666666666666666 0.01871657754010695 0.022222222222222223
3 0.4898395721925134 0.07666666666666666 0.02406417112299465 0.022222222222222223
3 0.5219251336898396 0.07666666666666666 0.02085561497326203 0.022222222222222223
3 0.2016042780748663 0.51 0.06951871657754011 0.02
3 0.17647058823529413 0.5966666666666667 0.019251336898395723 0.02
3 0.21016042780748664 0.6833333333333333 0.08716577540106951 0.02
3 0.18342245989304812 0.77 0.033155080213903745 0.02
3 0.1839572192513369 0.8833333333333333 0.034759358288770054 0.02
3 0.17754010695187167 0.97 0.0213903743315508 0.02
3 0.17780748663101603 0.9927777777777778 0.021925133689839574 0.012222222222222223
3 0.2427807486631016 0.51 0.0074866310160427805 0.02
3 0.19679144385026737 0.5966666666666667 0.016042780748663103 0.02
3 0.2641711229946524 0.6833333333333333 0.015508021390374332 0.02
3 0.2106951871657754 0.77 0.015508021390374332 0.02
3 0.1983957219251337 0.7966666666666666 0.01229946524064171 0.02
3 0.21016042780748664 0.8833333333333333 0.01229946524064171 0.02
3 0.19946524064171123 0.97 0.016577540106951873 0.02
3 0.1962566844919786 0.9927777777777778 0.011764705882352941 0.012222222222222223
3 0.2053475935828877 0.06 0.06149732620320856 0.022222222222222223
3 0.20106951871657755 0.0811111111111111 0.06149732620320856 0.022222222222222223
3 0.20641711229946524 0.14666666666666667 0.07914438502673797 0.022222222222222223
3 0.2807486631016043 0.14666666666666667 0.04919786096256684 0.022222222222222223
3 0.19197860962566846 0.1688888888888889 0.05026737967914439 0.022222222222222223
3 0.23689839572192514 0.1688888888888889 0.019251336898395723 0.022222222222222223