0 0.7923777019340159 0.23522458628841608 0.06427758816837315 0.016548463356973995
0 0.6825938566552902 0.39243498817966904 0.03640500568828214 0.030732860520094562
0 0.6780432309442548 0.6300236406619385 0.027872582480091012 0.030732860520094562
0 0.6888509670079636 0.8983451536643026 0.04948805460750853 0.030732860520094562
1 0.42207053469852107 0.3983451536643026 0.09101251422070535 0.18912529550827423
1 0.42207053469852107 0.6359338061465721 0.09101251422070535 0.18912529550827423
1 0.42207053469852107 0.8735224586288416 0.09101251422070535 0.18912529550827423
3 0.5233219567690558 0.4066193853427896 0.08475540386803185 0.022458628841607566
3 0.6518771331058021 0.39243498817966904 0.020477815699658702 0.02127659574468085
3 0.5113765642775882 0.6442080378250591 0.06029579067121729 0.022458628841607566
3 0.6518771331058021 0.6300236406619385 0.020477815699658702 0.02127659574468085
3 0.5221843003412969 0.9125295508274232 0.08191126279863481 0.022458628841607566
3 0.6518771331058021 0.8983451536643026 0.020477815699658702 0.02127659574468085
3 0.27588168373151306 0.3203309692671395 0.15813424345847554 0.03546099290780142
3 0.6592718998862344 0.3191489361702128 0.35665529010238906 0.030732860520094562
3 0.6592718998862344 0.5567375886524822 0.35665529010238906 0.030732860520094562
3 0.6592718998862344 0.8096926713947991 0.35665529010238906 0.061465721040189124
3 0.3742889647326507 0.04373522458628842 0.025597269624573378 0.02364066193853428
3 0.4118316268486917 0.04373522458628842 0.02844141069397042 0.02364066193853428
3 0.46188850967007966 0.04373522458628842 0.051194539249146756 0.02364066193853428
3 0.5073947667804323 0.04373522458628842 0.019908987485779295 0.02364066193853428
3 0.540386803185438 0.04373522458628842 0.025597269624573378 0.02364066193853428
3 0.5745164960182025 0.04373522458628842 0.02218430034129693 0.02364066193853428
3 0.23378839590443687 0.6347517730496454 0.07394766780432309 0.02127659574468085
3 0.21160409556313994 0.7269503546099291 0.030147895335608646 0.02127659574468085
3 0.21217292377701935 0.7553191489361702 0.03128555176336746 0.02127659574468085
3 0.21387940841865757 0.7836879432624113 0.034129692832764506 0.02127659574468085
3 0.21729237770193402 0.8120567375886525 0.040955631399317405 0.02127659574468085
3 0.20705346985210465 0.9042553191489362 0.020477815699658702 0.02127659574468085
3 0.2428896473265074 0.9923167848699763 0.09328782707622298 0.013002364066193853
3 0.2775881683731513 0.6347517730496454 0.007963594994311717 0.02127659574468085
3 0.23890784982935154 0.7269503546099291 0.017064846416382253 0.02127659574468085
3 0.23492605233219568 0.7553191489361702 0.007963594994311717 0.02127659574468085
3 0.23833902161547213 0.7836879432624113 0.008532423208191127 0.02127659574468085
3 0.2434584755403868 0.8120567375886525 0.005688282138794084 0.02127659574468085
3 0.22753128555176336 0.9042553191489362 0.015358361774744027 0.02127659574468085
3 0.30091012514220705 0.9923167848699763 0.01820250284414107 0.013002364066193853
3 0.23777019340159272 0.026004728132387706 0.06541524459613197 0.02364066193853428
3 0.23321956769055746 0.04846335697399527 0.06541524459613197 0.02364066193853428
3 0.22923777019340158 0.22458628841607564 0.06541524459613197 0.02364066193853428
3 0.31285551763367464 0.22458628841607564 0.0813424345847554 0.02364066193853428
3 0.24914675767918087 0.24822695035460993 0.08304891922639362 0.02364066193853428
3 0.2696245733788396 0.26004728132387706 0.14562002275312855 0.04728132387706856
3 0.2508532423208191 0.2718676122931442 0.025597269624573378 0.02364066193853428