0 0.715034965034965 0.12832929782082325 0.06585081585081586 0.01694915254237288
1 0.3578088578088578 0.34624697336561744 0.1655011655011655 0.34382566585956414
1 0.5326340326340326 0.34624697336561744 0.1655011655011655 0.34382566585956414
1 0.7074592074592074 0.34624697336561744 0.1655011655011655 0.34382566585956414
3 0.317016317016317 0.5992736077481841 0.06060606060606061 0.023002421307506054
3 0.5034965034965035 0.6198547215496368 0.08391608391608392 0.023002421307506054
3 0.5326340326340326 0.6997578692493946 0.14219114219114218 0.015738498789346248
3 0.6783216783216783 0.6198547215496368 0.08391608391608392 0.023002421307506054
3 0.1858974358974359 0.21549636803874092 0.16200466200466201 0.03631961259079903
3 0.3578088578088578 0.6476997578692494 0.14219114219114218 0.043583535108958835
3 0.5326340326340326 0.6682808716707022 0.14219114219114218 0.043583535108958835
3 0.7074592074592074 0.6682808716707022 0.14219114219114218 0.043583535108958835
3 0.2867132867132867 0.04116222760290557 0.026223776223776224 0.024213075060532687
3 0.32517482517482516 0.04116222760290557 0.029137529137529136 0.024213075060532687
3 0.3764568764568765 0.04116222760290557 0.05244755244755245 0.024213075060532687
3 0.4230769230769231 0.04116222760290557 0.020396270396270396 0.024213075060532687
3 0.4568764568764569 0.04116222760290557 0.026223776223776224 0.024213075060532687
3 0.49184149184149184 0.04116222760290557 0.022727272727272728 0.024213075060532687
3 0.14277389277389277 0.5375302663438256 0.07575757575757576 0.021791767554479417
3 0.12062937062937062 0.6319612590799032 0.03146853146853147 0.021791767554479417
3 0.12062937062937062 0.6610169491525424 0.03205128205128205 0.021791767554479417
3 0.12121212121212122 0.6900726392251816 0.033216783216783216 0.021791767554479417
3 0.11596736596736597 0.7191283292978208 0.022144522144522144 0.021791767554479417
3 0.13053613053613053 0.7481840193704601 0.051864801864801864 0.021791767554479417
3 0.11421911421911422 0.7772397094430993 0.019230769230769232 0.021791767554479417
3 0.12237762237762238 0.8062953995157385 0.03496503496503497 0.021791767554479417
3 0.1148018648018648 0.8353510895883777 0.019813519813519812 0.021791767554479417
3 0.1247086247086247 0.864406779661017 0.04020979020979021 0.021791767554479417
3 0.11567599067599067 0.9897094430992736 0.02156177156177156 0.018159806295399514
3 0.18997668997668998 0.5375302663438256 0.01282051282051282 0.021791767554479417
3 0.14976689976689977 0.6319612590799032 0.020396270396270396 0.021791767554479417
3 0.14918414918414918 0.6610169491525424 0.017482517482517484 0.021791767554479417
3 0.14918414918414918 0.6900726392251816 0.015734265734265736 0.021791767554479417
3 0.1386946386946387 0.7191283292978208 0.016317016317016316 0.021791767554479417
3 0.1660839160839161 0.7481840193704601 0.01282051282051282 0.021791767554479417
3 0.13286713286713286 0.7772397094430993 0.01048951048951049 0.021791767554479417
3 0.14627039627039626 0.8062953995157385 0.007575757575757576 0.021791767554479417
3 0.1317016317016317 0.8353510895883777 0.008158508158508158 0.021791767554479417
3 0.15151515151515152 0.864406779661017 0.00641025641025641 0.021791767554479417
3 0.14015151515151514 0.9897094430992736 0.022727272727272728 0.018159806295399514
3 0.14685314685314685 0.023002421307506054 0.06701631701631702 0.024213075060532687
3 0.14219114219114218 0.04600484261501211 0.06701631701631702 0.024213075060532687
3 0.14801864801864803 0.11743341404358354 0.08624708624708624 0.024213075060532687
3 0.229020979020979 0.11743341404358354 0.053613053613053616 0.024213075060532687
3 0.16258741258741258 0.14164648910411623 0.11596736596736597 0.024213075060532687
3 0.1247086247086247 0.16585956416464892 0.039627039627039624 0.024213075060532687