0 0.5855978260869565 0.0056433408577878106 0.025543478260869567 0.011286681715575621
0 0.7369565217391304 0.12866817155756208 0.06141304347826087 0.01580135440180587
1 0.7209239130434782 0.006207674943566591 0.18532608695652175 0.012415349887133182
1 0.40380434782608693 0.33182844243792325 0.15434782608695652 0.32054176072234764
1 0.5668478260869565 0.33182844243792325 0.15434782608695652 0.32054176072234764
1 0.7298913043478261 0.33182844243792325 0.15434782608695652 0.32054176072234764
1 0.20842391304347826 0.005079006772009029 0.07336956521739131 0.010158013544018058
2 0.4355978260869565 0.0056433408577878106 0.32554347826086955 0.011286681715575621
3 0.3657608695652174 0.5677200902934537 0.05652173913043478 0.02144469525959368
3 0.5396739130434782 0.5869074492099323 0.0782608695652174 0.02144469525959368
3 0.5668478260869565 0.6613995485327314 0.13260869565217392 0.014672686230248307
3 0.7027173913043478 0.5869074492099323 0.0782608695652174 0.02144469525959368
3 0.24347826086956523 0.20993227990970656 0.15108695652173912 0.033860045146726865
3 0.40380434782608693 0.6128668171557562 0.13260869565217392 0.040632054176072234
3 0.5668478260869565 0.6320541760722348 0.13260869565217392 0.040632054176072234
3 0.7298913043478261 0.6320541760722348 0.13260869565217392 0.040632054176072234
3 0.3375 0.04740406320541761 0.024456521739130436 0.022573363431151242
3 0.3733695652173913 0.04740406320541761 0.02717391304347826 0.022573363431151242
3 0.421195652173913 0.04740406320541761 0.04891304347826087 0.022573363431151242
3 0.46467391304347827 0.04740406320541761 0.019021739130434784 0.022573363431151242
3 0.49619565217391304 0.04740406320541761 0.024456521739130436 0.022573363431151242
3 0.528804347826087 0.04740406320541761 0.021195652173913043 0.022573363431151242
3 0.20326086956521738 0.510158013544018 0.07065217391304347 0.020316027088036117
3 0.1826086956521739 0.5981941309255079 0.029347826086956522 0.020316027088036117
3 0.1826086956521739 0.6252821670428894 0.029891304347826088 0.020316027088036117
3 0.18315217391304348 0.6523702031602708 0.03097826086956522 0.020316027088036117
3 0.1782608695652174 0.6794582392776524 0.020652173913043477 0.020316027088036117
3 0.19184782608695652 0.7065462753950339 0.0483695652173913 0.020316027088036117
3 0.1766304347826087 0.7336343115124153 0.017934782608695653 0.020316027088036117
3 0.1842391304347826 0.7607223476297968 0.03260869565217391 0.020316027088036117
3 0.17717391304347826 0.7878103837471784 0.01847826086956522 0.020316027088036117
3 0.18641304347826088 0.8148984198645598 0.0375 0.020316027088036117
3 0.17771739130434783 0.9334085778781038 0.01956521739130435 0.020316027088036117
3 0.24728260869565216 0.510158013544018 0.011956521739130435 0.020316027088036117
3 0.20978260869565218 0.5981941309255079 0.019021739130434784 0.020316027088036117
3 0.20923913043478262 0.6252821670428894 0.016304347826086956 0.020316027088036117
3 0.20923913043478262 0.6523702031602708 0.014673913043478261 0.020316027088036117
3 0.19945652173913042 0.6794582392776524 0.015217391304347827 0.020316027088036117
3 0.225 0.7065462753950339 0.011956521739130435 0.020316027088036117
3 0.19402173913043477 0.7336343115124153 0.009782608695652175 0.020316027088036117
3 0.20652173913043478 0.7607223476297968 0.007065217391304348 0.020316027088036117
3 0.19293478260869565 0.7878103837471784 0.007608695652173913 0.020316027088036117
3 0.21141304347826087 0.8148984198645598 0.005978260869565218 0.020316027088036117
3 0.20054347826086957 0.9334085778781038 0.020652173913043477 0.020316027088036117
3 0.20706521739130435 0.030474040632054177 0.0625 0.022573363431151242
3 0.20271739130434782 0.05191873589164785 0.0625 0.022573363431151242
3 0.20815217391304347 0.11851015801354402 0.08043478260869565 0.022573363431151242
3 0.28369565217391307 0.11851015801354402 0.05 0.022573363431151242
3 0.2217391304347826 0.14108352144469527 0.10815217391304348 0.022573363431151242
3 0.18641304347826088 0.1636568848758465 0.03695652173913044 0.022573363431151242