0 0.6084239130434783 0.017494356659142212 0.025543478260869567 0.034988713318284424
1 0.74375 0.01805869074492099 0.18532608695652175 0.03611738148984198
1 0.2157608695652174 0.8419864559819413 0.02391304347826087 0.04966139954853273
1 0.2157608695652174 0.909706546275395 0.02391304347826087 0.04966139954853273
1 0.21603260869565216 0.9757336343115124 0.024456521739130436 0.046275395033860044
1 0.23125 0.016930022573363433 0.07336956521739131 0.033860045146726865
2 0.45842391304347824 0.017494356659142212 0.32554347826086955 0.034988713318284424
3 0.2157608695652174 0.8600451467268623 0.02717391304347826 0.024830699774266364
3 0.2157608695652174 0.927765237020316 0.02717391304347826 0.024830699774266364
3 0.21603260869565216 0.9909706546275395 0.027717391304347826 0.01580135440180587
3 0.2157608695652174 0.8600451467268623 0.02717391304347826 0.024830699774266364
3 0.2157608695652174 0.927765237020316 0.02717391304347826 0.024830699774266364
3 0.21603260869565216 0.9909706546275395 0.027717391304347826 0.01580135440180587
3 0.7282608695652174 0.899548532731377 0.16467391304347825 0.056433408577878104
3 0.36032608695652174 0.07110609480812641 0.024456521739130436 0.022573363431151242
3 0.39619565217391306 0.07110609480812641 0.02717391304347826 0.022573363431151242
3 0.4440217391304348 0.07110609480812641 0.04891304347826087 0.022573363431151242
3 0.4875 0.07110609480812641 0.019021739130434784 0.022573363431151242
3 0.5190217391304348 0.07110609480812641 0.024456521739130436 0.022573363431151242
3 0.5516304347826086 0.07110609480812641 0.021195652173913043 0.022573363431151242
3 0.2298913043478261 0.05417607223476298 0.0625 0.022573363431151242
3 0.22554347826086957 0.07562076749435666 0.0625 0.022573363431151242
3 0.2625 0.7720090293453724 0.005434782608695652 0.01580135440180587
3 0.3 0.7720090293453724 0.05 0.01580135440180587
3 0.3782608695652174 0.7720090293453724 0.08804347826086957 0.01580135440180587
3 0.4418478260869565 0.7720090293453724 0.01956521739130435 0.01580135440180587
3 0.48967391304347824 0.7720090293453724 0.05652173913043478 0.01580135440180587
3 0.5369565217391304 0.7720090293453724 0.01956521739130435 0.01580135440180587