0 0.671875 0.9314903846153846 0.14525462962962962 0.021634615384615384
0 0.6918402777777778 0.9849759615384616 0.18460648148148148 0.027644230769230768
1 0.1412037037037037 0.1935096153846154 0.02546296296296296 0.052884615384615384
1 0.3616898148148148 0.49278846153846156 0.38657407407407407 0.5625
1 0.1412037037037037 0.265625 0.02546296296296296 0.052884615384615384
1 0.1412037037037037 0.33774038461538464 0.02546296296296296 0.052884615384615384
1 0.1412037037037037 0.4098557692307692 0.02546296296296296 0.052884615384615384
1 0.1412037037037037 0.48197115384615385 0.02546296296296296 0.052884615384615384
1 0.1412037037037037 0.5540865384615384 0.02546296296296296 0.052884615384615384
1 0.1412037037037037 0.6262019230769231 0.02546296296296296 0.052884615384615384
3 0.6574074074074074 0.4735576923076923 0.11574074074074074 0.021634615384615384
3 0.6915509259259259 0.7307692307692307 0.1840277777777778 0.025240384615384616
3 0.6678240740740741 0.8233173076923077 0.1371527777777778 0.021634615384615384
3 0.1412037037037037 0.2127403846153846 0.028935185185185185 0.026442307692307692
3 0.1412037037037037 0.2848557692307692 0.028935185185185185 0.026442307692307692
3 0.1412037037037037 0.35697115384615385 0.028935185185185185 0.026442307692307692
3 0.1412037037037037 0.42908653846153844 0.028935185185185185 0.026442307692307692
3 0.1412037037037037 0.5012019230769231 0.028935185185185185 0.026442307692307692
3 0.1412037037037037 0.5733173076923077 0.028935185185185185 0.026442307692307692
3 0.1412037037037037 0.6454326923076923 0.028935185185185185 0.026442307692307692
3 0.1412037037037037 0.2127403846153846 0.028935185185185185 0.026442307692307692
3 0.1412037037037037 0.2848557692307692 0.028935185185185185 0.026442307692307692
3 0.1412037037037037 0.35697115384615385 0.028935185185185185 0.026442307692307692
3 0.1412037037037037 0.42908653846153844 0.028935185185185185 0.026442307692307692
3 0.1412037037037037 0.5012019230769231 0.028935185185185185 0.026442307692307692
3 0.1412037037037037 0.5733173076923077 0.028935185185185185 0.026442307692307692
3 0.1412037037037037 0.6454326923076923 0.028935185185185185 0.026442307692307692
3 0.6805555555555556 0.2692307692307692 0.16261574074074073 0.09014423076923077
3 0.7002314814814815 0.5480769230769231 0.16666666666666666 0.02403846153846154
3 0.6990740740740741 0.6225961538461539 0.1684027777777778 0.02403846153846154
3 0.6990740740740741 0.6478365384615384 0.1684027777777778 0.021634615384615384
3 0.6678240740740741 0.8016826923076923 0.1371527777777778 0.020432692307692308
3 0.6336805555555556 0.8846153846153846 0.06828703703703703 0.02403846153846154
3 0.2951388888888889 0.01201923076923077 0.026041666666666668 0.02403846153846154
3 0.3333333333333333 0.01201923076923077 0.028935185185185185 0.02403846153846154
3 0.38425925925925924 0.01201923076923077 0.052083333333333336 0.02403846153846154
3 0.4305555555555556 0.01201923076923077 0.02025462962962963 0.02403846153846154
3 0.46412037037037035 0.01201923076923077 0.026041666666666668 0.02403846153846154
3 0.4988425925925926 0.01201923076923077 0.022569444444444444 0.02403846153846154
3 0.15625 0.003605769230769231 0.06712962962962964 0.007211538461538462
3 0.15162037037037038 0.016826923076923076 0.06655092592592593 0.02403846153846154
3 0.2309027777777778 0.11778846153846154 0.08564814814814815 0.016826923076923076
3 0.3107638888888889 0.11778846153846154 0.05324074074074074 0.016826923076923076
3 0.3940972222222222 0.11778846153846154 0.09375 0.016826923076923076
3 0.4618055555555556 0.11778846153846154 0.020833333333333332 0.016826923076923076
3 0.4930555555555556 0.11778846153846154 0.02141203703703704 0.016826923076923076
3 0.5248842592592593 0.11778846153846154 0.020833333333333332 0.016826923076923076