0 0.5920212765957447 0.02207505518763797 0.02446808510638298 0.04304635761589404
0 0.7404255319148936 0.15894039735099338 0.0601063829787234 0.01545253863134658
0 0.6313829787234042 0.7737306843267108 0.019148936170212766 0.039735099337748346
1 0.7244680851063829 0.023178807947019868 0.18085106382978725 0.04304635761589404
1 0.41436170212765955 0.3576158940397351 0.15106382978723404 0.31346578366445915
1 0.573936170212766 0.3576158940397351 0.15106382978723404 0.31346578366445915
1 0.7335106382978723 0.3576158940397351 0.15106382978723404 0.31346578366445915
1 0.22287234042553192 0.023178807947019868 0.07127659574468086 0.037527593818984545
2 0.4452127659574468 0.02207505518763797 0.3180851063829787 0.04304635761589404
2 0.47712765957446807 0.02207505518763797 0.007446808510638298 0.01545253863134658
3 0.5228723404255319 0.023178807947019868 0.1148936170212766 0.02869757174392936
3 0.3872340425531915 0.6324503311258278 0.07553191489361702 0.02097130242825607
3 0.7170212765957447 0.5883002207505519 0.09680851063829787 0.02097130242825607
3 0.5281914893617021 0.02207505518763797 0.08936170212765958 0.02207505518763797
3 0.5281914893617021 0.02207505518763797 0.08936170212765958 0.02207505518763797
3 0.2574468085106383 0.2163355408388521 0.1478723404255319 0.033112582781456956
3 0.41436170212765955 0.6766004415011038 0.12978723404255318 0.039735099337748346
3 0.573936170212766 0.6169977924944813 0.12978723404255318 0.039735099337748346
3 0.7335106382978723 0.6324503311258278 0.12978723404255318 0.039735099337748346
3 0.349468085106383 0.07947019867549669 0.023936170212765957 0.02207505518763797
3 0.38457446808510637 0.07947019867549669 0.026595744680851064 0.02207505518763797
3 0.43138297872340425 0.07947019867549669 0.047872340425531915 0.02207505518763797
3 0.47393617021276596 0.07947019867549669 0.018617021276595744 0.02207505518763797
3 0.5047872340425532 0.07947019867549669 0.023936170212765957 0.02207505518763797
3 0.5367021276595745 0.07947019867549669 0.02074468085106383 0.02207505518763797
3 0.21808510638297873 0.5099337748344371 0.06914893617021277 0.019867549668874173
3 0.1930851063829787 0.5960264900662252 0.019680851063829788 0.019867549668874173
3 0.20957446808510638 0.6225165562913907 0.052659574468085106 0.019867549668874173
3 0.20851063829787234 0.6490066225165563 0.05 0.019867549668874173
3 0.1925531914893617 0.6754966887417219 0.018085106382978722 0.019867549668874173
3 0.1930851063829787 0.7615894039735099 0.019148936170212766 0.019867549668874173
3 0.22659574468085106 0.847682119205298 0.08670212765957447 0.019867549668874173
3 0.2 0.9337748344370861 0.03297872340425532 0.019867549668874173
3 0.2601063829787234 0.5099337748344371 0.010106382978723405 0.019867549668874173
3 0.21436170212765956 0.5960264900662252 0.01648936170212766 0.019867549668874173
3 0.24574468085106382 0.6225165562913907 0.014361702127659574 0.019867549668874173
3 0.2425531914893617 0.6490066225165563 0.01223404255319149 0.019867549668874173
3 0.20797872340425533 0.6754966887417219 0.007446808510638298 0.019867549668874173
3 0.21329787234042552 0.7615894039735099 0.015957446808510637 0.019867549668874173
3 0.2797872340425532 0.847682119205298 0.014361702127659574 0.019867549668874173
3 0.2276595744680851 0.9337748344370861 0.01648936170212766 0.019867549668874173
3 0.21382978723404256 0.9602649006622517 0.010106382978723405 0.019867549668874173
3 0.22180851063829787 0.06291390728476821 0.061170212765957445 0.02207505518763797
3 0.2175531914893617 0.08388520971302428 0.061170212765957445 0.02207505518763797
3 0.22287234042553192 0.1490066225165563 0.07872340425531915 0.02207505518763797
3 0.2968085106382979 0.1490066225165563 0.04893617021276596 0.02207505518763797
3 0.20851063829787234 0.17108167770419427 0.05 0.02207505518763797
3 0.275 0.17108167770419427 0.06329787234042553 0.02207505518763797