0 0.5862433862433862 0.024175824175824177 0.02433862433862434 0.04285714285714286
0 0.7338624338624339 0.16043956043956045 0.059788359788359786 0.015384615384615385
0 0.6253968253968254 0.7725274725274726 0.01904761904761905 0.03956043956043956
1 0.717989417989418 0.025274725274725275 0.17989417989417988 0.04285714285714286
1 0.4095238095238095 0.35824175824175825 0.15026455026455027 0.3120879120879121
1 0.5682539682539682 0.35824175824175825 0.15026455026455027 0.3120879120879121
1 0.726984126984127 0.35824175824175825 0.15026455026455027 0.3120879120879121
1 0.21904761904761905 0.025274725274725275 0.07089947089947089 0.03736263736263736
2 0.4402116402116402 0.024175824175824177 0.3164021164021164 0.04285714285714286
2 0.47195767195767196 0.024175824175824177 0.007407407407407408 0.015384615384615385
3 0.5174603174603175 0.025274725274725275 0.11428571428571428 0.02857142857142857
3 0.3825396825396825 0.6318681318681318 0.07513227513227513 0.020879120879120878
3 0.7105820105820105 0.5879120879120879 0.0962962962962963 0.020879120879120878
3 0.5227513227513227 0.024175824175824177 0.08888888888888889 0.02197802197802198
3 0.5227513227513227 0.024175824175824177 0.08888888888888889 0.02197802197802198
3 0.25343915343915346 0.2175824175824176 0.14708994708994708 0.03296703296703297
3 0.4095238095238095 0.6758241758241759 0.1291005291005291 0.03956043956043956
3 0.5682539682539682 0.6164835164835165 0.1291005291005291 0.03956043956043956
3 0.726984126984127 0.6318681318681318 0.1291005291005291 0.03956043956043956
3 0.344973544973545 0.08131868131868132 0.023809523809523808 0.02197802197802198
3 0.3798941798941799 0.08131868131868132 0.026455026455026454 0.02197802197802198
3 0.4264550264550265 0.08131868131868132 0.047619047619047616 0.02197802197802198
3 0.4687830687830688 0.08131868131868132 0.018518518518518517 0.02197802197802198
3 0.49947089947089945 0.08131868131868132 0.023809523809523808 0.02197802197802198
3 0.5312169312169313 0.08131868131868132 0.020634920634920634 0.02197802197802198
3 0.21428571428571427 0.5098901098901099 0.06878306878306878 0.01978021978021978
3 0.18941798941798943 0.5956043956043956 0.019576719576719578 0.01978021978021978
3 0.20582010582010582 0.621978021978022 0.05238095238095238 0.01978021978021978
3 0.20476190476190476 0.6483516483516484 0.04973544973544974 0.01978021978021978
3 0.18888888888888888 0.6747252747252748 0.01798941798941799 0.01978021978021978
3 0.18941798941798943 0.7604395604395604 0.01904761904761905 0.01978021978021978
3 0.22275132275132276 0.8461538461538461 0.08624338624338625 0.01978021978021978
3 0.1962962962962963 0.9318681318681319 0.0328042328042328 0.01978021978021978
3 0.2560846560846561 0.5098901098901099 0.010052910052910053 0.01978021978021978
3 0.2105820105820106 0.5956043956043956 0.0164021164021164 0.01978021978021978
3 0.2417989417989418 0.621978021978022 0.014285714285714285 0.01978021978021978
3 0.23862433862433863 0.6483516483516484 0.01216931216931217 0.01978021978021978
3 0.20423280423280424 0.6747252747252748 0.007407407407407408 0.01978021978021978
3 0.20952380952380953 0.7604395604395604 0.015873015873015872 0.01978021978021978
3 0.27566137566137566 0.8461538461538461 0.014285714285714285 0.01978021978021978
3 0.22380952380952382 0.9318681318681319 0.0164021164021164 0.01978021978021978
3 0.21005291005291005 0.9582417582417583 0.010052910052910053 0.01978021978021978
3 0.21798941798941798 0.06483516483516484 0.06084656084656084 0.02197802197802198
3 0.21375661375661376 0.08571428571428572 0.06084656084656084 0.02197802197802198
3 0.21904761904761905 0.15054945054945054 0.07830687830687831 0.02197802197802198
3 0.29259259259259257 0.15054945054945054 0.04867724867724868 0.02197802197802198
3 0.20476190476190476 0.17252747252747253 0.04973544973544974 0.02197802197802198
3 0.2708994708994709 0.17252747252747253 0.06296296296296296 0.02197802197802198