0 0.19497206703910613 0.3677494199535963 0.0111731843575419 0.02320185614849188
0 0.25251396648044694 0.931554524361949 0.013407821229050279 0.027842227378190254
0 0.7480446927374301 0.25406032482598606 0.06312849162011173 0.016241299303944315
0 0.8016759776536313 0.3375870069605568 0.02011173184357542 0.04176334106728538
1 0.3843575418994413 0.41415313225058004 0.0893854748603352 0.18561484918793503
1 0.3843575418994413 0.6566125290023201 0.0893854748603352 0.18561484918793503
1 0.3843575418994413 0.8897911832946636 0.0893854748603352 0.18561484918793503
2 0.17988826815642459 0.9292343387470998 0.034636871508379886 0.029002320185614848
2 0.2245810055865922 0.9292343387470998 0.034636871508379886 0.029002320185614848
3 0.61731843575419 0.4013921113689095 0.35027932960893854 0.016241299303944315
3 0.4620111731843575 0.4976798143851508 0.03966480446927374 0.016241299303944315
3 0.61731843575419 0.6020881670533643 0.35027932960893854 0.016241299303944315
3 0.4949720670391061 0.6809744779582366 0.10502793296089385 0.022041763341067284
3 0.61731843575419 0.877030162412993 0.35027932960893854 0.016241299303944315
3 0.4949720670391061 0.9559164733178654 0.10502793296089385 0.022041763341067284
3 0.17988826815642459 0.931554524361949 0.0335195530726257 0.03596287703016241
3 0.2245810055865922 0.931554524361949 0.0335195530726257 0.03596287703016241
3 0.17988826815642459 0.931554524361949 0.0335195530726257 0.03596287703016241
3 0.2245810055865922 0.931554524361949 0.0335195530726257 0.03596287703016241
3 0.24078212290502793 0.29118329466357307 0.1553072625698324 0.03480278422273782
3 0.61731843575419 0.37819025522041766 0.35027932960893854 0.030162412993039442
3 0.61731843575419 0.5788863109048724 0.35027932960893854 0.030162412993039442
3 0.61731843575419 0.8538283062645011 0.35027932960893854 0.030162412993039442
3 0.33743016759776534 0.027842227378190254 0.025139664804469275 0.02320185614849188
3 0.3743016759776536 0.027842227378190254 0.027932960893854747 0.02320185614849188
3 0.423463687150838 0.027842227378190254 0.05027932960893855 0.02320185614849188
3 0.4681564245810056 0.027842227378190254 0.019553072625698324 0.02320185614849188
3 0.5005586592178771 0.027842227378190254 0.025139664804469275 0.02320185614849188
3 0.5340782122905028 0.027842227378190254 0.021787709497206705 0.02320185614849188
3 0.19944134078212292 0.660092807424594 0.07262569832402235 0.02088167053364269
3 0.16871508379888267 0.7505800464037123 0.0111731843575419 0.02088167053364269
3 0.16759776536312848 0.7784222737819025 0.008938547486033519 0.02088167053364269
3 0.188268156424581 0.8689095127610209 0.05027932960893855 0.02088167053364269
3 0.18100558659217877 0.8967517401392111 0.036312849162011177 0.02088167053364269
3 0.24189944134078212 0.660092807424594 0.007262569832402235 0.02088167053364269
3 0.18100558659217877 0.7505800464037123 0.00782122905027933 0.02088167053364269
3 0.1793296089385475 0.7784222737819025 0.00782122905027933 0.02088167053364269
3 0.2201117318435754 0.8689095127610209 0.00782122905027933 0.02088167053364269
3 0.20670391061452514 0.8967517401392111 0.00782122905027933 0.02088167053364269
3 0.20335195530726258 0.01160092807424594 0.06480446927374302 0.02320185614849188
3 0.19888268156424582 0.03248259860788863 0.06424581005586592 0.02320185614849188
3 0.20782122905027933 0.24361948955916474 0.08994413407821229 0.02320185614849188
3 0.28268156424581004 0.24361948955916474 0.038547486033519554 0.02320185614849188