0 0.596524064171123 0.021666666666666667 0.025133689839572194 0.043333333333333335
0 0.7454545454545455 0.15888888888888889 0.06042780748663101 0.015555555555555555
1 0.7294117647058823 0.022222222222222223 0.18181818181818182 0.043333333333333335
1 0.4176470588235294 0.35888888888888887 0.1518716577540107 0.31555555555555553
1 0.5780748663101605 0.35888888888888887 0.1518716577540107 0.31555555555555553
1 0.7385026737967915 0.35888888888888887 0.1518716577540107 0.31555555555555553
1 0.2251336898395722 0.022222222222222223 0.07165775401069518 0.03777777777777778
2 0.44893048128342244 0.021666666666666667 0.32032085561497325 0.043333333333333335
2 0.49572192513368984 0.021111111111111112 0.0074866310160427805 0.015555555555555555
3 0.5342245989304812 0.022222222222222223 0.10053475935828877 0.028888888888888888
3 0.39090909090909093 0.6355555555555555 0.07700534759358289 0.021111111111111112
3 0.5406417112299465 0.61 0.05561497326203209 0.021111111111111112
3 0.711764705882353 0.5911111111111111 0.07700534759358289 0.021111111111111112
3 0.539572192513369 0.021111111111111112 0.0748663101604278 0.022222222222222223
3 0.539572192513369 0.021111111111111112 0.0748663101604278 0.022222222222222223
3 0.25989304812834224 0.2111111111111111 0.14866310160427806 0.06666666666666667
3 0.4176470588235294 0.68 0.1304812834224599 0.04
3 0.5780748663101605 0.6544444444444445 0.1304812834224599 0.04
3 0.7385026737967915 0.6355555555555555 0.1304812834224599 0.04
3 0.3524064171122995 0.07888888888888888 0.02406417112299465 0.022222222222222223
3 0.3877005347593583 0.07888888888888888 0.026737967914438502 0.022222222222222223
3 0.43475935828877005 0.07888888888888888 0.0481283422459893 0.022222222222222223
3 0.47754010695187166 0.07888888888888888 0.01871657754010695 0.022222222222222223
3 0.5085561497326203 0.07888888888888888 0.02406417112299465 0.022222222222222223
3 0.5406417112299465 0.07888888888888888 0.02085561497326203 0.022222222222222223
3 0.22032085561497325 0.5233333333333333 0.06951871657754011 0.02
3 0.23850267379679144 0.61 0.10641711229946524 0.02
3 0.2288770053475936 0.6366666666666667 0.08663101604278074 0.02
3 0.2192513368983957 0.6633333333333333 0.06737967914438503 0.02
3 0.1946524064171123 0.69 0.01818181818181818 0.02
3 0.19518716577540107 0.7766666666666666 0.019251336898395723 0.02
3 0.2288770053475936 0.8633333333333333 0.08716577540106951 0.02
3 0.2021390374331551 0.95 0.033155080213903745 0.02
3 0.26149732620320854 0.5233333333333333 0.0074866310160427805 0.02
3 0.30267379679144385 0.61 0.016042780748663103 0.02
3 0.2807486631016043 0.6366666666666667 0.011764705882352941 0.02
3 0.25935828877005346 0.6633333333333333 0.0074866310160427805 0.02
3 0.21122994652406418 0.69 0.010160427807486631 0.02
3 0.21336898395721926 0.7766666666666666 0.011764705882352941 0.02
3 0.28288770053475937 0.8633333333333333 0.015508021390374332 0.02
3 0.22994652406417113 0.95 0.016042780748663103 0.02
3 0.2160427807486631 0.9766666666666667 0.010160427807486631 0.02
3 0.22406417112299465 0.06222222222222222 0.06149732620320856 0.022222222222222223
3 0.2197860962566845 0.08333333333333333 0.06149732620320856 0.022222222222222223
3 0.2251336898395722 0.14888888888888888 0.07914438502673797 0.022222222222222223
3 0.2994652406417112 0.14888888888888888 0.04919786096256684 0.022222222222222223