0 0.5854497354497354 0.018131868131868133 0.02486772486772487 0.03626373626373627
0 0.6878306878306878 0.9604395604395605 0.1312169312169312 0.01978021978021978
1 0.7171957671957672 0.01868131868131868 0.18042328042328043 0.03736263736263736
1 0.20317460317460317 0.23736263736263735 0.02328042328042328 0.04835164835164835
1 0.40476190476190477 0.510989010989011 0.35343915343915344 0.5142857142857142
1 0.20317460317460317 0.3032967032967033 0.02328042328042328 0.04835164835164835
1 0.20317460317460317 0.36923076923076925 0.02328042328042328 0.04835164835164835
1 0.20317460317460317 0.4351648351648352 0.02328042328042328 0.04835164835164835
1 0.20317460317460317 0.5010989010989011 0.02328042328042328 0.04835164835164835
1 0.20317460317460317 0.567032967032967 0.02328042328042328 0.04835164835164835
1 0.20317460317460317 0.6329670329670329 0.02328042328042328 0.04835164835164835
1 0.20317460317460317 0.6989010989010989 0.02328042328042328 0.04835164835164835
1 0.21825396825396826 0.017582417582417582 0.07142857142857142 0.035164835164835165
2 0.43941798941798943 0.018131868131868133 0.31693121693121695 0.03626373626373627
3 0.6603174603174603 0.4758241758241758 0.07671957671957672 0.01978021978021978
3 0.7063492063492064 0.7769230769230769 0.16825396825396827 0.023076923076923078
3 0.6698412698412698 0.8615384615384616 0.09576719576719576 0.01978021978021978
3 0.20317460317460317 0.2549450549450549 0.026455026455026454 0.024175824175824177
3 0.20317460317460317 0.3208791208791209 0.026455026455026454 0.024175824175824177
3 0.20317460317460317 0.3868131868131868 0.026455026455026454 0.024175824175824177
3 0.20317460317460317 0.45274725274725275 0.026455026455026454 0.024175824175824177
3 0.20317460317460317 0.5186813186813187 0.026455026455026454 0.024175824175824177
3 0.20317460317460317 0.5846153846153846 0.026455026455026454 0.024175824175824177
3 0.20317460317460317 0.6505494505494506 0.026455026455026454 0.024175824175824177
3 0.20317460317460317 0.7164835164835165 0.026455026455026454 0.024175824175824177
3 0.20317460317460317 0.2549450549450549 0.026455026455026454 0.024175824175824177
3 0.20317460317460317 0.3208791208791209 0.026455026455026454 0.024175824175824177
3 0.20317460317460317 0.3868131868131868 0.026455026455026454 0.024175824175824177
3 0.20317460317460317 0.45274725274725275 0.026455026455026454 0.024175824175824177
3 0.20317460317460317 0.5186813186813187 0.026455026455026454 0.024175824175824177
3 0.20317460317460317 0.5846153846153846 0.026455026455026454 0.024175824175824177
3 0.20317460317460317 0.6505494505494506 0.026455026455026454 0.024175824175824177
3 0.20317460317460317 0.7164835164835165 0.026455026455026454 0.024175824175824177
3 0.6962962962962963 0.3065934065934066 0.14867724867724869 0.08241758241758242
3 0.7142857142857143 0.5439560439560439 0.1523809523809524 0.02197802197802198
3 0.7142857142857143 0.567032967032967 0.1523809523809524 0.01978021978021978
3 0.7142857142857143 0.589010989010989 0.1523809523809524 0.01978021978021978
3 0.7142857142857143 0.610989010989011 0.1523809523809524 0.01978021978021978
3 0.7132275132275132 0.6780219780219781 0.15396825396825398 0.02197802197802198
3 0.7132275132275132 0.701098901098901 0.15396825396825398 0.01978021978021978
3 0.6698412698412698 0.8417582417582418 0.09576719576719576 0.01868131868131868
3 0.6534391534391535 0.9175824175824175 0.06243386243386243 0.02197802197802198
3 0.3439153439153439 0.07142857142857142 0.023809523809523808 0.02197802197802198
3 0.37883597883597886 0.07142857142857142 0.026455026455026454 0.02197802197802198
3 0.4253968253968254 0.07142857142857142 0.047619047619047616 0.02197802197802198
3 0.4677248677248677 0.07142857142857142 0.018518518518518517 0.02197802197802198
3 0.4984126984126984 0.07142857142857142 0.023809523809523808 0.02197802197802198
3 0.5301587301587302 0.07142857142857142 0.020634920634920634 0.02197802197802198
3 0.21693121693121692 0.054945054945054944 0.06084656084656084 0.02197802197802198
3 0.2126984126984127 0.07582417582417582 0.06084656084656084 0.02197802197802198
3 0.2851851851851852 0.16813186813186815 0.07830687830687831 0.015384615384615385
3 0.3582010582010582 0.16813186813186815 0.04867724867724868 0.015384615384615385
3 0.4343915343915344 0.16813186813186815 0.08571428571428572 0.015384615384615385
3 0.5026455026455027 0.16813186813186815 0.031746031746031744 0.015384615384615385
3 0.5566137566137566 0.16813186813186815 0.05767195767195767 0.015384615384615385