0 0.5833333333333334 0.006235827664399093 0.025683060109289616 0.012471655328798186
0 0.7355191256830601 0.13038548752834467 0.06174863387978142 0.015873015873015872
1 0.7193989071038251 0.006802721088435374 0.18633879781420765 0.013605442176870748
1 0.4005464480874317 0.3344671201814059 0.1551912568306011 0.3219954648526077
1 0.5644808743169399 0.3344671201814059 0.1551912568306011 0.3219954648526077
1 0.7284153005464481 0.3344671201814059 0.1551912568306011 0.3219954648526077
1 0.2040983606557377 0.005668934240362812 0.07377049180327869 0.011337868480725623
2 0.4325136612021858 0.006235827664399093 0.3273224043715847 0.012471655328798186
3 0.5346994535519126 0.003401360544217687 0.07377049180327869 0.006802721088435374
3 0.3726775956284153 0.5714285714285714 0.07759562841530054 0.021541950113378686
3 0.5366120218579234 0.6167800453514739 0.07759562841530054 0.021541950113378686
3 0.6901639344262295 0.5714285714285714 0.05683060109289618 0.021541950113378686
3 0.23934426229508196 0.1893424036281179 0.15191256830601094 0.034013605442176874
3 0.4005464480874317 0.6167800453514739 0.13333333333333333 0.04081632653061224
3 0.5644808743169399 0.6621315192743764 0.13333333333333333 0.04081632653061224
3 0.7284153005464481 0.6167800453514739 0.13333333333333333 0.04081632653061224
3 0.333879781420765 0.048752834467120185 0.02459016393442623 0.022675736961451247
3 0.3699453551912568 0.048752834467120185 0.0273224043715847 0.022675736961451247
3 0.4180327868852459 0.048752834467120185 0.04918032786885246 0.022675736961451247
3 0.46174863387978143 0.048752834467120185 0.01912568306010929 0.022675736961451247
3 0.4934426229508197 0.048752834467120185 0.02459016393442623 0.022675736961451247
3 0.5262295081967213 0.048752834467120185 0.021311475409836064 0.022675736961451247
3 0.1989071038251366 0.4909297052154195 0.07103825136612021 0.02040816326530612
3 0.1726775956284153 0.5793650793650794 0.018579234972677595 0.02040816326530612
3 0.17486338797814208 0.6065759637188208 0.022950819672131147 0.02040816326530612
3 0.17978142076502732 0.6337868480725624 0.03278688524590164 0.02040816326530612
3 0.1737704918032787 0.6609977324263039 0.021311475409836064 0.02040816326530612
3 0.18524590163934426 0.6882086167800453 0.04371584699453552 0.02040816326530612
3 0.17978142076502732 0.7766439909297053 0.03333333333333333 0.02040816326530612
3 0.1901639344262295 0.8038548752834467 0.053551912568306013 0.02040816326530612
3 0.173224043715847 0.8310657596371882 0.019672131147540985 0.02040816326530612
3 0.17595628415300546 0.8582766439909297 0.025683060109289616 0.02040816326530612
3 0.17923497267759564 0.8854875283446711 0.03224043715846994 0.02040816326530612
3 0.17595628415300546 0.9126984126984127 0.025683060109289616 0.02040816326530612
3 0.17923497267759564 0.9399092970521542 0.03169398907103825 0.02040816326530612
3 0.1901639344262295 0.9671201814058957 0.053551912568306013 0.02040816326530612
3 0.17486338797814208 0.9914965986394558 0.024043715846994537 0.01473922902494331
3 0.24316939890710382 0.4909297052154195 0.012021857923497269 0.02040816326530612
3 0.19289617486338798 0.5793650793650794 0.016939890710382512 0.02040816326530612
3 0.19726775956284154 0.6065759637188208 0.01639344262295082 0.02040816326530612
3 0.20765027322404372 0.6337868480725624 0.016939890710382512 0.02040816326530612
3 0.1918032786885246 0.6609977324263039 0.00819672131147541 0.02040816326530612
3 0.21420765027322405 0.6882086167800453 0.00819672131147541 0.02040816326530612
3 0.2103825136612022 0.7766439909297053 0.020765027322404372 0.02040816326530612
3 0.226775956284153 0.8038548752834467 0.014207650273224045 0.02040816326530612
3 0.19453551912568307 0.8310657596371882 0.016939890710382512 0.02040816326530612
3 0.1994535519125683 0.8582766439909297 0.014754098360655738 0.02040816326530612
3 0.20601092896174864 0.8854875283446711 0.014754098360655738 0.02040816326530612
3 0.19726775956284154 0.9126984126984127 0.011475409836065573 0.02040816326530612
3 0.20437158469945355 0.9399092970521542 0.012021857923497269 0.02040816326530612
3 0.22513661202185792 0.9671201814058957 0.011475409836065573 0.02040816326530612
3 0.19508196721311474 0.9914965986394558 0.01092896174863388 0.01473922902494331
3 0.20273224043715846 0.031746031746031744 0.06284153005464481 0.022675736961451247
3 0.19836065573770492 0.05328798185941043 0.06284153005464481 0.022675736961451247
3 0.20382513661202187 0.12018140589569161 0.08087431693989071 0.022675736961451247
3 0.2797814207650273 0.12018140589569161 0.05027322404371585 0.022675736961451247
3 0.20765027322404372 0.14285714285714285 0.08852459016393442 0.022675736961451247
3 0.2715846994535519 0.14285714285714285 0.019672131147540985 0.022675736961451247
3 0.3016393442622951 0.14285714285714285 0.020218579234972677 0.022675736961451247