0 0.5770053475935829 0.027777777777777776 0.02459893048128342 0.043333333333333335
0 0.20267379679144384 0.2966666666666667 0.0106951871657754 0.022222222222222223
0 0.7262032085561497 0.16555555555555557 0.06042780748663101 0.015555555555555555
1 0.7101604278074867 0.028888888888888888 0.18181818181818182 0.043333333333333335
1 0.3983957219251337 0.3655555555555556 0.1518716577540107 0.31555555555555553
1 0.5588235294117647 0.3655555555555556 0.1518716577540107 0.31555555555555553
1 0.7192513368983957 0.3655555555555556 0.1518716577540107 0.31555555555555553
1 0.20588235294117646 0.028888888888888888 0.07165775401069518 0.03777777777777778
2 0.4294117647058823 0.027777777777777776 0.31978609625668447 0.043333333333333335
2 0.49358288770053477 0.027777777777777776 0.0074866310160427805 0.015555555555555555
3 0.5235294117647059 0.028888888888888888 0.08342245989304813 0.028888888888888888
3 0.3518716577540107 0.64 0.03796791443850268 0.015555555555555555
3 0.5315508021390374 0.5977777777777777 0.07593582887700535 0.021111111111111112
3 0.6919786096256685 0.5977777777777777 0.07593582887700535 0.021111111111111112
3 0.5288770053475936 0.027777777777777776 0.057754010695187166 0.022222222222222223
3 0.5288770053475936 0.027777777777777776 0.057754010695187166 0.022222222222222223
3 0.24064171122994651 0.22333333333333333 0.14866310160427806 0.03333333333333333
3 0.3983957219251337 0.6711111111111111 0.1304812834224599 0.02
3 0.5588235294117647 0.6422222222222222 0.1304812834224599 0.04
3 0.7192513368983957 0.6422222222222222 0.1304812834224599 0.04
3 0.3331550802139037 0.08555555555555555 0.02406417112299465 0.022222222222222223
3 0.3684491978609626 0.08555555555555555 0.026737967914438502 0.022222222222222223
3 0.41550802139037435 0.08555555555555555 0.0481283422459893 0.022222222222222223
3 0.45828877005347596 0.08555555555555555 0.01871657754010695 0.022222222222222223
3 0.4893048128342246 0.08555555555555555 0.02406417112299465 0.022222222222222223
3 0.5213903743315508 0.08555555555555555 0.02085561497326203 0.022222222222222223
3 0.17593582887700535 0.5766666666666667 0.019251336898395723 0.02
3 0.20962566844919786 0.6633333333333333 0.08716577540106951 0.02
3 0.18288770053475936 0.75 0.033155080213903745 0.02
3 0.18342245989304812 0.8633333333333333 0.034759358288770054 0.02
3 0.17700534759358288 0.95 0.0213903743315508 0.02
3 0.17700534759358288 0.9766666666666667 0.0213903743315508 0.02
3 0.19491978609625668 0.9961111111111111 0.0572192513368984 0.005555555555555556
3 0.19518716577540107 0.5766666666666667 0.013903743315508022 0.02
3 0.2609625668449198 0.6633333333333333 0.009625668449197862 0.02
3 0.20962566844919786 0.75 0.014438502673796792 0.02
3 0.1946524064171123 0.7766666666666666 0.0058823529411764705 0.02
3 0.20962566844919786 0.8633333333333333 0.011764705882352941 0.02
3 0.1983957219251337 0.95 0.014973262032085561 0.02
3 0.1962566844919786 0.9766666666666667 0.01229946524064171 0.02
3 0.22994652406417113 0.9961111111111111 0.008556149732620321 0.005555555555555556
3 0.20481283422459892 0.06888888888888889 0.06149732620320856 0.022222222222222223
3 0.20053475935828877 0.09 0.06149732620320856 0.022222222222222223
3 0.20588235294117646 0.15555555555555556 0.07914438502673797 0.022222222222222223
3 0.2802139037433155 0.15555555555555556 0.04919786096256684 0.022222222222222223
3 0.19144385026737967 0.17777777777777778 0.05026737967914439 0.022222222222222223
3 0.24224598930481284 0.17777777777777778 0.03155080213903743 0.022222222222222223