0 0.7350282485875707 0.14553990610328638 0.06384180790960452 0.01643192488262911
1 0.3887005649717514 0.3568075117370892 0.16045197740112993 0.3333333333333333
1 0.5581920903954802 0.3568075117370892 0.16045197740112993 0.3333333333333333
1 0.727683615819209 0.3568075117370892 0.16045197740112993 0.3333333333333333
3 0.34915254237288135 0.6490610328638498 0.05875706214689266 0.022300469483568074
3 0.5186440677966102 0.602112676056338 0.05875706214689266 0.022300469483568074
3 0.6994350282485876 0.602112676056338 0.08135593220338982 0.022300469483568074
3 0.22203389830508474 0.20657276995305165 0.15706214689265538 0.035211267605633804
3 0.3887005649717514 0.6960093896713615 0.13785310734463277 0.04225352112676056
3 0.5581920903954802 0.6490610328638498 0.13785310734463277 0.04225352112676056
3 0.727683615819209 0.6490610328638498 0.13785310734463277 0.04225352112676056
3 0.319774011299435 0.022300469483568074 0.025423728813559324 0.023474178403755867
3 0.35706214689265536 0.022300469483568074 0.02824858757062147 0.023474178403755867
3 0.4067796610169492 0.022300469483568074 0.05084745762711865 0.023474178403755867
3 0.4519774011299435 0.022300469483568074 0.01977401129943503 0.023474178403755867
3 0.4847457627118644 0.022300469483568074 0.025423728813559324 0.023474178403755867
3 0.5186440677966102 0.022300469483568074 0.022033898305084745 0.023474178403755867
3 0.18022598870056497 0.5187793427230047 0.07344632768361582 0.02112676056338028
3 0.1536723163841808 0.6103286384976526 0.020338983050847456 0.02112676056338028
3 0.18926553672316385 0.7018779342723005 0.09209039548022599 0.02112676056338028
3 0.16101694915254236 0.7934272300469484 0.03502824858757062 0.02112676056338028
3 0.1615819209039548 0.9131455399061033 0.03672316384180791 0.02112676056338028
3 0.15508474576271186 0.9964788732394366 0.023163841807909605 0.004694835680751174
3 0.2248587570621469 0.5187793427230047 0.010169491525423728 0.02112676056338028
3 0.1751412429378531 0.6103286384976526 0.01751412429378531 0.02112676056338028
3 0.24915254237288137 0.7018779342723005 0.021468926553672316 0.02112676056338028
3 0.19378531073446328 0.7934272300469484 0.024293785310734464 0.02112676056338028
3 0.1768361581920904 0.8215962441314554 0.012994350282485875 0.02112676056338028
3 0.18983050847457628 0.9131455399061033 0.013559322033898305 0.02112676056338028
3 0.1790960451977401 0.9964788732394366 0.020338983050847456 0.004694835680751174
3 0.18418079096045198 0.008802816901408451 0.0655367231638418 0.017605633802816902
3 0.17966101694915254 0.02699530516431925 0.06497175141242938 0.023474178403755867
3 0.18531073446327684 0.13497652582159625 0.08361581920903954 0.023474178403755867
3 0.26384180790960454 0.13497652582159625 0.0519774011299435 0.023474178403755867
3 0.18926553672316385 0.15845070422535212 0.09152542372881356 0.023474178403755867
3 0.2615819209039548 0.15845070422535212 0.03333333333333333 0.023474178403755867