0 0.6058333333333333 0.015011547344110854 0.026111111111111113 0.03002309468822171
0 0.7605555555555555 0.18822170900692842 0.06277777777777778 0.016166281755196306
1 0.7441666666666666 0.01558891454965358 0.18944444444444444 0.03117782909930716
1 0.42 0.3960739030023095 0.15777777777777777 0.3279445727482679
1 0.5866666666666667 0.3960739030023095 0.15777777777777777 0.3279445727482679
1 0.7533333333333333 0.3960739030023095 0.15777777777777777 0.3279445727482679
1 0.22027777777777777 0.014434180138568129 0.075 0.028868360277136258
2 0.4525 0.015011547344110854 0.3327777777777778 0.03002309468822171
2 0.5191666666666667 0.008083140877598153 0.008333333333333333 0.016166281755196306
3 0.5502777777777778 0.01212471131639723 0.08722222222222223 0.02424942263279446
3 0.3811111111111111 0.6836027713625866 0.057777777777777775 0.021939953810623556
3 0.5588888888888889 0.6374133949191686 0.08 0.021939953810623556
3 0.7255555555555555 0.6374133949191686 0.08 0.021939953810623556
3 0.5558333333333333 0.009815242494226328 0.06055555555555556 0.019630484988452657
3 0.5558333333333333 0.009815242494226328 0.06055555555555556 0.019630484988452657
3 0.2561111111111111 0.24826789838337182 0.15444444444444444 0.03464203233256351
3 0.42 0.7297921478060047 0.13555555555555557 0.04157043879907621
3 0.5866666666666667 0.6836027713625866 0.13555555555555557 0.04157043879907621
3 0.7533333333333333 0.6836027713625866 0.13555555555555557 0.04157043879907621
3 0.3522222222222222 0.06697459584295612 0.025 0.023094688221709007
3 0.3888888888888889 0.06697459584295612 0.027777777777777776 0.023094688221709007
3 0.43777777777777777 0.06697459584295612 0.05 0.023094688221709007
3 0.4822222222222222 0.06697459584295612 0.019444444444444445 0.023094688221709007
3 0.5144444444444445 0.06697459584295612 0.025 0.023094688221709007
3 0.5477777777777778 0.06697459584295612 0.021666666666666667 0.023094688221709007
3 0.215 0.5554272517321016 0.07222222222222222 0.020785219399538105
3 0.2088888888888889 0.6454965357967667 0.06055555555555556 0.020785219399538105
3 0.19666666666666666 0.6732101616628176 0.035555555555555556 0.020785219399538105
3 0.195 0.7009237875288684 0.03222222222222222 0.020785219399538105
3 0.19666666666666666 0.7286374133949192 0.03611111111111111 0.020785219399538105
3 0.19666666666666666 0.75635103926097 0.035555555555555556 0.020785219399538105
3 0.18833333333333332 0.7840646651270208 0.01888888888888889 0.020785219399538105
3 0.18888888888888888 0.874133949191686 0.02 0.020785219399538105
3 0.2238888888888889 0.964203233256351 0.09055555555555556 0.020785219399538105
3 0.26166666666666666 0.5554272517321016 0.01611111111111111 0.020785219399538105
3 0.2538888888888889 0.6454965357967667 0.022222222222222223 0.020785219399538105
3 0.23055555555555557 0.6732101616628176 0.025555555555555557 0.020785219399538105
3 0.225 0.7009237875288684 0.022222222222222223 0.020785219399538105
3 0.2288888888888889 0.7286374133949192 0.02277777777777778 0.020785219399538105
3 0.225 0.75635103926097 0.014444444444444444 0.020785219399538105
3 0.20833333333333334 0.7840646651270208 0.01611111111111111 0.020785219399538105
3 0.2127777777777778 0.874133949191686 0.02277777777777778 0.020785219399538105
3 0.2838888888888889 0.964203233256351 0.023333333333333334 0.020785219399538105
3 0.21888888888888888 0.049653579676674366 0.06388888888888888 0.023094688221709007
3 0.21444444444444444 0.07159353348729793 0.06388888888888888 0.023094688221709007
3 0.22 0.17782909930715934 0.08222222222222222 0.023094688221709007
3 0.2972222222222222 0.17782909930715934 0.051111111111111114 0.023094688221709007
3 0.2238888888888889 0.20092378752886836 0.09 0.023094688221709007