0 0.596524064171123 0.013888888888888888 0.025133689839572194 0.027777777777777776
0 0.7454545454545455 0.14333333333333334 0.06042780748663101 0.015555555555555555
1 0.7296791443850268 0.014444444444444444 0.18235294117647058 0.028888888888888888
1 0.4176470588235294 0.3433333333333333 0.1518716577540107 0.31555555555555553
1 0.5780748663101605 0.3433333333333333 0.1518716577540107 0.31555555555555553
1 0.7385026737967915 0.3433333333333333 0.1518716577540107 0.31555555555555553
1 0.22540106951871658 0.013333333333333334 0.07219251336898395 0.02666666666666667
2 0.44893048128342244 0.013888888888888888 0.32032085561497325 0.027777777777777776
2 0.510427807486631 0.007222222222222222 0.008021390374331552 0.014444444444444444
3 0.5411764705882353 0.011111111111111112 0.08663101604278074 0.022222222222222223
3 0.39090909090909093 0.5944444444444444 0.07700534759358289 0.021111111111111112
3 0.5406417112299465 0.6388888888888888 0.05561497326203209 0.021111111111111112
3 0.711764705882353 0.5755555555555556 0.07700534759358289 0.021111111111111112
3 0.546524064171123 0.008888888888888889 0.06096256684491978 0.017777777777777778
3 0.546524064171123 0.008888888888888889 0.06096256684491978 0.017777777777777778
3 0.25989304812834224 0.22333333333333333 0.14866310160427806 0.03333333333333333
3 0.4176470588235294 0.6388888888888888 0.1304812834224599 0.04
3 0.5780748663101605 0.6833333333333333 0.1304812834224599 0.04
3 0.7385026737967915 0.62 0.1304812834224599 0.04
3 0.3524064171122995 0.06333333333333334 0.02406417112299465 0.022222222222222223
3 0.3877005347593583 0.06333333333333334 0.026737967914438502 0.022222222222222223
3 0.43475935828877005 0.06333333333333334 0.0481283422459893 0.022222222222222223
3 0.47754010695187166 0.06333333333333334 0.01871657754010695 0.022222222222222223
3 0.5085561497326203 0.06333333333333334 0.02406417112299465 0.022222222222222223
3 0.5406417112299465 0.06333333333333334 0.02085561497326203 0.022222222222222223
3 0.22032085561497325 0.5188888888888888 0.06951871657754011 0.02
3 0.19518716577540107 0.6055555555555555 0.019251336898395723 0.02
3 0.2288770053475936 0.6922222222222222 0.08716577540106951 0.02
3 0.2021390374331551 0.7788888888888889 0.033155080213903745 0.02
3 0.20267379679144384 0.8922222222222222 0.034759358288770054 0.02
3 0.1962566844919786 0.9788888888888889 0.0213903743315508 0.02
3 0.2631016042780749 0.5188888888888888 0.011229946524064172 0.02
3 0.21550802139037434 0.6055555555555555 0.016042780748663103 0.02
3 0.2823529411764706 0.6922222222222222 0.014438502673796792 0.02
3 0.2320855614973262 0.7788888888888889 0.020320855614973262 0.02
3 0.21711229946524063 0.8055555555555556 0.011764705882352941 0.02
3 0.23101604278074866 0.8922222222222222 0.016042780748663103 0.02
3 0.2197860962566845 0.9788888888888889 0.019786096256684493 0.02
3 0.22406417112299465 0.04666666666666667 0.06149732620320856 0.022222222222222223
3 0.2197860962566845 0.06777777777777778 0.06149732620320856 0.022222222222222223
3 0.2251336898395722 0.13333333333333333 0.07914438502673797 0.022222222222222223
3 0.2994652406417112 0.13333333333333333 0.04919786096256684 0.022222222222222223
3 0.2288770053475936 0.15555555555555556 0.08663101604278074 0.022222222222222223
3 0.29732620320855613 0.15555555555555556 0.03155080213903743 0.022222222222222223
3 0.20267379679144384 0.17777777777777778 0.034224598930481284 0.022222222222222223