0 0.6319444444444444 0.03245192307692308 0.02662037037037037 0.046875
0 0.22453703703703703 0.3473557692307692 0.011574074074074073 0.02403846153846154
0 0.7934027777777778 0.1814903846153846 0.06539351851851852 0.016826923076923076
1 0.7760416666666666 0.03365384615384615 0.19675925925925927 0.046875
1 0.4386574074074074 0.39783653846153844 0.16435185185185186 0.34134615384615385
1 0.6122685185185185 0.39783653846153844 0.16435185185185186 0.34134615384615385
1 0.7858796296296297 0.39783653846153844 0.16435185185185186 0.34134615384615385
1 0.23032407407407407 0.03365384615384615 0.0775462962962963 0.040865384615384616
2 0.4722222222222222 0.03245192307692308 0.3460648148148148 0.046875
2 0.5578703703703703 0.03245192307692308 0.008101851851851851 0.016826923076923076
3 0.5821759259259259 0.03365384615384615 0.07407407407407407 0.03125
3 0.3883101851851852 0.6466346153846154 0.041087962962962965 0.016826923076923076
3 0.5827546296296297 0.6971153846153846 0.08217592592592593 0.02283653846153846
3 0.7563657407407407 0.6490384615384616 0.08217592592592593 0.02283653846153846
3 0.5879629629629629 0.03245192307692308 0.046296296296296294 0.02403846153846154
3 0.5879629629629629 0.03245192307692308 0.046296296296296294 0.02403846153846154
3 0.2679398148148148 0.26802884615384615 0.16087962962962962 0.036057692307692304
3 0.4386574074074074 0.6911057692307693 0.1412037037037037 0.04326923076923077
3 0.6122685185185185 0.7451923076923077 0.1412037037037037 0.04326923076923077
3 0.7858796296296297 0.6971153846153846 0.1412037037037037 0.04326923076923077
3 0.3680555555555556 0.09495192307692307 0.026041666666666668 0.02403846153846154
3 0.40625 0.09495192307692307 0.028935185185185185 0.02403846153846154
3 0.45717592592592593 0.09495192307692307 0.052083333333333336 0.02403846153846154
3 0.5034722222222222 0.09495192307692307 0.02025462962962963 0.02403846153846154
3 0.5370370370370371 0.09495192307692307 0.026041666666666668 0.02403846153846154
3 0.5717592592592593 0.09495192307692307 0.022569444444444444 0.02403846153846154
3 0.22511574074074073 0.6502403846153846 0.07523148148148148 0.021634615384615384
3 0.2025462962962963 0.7439903846153846 0.030671296296296297 0.021634615384615384
3 0.19791666666666666 0.7728365384615384 0.02141203703703704 0.021634615384615384
3 0.2170138888888889 0.8016826923076923 0.05960648148148148 0.021634615384615384
3 0.2042824074074074 0.8305288461538461 0.03356481481481482 0.021634615384615384
3 0.21122685185185186 0.9242788461538461 0.048032407407407406 0.021634615384615384
3 0.19907407407407407 0.953125 0.023726851851851853 0.021634615384615384
3 0.2042824074074074 0.9819711538461539 0.03414351851851852 0.021634615384615384
3 0.2708333333333333 0.6502403846153846 0.010416666666666666 0.021634615384615384
3 0.22685185185185186 0.7439903846153846 0.01099537037037037 0.021634615384615384
3 0.21875 0.7728365384615384 0.01273148148148148 0.021634615384615384
3 0.2569444444444444 0.8016826923076923 0.013310185185185185 0.021634615384615384
3 0.22974537037037038 0.8305288461538461 0.010416666666666666 0.021634615384615384
3 0.24537037037037038 0.9242788461538461 0.01273148148148148 0.021634615384615384
3 0.22106481481481483 0.953125 0.013310185185185185 0.021634615384615384
3 0.23148148148148148 0.9819711538461539 0.013310185185185185 0.021634615384615384
3 0.22916666666666666 0.07692307692307693 0.06655092592592593 0.02403846153846154
3 0.22453703703703703 0.09975961538461539 0.06655092592592593 0.02403846153846154
3 0.23032407407407407 0.17067307692307693 0.08564814814814815 0.02403846153846154
3 0.3107638888888889 0.17067307692307693 0.05324074074074074 0.02403846153846154
3 0.22395833333333334 0.19471153846153846 0.07291666666666667 0.02403846153846154
3 0.25752314814814814 0.20673076923076922 0.140625 0.04807692307692308
3 0.23842592592592593 0.21875 0.017361111111111112 0.02403846153846154