0 0.6156593406593407 0.014269406392694063 0.025824175824175823 0.028538812785388126
0 0.22857142857142856 0.3047945205479452 0.01098901098901099 0.0228310502283105
0 0.2813186813186813 0.9417808219178082 0.013186813186813187 0.0273972602739726
0 0.7686813186813187 0.14726027397260275 0.06208791208791209 0.01598173515981735
1 0.7524725274725275 0.014840182648401826 0.18736263736263736 0.02968036529680365
1 0.4318681318681319 0.3527397260273973 0.15604395604395604 0.3242009132420091
1 0.5967032967032967 0.3527397260273973 0.15604395604395604 0.3242009132420091
1 0.7615384615384615 0.3527397260273973 0.15604395604395604 0.3242009132420091
1 0.23434065934065934 0.0136986301369863 0.07417582417582418 0.0273972602739726
2 0.46401098901098903 0.014269406392694063 0.3291208791208791 0.028538812785388126
2 0.5453296703296703 0.007420091324200913 0.008241758241758242 0.014840182648401826
2 0.2098901098901099 0.9394977168949772 0.03406593406593406 0.028538812785388126
2 0.25384615384615383 0.9394977168949772 0.03406593406593406 0.028538812785388126
3 0.5684065934065934 0.01141552511415525 0.07087912087912088 0.0228310502283105
3 0.3840659340659341 0.589041095890411 0.03901098901098901 0.01598173515981735
3 0.5686813186813187 0.636986301369863 0.07802197802197802 0.021689497716894976
3 0.7335164835164835 0.591324200913242 0.07802197802197802 0.021689497716894976
3 0.5739010989010989 0.0091324200913242 0.04450549450549451 0.0182648401826484
3 0.2098901098901099 0.9417808219178082 0.03296703296703297 0.03538812785388128
3 0.25384615384615383 0.9417808219178082 0.03296703296703297 0.03538812785388128
3 0.5739010989010989 0.0091324200913242 0.04450549450549451 0.0182648401826484
3 0.2098901098901099 0.9417808219178082 0.03296703296703297 0.03538812785388128
3 0.25384615384615383 0.9417808219178082 0.03296703296703297 0.03538812785388128
3 0.26978021978021977 0.22945205479452055 0.15274725274725276 0.03424657534246575
3 0.4318681318681319 0.6312785388127854 0.13406593406593406 0.0410958904109589
3 0.5967032967032967 0.682648401826484 0.13406593406593406 0.0410958904109589
3 0.7615384615384615 0.636986301369863 0.13406593406593406 0.0410958904109589
3 0.3648351648351648 0.06506849315068493 0.024725274725274724 0.0228310502283105
3 0.4010989010989011 0.06506849315068493 0.027472527472527472 0.0228310502283105
3 0.44945054945054946 0.06506849315068493 0.04945054945054945 0.0228310502283105
3 0.49340659340659343 0.06506849315068493 0.019230769230769232 0.0228310502283105
3 0.5252747252747253 0.06506849315068493 0.024725274725274724 0.0228310502283105
3 0.5582417582417583 0.06506849315068493 0.02142857142857143 0.0228310502283105
3 0.2291208791208791 0.5924657534246576 0.07142857142857142 0.02054794520547945
3 0.2076923076923077 0.6815068493150684 0.02912087912087912 0.02054794520547945
3 0.2032967032967033 0.708904109589041 0.02032967032967033 0.02054794520547945
3 0.22142857142857142 0.7363013698630136 0.056593406593406594 0.02054794520547945
3 0.20934065934065935 0.7636986301369864 0.031868131868131866 0.02054794520547945
3 0.21593406593406594 0.8527397260273972 0.0456043956043956 0.02054794520547945
3 0.2043956043956044 0.8801369863013698 0.022527472527472527 0.02054794520547945
3 0.20934065934065935 0.9075342465753424 0.03241758241758242 0.02054794520547945
3 0.2725274725274725 0.5924657534246576 0.00989010989010989 0.02054794520547945
3 0.23076923076923078 0.6815068493150684 0.010439560439560439 0.02054794520547945
3 0.2230769230769231 0.708904109589041 0.012087912087912088 0.02054794520547945
3 0.25934065934065936 0.7363013698630136 0.012637362637362638 0.02054794520547945
3 0.23351648351648352 0.7636986301369864 0.00989010989010989 0.02054794520547945
3 0.24835164835164836 0.8527397260273972 0.012087912087912088 0.02054794520547945
3 0.22527472527472528 0.8801369863013698 0.012637362637362638 0.02054794520547945
3 0.23516483516483516 0.9075342465753424 0.012637362637362638 0.02054794520547945
3 0.23296703296703297 0.04794520547945205 0.06318681318681318 0.0228310502283105
3 0.22857142857142856 0.06963470319634703 0.06318681318681318 0.0228310502283105
3 0.23406593406593407 0.136986301369863 0.08131868131868132 0.0228310502283105
3 0.31043956043956045 0.136986301369863 0.05054945054945055 0.0228310502283105
3 0.22802197802197802 0.1598173515981735 0.06923076923076923 0.0228310502283105
3 0.2598901098901099 0.17123287671232876 0.13351648351648351 0.045662100456621
3 0.24175824175824176 0.182648401826484 0.016483516483516484 0.0228310502283105