0 0.5701117318435754 0.008120649651972157 0.026256983240223464 0.016241299303944315
0 0.7256983240223464 0.1368909512761021 0.06312849162011173 0.016241299303944315
1 0.7092178770949721 0.008700696055684454 0.19050279329608938 0.01740139211136891
1 0.38324022346368714 0.345707656612529 0.15865921787709497 0.3294663573085847
1 0.5508379888268157 0.345707656612529 0.15865921787709497 0.3294663573085847
1 0.7184357541899441 0.345707656612529 0.15865921787709497 0.3294663573085847
1 0.1824022346368715 0.0075406032482598605 0.07541899441340782 0.015081206496519721
2 0.4159217877094972 0.008120649651972157 0.3346368715083799 0.016241299303944315
3 0.5053072625698324 0.005220417633410673 0.10558659217877095 0.010440835266821345
3 0.3547486033519553 0.6078886310904872 0.07932960893854749 0.022041763341067284
3 0.5223463687150838 0.5881670533642691 0.07932960893854749 0.022041763341067284
3 0.6793296089385474 0.5881670533642691 0.05810055865921788 0.022041763341067284
3 0.5108938547486034 0.002900232018561485 0.07877094972067039 0.00580046403712297
3 0.5108938547486034 0.002900232018561485 0.07877094972067039 0.00580046403712297
3 0.21843575418994413 0.1740139211136891 0.1553072625698324 0.03480278422273782
3 0.38324022346368714 0.654292343387471 0.13631284916201117 0.04176334106728538
3 0.5508379888268157 0.6345707656612529 0.13631284916201117 0.04176334106728538
3 0.7184357541899441 0.6345707656612529 0.13631284916201117 0.04176334106728538
3 0.31508379888268156 0.05336426914153132 0.025139664804469275 0.02320185614849188
3 0.35195530726256985 0.05336426914153132 0.027932960893854747 0.02320185614849188
3 0.4011173184357542 0.05336426914153132 0.05027932960893855 0.02320185614849188
3 0.44581005586592176 0.05336426914153132 0.019553072625698324 0.02320185614849188
3 0.4782122905027933 0.05336426914153132 0.025139664804469275 0.02320185614849188
3 0.511731843575419 0.05336426914153132 0.021787709497206705 0.02320185614849188
3 0.1770949720670391 0.48259860788863107 0.07262569832402235 0.02088167053364269
3 0.18435754189944134 0.5730858468677494 0.08770949720670392 0.02088167053364269
3 0.18212290502793296 0.6009280742459396 0.08324022346368715 0.02088167053364269
3 0.18603351955307262 0.62877030162413 0.09050279329608939 0.02088167053364269
3 0.19106145251396647 0.6566125290023201 0.1011173184357542 0.02088167053364269
3 0.17597765363128492 0.6844547563805105 0.07039106145251396 0.02088167053364269
3 0.19608938547486032 0.7122969837587007 0.1111731843575419 0.02088167053364269
3 0.15027932960893856 0.740139211136891 0.01899441340782123 0.02088167053364269
3 0.15083798882681565 0.8306264501160093 0.02011173184357542 0.02088167053364269
3 0.18603351955307262 0.9211136890951276 0.09106145251396648 0.02088167053364269
3 0.22513966480446929 0.48259860788863107 0.018435754189944135 0.02088167053364269
3 0.24525139664804468 0.5730858468677494 0.027374301675977653 0.02088167053364269
3 0.24078212290502793 0.6009280742459396 0.027932960893854747 0.02088167053364269
3 0.2441340782122905 0.62877030162413 0.020670391061452513 0.02088167053364269
3 0.2541899441340782 0.6566125290023201 0.017877094972067038 0.02088167053364269
3 0.2212290502793296 0.6844547563805105 0.015083798882681564 0.02088167053364269
3 0.2631284916201117 0.7122969837587007 0.017318435754189943 0.02088167053364269
3 0.17094972067039105 0.740139211136891 0.017318435754189943 0.02088167053364269
3 0.17653631284916202 0.8306264501160093 0.02569832402234637 0.02088167053364269
3 0.24804469273743016 0.9211136890951276 0.027374301675977653 0.02088167053364269
3 0.18100558659217877 0.03596287703016241 0.06424581005586592 0.02320185614849188
3 0.17653631284916202 0.058004640371229696 0.06424581005586592 0.02320185614849188
3 0.18212290502793296 0.12645011600928074 0.08268156424581005 0.02320185614849188
3 0.25977653631284914 0.12645011600928074 0.05139664804469274 0.02320185614849188