0 0.6179558011049724 0.0194954128440367 0.025966850828729283 0.0389908256880734
0 0.7718232044198895 0.15825688073394495 0.062430939226519336 0.016055045871559634
1 0.755524861878453 0.020068807339449542 0.18839779005524862 0.040137614678899085
1 0.4331491712707182 0.3646788990825688 0.1569060773480663 0.3256880733944954
1 0.5988950276243094 0.3646788990825688 0.1569060773480663 0.3256880733944954
1 0.7646408839779005 0.3646788990825688 0.1569060773480663 0.3256880733944954
1 0.2345303867403315 0.018922018348623854 0.07458563535911603 0.03784403669724771
2 0.4654696132596685 0.0194954128440367 0.330939226519337 0.0389908256880734
2 0.5138121546961326 0.016055045871559634 0.0077348066298342545 0.016055045871559634
3 0.5535911602209945 0.017201834862385322 0.10386740331491713 0.02981651376146789
3 0.40497237569060773 0.6238532110091743 0.07845303867403315 0.021788990825688075
3 0.5707182320441989 0.6043577981651376 0.07845303867403315 0.021788990825688075
3 0.7259668508287292 0.6043577981651376 0.057458563535911604 0.021788990825688075
3 0.5591160220994476 0.016055045871559634 0.07734806629834254 0.022935779816513763
3 0.5591160220994476 0.016055045871559634 0.07734806629834254 0.022935779816513763
3 0.2701657458563536 0.19495412844036697 0.15359116022099448 0.034403669724770644
3 0.4331491712707182 0.6697247706422018 0.13480662983425415 0.04128440366972477
3 0.5988950276243094 0.6502293577981652 0.13480662983425415 0.04128440366972477
3 0.7646408839779005 0.6502293577981652 0.13480662983425415 0.04128440366972477
3 0.36574585635359114 0.07568807339449542 0.024861878453038673 0.022935779816513763
3 0.4022099447513812 0.07568807339449542 0.027624309392265192 0.022935779816513763
3 0.450828729281768 0.07568807339449542 0.049723756906077346 0.022935779816513763
3 0.4950276243093923 0.07568807339449542 0.019337016574585635 0.022935779816513763
3 0.5270718232044199 0.07568807339449542 0.024861878453038673 0.022935779816513763
3 0.5602209944751381 0.07568807339449542 0.02154696132596685 0.022935779816513763
3 0.2292817679558011 0.5 0.0718232044198895 0.020642201834862386
3 0.23646408839779007 0.5894495412844036 0.0867403314917127 0.020642201834862386
3 0.23425414364640884 0.6169724770642202 0.08232044198895028 0.020642201834862386
3 0.23812154696132598 0.6444954128440367 0.08950276243093923 0.020642201834862386
3 0.2430939226519337 0.6720183486238532 0.1 0.020642201834862386
3 0.2281767955801105 0.6995412844036697 0.06961325966850829 0.020642201834862386
3 0.24806629834254143 0.7270642201834863 0.10994475138121547 0.020642201834862386
3 0.20276243093922652 0.7545871559633027 0.01878453038674033 0.020642201834862386
3 0.20331491712707184 0.8440366972477065 0.019889502762430938 0.020642201834862386
3 0.23812154696132598 0.9334862385321101 0.09005524861878453 0.020642201834862386
3 0.27679558011049726 0.5 0.018232044198895028 0.020642201834862386
3 0.29668508287292816 0.5894495412844036 0.02707182320441989 0.020642201834862386
3 0.29226519337016577 0.6169724770642202 0.027624309392265192 0.020642201834862386
3 0.2955801104972376 0.6444954128440367 0.020441988950276244 0.020642201834862386
3 0.305524861878453 0.6720183486238532 0.017679558011049725 0.020642201834862386
3 0.2729281767955801 0.6995412844036697 0.014917127071823204 0.020642201834862386
3 0.3143646408839779 0.7270642201834863 0.01712707182320442 0.020642201834862386
3 0.22320441988950276 0.7545871559633027 0.01712707182320442 0.020642201834862386
3 0.2287292817679558 0.8440366972477065 0.02541436464088398 0.020642201834862386
3 0.2994475138121547 0.9334862385321101 0.02707182320441989 0.020642201834862386
3 0.23314917127071824 0.058486238532110095 0.06353591160220995 0.022935779816513763
3 0.2287292817679558 0.08027522935779817 0.06353591160220995 0.022935779816513763
3 0.23425414364640884 0.14793577981651376 0.08176795580110498 0.022935779816513763
3 0.3110497237569061 0.14793577981651376 0.05082872928176796 0.022935779816513763