0 0.5879888268156425 0.02088167053364269 0.026256983240223464 0.04176334106728538
0 0.7435754189944134 0.16241299303944315 0.06312849162011173 0.016241299303944315
1 0.7270949720670391 0.021461716937354988 0.19050279329608938 0.042923433874709975
1 0.4011173184357542 0.37122969837587005 0.15865921787709497 0.3294663573085847
1 0.5687150837988827 0.37122969837587005 0.15865921787709497 0.3294663573085847
1 0.7363128491620111 0.37122969837587005 0.15865921787709497 0.3294663573085847
1 0.2 0.019721577726218097 0.07486033519553073 0.03944315545243619
2 0.43379888268156425 0.02088167053364269 0.3346368715083799 0.04176334106728538
2 0.49553072625698324 0.018561484918793503 0.00782122905027933 0.016241299303944315
3 0.5290502793296089 0.019721577726218097 0.09217877094972067 0.030162412993039442
3 0.36201117318435755 0.6136890951276102 0.05810055865921788 0.022041763341067284
3 0.5407821229050279 0.6334106728538283 0.08044692737430167 0.022041763341067284
3 0.5687150837988827 0.7099767981438515 0.13631284916201117 0.015081206496519721
3 0.6972067039106146 0.6136890951276102 0.05810055865921788 0.022041763341067284
3 0.5346368715083799 0.018561484918793503 0.06536312849162011 0.02320185614849188
3 0.5346368715083799 0.018561484918793503 0.06536312849162011 0.02320185614849188
3 0.23631284916201117 0.2459396751740139 0.1553072625698324 0.03480278422273782
3 0.4011173184357542 0.660092807424594 0.13631284916201117 0.04176334106728538
3 0.5687150837988827 0.679814385150812 0.13631284916201117 0.04176334106728538
3 0.7363128491620111 0.660092807424594 0.13631284916201117 0.04176334106728538
3 0.3329608938547486 0.07888631090487239 0.025139664804469275 0.02320185614849188
3 0.36983240223463687 0.07888631090487239 0.027932960893854747 0.02320185614849188
3 0.41899441340782123 0.07888631090487239 0.05027932960893855 0.02320185614849188
3 0.46368715083798884 0.07888631090487239 0.019553072625698324 0.02320185614849188
3 0.4960893854748603 0.07888631090487239 0.025139664804469275 0.02320185614849188
3 0.529608938547486 0.07888631090487239 0.021787709497206705 0.02320185614849188
3 0.19497206703910613 0.5545243619489559 0.07262569832402235 0.02088167053364269
3 0.17374301675977655 0.6450116009280742 0.030167597765363128 0.02088167053364269
3 0.17374301675977655 0.6728538283062645 0.030726256983240222 0.02088167053364269
3 0.17430167597765364 0.7006960556844548 0.031843575418994415 0.02088167053364269
3 0.16927374301675976 0.728538283062645 0.021229050279329607 0.02088167053364269
3 0.18324022346368715 0.7563805104408353 0.049720670391061456 0.02088167053364269
3 0.16759776536312848 0.7842227378190255 0.018435754189944135 0.02088167053364269
3 0.17541899441340783 0.8120649651972158 0.0335195530726257 0.02088167053364269
3 0.16815642458100558 0.839907192575406 0.01899441340782123 0.02088167053364269
3 0.1776536312849162 0.8677494199535963 0.038547486033519554 0.02088167053364269
3 0.16899441340782123 0.9889791183294664 0.020670391061452513 0.019721577726218097
3 0.23910614525139665 0.5545243619489559 0.01005586592178771 0.02088167053364269
3 0.20279329608938548 0.6450116009280742 0.021787709497206705 0.02088167053364269
3 0.2011173184357542 0.6728538283062645 0.01675977653631285 0.02088167053364269
3 0.2011173184357542 0.7006960556844548 0.015083798882681564 0.02088167053364269
3 0.19050279329608938 0.728538283062645 0.015083798882681564 0.02088167053364269
3 0.21731843575418994 0.7563805104408353 0.012290502793296089 0.02088167053364269
3 0.18547486033519553 0.7842227378190255 0.01005586592178771 0.02088167053364269
3 0.19832402234636873 0.8120649651972158 0.007262569832402235 0.02088167053364269
3 0.18435754189944134 0.839907192575406 0.00782122905027933 0.02088167053364269
3 0.20335195530726258 0.8677494199535963 0.006145251396648044 0.02088167053364269
3 0.19245810055865922 0.9889791183294664 0.021787709497206705 0.019721577726218097
3 0.19888268156424582 0.06148491879350348 0.06424581005586592 0.02320185614849188
3 0.19441340782122904 0.08352668213457076 0.06424581005586592 0.02320185614849188
3 0.2 0.1519721577726218 0.08268156424581005 0.02320185614849188
3 0.2776536312849162 0.1519721577726218 0.05139664804469274 0.02320185614849188
3 0.21396648044692737 0.1751740139211137 0.1111731843575419 0.02320185614849188
3 0.1776536312849162 0.19837587006960558 0.03798882681564246 0.02320185614849188