0 0.758659217877095 0.10904872389791183 0.06312849162011173 0.016241299303944315
1 0.41620111731843573 0.31786542923433875 0.15865921787709497 0.3294663573085847
1 0.5837988826815642 0.31786542923433875 0.15865921787709497 0.3294663573085847
1 0.7513966480446927 0.31786542923433875 0.15865921787709497 0.3294663573085847
3 0.3770949720670391 0.5603248259860789 0.05810055865921788 0.022041763341067284
3 0.5558659217877095 0.580046403712297 0.08044692737430167 0.022041763341067284
3 0.5837988826815642 0.6566125290023201 0.13631284916201117 0.015081206496519721
3 0.7122905027932961 0.5603248259860789 0.05810055865921788 0.022041763341067284
3 0.25139664804469275 0.1925754060324826 0.1553072625698324 0.03480278422273782
3 0.41620111731843573 0.6067285382830626 0.13631284916201117 0.04176334106728538
3 0.5837988826815642 0.6264501160092807 0.13631284916201117 0.04176334106728538
3 0.7513966480446927 0.6067285382830626 0.13631284916201117 0.04176334106728538
3 0.34804469273743016 0.025522041763341066 0.025139664804469275 0.02320185614849188
3 0.38491620111731845 0.025522041763341066 0.027932960893854747 0.02320185614849188
3 0.4340782122905028 0.025522041763341066 0.05027932960893855 0.02320185614849188
3 0.4787709497206704 0.025522041763341066 0.019553072625698324 0.02320185614849188
3 0.5111731843575419 0.025522041763341066 0.025139664804469275 0.02320185614849188
3 0.5446927374301676 0.025522041763341066 0.021787709497206705 0.02320185614849188
3 0.2100558659217877 0.5011600928074246 0.07262569832402235 0.02088167053364269
3 0.1888268156424581 0.5916473317865429 0.030167597765363128 0.02088167053364269
3 0.1888268156424581 0.6194895591647331 0.030726256983240222 0.02088167053364269
3 0.1893854748603352 0.6473317865429234 0.031843575418994415 0.02088167053364269
3 0.18435754189944134 0.6751740139211136 0.021229050279329607 0.02088167053364269
3 0.19832402234636873 0.703016241299304 0.049720670391061456 0.02088167053364269
3 0.18268156424581006 0.7308584686774942 0.018435754189944135 0.02088167053364269
3 0.19050279329608938 0.7587006960556845 0.0335195530726257 0.02088167053364269
3 0.18324022346368715 0.7865429234338747 0.01899441340782123 0.02088167053364269
3 0.19273743016759776 0.814385150812065 0.038547486033519554 0.02088167053364269
3 0.18379888268156425 0.9361948955916474 0.02011173184357542 0.02088167053364269
3 0.2541899441340782 0.5011600928074246 0.01005586592178771 0.02088167053364269
3 0.21787709497206703 0.5916473317865429 0.021787709497206705 0.02088167053364269
3 0.21620111731843575 0.6194895591647331 0.01675977653631285 0.02088167053364269
3 0.21620111731843575 0.6473317865429234 0.015083798882681564 0.02088167053364269
3 0.20558659217877095 0.6751740139211136 0.015083798882681564 0.02088167053364269
3 0.2324022346368715 0.703016241299304 0.012290502793296089 0.02088167053364269
3 0.2005586592178771 0.7308584686774942 0.01005586592178771 0.02088167053364269
3 0.21340782122905028 0.7587006960556845 0.007262569832402235 0.02088167053364269
3 0.19944134078212292 0.7865429234338747 0.00782122905027933 0.02088167053364269
3 0.21843575418994413 0.814385150812065 0.006145251396648044 0.02088167053364269
3 0.20726256983240224 0.9361948955916474 0.021229050279329607 0.02088167053364269
3 0.21396648044692737 0.010440835266821345 0.06480446927374302 0.02088167053364269
3 0.20949720670391062 0.030162412993039442 0.06424581005586592 0.02320185614849188
3 0.21508379888268156 0.09860788863109049 0.08268156424581005 0.02320185614849188
3 0.2927374301675978 0.09860788863109049 0.05139664804469274 0.02320185614849188
3 0.22905027932960895 0.12180974477958237 0.1111731843575419 0.02320185614849188
3 0.19273743016759776 0.14501160092807425 0.03798882681564246 0.02320185614849188