0 0.5872282608695653 0.020316027088036117 0.025543478260869567 0.040632054176072234
0 0.7385869565217391 0.1580135440180587 0.06141304347826087 0.01580135440180587
1 0.722554347826087 0.0208803611738149 0.18532608695652175 0.0417607223476298
1 0.40543478260869564 0.3611738148984199 0.15434782608695652 0.32054176072234764
1 0.5684782608695652 0.3611738148984199 0.15434782608695652 0.32054176072234764
1 0.7315217391304348 0.3611738148984199 0.15434782608695652 0.32054176072234764
1 0.20978260869565218 0.019187358916478554 0.07282608695652174 0.03837471783295711
2 0.43722826086956523 0.020316027088036117 0.32554347826086955 0.040632054176072234
2 0.5119565217391304 0.01805869074492099 0.007608695652173913 0.01580135440180587
3 0.5375 0.019187358916478554 0.075 0.029345372460496615
3 0.5304347826086957 0.5970654627539503 0.05652173913043478 0.02144469525959368
3 0.7043478260869566 0.6422121896162528 0.0782608695652174 0.02144469525959368
3 0.5429347826086957 0.01805869074492099 0.04891304347826087 0.022573363431151242
3 0.5429347826086957 0.01805869074492099 0.04891304347826087 0.022573363431151242
3 0.2451086956521739 0.21670428893905191 0.15108695652173912 0.033860045146726865
3 0.40543478260869564 0.6072234762979684 0.13260869565217392 0.040632054176072234
3 0.5684782608695652 0.6422121896162528 0.13260869565217392 0.040632054176072234
3 0.7315217391304348 0.6873589164785553 0.13260869565217392 0.040632054176072234
3 0.3391304347826087 0.07674943566591422 0.024456521739130436 0.022573363431151242
3 0.375 0.07674943566591422 0.02717391304347826 0.022573363431151242
3 0.42282608695652174 0.07674943566591422 0.04891304347826087 0.022573363431151242
3 0.46630434782608693 0.07674943566591422 0.019021739130434784 0.022573363431151242
3 0.49782608695652175 0.07674943566591422 0.024456521739130436 0.022573363431151242
3 0.5304347826086957 0.07674943566591422 0.021195652173913043 0.022573363431151242
3 0.2048913043478261 0.5169300225733634 0.07065217391304347 0.020316027088036117
3 0.1793478260869565 0.6049661399548533 0.01956521739130435 0.020316027088036117
3 0.21358695652173912 0.6930022573363431 0.08858695652173913 0.020316027088036117
3 0.18641304347826088 0.781038374717833 0.03369565217391304 0.020316027088036117
3 0.18695652173913044 0.8961625282167043 0.035326086956521736 0.020316027088036117
3 0.18043478260869567 0.9841986455981941 0.021739130434782608 0.020316027088036117
3 0.2467391304347826 0.5169300225733634 0.007608695652173913 0.020316027088036117
3 0.19891304347826086 0.6049661399548533 0.014673913043478261 0.020316027088036117
3 0.27065217391304347 0.6930022573363431 0.02010869565217391 0.020316027088036117
3 0.21684782608695652 0.781038374717833 0.020652173913043477 0.020316027088036117
3 0.20054347826086957 0.8081264108352144 0.010326086956521738 0.020316027088036117
3 0.2157608695652174 0.8961625282167043 0.016304347826086956 0.020316027088036117
3 0.20543478260869566 0.9841986455981941 0.022282608695652174 0.020316027088036117
3 0.20869565217391303 0.05981941309255079 0.0625 0.022573363431151242
3 0.20434782608695654 0.08126410835214447 0.0625 0.022573363431151242
3 0.20978260869565218 0.14785553047404063 0.08043478260869565 0.022573363431151242
3 0.28532608695652173 0.14785553047404063 0.05 0.022573363431151242
3 0.2233695652173913 0.17042889390519186 0.10815217391304348 0.022573363431151242
3 0.29836956521739133 0.17042889390519186 0.022282608695652174 0.022573363431151242