0 0.2032967032967033 0.2808219178082192 0.01098901098901099 0.0228310502283105
0 0.7554945054945055 0.1232876712328767 0.06208791208791209 0.01598173515981735
1 0.4186813186813187 0.3287671232876712 0.15604395604395604 0.3242009132420091
1 0.5835164835164836 0.3287671232876712 0.15604395604395604 0.3242009132420091
1 0.7483516483516484 0.3287671232876712 0.15604395604395604 0.3242009132420091
3 0.39065934065934066 0.567351598173516 0.07802197802197802 0.021689497716894976
3 0.5554945054945055 0.567351598173516 0.07802197802197802 0.021689497716894976
3 0.7203296703296703 0.613013698630137 0.07802197802197802 0.021689497716894976
3 0.25659340659340657 0.2054794520547945 0.15274725274725276 0.03424657534246575
3 0.4186813186813187 0.613013698630137 0.13406593406593406 0.0410958904109589
3 0.5835164835164836 0.613013698630137 0.13406593406593406 0.0410958904109589
3 0.7483516483516484 0.658675799086758 0.13406593406593406 0.0410958904109589
3 0.3516483516483517 0.0410958904109589 0.024725274725274724 0.0228310502283105
3 0.3879120879120879 0.0410958904109589 0.027472527472527472 0.0228310502283105
3 0.43626373626373627 0.0410958904109589 0.04945054945054945 0.0228310502283105
3 0.48021978021978023 0.0410958904109589 0.019230769230769232 0.0228310502283105
3 0.512087912087912 0.0410958904109589 0.024725274725274724 0.0228310502283105
3 0.545054945054945 0.0410958904109589 0.02142857142857143 0.0228310502283105
3 0.21593406593406594 0.5684931506849316 0.07142857142857142 0.02054794520547945
3 0.1945054945054945 0.6575342465753424 0.02912087912087912 0.02054794520547945
3 0.20824175824175825 0.684931506849315 0.056593406593406594 0.02054794520547945
3 0.1901098901098901 0.7123287671232876 0.02032967032967033 0.02054794520547945
3 0.21593406593406594 0.7397260273972602 0.07197802197802197 0.02054794520547945
3 0.2021978021978022 0.7671232876712328 0.04450549450549451 0.02054794520547945
3 0.19615384615384615 0.7945205479452054 0.031868131868131866 0.02054794520547945
3 0.19285714285714287 0.821917808219178 0.025824175824175823 0.02054794520547945
3 0.2032967032967033 0.8493150684931506 0.046703296703296704 0.02054794520547945
3 0.1934065934065934 0.8767123287671232 0.026373626373626374 0.02054794520547945
3 0.20357142857142857 0.992579908675799 0.046703296703296704 0.012557077625570776
3 0.2571428571428571 0.5684931506849316 0.005494505494505495 0.02054794520547945
3 0.22087912087912087 0.6575342465753424 0.01703296703296703 0.02054794520547945
3 0.24615384615384617 0.684931506849315 0.012087912087912088 0.02054794520547945
3 0.2076923076923077 0.7123287671232876 0.007692307692307693 0.02054794520547945
3 0.2587912087912088 0.7397260273972602 0.007692307692307693 0.02054794520547945
3 0.23131868131868133 0.7671232876712328 0.007692307692307693 0.02054794520547945
3 0.2175824175824176 0.7945205479452054 0.005494505494505495 0.02054794520547945
3 0.21208791208791208 0.821917808219178 0.006043956043956044 0.02054794520547945
3 0.23241758241758242 0.8493150684931506 0.005494505494505495 0.02054794520547945
3 0.21208791208791208 0.8767123287671232 0.005494505494505495 0.02054794520547945
3 0.23543956043956044 0.992579908675799 0.012637362637362638 0.012557077625570776
3 0.21978021978021978 0.023972602739726026 0.06318681318681318 0.0228310502283105
3 0.2153846153846154 0.045662100456621 0.06318681318681318 0.0228310502283105
3 0.22087912087912087 0.11301369863013698 0.08131868131868132 0.0228310502283105
3 0.29725274725274725 0.11301369863013698 0.05054945054945055 0.0228310502283105
3 0.21483516483516482 0.1358447488584475 0.06923076923076923 0.0228310502283105
3 0.24670329670329672 0.14726027397260275 0.13351648351648351 0.045662100456621
3 0.22857142857142856 0.158675799086758 0.016483516483516484 0.0228310502283105