0 0.5851063829787234 0.025386313465783666 0.02446808510638298 0.04304635761589404
0 0.6882978723404255 0.8642384105960265 0.13191489361702127 0.019867549668874173
0 0.7069148936170213 0.9271523178807947 0.16914893617021276 0.052980132450331126
0 0.7071808510638298 0.9806843267108167 0.1696808510638298 0.03642384105960265
1 0.7175531914893617 0.026490066225165563 0.18085106382978725 0.04304635761589404
1 0.20106382978723406 0.24944812362030905 0.023404255319148935 0.04856512141280353
1 0.40372340425531916 0.5242825607064018 0.3553191489361702 0.5165562913907285
1 0.20106382978723406 0.31567328918322296 0.023404255319148935 0.04856512141280353
1 0.20106382978723406 0.3818984547461369 0.023404255319148935 0.04856512141280353
1 0.20106382978723406 0.4481236203090508 0.023404255319148935 0.04856512141280353
1 0.20106382978723406 0.5143487858719646 0.023404255319148935 0.04856512141280353
1 0.21595744680851064 0.026490066225165563 0.07127659574468086 0.037527593818984545
2 0.43829787234042555 0.025386313465783666 0.3180851063829787 0.04304635761589404
3 0.676063829787234 0.5066225165562914 0.1074468085106383 0.019867549668874173
3 0.6691489361702128 0.7649006622516556 0.09361702127659574 0.019867549668874173
3 0.20106382978723406 0.2671081677704194 0.026595744680851064 0.024282560706401765
3 0.20106382978723406 0.3333333333333333 0.026595744680851064 0.024282560706401765
3 0.20106382978723406 0.3995584988962472 0.026595744680851064 0.024282560706401765
3 0.20106382978723406 0.46578366445916114 0.026595744680851064 0.024282560706401765
3 0.20106382978723406 0.5320088300220751 0.026595744680851064 0.024282560706401765
3 0.20106382978723406 0.2671081677704194 0.026595744680851064 0.024282560706401765
3 0.20106382978723406 0.3333333333333333 0.026595744680851064 0.024282560706401765
3 0.20106382978723406 0.3995584988962472 0.026595744680851064 0.024282560706401765
3 0.20106382978723406 0.46578366445916114 0.026595744680851064 0.024282560706401765
3 0.20106382978723406 0.5320088300220751 0.026595744680851064 0.024282560706401765
3 0.6968085106382979 0.3189845474613687 0.149468085106383 0.08278145695364239
3 0.7148936170212766 0.5750551876379691 0.15319148936170213 0.02207505518763797
3 0.7138297872340426 0.6434878587196468 0.15478723404255318 0.02207505518763797
3 0.7138297872340426 0.6666666666666666 0.15478723404255318 0.019867549668874173
3 0.6691489361702128 0.7450331125827815 0.09361702127659574 0.018763796909492272
3 0.6537234042553192 0.8211920529801324 0.0627659574468085 0.02207505518763797
3 0.3425531914893617 0.08278145695364239 0.023936170212765957 0.02207505518763797
3 0.3776595744680851 0.08278145695364239 0.026595744680851064 0.02207505518763797
3 0.42446808510638295 0.08278145695364239 0.047872340425531915 0.02207505518763797
3 0.46702127659574466 0.08278145695364239 0.018617021276595744 0.02207505518763797
3 0.4978723404255319 0.08278145695364239 0.023936170212765957 0.02207505518763797
3 0.5297872340425532 0.08278145695364239 0.02074468085106383 0.02207505518763797
3 0.2148936170212766 0.06622516556291391 0.061170212765957445 0.02207505518763797
3 0.21063829787234042 0.08719646799116998 0.061170212765957445 0.02207505518763797
3 0.24680851063829787 0.17991169977924945 0.005319148936170213 0.01545253863134658
3 0.2835106382978723 0.17991169977924945 0.04893617021276596 0.01545253863134658
3 0.3601063829787234 0.17991169977924945 0.08617021276595745 0.01545253863134658
3 0.4223404255319149 0.17991169977924945 0.019148936170212766 0.01545253863134658
3 0.451063829787234 0.17991169977924945 0.019680851063829788 0.01545253863134658
3 0.4867021276595745 0.17991169977924945 0.032446808510638296 0.01545253863134658