0 0.661547212741752 0.8475177304964538 0.1410693970420933 0.02127659574468085
0 0.6814562002275313 0.9148936170212766 0.18088737201365188 0.05673758865248227
0 0.681740614334471 0.9757683215130024 0.18145620022753128 0.04609929078014184
1 0.14050056882821388 0.18912529550827423 0.02502844141069397 0.05200945626477541
1 0.3572241183162685 0.483451536643026 0.3799772468714448 0.5531914893617021
1 0.14050056882821388 0.26004728132387706 0.02502844141069397 0.05200945626477541
1 0.14050056882821388 0.3309692671394799 0.02502844141069397 0.05200945626477541
1 0.14050056882821388 0.40189125295508277 0.02502844141069397 0.05200945626477541
1 0.14050056882821388 0.4728132387706856 0.02502844141069397 0.05200945626477541
3 0.6484641638225256 0.4645390070921986 0.1149032992036405 0.02127659574468085
3 0.6410693970420933 0.7411347517730497 0.10011376564277588 0.02127659574468085
3 0.14050056882821388 0.20803782505910165 0.02844141069397042 0.026004728132387706
3 0.14050056882821388 0.2789598108747045 0.02844141069397042 0.026004728132387706
3 0.14050056882821388 0.34988179669030733 0.02844141069397042 0.026004728132387706
3 0.14050056882821388 0.42080378250591016 0.02844141069397042 0.026004728132387706
3 0.14050056882821388 0.491725768321513 0.02844141069397042 0.026004728132387706
3 0.14050056882821388 0.20803782505910165 0.02844141069397042 0.026004728132387706
3 0.14050056882821388 0.2789598108747045 0.02844141069397042 0.026004728132387706
3 0.14050056882821388 0.34988179669030733 0.02844141069397042 0.026004728132387706
3 0.14050056882821388 0.42080378250591016 0.02844141069397042 0.026004728132387706
3 0.14050056882821388 0.491725768321513 0.02844141069397042 0.026004728132387706
3 0.6706484641638225 0.2635933806146572 0.15984072810011377 0.08865248226950355
3 0.6899886234357224 0.5378250591016549 0.16382252559726962 0.02364066193853428
3 0.6888509670079636 0.6111111111111112 0.16552901023890784 0.02364066193853428
3 0.6888509670079636 0.6359338061465721 0.16552901023890784 0.02127659574468085
3 0.6410693970420933 0.7198581560283688 0.10011376564277588 0.02009456264775414
3 0.6245733788395904 0.8014184397163121 0.0671217292377702 0.02364066193853428
3 0.29180887372013653 0.01182033096926714 0.026166097838452786 0.02364066193853428
3 0.3296359499431172 0.01182033096926714 0.02901023890784983 0.02364066193853428
3 0.3796928327645051 0.01182033096926714 0.051763367463026164 0.02364066193853428
3 0.4249146757679181 0.01182033096926714 0.020477815699658702 0.02364066193853428
3 0.4579067121729238 0.01182033096926714 0.026166097838452786 0.02364066193853428
3 0.4920364050056883 0.01182033096926714 0.022753128555176336 0.02364066193853428
3 0.1552901023890785 0.002955082742316785 0.06598407281001138 0.00591016548463357
3 0.15073947667804324 0.015366430260047281 0.06541524459613197 0.02364066193853428
3 0.189419795221843 0.11465721040189125 0.005688282138794084 0.016548463356973995
3 0.22866894197952217 0.11465721040189125 0.05233219567690557 0.016548463356973995
3 0.310580204778157 0.11465721040189125 0.09215017064846416 0.016548463356973995
3 0.3771331058020478 0.11465721040189125 0.020477815699658702 0.016548463356973995
3 0.40784982935153585 0.11465721040189125 0.02104664391353811 0.016548463356973995
3 0.4459613196814562 0.11465721040189125 0.034698521046643914 0.016548463356973995