0 0.588421052631579 0.024070021881838075 0.024210526315789474 0.04266958424507659
0 0.6968421052631579 0.9201312910284464 0.1436842105263158 0.019693654266958426
1 0.7194736842105263 0.02516411378555799 0.17894736842105263 0.04266958424507659
1 0.20842105263157895 0.2461706783369803 0.023157894736842106 0.04814004376367615
1 0.4089473684210526 0.5185995623632386 0.35157894736842105 0.5120350109409191
1 0.20842105263157895 0.31181619256017507 0.023157894736842106 0.04814004376367615
1 0.20842105263157895 0.3774617067833698 0.023157894736842106 0.04814004376367615
1 0.20842105263157895 0.4431072210065646 0.023157894736842106 0.04814004376367615
1 0.20842105263157895 0.5087527352297593 0.023157894736842106 0.04814004376367615
1 0.20842105263157895 0.574398249452954 0.023157894736842106 0.04814004376367615
1 0.20842105263157895 0.6400437636761488 0.023157894736842106 0.04814004376367615
1 0.20842105263157895 0.7056892778993435 0.023157894736842106 0.04814004376367615
1 0.2231578947368421 0.02516411378555799 0.07052631578947369 0.037199124726477024
2 0.4431578947368421 0.024070021881838075 0.31473684210526315 0.04266958424507659
3 0.6631578947368421 0.5656455142231948 0.07631578947368421 0.019693654266958426
3 0.6742105263157895 0.8216630196936543 0.09789473684210526 0.019693654266958426
3 0.7036842105263158 0.9463894967177243 0.1568421052631579 0.015317286652078774
3 0.20842105263157895 0.2636761487964989 0.02631578947368421 0.024070021881838075
3 0.20842105263157895 0.3293216630196937 0.02631578947368421 0.024070021881838075
3 0.20842105263157895 0.3949671772428884 0.02631578947368421 0.024070021881838075
3 0.20842105263157895 0.46061269146608314 0.02631578947368421 0.024070021881838075
3 0.20842105263157895 0.526258205689278 0.02631578947368421 0.024070021881838075
3 0.20842105263157895 0.5919037199124726 0.02631578947368421 0.024070021881838075
3 0.20842105263157895 0.6575492341356673 0.02631578947368421 0.024070021881838075
3 0.20842105263157895 0.7231947483588621 0.02631578947368421 0.024070021881838075
3 0.20842105263157895 0.2636761487964989 0.02631578947368421 0.024070021881838075
3 0.20842105263157895 0.3293216630196937 0.02631578947368421 0.024070021881838075
3 0.20842105263157895 0.3949671772428884 0.02631578947368421 0.024070021881838075
3 0.20842105263157895 0.46061269146608314 0.02631578947368421 0.024070021881838075
3 0.20842105263157895 0.526258205689278 0.02631578947368421 0.024070021881838075
3 0.20842105263157895 0.5919037199124726 0.02631578947368421 0.024070021881838075
3 0.20842105263157895 0.6575492341356673 0.02631578947368421 0.024070021881838075
3 0.20842105263157895 0.7231947483588621 0.02631578947368421 0.024070021881838075
3 0.6989473684210527 0.35667396061269147 0.14789473684210527 0.16411378555798686
3 0.716842105263158 0.6334792122538293 0.15157894736842106 0.02188183807439825
3 0.7157894736842105 0.7013129102844639 0.1531578947368421 0.02188183807439825
3 0.7157894736842105 0.7242888402625821 0.1531578947368421 0.019693654266958426
3 0.6742105263157895 0.8019693654266958 0.09789473684210526 0.018599562363238512
3 0.6563157894736842 0.8774617067833698 0.06210526315789474 0.02188183807439825
3 0.34842105263157896 0.08096280087527352 0.02368421052631579 0.02188183807439825
3 0.3831578947368421 0.08096280087527352 0.02631578947368421 0.02188183807439825
3 0.42947368421052634 0.08096280087527352 0.04736842105263158 0.02188183807439825
3 0.47157894736842104 0.08096280087527352 0.018421052631578946 0.02188183807439825
3 0.5021052631578947 0.08096280087527352 0.02368421052631579 0.02188183807439825
3 0.5336842105263158 0.08096280087527352 0.020526315789473684 0.02188183807439825
3 0.22210526315789475 0.06455142231947483 0.060526315789473685 0.02188183807439825
3 0.21789473684210525 0.08533916849015317 0.060526315789473685 0.02188183807439825
3 0.29 0.1772428884026258 0.07789473684210527 0.015317286652078774
3 0.3626315789473684 0.1772428884026258 0.04842105263157895 0.015317286652078774
3 0.43842105263157893 0.1772428884026258 0.08526315789473685 0.015317286652078774
3 0.5184210526315789 0.1772428884026258 0.05631578947368421 0.015317286652078774
3 0.5847368421052631 0.1772428884026258 0.057368421052631575 0.015317286652078774