0 0.7244444444444444 0.9191685912240185 0.15166666666666667 0.020785219399538105
1 0.2088888888888889 0.20785219399538107 0.024444444444444446 0.050808314087759814
1 0.42055555555555557 0.4953810623556582 0.3711111111111111 0.5404157043879908
1 0.2088888888888889 0.27713625866050806 0.024444444444444446 0.050808314087759814
1 0.2088888888888889 0.3464203233256351 0.024444444444444446 0.050808314087759814
1 0.2088888888888889 0.41570438799076215 0.024444444444444446 0.050808314087759814
1 0.2088888888888889 0.48498845265588914 0.024444444444444446 0.050808314087759814
1 0.2088888888888889 0.5542725173210161 0.024444444444444446 0.050808314087759814
1 0.2088888888888889 0.6235565819861432 0.024444444444444446 0.050808314087759814
1 0.2088888888888889 0.6928406466512702 0.024444444444444446 0.050808314087759814
3 0.6888888888888889 0.5450346420323325 0.08055555555555556 0.020785219399538105
3 0.7005555555555556 0.815242494226328 0.10333333333333333 0.020785219399538105
3 0.7316666666666667 0.9468822170900693 0.16555555555555557 0.016166281755196306
3 0.2088888888888889 0.22632794457274827 0.027777777777777776 0.025404157043879907
3 0.2088888888888889 0.2956120092378753 0.027777777777777776 0.025404157043879907
3 0.2088888888888889 0.3648960739030023 0.027777777777777776 0.025404157043879907
3 0.2088888888888889 0.4341801385681293 0.027777777777777776 0.025404157043879907
3 0.2088888888888889 0.5034642032332564 0.027777777777777776 0.025404157043879907
3 0.2088888888888889 0.5727482678983834 0.027777777777777776 0.025404157043879907
3 0.2088888888888889 0.6420323325635104 0.027777777777777776 0.025404157043879907
3 0.2088888888888889 0.7113163972286374 0.027777777777777776 0.025404157043879907
3 0.2088888888888889 0.22632794457274827 0.027777777777777776 0.025404157043879907
3 0.2088888888888889 0.2956120092378753 0.027777777777777776 0.025404157043879907
3 0.2088888888888889 0.3648960739030023 0.027777777777777776 0.025404157043879907
3 0.2088888888888889 0.4341801385681293 0.027777777777777776 0.025404157043879907
3 0.2088888888888889 0.5034642032332564 0.027777777777777776 0.025404157043879907
3 0.2088888888888889 0.5727482678983834 0.027777777777777776 0.025404157043879907
3 0.2088888888888889 0.6420323325635104 0.027777777777777776 0.025404157043879907
3 0.2088888888888889 0.7113163972286374 0.027777777777777776 0.025404157043879907
3 0.7266666666666667 0.3244803695150115 0.15611111111111112 0.17321016166281755
3 0.7455555555555555 0.6166281755196305 0.16 0.023094688221709007
3 0.7444444444444445 0.6882217090069284 0.16166666666666665 0.023094688221709007
3 0.7444444444444445 0.7124711316397229 0.16166666666666665 0.020785219399538105
3 0.7005555555555556 0.7944572748267898 0.10333333333333333 0.019630484988452657
3 0.6816666666666666 0.874133949191686 0.06555555555555556 0.023094688221709007
3 0.3566666666666667 0.03348729792147806 0.025 0.023094688221709007
3 0.3933333333333333 0.03348729792147806 0.027777777777777776 0.023094688221709007
3 0.44222222222222224 0.03348729792147806 0.05 0.023094688221709007
3 0.4866666666666667 0.03348729792147806 0.019444444444444445 0.023094688221709007
3 0.5188888888888888 0.03348729792147806 0.025 0.023094688221709007
3 0.5522222222222222 0.03348729792147806 0.021666666666666667 0.023094688221709007
3 0.22333333333333333 0.016166281755196306 0.06388888888888888 0.023094688221709007
3 0.21888888888888888 0.03810623556581986 0.06388888888888888 0.023094688221709007
3 0.295 0.1351039260969977 0.08222222222222222 0.016166281755196306
3 0.37166666666666665 0.1351039260969977 0.051111111111111114 0.016166281755196306
3 0.45166666666666666 0.1351039260969977 0.09 0.016166281755196306
3 0.5361111111111111 0.1351039260969977 0.059444444444444446 0.016166281755196306
3 0.6061111111111112 0.1351039260969977 0.06055555555555556 0.016166281755196306