0 0.584375 0.02922077922077922 0.023958333333333335 0.04220779220779221
0 0.2203125 0.31277056277056275 0.010416666666666666 0.021645021645021644
0 0.7296875 0.1634199134199134 0.058854166666666666 0.015151515151515152
1 0.7140625 0.030303030303030304 0.17708333333333334 0.04220779220779221
1 0.41041666666666665 0.3582251082251082 0.14791666666666667 0.30735930735930733
1 0.5666666666666667 0.3582251082251082 0.14791666666666667 0.30735930735930733
1 0.7229166666666667 0.3582251082251082 0.14791666666666667 0.30735930735930733
1 0.41041666666666665 0.8398268398268398 0.14791666666666667 0.30735930735930733
1 0.5666666666666667 0.8398268398268398 0.14791666666666667 0.30735930735930733
1 0.7229166666666667 0.8398268398268398 0.14791666666666667 0.30735930735930733
1 0.22291666666666668 0.030303030303030304 0.06979166666666667 0.0367965367965368
2 0.440625 0.02922077922077922 0.31145833333333334 0.04220779220779221
2 0.5104166666666666 0.02922077922077922 0.007291666666666667 0.015151515151515152
3 0.5359375 0.030303030303030304 0.07395833333333333 0.02813852813852814
3 0.38385416666666666 0.5844155844155844 0.07395833333333333 0.020562770562770564
3 0.5401041666666667 0.5844155844155844 0.07395833333333333 0.020562770562770564
3 0.6864583333333333 0.5844155844155844 0.05416666666666667 0.020562770562770564
3 0.5411458333333333 0.02922077922077922 0.04895833333333333 0.021645021645021644
3 0.5411458333333333 0.02922077922077922 0.04895833333333333 0.021645021645021644
3 0.25677083333333334 0.24134199134199133 0.14479166666666668 0.032467532467532464
3 0.41041666666666665 0.6277056277056277 0.12708333333333333 0.03896103896103896
3 0.5666666666666667 0.6277056277056277 0.12708333333333333 0.03896103896103896
3 0.7229166666666667 0.6277056277056277 0.12708333333333333 0.03896103896103896
3 0.346875 0.0854978354978355 0.0234375 0.021645021645021644
3 0.38125 0.0854978354978355 0.026041666666666668 0.021645021645021644
3 0.4270833333333333 0.0854978354978355 0.046875 0.021645021645021644
3 0.46875 0.0854978354978355 0.018229166666666668 0.021645021645021644
3 0.49895833333333334 0.0854978354978355 0.0234375 0.021645021645021644
3 0.5302083333333333 0.0854978354978355 0.0203125 0.021645021645021644
3 0.21822916666666667 0.5854978354978355 0.06770833333333333 0.01948051948051948
3 0.19375 0.6699134199134199 0.01875 0.01948051948051948
3 0.2265625 0.7543290043290043 0.08489583333333334 0.01948051948051948
3 0.20052083333333334 0.8387445887445888 0.03229166666666667 0.01948051948051948
3 0.20104166666666667 0.9491341991341992 0.033854166666666664 0.01948051948051948
3 0.25833333333333336 0.5854978354978355 0.007291666666666667 0.01948051948051948
3 0.2125 0.6699134199134199 0.0140625 0.01948051948051948
3 0.2786458333333333 0.7543290043290043 0.013541666666666667 0.01948051948051948
3 0.22760416666666666 0.8387445887445888 0.016145833333333335 0.01948051948051948
3 0.21302083333333333 0.8647186147186147 0.007291666666666667 0.01948051948051948
3 0.2265625 0.9491341991341992 0.011458333333333333 0.01948051948051948
3 0.221875 0.06926406926406926 0.059895833333333336 0.021645021645021644
3 0.21770833333333334 0.08982683982683982 0.059895833333333336 0.021645021645021644
3 0.22291666666666668 0.15367965367965367 0.07708333333333334 0.021645021645021644
3 0.2953125 0.15367965367965367 0.04791666666666667 0.021645021645021644
3 0.2359375 0.17532467532467533 0.10364583333333334 0.021645021645021644
3 0.21822916666666667 0.19696969696969696 0.06770833333333333 0.021645021645021644
3 0.27291666666666664 0.19696969696969696 0.0234375 0.021645021645021644