0 0.5948924731182795 0.020647321428571428 0.025268817204301075 0.041294642857142856
0 0.7446236559139785 0.15736607142857142 0.06075268817204301 0.015625
1 0.728763440860215 0.021205357142857144 0.18333333333333332 0.04241071428571429
1 0.4150537634408602 0.35825892857142855 0.15268817204301074 0.3169642857142857
1 0.5763440860215053 0.35825892857142855 0.15268817204301074 0.3169642857142857
1 0.7376344086021506 0.35825892857142855 0.15268817204301074 0.3169642857142857
1 0.221505376344086 0.020089285714285716 0.07204301075268817 0.03794642857142857
2 0.44650537634408605 0.020647321428571428 0.32204301075268815 0.041294642857142856
2 0.4935483870967742 0.018973214285714284 0.007526881720430108 0.015625
3 0.532258064516129 0.020089285714285716 0.1010752688172043 0.029017857142857144
3 0.3774193548387097 0.5915178571428571 0.05591397849462366 0.021205357142857144
3 0.5387096774193548 0.5915178571428571 0.05591397849462366 0.021205357142857144
3 0.710752688172043 0.6104910714285714 0.07741935483870968 0.021205357142857144
3 0.5376344086021505 0.018973214285714284 0.07526881720430108 0.022321428571428572
3 0.5376344086021505 0.018973214285714284 0.07526881720430108 0.022321428571428572
3 0.2564516129032258 0.19308035714285715 0.14946236559139786 0.033482142857142856
3 0.4150537634408602 0.6361607142857143 0.13118279569892474 0.04017857142857143
3 0.5763440860215053 0.6361607142857143 0.13118279569892474 0.04017857142857143
3 0.7376344086021506 0.6551339285714286 0.13118279569892474 0.04017857142857143
3 0.34946236559139787 0.07700892857142858 0.024193548387096774 0.022321428571428572
3 0.3849462365591398 0.07700892857142858 0.026881720430107527 0.022321428571428572
3 0.432258064516129 0.07700892857142858 0.04838709677419355 0.022321428571428572
3 0.4752688172043011 0.07700892857142858 0.01881720430107527 0.022321428571428572
3 0.5064516129032258 0.07700892857142858 0.024193548387096774 0.022321428571428572
3 0.5387096774193548 0.07700892857142858 0.020967741935483872 0.022321428571428572
3 0.2349462365591398 0.48995535714285715 0.10698924731182796 0.020089285714285716
3 0.22365591397849463 0.5167410714285714 0.08440860215053764 0.020089285714285716
3 0.2252688172043011 0.5435267857142857 0.08709677419354839 0.020089285714285716
3 0.21559139784946235 0.5703125 0.06774193548387097 0.020089285714285716
3 0.221505376344086 0.5970982142857143 0.08010752688172043 0.020089285714285716
3 0.2161290322580645 0.6238839285714286 0.06881720430107527 0.020089285714285716
3 0.23010752688172043 0.6506696428571429 0.09731182795698924 0.020089285714285716
3 0.20698924731182797 0.6774553571428571 0.05053763440860215 0.020089285714285716
3 0.21666666666666667 0.7042410714285714 0.07043010752688172 0.020089285714285716
3 0.1913978494623656 0.8214285714285714 0.01935483870967742 0.020089285714285716
3 0.2252688172043011 0.9084821428571429 0.08763440860215053 0.020089285714285716
3 0.19865591397849464 0.9921875 0.03387096774193549 0.013392857142857142
3 0.3010752688172043 0.48995535714285715 0.01935483870967742 0.020089285714285716
3 0.2763440860215054 0.5167410714285714 0.014516129032258065 0.020089285714285716
3 0.278494623655914 0.5435267857142857 0.014516129032258065 0.020089285714285716
3 0.2591397849462366 0.5703125 0.014516129032258065 0.020089285714285716
3 0.271505376344086 0.5970982142857143 0.014516129032258065 0.020089285714285716
3 0.2591397849462366 0.6238839285714286 0.01129032258064516 0.020089285714285716
3 0.28817204301075267 0.6506696428571429 0.012365591397849462 0.020089285714285716
3 0.24193548387096775 0.6774553571428571 0.012903225806451613 0.020089285714285716
3 0.2586021505376344 0.7042410714285714 0.007526881720430108 0.020089285714285716
3 0.210752688172043 0.8214285714285714 0.013978494623655914 0.020089285714285716
3 0.28225806451612906 0.9084821428571429 0.02043010752688172 0.020089285714285716
3 0.22822580645161292 0.9921875 0.01989247311827957 0.013392857142857142
3 0.22043010752688172 0.060267857142857144 0.06182795698924731 0.022321428571428572
3 0.2161290322580645 0.08147321428571429 0.06182795698924731 0.022321428571428572
3 0.221505376344086 0.14732142857142858 0.07956989247311828 0.022321428571428572
3 0.29623655913978497 0.14732142857142858 0.04946236559139785 0.022321428571428572