0 0.5964864864864865 0.015134529147982063 0.025405405405405406 0.030269058295964126
0 0.701081081081081 0.8542600896860987 0.1345945945945946 0.020179372197309416
0 0.72 0.9181614349775785 0.17189189189189188 0.053811659192825115
0 0.7202702702702702 0.976457399103139 0.17243243243243242 0.04484304932735426
1 0.731081081081081 0.01569506726457399 0.18432432432432433 0.03139013452914798
1 0.20594594594594595 0.23542600896860988 0.023783783783783784 0.04932735426008968
1 0.4118918918918919 0.5145739910313901 0.36108108108108106 0.5246636771300448
1 0.20594594594594595 0.30269058295964124 0.023783783783783784 0.04932735426008968
1 0.20594594594594595 0.36995515695067266 0.023783783783783784 0.04932735426008968
1 0.20594594594594595 0.437219730941704 0.023783783783783784 0.04932735426008968
1 0.20594594594594595 0.5044843049327354 0.023783783783783784 0.04932735426008968
1 0.22135135135135134 0.014573991031390135 0.07297297297297298 0.02914798206278027
2 0.4472972972972973 0.015134529147982063 0.3237837837837838 0.030269058295964126
3 0.6908108108108109 0.46860986547085204 0.11405405405405405 0.020179372197309416
3 0.6816216216216217 0.7533632286995515 0.09567567567567567 0.020179372197309416
3 0.20594594594594595 0.2533632286995516 0.02702702702702703 0.02466367713004484
3 0.20594594594594595 0.32062780269058294 0.02702702702702703 0.02466367713004484
3 0.20594594594594595 0.38789237668161436 0.02702702702702703 0.02466367713004484
3 0.20594594594594595 0.4551569506726457 0.02702702702702703 0.02466367713004484
3 0.20594594594594595 0.5224215246636771 0.02702702702702703 0.02466367713004484
3 0.20594594594594595 0.2533632286995516 0.02702702702702703 0.02466367713004484
3 0.20594594594594595 0.32062780269058294 0.02702702702702703 0.02466367713004484
3 0.20594594594594595 0.38789237668161436 0.02702702702702703 0.02466367713004484
3 0.20594594594594595 0.4551569506726457 0.02702702702702703 0.02466367713004484
3 0.20594594594594595 0.5224215246636771 0.02702702702702703 0.02466367713004484
3 0.7097297297297297 0.3060538116591928 0.1518918918918919 0.08408071748878924
3 0.7281081081081081 0.5381165919282511 0.15567567567567567 0.02242152466367713
3 0.7281081081081081 0.5616591928251121 0.15567567567567567 0.020179372197309416
3 0.727027027027027 0.6300448430493274 0.1572972972972973 0.02242152466367713
3 0.727027027027027 0.6535874439461884 0.1572972972972973 0.020179372197309416
3 0.6816216216216217 0.7331838565022422 0.09567567567567567 0.01905829596412556
3 0.6659459459459459 0.8105381165919282 0.06378378378378378 0.02242152466367713
3 0.3497297297297297 0.06614349775784753 0.024324324324324326 0.02242152466367713
3 0.3854054054054054 0.06614349775784753 0.02702702702702703 0.02242152466367713
3 0.432972972972973 0.06614349775784753 0.04864864864864865 0.02242152466367713
3 0.47621621621621624 0.06614349775784753 0.01891891891891892 0.02242152466367713
3 0.5075675675675676 0.06614349775784753 0.024324324324324326 0.02242152466367713
3 0.54 0.06614349775784753 0.02108108108108108 0.02242152466367713
3 0.22 0.04932735426008968 0.062162162162162166 0.02242152466367713
3 0.21567567567567567 0.07062780269058296 0.062162162162162166 0.02242152466367713
3 0.2524324324324324 0.1647982062780269 0.005405405405405406 0.01569506726457399
3 0.2897297297297297 0.1647982062780269 0.04972972972972973 0.01569506726457399
3 0.3675675675675676 0.1647982062780269 0.08756756756756756 0.01569506726457399
3 0.4308108108108108 0.1647982062780269 0.01945945945945946 0.01569506726457399
3 0.46 0.1647982062780269 0.02 0.01569506726457399
3 0.4962162162162162 0.1647982062780269 0.032972972972972976 0.01569506726457399