0 0.574585635359116 0.028669724770642203 0.02541436464088398 0.04472477064220184
0 0.7287292817679558 0.17087155963302753 0.062430939226519336 0.016055045871559634
1 0.7121546961325966 0.02981651376146789 0.1878453038674033 0.04472477064220184
1 0.39005524861878454 0.37729357798165136 0.1569060773480663 0.3256880733944954
1 0.5558011049723757 0.37729357798165136 0.1569060773480663 0.3256880733944954
1 0.7215469613259669 0.37729357798165136 0.1569060773480663 0.3256880733944954
1 0.19116022099447513 0.02981651376146789 0.07403314917127071 0.0389908256880734
2 0.4220994475138122 0.028669724770642203 0.33038674033149174 0.04472477064220184
2 0.4580110497237569 0.028669724770642203 0.0077348066298342545 0.016055045871559634
3 0.5038674033149171 0.02981651376146789 0.11657458563535912 0.02981651376146789
3 0.35138121546961326 0.6628440366972477 0.057458563535911604 0.021788990825688075
3 0.5276243093922652 0.6169724770642202 0.07845303867403315 0.021788990825688075
3 0.6828729281767956 0.6169724770642202 0.057458563535911604 0.021788990825688075
3 0.5093922651933702 0.028669724770642203 0.09005524861878453 0.022935779816513763
3 0.5093922651933702 0.028669724770642203 0.09005524861878453 0.022935779816513763
3 0.22707182320441988 0.25344036697247707 0.15359116022099448 0.034403669724770644
3 0.39005524861878454 0.7087155963302753 0.13480662983425415 0.04128440366972477
3 0.5558011049723757 0.6628440366972477 0.13480662983425415 0.04128440366972477
3 0.7215469613259669 0.6525229357798165 0.13480662983425415 0.020642201834862386
3 0.32265193370165746 0.08830275229357798 0.024861878453038673 0.022935779816513763
3 0.35911602209944754 0.08830275229357798 0.027624309392265192 0.022935779816513763
3 0.40773480662983425 0.08830275229357798 0.049723756906077346 0.022935779816513763
3 0.45193370165745855 0.08830275229357798 0.019337016574585635 0.022935779816513763
3 0.4839779005524862 0.08830275229357798 0.024861878453038673 0.022935779816513763
3 0.5171270718232044 0.08830275229357798 0.02154696132596685 0.022935779816513763
3 0.1861878453038674 0.5584862385321101 0.0718232044198895 0.020642201834862386
3 0.16022099447513813 0.6479357798165137 0.019889502762430938 0.020642201834862386
3 0.19502762430939227 0.7373853211009175 0.09005524861878453 0.020642201834862386
3 0.16740331491712707 0.8268348623853211 0.03425414364640884 0.020642201834862386
3 0.16795580110497238 0.9438073394495413 0.03591160220994475 0.020642201834862386
3 0.2281767955801105 0.5584862385321101 0.0071823204419889505 0.020642201834862386
3 0.17900552486187846 0.6479357798165137 0.012154696132596685 0.020642201834862386
3 0.25082872928176797 0.7373853211009175 0.016022099447513812 0.020642201834862386
3 0.19668508287292819 0.8268348623853211 0.017679558011049725 0.020642201834862386
3 0.18011049723756906 0.8543577981651376 0.0071823204419889505 0.020642201834862386
3 0.19502762430939227 0.9438073394495413 0.01270718232044199 0.020642201834862386
3 0.19005524861878453 0.07110091743119266 0.06353591160220995 0.022935779816513763
3 0.1856353591160221 0.09288990825688073 0.06353591160220995 0.022935779816513763
3 0.19116022099447513 0.16055045871559634 0.08176795580110498 0.022935779816513763
3 0.26795580110497236 0.16055045871559634 0.05082872928176796 0.022935779816513763
3 0.19337016574585636 0.1834862385321101 0.0867403314917127 0.022935779816513763
3 0.2176795580110497 0.19495412844036697 0.13480662983425415 0.045871559633027525