0 0.6185082872928177 0.005160550458715597 0.025966850828729283 0.010321100917431193
0 0.7723756906077348 0.12958715596330275 0.062430939226519336 0.016055045871559634
1 0.7560773480662983 0.005733944954128441 0.18839779005524862 0.011467889908256881
1 0.43370165745856354 0.3360091743119266 0.1569060773480663 0.3256880733944954
1 0.5994475138121547 0.3360091743119266 0.1569060773480663 0.3256880733944954
1 0.7651933701657458 0.3360091743119266 0.1569060773480663 0.3256880733944954
1 0.23508287292817678 0.0045871559633027525 0.07458563535911603 0.009174311926605505
2 0.4660220994475138 0.005160550458715597 0.330939226519337 0.010321100917431193
3 0.39502762430939226 0.6215596330275229 0.057458563535911604 0.021788990825688075
3 0.5712707182320442 0.5756880733944955 0.07845303867403315 0.021788990825688075
3 0.7265193370165746 0.5756880733944955 0.057458563535911604 0.021788990825688075
3 0.27071823204419887 0.2121559633027523 0.15359116022099448 0.034403669724770644
3 0.43370165745856354 0.6674311926605505 0.13480662983425415 0.04128440366972477
3 0.5994475138121547 0.6215596330275229 0.13480662983425415 0.04128440366972477
3 0.7651933701657458 0.6112385321100917 0.13480662983425415 0.020642201834862386
3 0.36629834254143645 0.047018348623853214 0.024861878453038673 0.022935779816513763
3 0.40276243093922653 0.047018348623853214 0.027624309392265192 0.022935779816513763
3 0.45138121546961324 0.047018348623853214 0.049723756906077346 0.022935779816513763
3 0.49558011049723755 0.047018348623853214 0.019337016574585635 0.022935779816513763
3 0.5276243093922652 0.047018348623853214 0.024861878453038673 0.022935779816513763
3 0.5607734806629834 0.047018348623853214 0.02154696132596685 0.022935779816513763
3 0.22983425414364642 0.5172018348623854 0.0718232044198895 0.020642201834862386
3 0.20386740331491712 0.606651376146789 0.019889502762430938 0.020642201834862386
3 0.23867403314917127 0.6961009174311926 0.09005524861878453 0.020642201834862386
3 0.2110497237569061 0.7855504587155964 0.03425414364640884 0.020642201834862386
3 0.21160220994475137 0.9025229357798165 0.03591160220994475 0.020642201834862386
3 0.20524861878453038 0.9902522935779816 0.022651933701657457 0.017201834862385322
3 0.2718232044198895 0.5172018348623854 0.0071823204419889505 0.020642201834862386
3 0.22265193370165745 0.606651376146789 0.012154696132596685 0.020642201834862386
3 0.29447513812154696 0.6961009174311926 0.016022099447513812 0.020642201834862386
3 0.24033149171270718 0.7855504587155964 0.017679558011049725 0.020642201834862386
3 0.22375690607734808 0.8130733944954128 0.0071823204419889505 0.020642201834862386
3 0.23867403314917127 0.9025229357798165 0.01270718232044199 0.020642201834862386
3 0.22707182320441988 0.9902522935779816 0.016574585635359115 0.017201834862385322
3 0.23370165745856353 0.02981651376146789 0.06353591160220995 0.022935779816513763
3 0.2292817679558011 0.051605504587155966 0.06353591160220995 0.022935779816513763
3 0.23480662983425415 0.11926605504587157 0.08176795580110498 0.022935779816513763
3 0.3116022099447514 0.11926605504587157 0.05082872928176796 0.022935779816513763
3 0.23701657458563535 0.14220183486238533 0.0867403314917127 0.022935779816513763
3 0.2613259668508287 0.1536697247706422 0.13480662983425415 0.045871559633027525