0 0.606156501726122 0.014952153110047847 0.02704257767548907 0.029904306220095694
0 0.766398158803222 0.15430622009569378 0.06501726121979287 0.01674641148325359
1 0.7494246260069045 0.01555023923444976 0.1962025316455696 0.03110047846889952
1 0.41369390103567316 0.3696172248803828 0.16340621403912542 0.3397129186602871
1 0.5863060989643268 0.3696172248803828 0.16340621403912542 0.3397129186602871
1 0.7589182968929804 0.3696172248803828 0.16340621403912542 0.3397129186602871
1 0.20684695051783658 0.014354066985645933 0.07767548906789414 0.028708133971291867
2 0.44735327963176064 0.014952153110047847 0.34464902186421176 0.029904306220095694
2 0.4979861910241657 0.00777511961722488 0.00863060989643268 0.01555023923444976
3 0.5394131185270425 0.011961722488038277 0.10874568469505179 0.023923444976076555
3 0.3958573072497123 0.6196172248803827 0.1047180667433832 0.022727272727272728
3 0.41369390103567316 0.6985645933014354 0.14039125431530494 0.01555023923444976
3 0.546029919447641 0.6196172248803827 0.05983889528193326 0.022727272727272728
3 0.7186421173762946 0.6196172248803827 0.05983889528193326 0.022727272727272728
3 0.5451668584579977 0.009569377990430622 0.0811277330264672 0.019138755980861243
3 0.5451668584579977 0.009569377990430622 0.0811277330264672 0.019138755980861243
3 0.24395857307249713 0.19258373205741627 0.15995397008055237 0.03588516746411483
3 0.41369390103567316 0.6674641148325359 0.14039125431530494 0.0430622009569378
3 0.5863060989643268 0.6674641148325359 0.14039125431530494 0.0430622009569378
3 0.7589182968929804 0.6674641148325359 0.14039125431530494 0.0430622009569378
3 0.34349827387802073 0.06818181818181818 0.025891829689298044 0.023923444976076555
3 0.3814729574223245 0.06818181818181818 0.028768699654775604 0.023923444976076555
3 0.43210586881472957 0.06818181818181818 0.05178365937859609 0.023923444976076555
3 0.4781357882623705 0.06818181818181818 0.020138089758342925 0.023923444976076555
3 0.5115074798619103 0.06818181818181818 0.025891829689298044 0.023923444976076555
3 0.546029919447641 0.06818181818181818 0.02243958573072497 0.023923444976076555
3 0.20138089758342922 0.5107655502392344 0.07479861910241657 0.0215311004784689
3 0.2002301495972382 0.604066985645933 0.07249712313003452 0.0215311004784689
3 0.2088607594936709 0.6327751196172249 0.0903337169159954 0.0215311004784689
3 0.21058688147295743 0.6614832535885168 0.09321058688147296 0.0215311004784689
3 0.20655926352128884 0.6901913875598086 0.0857307249712313 0.0215311004784689
3 0.19102416570771003 0.7188995215311005 0.05408515535097814 0.0215311004784689
3 0.17376294591484465 0.7476076555023924 0.019562715765247412 0.0215311004784689
3 0.17433831990794016 0.8409090909090909 0.020713463751438434 0.0215311004784689
3 0.21058688147295743 0.9342105263157895 0.09378596087456847 0.0215311004784689
3 0.24798619102416572 0.5107655502392344 0.012658227848101266 0.0215311004784689
3 0.25028768699654774 0.604066985645933 0.02243958573072497 0.0215311004784689
3 0.2663981588032221 0.6327751196172249 0.01726121979286536 0.0215311004784689
3 0.26869965477560415 0.6614832535885168 0.017836593785960874 0.0215311004784689
3 0.2566168009205984 0.6901913875598086 0.00805523590333717 0.0215311004784689
3 0.2243958573072497 0.7188995215311005 0.006329113924050633 0.0215311004784689
3 0.19505178365937859 0.7476076555023924 0.017836593785960874 0.0215311004784689
3 0.1962025316455696 0.8409090909090909 0.01726121979286536 0.0215311004784689
3 0.2721518987341772 0.9342105263157895 0.023590333716915997 0.0215311004784689
3 0.2054085155350978 0.050239234449760764 0.0661680092059839 0.023923444976076555
3 0.2008055235903337 0.0729665071770335 0.0661680092059839 0.023923444976076555
3 0.20655926352128884 0.14354066985645933 0.08515535097813579 0.023923444976076555
3 0.286536248561565 0.14354066985645933 0.05293440736478711 0.023923444976076555