0 0.5959893048128342 0.015 0.025133689839572194 0.03
0 0.2411764705882353 0.31 0.0106951871657754 0.022222222222222223
0 0.7449197860962566 0.14555555555555555 0.06042780748663101 0.015555555555555555
0 0.6406417112299465 0.74 0.03208556149732621 0.028888888888888888
1 0.729144385026738 0.015555555555555555 0.18235294117647058 0.03111111111111111
1 0.3967914438502674 0.29888888888888887 0.0855614973262032 0.17777777777777778
1 0.3967914438502674 0.5222222222222223 0.0855614973262032 0.17777777777777778
1 0.3967914438502674 0.7455555555555555 0.0855614973262032 0.17777777777777778
1 0.2248663101604278 0.014444444444444444 0.07219251336898395 0.028888888888888888
2 0.4483957219251337 0.015 0.32032085561497325 0.03
2 0.5165775401069519 0.0077777777777777776 0.0074866310160427805 0.015555555555555555
3 0.5446524064171123 0.012222222222222223 0.07967914438502674 0.024444444444444446
3 0.4919786096256685 0.30666666666666664 0.07967914438502674 0.021111111111111112
3 0.4909090909090909 0.53 0.07700534759358289 0.021111111111111112
3 0.4919786096256685 0.7533333333333333 0.07967914438502674 0.021111111111111112
3 0.6128342245989304 0.74 0.019251336898395723 0.02
3 0.4919786096256685 0.9766666666666667 0.07967914438502674 0.021111111111111112
3 0.55 0.01 0.05401069518716577 0.02
3 0.55 0.01 0.05401069518716577 0.02
3 0.25935828877005346 0.22 0.14866310160427806 0.06666666666666667
3 0.6197860962566845 0.22444444444444445 0.3352941176470588 0.028888888888888888
3 0.6197860962566845 0.4477777777777778 0.3352941176470588 0.028888888888888888
3 0.6197860962566845 0.6711111111111111 0.3352941176470588 0.028888888888888888
3 0.6197860962566845 0.8944444444444445 0.3352941176470588 0.028888888888888888
3 0.3518716577540107 0.06555555555555556 0.02406417112299465 0.022222222222222223
3 0.3871657754010695 0.06555555555555556 0.026737967914438502 0.022222222222222223
3 0.43422459893048126 0.06555555555555556 0.0481283422459893 0.022222222222222223
3 0.4770053475935829 0.06555555555555556 0.01871657754010695 0.022222222222222223
3 0.5080213903743316 0.06555555555555556 0.02406417112299465 0.022222222222222223
3 0.5401069518716578 0.06555555555555556 0.02085561497326203 0.022222222222222223
3 0.2197860962566845 0.59 0.06951871657754011 0.02
3 0.19786096256684493 0.6766666666666666 0.026203208556149733 0.02
3 0.1946524064171123 0.7033333333333334 0.019251336898395723 0.02
3 0.1946524064171123 0.79 0.019251336898395723 0.02
3 0.2283422459893048 0.8766666666666667 0.08716577540106951 0.02
3 0.2016042780748663 0.9633333333333334 0.033155080213903745 0.02
3 0.2631016042780749 0.59 0.011764705882352941 0.02
3 0.22245989304812835 0.6766666666666666 0.01764705882352941 0.02
3 0.21497326203208555 0.7033333333333334 0.016042780748663103 0.02
3 0.2160427807486631 0.79 0.01818181818181818 0.02
3 0.28502673796791445 0.8766666666666667 0.020320855614973262 0.02
3 0.23101604278074866 0.9633333333333334 0.019786096256684493 0.02
3 0.21657754010695188 0.9894444444444445 0.012834224598930482 0.01888888888888889
3 0.2235294117647059 0.04888888888888889 0.06149732620320856 0.022222222222222223
3 0.2192513368983957 0.07 0.06149732620320856 0.022222222222222223
3 0.22459893048128343 0.13555555555555557 0.07914438502673797 0.022222222222222223
3 0.2556149732620321 0.14666666666666667 0.14171122994652408 0.044444444444444446
3 0.2540106951871658 0.15777777777777777 0.07700534759358289 0.022222222222222223
3 0.3160427807486631 0.15777777777777777 0.02727272727272727 0.022222222222222223