0 0.5754237288135593 0.01056338028169014 0.02655367231638418 0.02112676056338028
0 0.1807909604519774 0.3438967136150235 0.011299435028248588 0.023474178403755867
0 0.7327683615819209 0.18192488262910797 0.06384180790960452 0.01643192488262911
1 0.7161016949152542 0.011150234741784037 0.19265536723163842 0.022300469483568074
1 0.3864406779661017 0.3931924882629108 0.16045197740112993 0.3333333333333333
1 0.5559322033898305 0.3931924882629108 0.16045197740112993 0.3333333333333333
1 0.7254237288135593 0.3931924882629108 0.16045197740112993 0.3333333333333333
1 0.18333333333333332 0.009976525821596244 0.07627118644067797 0.01995305164319249
2 0.4194915254237288 0.01056338028169014 0.3384180790960452 0.02112676056338028
2 0.4822033898305085 0.0035211267605633804 0.00847457627118644 0.007042253521126761
3 0.515819209039548 0.007629107981220657 0.09378531073446328 0.015258215962441314
3 0.34689265536723163 0.6384976525821596 0.05875706214689266 0.022300469483568074
3 0.6966101694915254 0.6384976525821596 0.08022598870056497 0.022300469483568074
3 0.5214689265536723 0.00528169014084507 0.06666666666666667 0.01056338028169014
3 0.5214689265536723 0.00528169014084507 0.06666666666666667 0.01056338028169014
3 0.21977401129943502 0.2664319248826291 0.15706214689265538 0.035211267605633804
3 0.3864406779661017 0.6854460093896714 0.13785310734463277 0.04225352112676056
3 0.5559322033898305 0.6795774647887324 0.13785310734463277 0.04225352112676056
3 0.7254237288135593 0.6854460093896714 0.13785310734463277 0.04225352112676056
3 0.31751412429378534 0.05868544600938967 0.025423728813559324 0.023474178403755867
3 0.35480225988700564 0.05868544600938967 0.02824858757062147 0.023474178403755867
3 0.40451977401129946 0.05868544600938967 0.05084745762711865 0.023474178403755867
3 0.4497175141242938 0.05868544600938967 0.01977401129943503 0.023474178403755867
3 0.4824858757062147 0.05868544600938967 0.025423728813559324 0.023474178403755867
3 0.5163841807909605 0.05868544600938967 0.022033898305084745 0.023474178403755867
3 0.17796610169491525 0.6396713615023474 0.07344632768361582 0.02112676056338028
3 0.15141242937853108 0.7312206572769953 0.020338983050847456 0.02112676056338028
3 0.18700564971751413 0.8227699530516432 0.09209039548022599 0.02112676056338028
3 0.15875706214689267 0.9143192488262911 0.03502824858757062 0.02112676056338028
3 0.22372881355932203 0.6396713615023474 0.012429378531073447 0.02112676056338028
3 0.17288135593220338 0.7312206572769953 0.01694915254237288 0.02112676056338028
3 0.24689265536723165 0.8227699530516432 0.021468926553672316 0.02112676056338028
3 0.19096045197740114 0.9143192488262911 0.023163841807909605 0.02112676056338028
3 0.17457627118644067 0.9424882629107981 0.012429378531073447 0.02112676056338028
3 0.18192090395480226 0.04107981220657277 0.06497175141242938 0.023474178403755867
3 0.17740112994350282 0.06338028169014084 0.06497175141242938 0.023474178403755867
3 0.18305084745762712 0.17136150234741784 0.08361581920903954 0.023474178403755867
3 0.2615819209039548 0.17136150234741784 0.0519774011299435 0.023474178403755867
3 0.19717514124293786 0.19483568075117372 0.11242937853107345 0.023474178403755867
3 0.16045197740112993 0.21830985915492956 0.0384180790960452 0.023474178403755867