0 0.19830508474576272 0.2992957746478873 0.011299435028248588 0.023474178403755867
0 0.7502824858757062 0.13732394366197184 0.06384180790960452 0.01643192488262911
1 0.403954802259887 0.3485915492957746 0.16045197740112993 0.3333333333333333
1 0.5734463276836158 0.3485915492957746 0.16045197740112993 0.3333333333333333
1 0.7429378531073446 0.3485915492957746 0.16045197740112993 0.3333333333333333
3 0.3644067796610169 0.5938967136150235 0.05875706214689266 0.022300469483568074
3 0.7141242937853107 0.5938967136150235 0.08022598870056497 0.022300469483568074
3 0.23728813559322035 0.22183098591549297 0.15706214689265538 0.035211267605633804
3 0.403954802259887 0.6408450704225352 0.13785310734463277 0.04225352112676056
3 0.5734463276836158 0.6349765258215962 0.13785310734463277 0.04225352112676056
3 0.7429378531073446 0.6408450704225352 0.13785310734463277 0.04225352112676056
3 0.33502824858757063 0.014084507042253521 0.025423728813559324 0.023474178403755867
3 0.37231638418079094 0.014084507042253521 0.02824858757062147 0.023474178403755867
3 0.42203389830508475 0.014084507042253521 0.05084745762711865 0.023474178403755867
3 0.4672316384180791 0.014084507042253521 0.01977401129943503 0.023474178403755867
3 0.5 0.014084507042253521 0.025423728813559324 0.023474178403755867
3 0.5338983050847458 0.014084507042253521 0.022033898305084745 0.023474178403755867
3 0.19548022598870057 0.5950704225352113 0.07344632768361582 0.02112676056338028
3 0.16892655367231638 0.6866197183098591 0.020338983050847456 0.02112676056338028
3 0.20451977401129945 0.778169014084507 0.09209039548022599 0.02112676056338028
3 0.17627118644067796 0.8697183098591549 0.03502824858757062 0.02112676056338028
3 0.1768361581920904 0.988849765258216 0.03728813559322034 0.01995305164319249
3 0.24124293785310735 0.5950704225352113 0.012429378531073447 0.02112676056338028
3 0.1903954802259887 0.6866197183098591 0.01694915254237288 0.02112676056338028
3 0.26440677966101694 0.778169014084507 0.021468926553672316 0.02112676056338028
3 0.20847457627118643 0.8697183098591549 0.023163841807909605 0.02112676056338028
3 0.192090395480226 0.897887323943662 0.012429378531073447 0.02112676056338028
3 0.20706214689265537 0.988849765258216 0.01751412429378531 0.01995305164319249
3 0.19943502824858758 0.004694835680751174 0.0655367231638418 0.009389671361502348
3 0.19491525423728814 0.018779342723004695 0.06497175141242938 0.023474178403755867
3 0.20056497175141244 0.1267605633802817 0.08361581920903954 0.023474178403755867
3 0.2790960451977401 0.1267605633802817 0.0519774011299435 0.023474178403755867
3 0.21468926553672316 0.15023474178403756 0.11242937853107345 0.023474178403755867
3 0.17796610169491525 0.17370892018779344 0.0384180790960452 0.023474178403755867