0 0.5819148936170213 0.025386313465783666 0.02446808510638298 0.04304635761589404
0 0.6835106382978723 0.8189845474613686 0.12872340425531914 0.019867549668874173
0 0.7037234042553191 0.9061810154525386 0.16914893617021276 0.052980132450331126
0 0.7037234042553191 0.9679911699779249 0.16914893617021276 0.052980132450331126
1 0.7143617021276596 0.026490066225165563 0.18085106382978725 0.04304635761589404
1 0.19787234042553192 0.24944812362030905 0.023404255319148935 0.04856512141280353
1 0.400531914893617 0.5242825607064018 0.3553191489361702 0.5165562913907285
1 0.19787234042553192 0.31567328918322296 0.023404255319148935 0.04856512141280353
1 0.19787234042553192 0.3818984547461369 0.023404255319148935 0.04856512141280353
1 0.19787234042553192 0.4481236203090508 0.023404255319148935 0.04856512141280353
1 0.19787234042553192 0.5143487858719646 0.023404255319148935 0.04856512141280353
1 0.19787234042553192 0.5805739514348786 0.023404255319148935 0.04856512141280353
1 0.19787234042553192 0.6467991169977925 0.023404255319148935 0.04856512141280353
1 0.19787234042553192 0.7130242825607064 0.023404255319148935 0.04856512141280353
1 0.2127659574468085 0.026490066225165563 0.07127659574468086 0.037527593818984545
2 0.4351063829787234 0.025386313465783666 0.3180851063829787 0.04304635761589404
3 0.6574468085106383 0.4613686534216336 0.07712765957446809 0.019867549668874173
3 0.6675531914893617 0.7196467991169978 0.09680851063829787 0.019867549668874173
3 0.698404255319149 0.8454746136865342 0.15904255319148936 0.01545253863134658
3 0.19787234042553192 0.2671081677704194 0.026595744680851064 0.024282560706401765
3 0.19787234042553192 0.3333333333333333 0.026595744680851064 0.024282560706401765
3 0.19787234042553192 0.3995584988962472 0.026595744680851064 0.024282560706401765
3 0.19787234042553192 0.46578366445916114 0.026595744680851064 0.024282560706401765
3 0.19787234042553192 0.5320088300220751 0.026595744680851064 0.024282560706401765
3 0.19787234042553192 0.5982339955849889 0.026595744680851064 0.024282560706401765
3 0.19787234042553192 0.6644591611479028 0.026595744680851064 0.024282560706401765
3 0.19787234042553192 0.7306843267108167 0.026595744680851064 0.024282560706401765
3 0.19787234042553192 0.2671081677704194 0.026595744680851064 0.024282560706401765
3 0.19787234042553192 0.3333333333333333 0.026595744680851064 0.024282560706401765
3 0.19787234042553192 0.3995584988962472 0.026595744680851064 0.024282560706401765
3 0.19787234042553192 0.46578366445916114 0.026595744680851064 0.024282560706401765
3 0.19787234042553192 0.5320088300220751 0.026595744680851064 0.024282560706401765
3 0.19787234042553192 0.5982339955849889 0.026595744680851064 0.024282560706401765
3 0.19787234042553192 0.6644591611479028 0.026595744680851064 0.024282560706401765
3 0.19787234042553192 0.7306843267108167 0.026595744680851064 0.024282560706401765
3 0.6936170212765957 0.3057395143487859 0.149468085106383 0.05518763796909492
3 0.7117021276595744 0.5298013245033113 0.15319148936170213 0.02207505518763797
3 0.7106382978723405 0.5982339955849889 0.15478723404255318 0.02207505518763797
3 0.7106382978723405 0.6214128035320088 0.15478723404255318 0.019867549668874173
3 0.6675531914893617 0.6997792494481236 0.09680851063829787 0.018763796909492272
3 0.6505319148936171 0.7759381898454746 0.0627659574468085 0.02207505518763797
3 0.3393617021276596 0.08278145695364239 0.023936170212765957 0.02207505518763797
3 0.37446808510638296 0.08278145695364239 0.026595744680851064 0.02207505518763797
3 0.42127659574468085 0.08278145695364239 0.047872340425531915 0.02207505518763797
3 0.46382978723404256 0.08278145695364239 0.018617021276595744 0.02207505518763797
3 0.4946808510638298 0.08278145695364239 0.023936170212765957 0.02207505518763797
3 0.526595744680851 0.08278145695364239 0.02074468085106383 0.02207505518763797
3 0.21170212765957447 0.06622516556291391 0.061170212765957445 0.02207505518763797
3 0.2074468085106383 0.08719646799116998 0.061170212765957445 0.02207505518763797
3 0.2803191489361702 0.17991169977924945 0.07872340425531915 0.01545253863134658
3 0.3537234042553192 0.17991169977924945 0.04893617021276596 0.01545253863134658
3 0.43031914893617024 0.17991169977924945 0.08617021276595745 0.01545253863134658
3 0.4925531914893617 0.17991169977924945 0.019148936170212766 0.01545253863134658
3 0.5212765957446809 0.17991169977924945 0.019680851063829788 0.01545253863134658