0 0.5775 0.018475750577367205 0.026111111111111113 0.03695150115473441
0 0.6833333333333333 0.8441108545034642 0.13444444444444445 0.020785219399538105
0 0.7044444444444444 0.9353348729792148 0.17666666666666667 0.05542725173210162
0 0.7047222222222222 0.9855658198614319 0.17722222222222223 0.026558891454965358
1 0.7158333333333333 0.01905311778290993 0.18944444444444444 0.03810623556581986
1 0.1761111111111111 0.24826789838337182 0.024444444444444446 0.050808314087759814
1 0.3877777777777778 0.535796766743649 0.3711111111111111 0.5404157043879908
1 0.1761111111111111 0.31755196304849886 0.024444444444444446 0.050808314087759814
1 0.1761111111111111 0.38683602771362585 0.024444444444444446 0.050808314087759814
1 0.1761111111111111 0.4561200923787529 0.024444444444444446 0.050808314087759814
1 0.1761111111111111 0.5254041570438799 0.024444444444444446 0.050808314087759814
1 0.1761111111111111 0.5946882217090069 0.024444444444444446 0.050808314087759814
1 0.1761111111111111 0.663972286374134 0.024444444444444446 0.050808314087759814
1 0.1761111111111111 0.733256351039261 0.024444444444444446 0.050808314087759814
1 0.19194444444444445 0.01789838337182448 0.075 0.03579676674364896
2 0.4241666666666667 0.018475750577367205 0.3327777777777778 0.03695150115473441
3 0.6561111111111111 0.46997690531177827 0.08055555555555556 0.020785219399538105
3 0.6666666666666666 0.7401847575057737 0.10111111111111111 0.020785219399538105
3 0.6988888888888889 0.871824480369515 0.1661111111111111 0.016166281755196306
3 0.1761111111111111 0.26674364896073904 0.027777777777777776 0.025404157043879907
3 0.1761111111111111 0.33602771362586603 0.027777777777777776 0.025404157043879907
3 0.1761111111111111 0.4053117782909931 0.027777777777777776 0.025404157043879907
3 0.1761111111111111 0.4745958429561201 0.027777777777777776 0.025404157043879907
3 0.1761111111111111 0.5438799076212472 0.027777777777777776 0.025404157043879907
3 0.1761111111111111 0.6131639722863741 0.027777777777777776 0.025404157043879907
3 0.1761111111111111 0.6824480369515011 0.027777777777777776 0.025404157043879907
3 0.1761111111111111 0.7517321016166282 0.027777777777777776 0.025404157043879907
3 0.1761111111111111 0.26674364896073904 0.027777777777777776 0.025404157043879907
3 0.1761111111111111 0.33602771362586603 0.027777777777777776 0.025404157043879907
3 0.1761111111111111 0.4053117782909931 0.027777777777777776 0.025404157043879907
3 0.1761111111111111 0.4745958429561201 0.027777777777777776 0.025404157043879907
3 0.1761111111111111 0.5438799076212472 0.027777777777777776 0.025404157043879907
3 0.1761111111111111 0.6131639722863741 0.027777777777777776 0.025404157043879907
3 0.1761111111111111 0.6824480369515011 0.027777777777777776 0.025404157043879907
3 0.1761111111111111 0.7517321016166282 0.027777777777777776 0.025404157043879907
3 0.6938888888888889 0.3071593533487298 0.15611111111111112 0.057736720554272515
3 0.7127777777777777 0.5415704387990762 0.16 0.023094688221709007
3 0.7116666666666667 0.6131639722863741 0.16166666666666665 0.023094688221709007
3 0.7116666666666667 0.6374133949191686 0.16166666666666665 0.020785219399538105
3 0.6666666666666666 0.7193995381062356 0.10111111111111111 0.019630484988452657
3 0.6488888888888888 0.7990762124711316 0.06555555555555556 0.023094688221709007
3 0.3238888888888889 0.07390300230946882 0.025 0.023094688221709007
3 0.3605555555555556 0.07390300230946882 0.027777777777777776 0.023094688221709007
3 0.40944444444444444 0.07390300230946882 0.05 0.023094688221709007
3 0.4538888888888889 0.07390300230946882 0.019444444444444445 0.023094688221709007
3 0.4861111111111111 0.07390300230946882 0.025 0.023094688221709007
3 0.5194444444444445 0.07390300230946882 0.021666666666666667 0.023094688221709007
3 0.19055555555555556 0.05658198614318707 0.06388888888888888 0.023094688221709007
3 0.18611111111111112 0.07852193995381063 0.06388888888888888 0.023094688221709007
3 0.26222222222222225 0.17551963048498845 0.08222222222222222 0.016166281755196306
3 0.3388888888888889 0.17551963048498845 0.051111111111111114 0.016166281755196306
3 0.41888888888888887 0.17551963048498845 0.09 0.016166281755196306
3 0.48388888888888887 0.17551963048498845 0.02 0.016166281755196306
3 0.5138888888888888 0.17551963048498845 0.020555555555555556 0.016166281755196306