0 0.7395104895104895 0.09200968523002422 0.06585081585081586 0.01694915254237288
1 0.3822843822843823 0.3099273607748184 0.1655011655011655 0.34382566585956414
1 0.5571095571095571 0.3099273607748184 0.1655011655011655 0.34382566585956414
1 0.7319347319347319 0.3099273607748184 0.1655011655011655 0.34382566585956414
3 0.3531468531468531 0.5835351089588378 0.08391608391608392 0.023002421307506054
3 0.5163170163170163 0.6113801452784504 0.06060606060606061 0.023002421307506054
3 0.7027972027972028 0.562953995157385 0.08391608391608392 0.023002421307506054
3 0.21037296037296038 0.1791767554479419 0.16200466200466201 0.03631961259079903
3 0.3822843822843823 0.6319612590799032 0.14219114219114218 0.043583535108958835
3 0.5571095571095571 0.6598062953995157 0.14219114219114218 0.043583535108958835
3 0.7319347319347319 0.6113801452784504 0.14219114219114218 0.043583535108958835
3 0.3111888111888112 0.009079903147699757 0.026806526806526808 0.018159806295399514
3 0.34994172494172493 0.009079903147699757 0.02972027972027972 0.018159806295399514
3 0.4012237762237762 0.009079903147699757 0.05303030303030303 0.018159806295399514
3 0.44755244755244755 0.009079903147699757 0.02097902097902098 0.018159806295399514
3 0.4813519813519814 0.009079903147699757 0.026806526806526808 0.018159806295399514
3 0.5163170163170163 0.009079903147699757 0.023310023310023312 0.018159806295399514
3 0.1456876456876457 0.5012106537530266 0.033216783216783216 0.021791767554479417
3 0.14044289044289043 0.5302663438256658 0.022144522144522144 0.021791767554479417
3 0.1590909090909091 0.559322033898305 0.060023310023310024 0.021791767554479417
3 0.14160839160839161 0.5883777239709443 0.024475524475524476 0.021791767554479417
3 0.15442890442890442 0.6174334140435835 0.05011655011655012 0.021791767554479417
3 0.14277389277389277 0.6464891041162227 0.027389277389277388 0.021791767554479417
3 0.13986013986013987 0.6755447941888619 0.02097902097902098 0.021791767554479417
3 0.14627039627039626 0.7046004842615012 0.0337995337995338 0.021791767554479417
3 0.1445221445221445 0.7336561743341404 0.030303030303030304 0.021791767554479417
3 0.13986013986013987 0.8280871670702179 0.02097902097902098 0.021791767554479417
3 0.17657342657342656 0.9225181598062954 0.09498834498834499 0.021791767554479417
3 0.17191142191142192 0.5012106537530266 0.013403263403263404 0.021791767554479417
3 0.16083916083916083 0.5302663438256658 0.01282051282051282 0.021791767554479417
3 0.19813519813519814 0.559322033898305 0.01048951048951049 0.021791767554479417
3 0.16258741258741258 0.5883777239709443 0.01048951048951049 0.021791767554479417
3 0.18706293706293706 0.6174334140435835 0.008741258741258742 0.021791767554479417
3 0.16433566433566432 0.6464891041162227 0.008741258741258742 0.021791767554479417
3 0.15792540792540793 0.6755447941888619 0.008158508158508158 0.021791767554479417
3 0.17074592074592074 0.7046004842615012 0.008741258741258742 0.021791767554479417
3 0.1660839160839161 0.7336561743341404 0.00641025641025641 0.021791767554479417
3 0.16142191142191142 0.8280871670702179 0.0168997668997669 0.021791767554479417
3 0.23543123543123542 0.9225181598062954 0.0168997668997669 0.021791767554479417
3 0.16666666666666666 0.011501210653753027 0.0675990675990676 0.023002421307506054
3 0.17249417249417248 0.0811138014527845 0.08624708624708624 0.024213075060532687
3 0.2534965034965035 0.0811138014527845 0.053613053613053616 0.024213075060532687
3 0.15675990675990675 0.1053268765133172 0.054778554778554776 0.024213075060532687
3 0.2296037296037296 0.1053268765133172 0.06934731934731934 0.024213075060532687
3 0.13986013986013987 0.12953995157384987 0.02156177156177156 0.024213075060532687