0 0.5878947368421052 0.02735229759299781 0.024210526315789474 0.04266958424507659
0 0.7347368421052631 0.16301969365426697 0.05947368421052632 0.015317286652078774
1 0.7189473684210527 0.028446389496717725 0.17894736842105263 0.04266958424507659
1 0.41210526315789475 0.3599562363238512 0.14947368421052631 0.31072210065645517
1 0.57 0.3599562363238512 0.14947368421052631 0.31072210065645517
1 0.7278947368421053 0.3599562363238512 0.14947368421052631 0.31072210065645517
1 0.22263157894736843 0.028446389496717725 0.07052631578947369 0.037199124726477024
2 0.44263157894736843 0.02735229759299781 0.31473684210526315 0.04266958424507659
2 0.4557894736842105 0.02735229759299781 0.007368421052631579 0.015317286652078774
3 0.51 0.028446389496717725 0.13210526315789473 0.028446389496717725
3 0.38526315789473686 0.6323851203501094 0.07473684210526316 0.020787746170678335
3 0.5242105263157895 0.5864332603938731 0.03736842105263158 0.015317286652078774
3 0.7010526315789474 0.5886214442013129 0.07473684210526316 0.020787746170678335
3 0.5152631578947369 0.02735229759299781 0.10684210526315789 0.02188183807439825
3 0.5152631578947369 0.02735229759299781 0.10684210526315789 0.02188183807439825
3 0.25684210526315787 0.25820568927789933 0.1463157894736842 0.06564551422319474
3 0.41210526315789475 0.6761487964989059 0.12842105263157894 0.03938730853391685
3 0.57 0.6269146608315098 0.12842105263157894 0.03938730853391685
3 0.7278947368421053 0.6323851203501094 0.12842105263157894 0.03938730853391685
3 0.34789473684210526 0.08424507658643327 0.02368421052631579 0.02188183807439825
3 0.38263157894736843 0.08424507658643327 0.02631578947368421 0.02188183807439825
3 0.42894736842105263 0.08424507658643327 0.04736842105263158 0.02188183807439825
3 0.4710526315789474 0.08424507658643327 0.018421052631578946 0.02188183807439825
3 0.501578947368421 0.08424507658643327 0.02368421052631579 0.02188183807439825
3 0.533157894736842 0.08424507658643327 0.020526315789473684 0.02188183807439825
3 0.21789473684210525 0.5656455142231948 0.06842105263157895 0.019693654266958426
3 0.21473684210526317 0.650984682713348 0.06263157894736843 0.019693654266958426
3 0.19157894736842104 0.6772428884026258 0.01631578947368421 0.019693654266958426
3 0.19789473684210526 0.7035010940919038 0.028421052631578948 0.019693654266958426
3 0.19263157894736843 0.7297592997811816 0.017894736842105262 0.019693654266958426
3 0.20157894736842105 0.8150984682713348 0.035789473684210524 0.019693654266958426
3 0.1931578947368421 0.9004376367614879 0.018947368421052633 0.019693654266958426
3 0.22631578947368422 0.9857768052516411 0.08578947368421053 0.019693654266958426
3 0.25842105263157894 0.5656455142231948 0.007368421052631579 0.019693654266958426
3 0.2563157894736842 0.650984682713348 0.014210526315789474 0.019693654266958426
3 0.21052631578947367 0.6772428884026258 0.01631578947368421 0.019693654266958426
3 0.21789473684210525 0.7035010940919038 0.005789473684210527 0.019693654266958426
3 0.20789473684210527 0.7297592997811816 0.007894736842105263 0.019693654266958426
3 0.2305263157894737 0.8150984682713348 0.01631578947368421 0.019693654266958426
3 0.2131578947368421 0.9004376367614879 0.015789473684210527 0.019693654266958426
3 0.28 0.9857768052516411 0.015789473684210527 0.019693654266958426
3 0.22157894736842104 0.06783369803063458 0.060526315789473685 0.02188183807439825
3 0.21736842105263157 0.0886214442013129 0.060526315789473685 0.02188183807439825
3 0.22263157894736843 0.15317286652078774 0.07789473684210527 0.02188183807439825
3 0.29578947368421055 0.15317286652078774 0.04842105263157895 0.02188183807439825
3 0.2168421052631579 0.175054704595186 0.06631578947368422 0.02188183807439825
3 0.24736842105263157 0.18599562363238512 0.12789473684210526 0.0437636761487965