0 0.7537399309551208 0.13157894736842105 0.06501726121979287 0.01674641148325359
1 0.40103567318757194 0.34688995215311 0.16340621403912542 0.3397129186602871
1 0.5736478711162255 0.34688995215311 0.16340621403912542 0.3397129186602871
1 0.7462600690448792 0.34688995215311 0.16340621403912542 0.3397129186602871
3 0.3716915995397008 0.6447368421052632 0.08170310701956271 0.022727272727272728
3 0.523590333716916 0.5944976076555024 0.040851553509781355 0.01674641148325359
3 0.716915995397008 0.59688995215311 0.08170310701956271 0.022727272727272728
3 0.23130034522439585 0.23564593301435408 0.15995397008055237 0.07177033492822966
3 0.40103567318757194 0.6925837320574163 0.14039125431530494 0.0430622009569378
3 0.5736478711162255 0.638755980861244 0.14039125431530494 0.0430622009569378
3 0.7462600690448792 0.6447368421052632 0.14039125431530494 0.0430622009569378
3 0.33084004602991945 0.045454545454545456 0.025891829689298044 0.023923444976076555
3 0.36881472957422323 0.045454545454545456 0.028768699654775604 0.023923444976076555
3 0.4194476409666283 0.045454545454545456 0.05178365937859609 0.023923444976076555
3 0.4654775604142693 0.045454545454545456 0.020138089758342925 0.023923444976076555
3 0.498849252013809 0.045454545454545456 0.025891829689298044 0.023923444976076555
3 0.5333716915995397 0.045454545454545456 0.02243958573072497 0.023923444976076555
3 0.18872266973532797 0.5717703349282297 0.07479861910241657 0.0215311004784689
3 0.1852704257767549 0.6650717703349283 0.06846950517836593 0.0215311004784689
3 0.15995397008055237 0.69377990430622 0.017836593785960874 0.0215311004784689
3 0.1668584579976985 0.722488038277512 0.031070195627157654 0.0215311004784689
3 0.1611047180667434 0.7511961722488039 0.019562715765247412 0.0215311004784689
3 0.17088607594936708 0.8444976076555024 0.039125431530494824 0.0215311004784689
3 0.1616800920598389 0.937799043062201 0.020713463751438434 0.0215311004784689
3 0.2330264672036824 0.5717703349282297 0.00805523590333717 0.0215311004784689
3 0.23072497123130034 0.6650717703349283 0.015535097813578827 0.0215311004784689
3 0.1806674338319908 0.69377990430622 0.017836593785960874 0.0215311004784689
3 0.18872266973532797 0.722488038277512 0.006329113924050633 0.0215311004784689
3 0.17779056386651323 0.7511961722488039 0.00863060989643268 0.0215311004784689
3 0.20253164556962025 0.8444976076555024 0.017836593785960874 0.0215311004784689
3 0.18354430379746836 0.937799043062201 0.01726121979286536 0.0215311004784689
3 0.19275028768699654 0.02751196172248804 0.0661680092059839 0.023923444976076555
3 0.18814729574223246 0.050239234449760764 0.0661680092059839 0.023923444976076555
3 0.19390103567318756 0.12081339712918661 0.08515535097813579 0.023923444976076555
3 0.27387802071346373 0.12081339712918661 0.05293440736478711 0.023923444976076555
3 0.18757192174913695 0.14473684210526316 0.07249712313003452 0.023923444976076555
3 0.22094361334867663 0.15669856459330145 0.13981588032220943 0.04784688995215311