0 0.584375 0.02918918918918919 0.023958333333333335 0.04216216216216216
0 0.221875 0.47783783783783784 0.010416666666666666 0.021621621621621623
0 0.7296875 0.29621621621621624 0.058854166666666666 0.015135135135135135
0 0.7796875 0.37405405405405406 0.01875 0.03891891891891892
0 0.2234375 0.20972972972972972 0.04635416666666667 0.04108108108108108
0 0.2864583333333333 0.20972972972972972 0.07552083333333333 0.04108108108108108
1 0.7140625 0.03027027027027027 0.17708333333333334 0.04216216216216216
1 0.390625 0.4454054054054054 0.08333333333333333 0.17297297297297298
1 0.390625 0.6908108108108109 0.08333333333333333 0.17297297297297298
1 0.390625 0.9081081081081082 0.08333333333333333 0.17297297297297298
2 0.440625 0.02918918918918919 0.31145833333333334 0.04216216216216216
2 0.43645833333333334 0.02918918918918919 0.007291666666666667 0.015135135135135135
3 0.1828125 0 0 0
3 0.22291666666666668 0.03027027027027027 0.06979166666666667 0.036756756756756756
3 0.6729166666666667 0.08540540540540541 0.057291666666666664 0.021621621621621623
3 0.71875 0.08540540540540541 0.034375 0.021621621621621623
3 0.7609375 0.08540540540540541 0.050520833333333334 0.021621621621621623
3 0.21770833333333334 0.07783783783783783 0.06927083333333334 0.043243243243243246
3 0.30520833333333336 0.08540540540540541 0.04114583333333333 0.021621621621621623
3 0.346875 0.08540540540540541 0.0234375 0.021621621621621623
3 0.38125 0.08540540540540541 0.026041666666666668 0.021621621621621623
3 0.4270833333333333 0.08540540540540541 0.046875 0.021621621621621623
3 0.46875 0.08540540540540541 0.018229166666666668 0.021621621621621623
3 0.49895833333333334 0.08540540540540541 0.0234375 0.021621621621621623
3 0.5302083333333333 0.08540540540540541 0.0203125 0.021621621621621623
3 0.7963541666666667 0.08324324324324324 0.013020833333333334 0.022702702702702703
3 0.7140625 0.03351351351351351 0.17708333333333334 0.04756756756756757
3 0.49557291666666664 0.15675675675675677 0.9911458333333333 0.0972972972972973
3 0.2921875 0.23243243243243245 0.04739583333333333 0.021621621621621623
3 0.34479166666666666 0.23243243243243245 0.03802083333333333 0.021621621621621623
3 0.39479166666666665 0.23243243243243245 0.03958333333333333 0.021621621621621623
3 0.4473958333333333 0.23243243243243245 0.044270833333333336 0.021621621621621623
3 0.5145833333333333 0.23243243243243245 0.0703125 0.021621621621621623
3 0.22291666666666668 0.2864864864864865 0.07708333333333334 0.021621621621621623
3 0.23958333333333334 0.2972972972972973 0.11041666666666666 0.043243243243243246
3 0.24427083333333333 0.31891891891891894 0.1203125 0.043243243243243246
3 0.20677083333333332 0.47783783783783784 0.0453125 0.02810810810810811
3 0.22552083333333334 0.5837837837837838 0.0828125 0.01945945945945946
3 0.20625 0.6681081081081081 0.04375 0.01945945945945946
3 0.20260416666666667 0.6940540540540541 0.036458333333333336 0.01945945945945946
3 0.19895833333333332 0.72 0.029166666666666667 0.01945945945945946
3 0.2015625 0.745945945945946 0.034375 0.01945945945945946
3 0.20729166666666668 0.7718918918918919 0.04635416666666667 0.01945945945945946
3 0.209375 0.7978378378378378 0.05 0.01945945945945946
3 0.20989583333333334 0.8237837837837838 0.0515625 0.01945945945945946
3 0.20677083333333332 0.8497297297297297 0.04479166666666667 0.01945945945945946
3 0.2078125 0.9340540540540541 0.046875 0.01945945945945946
3 0.2046875 0.96 0.040625 0.01945945945945946
3 0.7807291666666667 0.2983783783783784 0.008333333333333333 0.017297297297297298
3 0.7932291666666667 0.2983783783783784 0.008333333333333333 0.017297297297297298
3 0.390625 0.4454054054054054 0.08333333333333333 0.17297297297297298
3 0.6078125 0.4118918918918919 0.3265625 0.02810810810810811
3 0.6078125 0.4335135135135135 0.3265625 0.015135135135135135
3 0.390625 0.6908108108108109 0.08333333333333333 0.17297297297297298
3 0.6078125 0.6183783783783784 0.3265625 0.02810810810810811
3 0.390625 0.9081081081081082 0.08333333333333333 0.17297297297297298
3 0.6078125 0.8356756756756757 0.3265625 0.02810810810810811
3 0.49895833333333334 0.03027027027027027 0.14791666666666667 0.02810810810810811
3 0.6078125 0.4335135135135135 0.3265625 0.015135135135135135
3 0.4630208333333333 0.5427027027027027 0.03697916666666667 0.015135135135135135
3 0.5041666666666667 0.02918918918918919 0.12291666666666666 0.021621621621621623
3 0.5041666666666667 0.02918918918918919 0.12291666666666666 0.021621621621621623
3 0.25677083333333334 0.3902702702702703 0.14479166666666668 0.06486486486486487
3 0.6078125 0.4118918918918919 0.3265625 0.02810810810810811
3 0.6078125 0.6183783783783784 0.3265625 0.02810810810810811
3 0.6078125 0.8356756756756757 0.3265625 0.02810810810810811
3 0.26875 0.1545945945945946 0.13697916666666668 0.043243243243243246