0 0.561864406779661 0.005868544600938967 0.02655367231638418 0.011737089201877934
0 0.7192090395480226 0.17253521126760563 0.06384180790960452 0.01643192488262911
0 0.7734463276836158 0.49295774647887325 0.020338983050847456 0.04225352112676056
1 0.7025423728813559 0.006455399061032864 0.19265536723163842 0.012910798122065728
1 0.35141242937853107 0.3345070422535211 0.0903954802259887 0.18779342723004694
1 0.35141242937853107 0.5704225352112676 0.0903954802259887 0.18779342723004694
1 0.35141242937853107 0.8063380281690141 0.0903954802259887 0.18779342723004694
1 0.16977401129943503 0.00528169014084507 0.07627118644067797 0.01056338028169014
2 0.4059322033898305 0.005868544600938967 0.3384180790960452 0.011737089201877934
3 0.5870056497175141 0.9870892018779343 0.35423728813559324 0.01643192488262911
3 0.2062146892655367 0.2511737089201878 0.15706214689265538 0.07042253521126761
3 0.5870056497175141 0.2981220657276995 0.35423728813559324 0.03051643192488263
3 0.5870056497175141 0.49178403755868544 0.35423728813559324 0.03051643192488263
3 0.5870056497175141 0.7276995305164319 0.35423728813559324 0.03051643192488263
3 0.5870056497175141 0.9636150234741784 0.35423728813559324 0.03051643192488263
3 0.303954802259887 0.04929577464788732 0.025423728813559324 0.023474178403755867
3 0.34124293785310733 0.04929577464788732 0.02824858757062147 0.023474178403755867
3 0.39096045197740115 0.04929577464788732 0.05084745762711865 0.023474178403755867
3 0.43615819209039547 0.04929577464788732 0.01977401129943503 0.023474178403755867
3 0.4689265536723164 0.04929577464788732 0.025423728813559324 0.023474178403755867
3 0.5028248587570622 0.04929577464788732 0.022033898305084745 0.023474178403755867
3 0.16440677966101694 0.40023474178403756 0.07344632768361582 0.02112676056338028
3 0.1367231638418079 0.49178403755868544 0.01807909604519774 0.02112676056338028
3 0.14124293785310735 0.5199530516431925 0.02711864406779661 0.02112676056338028
3 0.1384180790960452 0.5481220657276995 0.021468926553672316 0.02112676056338028
3 0.1423728813559322 0.5762910798122066 0.029943502824858758 0.02112676056338028
3 0.14463276836158193 0.6044600938967136 0.03446327683615819 0.02112676056338028
3 0.14915254237288136 0.6326291079812206 0.04350282485875706 0.02112676056338028
3 0.1401129943502825 0.6607981220657277 0.025423728813559324 0.02112676056338028
3 0.14576271186440679 0.6889671361502347 0.03615819209039548 0.02112676056338028
3 0.14350282485875707 0.7171361502347418 0.031638418079096044 0.02112676056338028
3 0.14180790960451978 0.8403755868544601 0.0288135593220339 0.02112676056338028
3 0.14519774011299436 0.8685446009389671 0.03502824858757062 0.02112676056338028
3 0.13898305084745763 0.8967136150234741 0.023163841807909605 0.02112676056338028
3 0.13502824858757062 0.9248826291079812 0.015254237288135594 0.02112676056338028
3 0.1480225988700565 0.9530516431924883 0.04067796610169491 0.02112676056338028
3 0.13954802259887006 0.9812206572769953 0.023728813559322035 0.02112676056338028
3 0.211864406779661 0.40023474178403756 0.015819209039548022 0.02112676056338028
3 0.15932203389830507 0.49178403755868544 0.021468926553672316 0.02112676056338028
3 0.16836158192090395 0.5199530516431925 0.020903954802259886 0.02112676056338028
3 0.16271186440677965 0.5481220657276995 0.021468926553672316 0.02112676056338028
3 0.17175141242937852 0.5762910798122066 0.022033898305084745 0.02112676056338028
3 0.17401129943502824 0.6044600938967136 0.01807909604519774 0.02112676056338028
3 0.18305084745762712 0.6326291079812206 0.01694915254237288 0.02112676056338028
3 0.16440677966101694 0.6607981220657277 0.01694915254237288 0.02112676056338028
3 0.17457627118644067 0.6889671361502347 0.01638418079096045 0.02112676056338028
3 0.1711864406779661 0.7171361502347418 0.01694915254237288 0.02112676056338028
3 0.17062146892655367 0.8403755868544601 0.022598870056497175 0.02112676056338028
3 0.17570621468926553 0.8685446009389671 0.020903954802259886 0.02112676056338028
3 0.16440677966101694 0.8967136150234741 0.021468926553672316 0.02112676056338028
3 0.1576271186440678 0.9248826291079812 0.023163841807909605 0.02112676056338028
3 0.18305084745762712 0.9530516431924883 0.023728813559322035 0.02112676056338028
3 0.16610169491525423 0.9812206572769953 0.023728813559322035 0.02112676056338028
3 0.16836158192090395 0.03169014084507042 0.06497175141242938 0.023474178403755867
3 0.1638418079096045 0.0539906103286385 0.06497175141242938 0.023474178403755867
3 0.1694915254237288 0.1619718309859155 0.08361581920903954 0.023474178403755867
3 0.18757062146892656 0.17370892018779344 0.11977401129943503 0.046948356807511735