0 0.5851351351351352 0.020739910313901346 0.025405405405405406 0.04147982062780269
0 0.19135135135135134 0.22757847533632286 0.010810810810810811 0.02242152466367713
0 0.7356756756756757 0.15807174887892378 0.06108108108108108 0.01569506726457399
1 0.7197297297297297 0.021300448430493273 0.18432432432432433 0.042600896860986545
1 0.3837837837837838 0.312780269058296 0.08648648648648649 0.17937219730941703
1 0.3837837837837838 0.5381165919282511 0.08648648648648649 0.17937219730941703
1 0.3837837837837838 0.7634529147982063 0.08648648648648649 0.17937219730941703
1 0.20972972972972972 0.020179372197309416 0.07243243243243243 0.03811659192825112
2 0.43594594594594593 0.020739910313901346 0.3237837837837838 0.04147982062780269
3 0.48 0.32062780269058294 0.08054054054054054 0.021300448430493273
3 0.48 0.5459641255605381 0.08054054054054054 0.021300448430493273
3 0.48 0.7926008968609866 0.08054054054054054 0.021300448430493273
3 0.6091891891891892 0.9360986547085202 0.3389189189189189 0.01569506726457399
3 0.24486486486486486 0.15358744394618834 0.15027027027027026 0.033632286995515695
3 0.6091891891891892 0.23766816143497757 0.3389189189189189 0.02914798206278027
3 0.6091891891891892 0.46300448430493274 0.3389189189189189 0.02914798206278027
3 0.6091891891891892 0.6883408071748879 0.3389189189189189 0.02914798206278027
3 0.6091891891891892 0.9136771300448431 0.3389189189189189 0.02914798206278027
3 0.33837837837837836 0.0773542600896861 0.024324324324324326 0.02242152466367713
3 0.37405405405405406 0.0773542600896861 0.02702702702702703 0.02242152466367713
3 0.42162162162162165 0.0773542600896861 0.04864864864864865 0.02242152466367713
3 0.4648648648648649 0.0773542600896861 0.01891891891891892 0.02242152466367713
3 0.4962162162162162 0.0773542600896861 0.024324324324324326 0.02242152466367713
3 0.5286486486486487 0.0773542600896861 0.02108108108108108 0.02242152466367713
3 0.20486486486486485 0.5100896860986547 0.07027027027027027 0.020179372197309416
3 0.1945945945945946 0.5975336322869955 0.04972972972972973 0.020179372197309416
3 0.21513513513513513 0.624439461883408 0.09135135135135135 0.020179372197309416
3 0.18 0.6513452914798207 0.02108108108108108 0.020179372197309416
3 0.20270270270270271 0.6782511210762332 0.06648648648648649 0.020179372197309416
3 0.1918918918918919 0.7051569506726457 0.044864864864864865 0.020179372197309416
3 0.20054054054054055 0.7320627802690582 0.062162162162162166 0.020179372197309416
3 0.20432432432432432 0.7589686098654709 0.06972972972972973 0.020179372197309416
3 0.20054054054054055 0.7858744394618834 0.062162162162162166 0.020179372197309416
3 0.21621621621621623 0.8127802690582959 0.09297297297297297 0.020179372197309416
3 0.17945945945945946 0.9304932735426009 0.01945945945945946 0.020179372197309416
3 0.24756756756756756 0.5100896860986547 0.00972972972972973 0.020179372197309416
3 0.23027027027027028 0.5975336322869955 0.016216216216216217 0.020179372197309416
3 0.2691891891891892 0.624439461883408 0.011351351351351352 0.020179372197309416
3 0.2 0.6513452914798207 0.012432432432432432 0.020179372197309416
3 0.24486486486486486 0.6782511210762332 0.012432432432432432 0.020179372197309416
3 0.22216216216216217 0.7051569506726457 0.00972972972972973 0.020179372197309416
3 0.24 0.7320627802690582 0.01027027027027027 0.020179372197309416
3 0.24702702702702703 0.7589686098654709 0.00972972972972973 0.020179372197309416
3 0.23945945945945946 0.7858744394618834 0.00972972972972973 0.020179372197309416
3 0.2691891891891892 0.8127802690582959 0.0075675675675675675 0.020179372197309416
3 0.1989189189189189 0.9304932735426009 0.014054054054054054 0.020179372197309416
3 0.20864864864864865 0.06053811659192825 0.062162162162162166 0.02242152466367713
3 0.20432432432432432 0.08183856502242152 0.062162162162162166 0.02242152466367713