0 0.16075514874141877 0.171021377672209 0.011441647597254004 0.023752969121140142
0 0.7368421052631579 0.09738717339667459 0.06464530892448513 0.0166270783847981
1 0.36441647597254007 0.26128266033254155 0.09153318077803203 0.19002375296912113
1 0.36441647597254007 0.5 0.09153318077803203 0.19002375296912113
1 0.36441647597254007 0.7387173396674585 0.09153318077803203 0.19002375296912113
3 0.4662471395881007 0.2695961995249406 0.08524027459954234 0.022565320665083134
3 0.4662471395881007 0.5083135391923991 0.08524027459954234 0.022565320665083134
3 0.4662471395881007 0.7695961995249406 0.08524027459954234 0.022565320665083134
3 0.602974828375286 0.9216152019002375 0.358695652173913 0.0166270783847981
3 0.21739130434782608 0.09263657957244656 0.15903890160183065 0.035629453681710214
3 0.602974828375286 0.18171021377672208 0.358695652173913 0.030878859857482184
3 0.602974828375286 0.42042755344418054 0.358695652173913 0.030878859857482184
3 0.602974828375286 0.6591448931116389 0.358695652173913 0.030878859857482184
3 0.602974828375286 0.8978622327790974 0.358695652173913 0.030878859857482184
3 0.31636155606407323 0.011876484560570071 0.02574370709382151 0.023752969121140142
3 0.35411899313501144 0.011876484560570071 0.028604118993135013 0.023752969121140142
3 0.40446224256292906 0.011876484560570071 0.05148741418764302 0.023752969121140142
3 0.4502288329519451 0.011876484560570071 0.02002288329519451 0.023752969121140142
3 0.4834096109839817 0.011876484560570071 0.02574370709382151 0.023752969121140142
3 0.5177345537757437 0.011876484560570071 0.02231121281464531 0.023752969121140142
3 0.17505720823798626 0.47030878859857483 0.07437070938215103 0.021377672209026127
3 0.16418764302059496 0.5629453681710214 0.05263157894736842 0.021377672209026127
3 0.1859267734553776 0.5914489311163895 0.09668192219679633 0.021377672209026127
3 0.14874141876430205 0.6199524940617577 0.02231121281464531 0.021377672209026127
3 0.17276887871853547 0.6484560570071259 0.07036613272311212 0.021377672209026127
3 0.16132723112128147 0.6769596199524941 0.04748283752860412 0.021377672209026127
3 0.17048054919908467 0.7054631828978623 0.06578947368421052 0.021377672209026127
3 0.17448512585812356 0.7339667458432304 0.07379862700228833 0.021377672209026127
3 0.17048054919908467 0.7624703087885986 0.06578947368421052 0.021377672209026127
3 0.18707093821510298 0.7909738717339667 0.09839816933638444 0.021377672209026127
3 0.14816933638443935 0.9156769596199525 0.020594965675057208 0.021377672209026127
3 0.2202517162471396 0.47030878859857483 0.010297482837528604 0.021377672209026127
3 0.20194508009153317 0.5629453681710214 0.017162471395881007 0.021377672209026127
3 0.2431350114416476 0.5914489311163895 0.012013729977116704 0.021377672209026127
3 0.16990846681922198 0.6199524940617577 0.013157894736842105 0.021377672209026127
3 0.21739130434782608 0.6484560570071259 0.013157894736842105 0.021377672209026127
3 0.19336384439359267 0.6769596199524941 0.010297482837528604 0.021377672209026127
3 0.2122425629290618 0.7054631828978623 0.010869565217391304 0.021377672209026127
3 0.21967963386727687 0.7339667458432304 0.010297482837528604 0.021377672209026127
3 0.2116704805491991 0.7624703087885986 0.010297482837528604 0.021377672209026127
3 0.2431350114416476 0.7909738717339667 0.008009153318077803 0.021377672209026127
3 0.16876430205949658 0.9156769596199525 0.014874141876430207 0.021377672209026127
3 0.17906178489702518 0.0035629453681710215 0.06636155606407322 0.007125890736342043
3 0.17448512585812356 0.0166270783847981 0.06578947368421052 0.023752969121140142