0 0.6067934782608696 0.0056433408577878106 0.025543478260869567 0.011286681715575621
0 0.26521739130434785 0.1986455981941309 0.010869565217391304 0.022573363431151242
0 0.7581521739130435 0.11963882618510158 0.06141304347826087 0.01580135440180587
0 0.8375 0.20428893905191872 0.017391304347826087 0.03611738148984198
1 0.7421195652173913 0.006207674943566591 0.18532608695652175 0.012415349887133182
1 0.3652173913043478 0.2054176072234763 0.029891304347826088 0.062076749435665914
1 0.6097826086956522 0.2054176072234763 0.029891304347826088 0.062076749435665914
1 0.7320652173913044 0.2054176072234763 0.029891304347826088 0.062076749435665914
1 0.4043478260869565 0.37697516930022573 0.08695652173913043 0.18058690744920994
1 0.4043478260869565 0.6038374717832957 0.08695652173913043 0.18058690744920994
1 0.4043478260869565 0.8306997742663657 0.08695652173913043 0.18058690744920994
1 0.2296195652173913 0.005079006772009029 0.07336956521739131 0.010158013544018058
2 0.4567934782608696 0.0056433408577878106 0.32554347826086955 0.011286681715575621
3 0.6309782608695652 0.3239277652370203 0.3407608695652174 0.01580135440180587
3 0.48967391304347824 0.4006772009029345 0.057608695652173914 0.02144469525959368
3 0.6309782608695652 0.5507900677200903 0.3407608695652174 0.01580135440180587
3 0.5 0.6275395033860045 0.0782608695652174 0.02144469525959368
3 0.6309782608695652 0.7776523702031602 0.3407608695652174 0.01580135440180587
3 0.5 0.8544018058690744 0.0782608695652174 0.02144469525959368
3 0.26467391304347826 0.12415349887133183 0.15108695652173912 0.033860045146726865
3 0.6309782608695652 0.3013544018058691 0.3407608695652174 0.029345372460496615
3 0.6309782608695652 0.5282167042889391 0.3407608695652174 0.029345372460496615
3 0.6309782608695652 0.755079006772009 0.3407608695652174 0.029345372460496615
3 0.6309782608695652 0.981941309255079 0.3407608695652174 0.029345372460496615
3 0.4206521739130435 0.19187358916478556 0.07065217391304347 0.02144469525959368
3 0.5429347826086957 0.19187358916478556 0.07065217391304347 0.02144469525959368
3 0.6652173913043479 0.19187358916478556 0.07065217391304347 0.02144469525959368
3 0.7875 0.19187358916478556 0.07065217391304347 0.02144469525959368
3 0.358695652173913 0.04740406320541761 0.024456521739130436 0.022573363431151242
3 0.39456521739130435 0.04740406320541761 0.02717391304347826 0.022573363431151242
3 0.4423913043478261 0.04740406320541761 0.04891304347826087 0.022573363431151242
3 0.48586956521739133 0.04740406320541761 0.019021739130434784 0.022573363431151242
3 0.5173913043478261 0.04740406320541761 0.024456521739130436 0.022573363431151242
3 0.55 0.04740406320541761 0.021195652173913043 0.022573363431151242
3 0.2141304347826087 0.48306997742663654 0.05 0.020316027088036117
3 0.22282608695652173 0.510158013544018 0.06793478260869565 0.020316027088036117
3 0.23097826086956522 0.5372460496613995 0.08369565217391305 0.020316027088036117
3 0.19945652173913042 0.5643340857787811 0.021195652173913043 0.020316027088036117
3 0.2358695652173913 0.5914221218961625 0.09347826086956522 0.020316027088036117
3 0.23315217391304346 0.618510158013544 0.08804347826086957 0.020316027088036117
3 0.22010869565217392 0.6455981941309256 0.0625 0.020316027088036117
3 0.23858695652173914 0.672686230248307 0.09891304347826087 0.020316027088036117
3 0.19945652173913042 0.6997742663656885 0.020652173913043477 0.020316027088036117
3 0.19891304347826086 0.8182844243792325 0.01956521739130435 0.020316027088036117
3 0.23315217391304346 0.9063205417607223 0.08858695652173913 0.020316027088036117
3 0.24945652173913044 0.48306997742663654 0.01576086956521739 0.020316027088036117
3 0.2657608695652174 0.510158013544018 0.011956521739130435 0.020316027088036117
3 0.28369565217391307 0.5372460496613995 0.015217391304347827 0.020316027088036117
3 0.21956521739130436 0.5643340857787811 0.011956521739130435 0.020316027088036117
3 0.29130434782608694 0.5914221218961625 0.011956521739130435 0.020316027088036117
3 0.28532608695652173 0.618510158013544 0.01141304347826087 0.020316027088036117
3 0.2608695652173913 0.6455981941309256 0.0125 0.020316027088036117
3 0.2967391304347826 0.672686230248307 0.011956521739130435 0.020316027088036117
3 0.2190217391304348 0.6997742663656885 0.0125 0.020316027088036117
3 0.21956521739130436 0.8182844243792325 0.016304347826086956 0.020316027088036117
3 0.28804347826086957 0.9063205417607223 0.01576086956521739 0.020316027088036117
3 0.22826086956521738 0.030474040632054177 0.0625 0.022573363431151242
3 0.22391304347826088 0.05191873589164785 0.0625 0.022573363431151242