0 0.5821052631578948 0.02516411378555799 0.024210526315789474 0.04266958424507659
0 0.7289473684210527 0.16083150984682712 0.05947368421052632 0.015317286652078774
1 0.7131578947368421 0.0262582056892779 0.17894736842105263 0.04266958424507659
1 0.4063157894736842 0.35776805251641136 0.14947368421052631 0.31072210065645517
1 0.5642105263157895 0.35776805251641136 0.14947368421052631 0.31072210065645517
1 0.7221052631578947 0.35776805251641136 0.14947368421052631 0.31072210065645517
1 0.2168421052631579 0.0262582056892779 0.07052631578947369 0.037199124726477024
2 0.4368421052631579 0.02516411378555799 0.31473684210526315 0.04266958424507659
2 0.4831578947368421 0.02516411378555799 0.007368421052631579 0.015317286652078774
3 0.5210526315789473 0.0262582056892779 0.09894736842105263 0.028446389496717725
3 0.36947368421052634 0.6050328227571116 0.05473684210526316 0.020787746170678335
3 0.5273684210526316 0.5864332603938731 0.05473684210526316 0.020787746170678335
3 0.6852631578947368 0.6050328227571116 0.05473684210526316 0.020787746170678335
3 0.5263157894736842 0.02516411378555799 0.07368421052631578 0.02188183807439825
3 0.5263157894736842 0.02516411378555799 0.07368421052631578 0.02188183807439825
3 0.25105263157894736 0.19584245076586435 0.1463157894736842 0.03282275711159737
3 0.4063157894736842 0.6487964989059081 0.12842105263157894 0.03938730853391685
3 0.5642105263157895 0.6301969365426696 0.12842105263157894 0.03938730853391685
3 0.7221052631578947 0.6487964989059081 0.12842105263157894 0.03938730853391685
3 0.34210526315789475 0.08205689277899343 0.02368421052631579 0.02188183807439825
3 0.37684210526315787 0.08205689277899343 0.02631578947368421 0.02188183807439825
3 0.4231578947368421 0.08205689277899343 0.04736842105263158 0.02188183807439825
3 0.4652631578947368 0.08205689277899343 0.018421052631578946 0.02188183807439825
3 0.4957894736842105 0.08205689277899343 0.02368421052631579 0.02188183807439825
3 0.5273684210526316 0.08205689277899343 0.020526315789473684 0.02188183807439825
3 0.21210526315789474 0.486870897155361 0.06842105263157895 0.019693654266958426
3 0.22052631578947368 0.5722100656455142 0.08526315789473685 0.019693654266958426
3 0.23 0.5984682713347921 0.10473684210526316 0.019693654266958426
3 0.21894736842105264 0.62472647702407 0.08263157894736842 0.019693654266958426
3 0.2026315789473684 0.650984682713348 0.049473684210526316 0.019693654266958426
3 0.21105263157894738 0.6772428884026258 0.06631578947368422 0.019693654266958426
3 0.2168421052631579 0.7035010940919038 0.07842105263157895 0.019693654266958426
3 0.21210526315789474 0.7297592997811816 0.06894736842105263 0.019693654266958426
3 0.19894736842105262 0.7560175054704595 0.042105263157894736 0.019693654266958426
3 0.1868421052631579 0.7822757111597374 0.017894736842105262 0.019693654266958426
3 0.18736842105263157 0.8676148796498906 0.018947368421052633 0.019693654266958426
3 0.22052631578947368 0.9529540481400438 0.08578947368421053 0.019693654266958426
3 0.2557894736842105 0.486870897155361 0.01368421052631579 0.019693654266958426
3 0.2773684210526316 0.5722100656455142 0.023157894736842106 0.019693654266958426
3 0.29526315789473684 0.5984682713347921 0.02 0.019693654266958426
3 0.27052631578947367 0.62472647702407 0.014210526315789474 0.019693654266958426
3 0.23789473684210527 0.650984682713348 0.014736842105263158 0.019693654266958426
3 0.2542105263157895 0.6772428884026258 0.014736842105263158 0.019693654266958426
3 0.2636842105263158 0.7035010940919038 0.01 0.019693654266958426
3 0.2531578947368421 0.7297592997811816 0.007368421052631579 0.019693654266958426
3 0.2268421052631579 0.7560175054704595 0.007894736842105263 0.019693654266958426
3 0.2094736842105263 0.7822757111597374 0.022105263157894735 0.019693654266958426
3 0.20842105263157895 0.8676148796498906 0.018421052631578946 0.019693654266958426
3 0.2768421052631579 0.9529540481400438 0.021052631578947368 0.019693654266958426
3 0.21578947368421053 0.06564551422319474 0.060526315789473685 0.02188183807439825
3 0.21157894736842106 0.08643326039387308 0.060526315789473685 0.02188183807439825
3 0.2168421052631579 0.15098468271334792 0.07789473684210527 0.02188183807439825
3 0.29 0.15098468271334792 0.04842105263157895 0.02188183807439825