0 0.591005291005291 0.02857142857142857 0.02433862433862434 0.04285714285714286
0 0.7386243386243386 0.16483516483516483 0.059788359788359786 0.015384615384615385
1 0.7227513227513227 0.02967032967032967 0.17989417989417988 0.04285714285714286
1 0.4142857142857143 0.3626373626373626 0.15026455026455027 0.3120879120879121
1 0.573015873015873 0.3626373626373626 0.15026455026455027 0.3120879120879121
1 0.7317460317460317 0.3626373626373626 0.15026455026455027 0.3120879120879121
1 0.22380952380952382 0.02967032967032967 0.07089947089947089 0.03736263736263736
2 0.44497354497354497 0.02857142857142857 0.3164021164021164 0.04285714285714286
2 0.49153439153439155 0.02857142857142857 0.007407407407407408 0.015384615384615385
3 0.5296296296296297 0.02967032967032967 0.09947089947089947 0.02857142857142857
3 0.3772486772486772 0.610989010989011 0.05502645502645503 0.020879120879120878
3 0.535978835978836 0.5923076923076923 0.05502645502645503 0.020879120879120878
3 0.6947089947089947 0.610989010989011 0.05502645502645503 0.020879120879120878
3 0.5349206349206349 0.02857142857142857 0.07407407407407407 0.02197802197802198
3 0.5349206349206349 0.02857142857142857 0.07407407407407407 0.02197802197802198
3 0.2582010582010582 0.2 0.14708994708994708 0.03296703296703297
3 0.4142857142857143 0.654945054945055 0.1291005291005291 0.03956043956043956
3 0.573015873015873 0.6362637362637362 0.1291005291005291 0.03956043956043956
3 0.7317460317460317 0.654945054945055 0.1291005291005291 0.03956043956043956
3 0.34973544973544973 0.08571428571428572 0.023809523809523808 0.02197802197802198
3 0.38465608465608464 0.08571428571428572 0.026455026455026454 0.02197802197802198
3 0.4312169312169312 0.08571428571428572 0.047619047619047616 0.02197802197802198
3 0.47354497354497355 0.08571428571428572 0.018518518518518517 0.02197802197802198
3 0.5042328042328043 0.08571428571428572 0.023809523809523808 0.02197802197802198
3 0.535978835978836 0.08571428571428572 0.020634920634920634 0.02197802197802198
3 0.21904761904761905 0.49230769230769234 0.06878306878306878 0.01978021978021978
3 0.2275132275132275 0.578021978021978 0.08571428571428572 0.01978021978021978
3 0.23703703703703705 0.6043956043956044 0.1052910052910053 0.01978021978021978
3 0.22592592592592592 0.6307692307692307 0.08306878306878307 0.01978021978021978
3 0.20952380952380953 0.6571428571428571 0.04973544973544974 0.01978021978021978
3 0.21798941798941798 0.6835164835164835 0.06666666666666667 0.01978021978021978
3 0.22380952380952382 0.7098901098901099 0.07883597883597884 0.01978021978021978
3 0.21904761904761905 0.7362637362637363 0.06931216931216931 0.01978021978021978
3 0.20582010582010582 0.7626373626373626 0.042328042328042326 0.01978021978021978
3 0.19365079365079366 0.789010989010989 0.01798941798941799 0.01978021978021978
3 0.19417989417989417 0.8747252747252747 0.01904761904761905 0.01978021978021978
3 0.2275132275132275 0.9604395604395605 0.08624338624338625 0.01978021978021978
3 0.26296296296296295 0.49230769230769234 0.013756613756613757 0.01978021978021978
3 0.28465608465608466 0.578021978021978 0.02328042328042328 0.01978021978021978
3 0.30264550264550266 0.6043956043956044 0.020105820105820106 0.01978021978021978
3 0.2777777777777778 0.6307692307692307 0.014285714285714285 0.01978021978021978
3 0.24497354497354498 0.6571428571428571 0.014814814814814815 0.01978021978021978
3 0.2613756613756614 0.6835164835164835 0.014814814814814815 0.01978021978021978
3 0.2708994708994709 0.7098901098901099 0.010052910052910053 0.01978021978021978
3 0.26031746031746034 0.7362637362637363 0.007407407407407408 0.01978021978021978
3 0.23386243386243386 0.7626373626373626 0.007936507936507936 0.01978021978021978
3 0.2164021164021164 0.789010989010989 0.022222222222222223 0.01978021978021978
3 0.21534391534391534 0.8747252747252747 0.018518518518518517 0.01978021978021978
3 0.2841269841269841 0.9604395604395605 0.021164021164021163 0.01978021978021978
3 0.22275132275132276 0.06923076923076923 0.06084656084656084 0.02197802197802198
3 0.21851851851851853 0.09010989010989011 0.06084656084656084 0.02197802197802198
3 0.22380952380952382 0.15494505494505495 0.07830687830687831 0.02197802197802198
3 0.29735449735449737 0.15494505494505495 0.04867724867724868 0.02197802197802198