0 0.5832446808510638 0.02152317880794702 0.025 0.04304635761589404
0 0.7313829787234043 0.15783664459161148 0.0601063829787234 0.01545253863134658
1 0.7154255319148937 0.02207505518763797 0.18085106382978725 0.04304635761589404
1 0.4053191489361702 0.3565121412803532 0.15106382978723404 0.31346578366445915
1 0.5648936170212766 0.3565121412803532 0.15106382978723404 0.31346578366445915
1 0.7244680851063829 0.3565121412803532 0.15106382978723404 0.31346578366445915
1 0.21382978723404256 0.02207505518763797 0.07127659574468086 0.037527593818984545
2 0.436436170212766 0.02152317880794702 0.31861702127659575 0.04304635761589404
2 0.425 0.02097130242825607 0.007446808510638298 0.01545253863134658
3 0.4920212765957447 0.02207505518763797 0.1579787234042553 0.02869757174392936
3 0.3680851063829787 0.58719646799117 0.05531914893617021 0.02097130242825607
3 0.6781914893617021 0.6291390728476821 0.03776595744680851 0.01545253863134658
3 0.4973404255319149 0.02097130242825607 0.1324468085106383 0.02207505518763797
3 0.4973404255319149 0.02097130242825607 0.1324468085106383 0.02207505518763797
3 0.24840425531914895 0.2152317880794702 0.1478723404255319 0.033112582781456956
3 0.4053191489361702 0.6214128035320088 0.12978723404255318 0.019867549668874173
3 0.5648936170212766 0.5971302428256071 0.12978723404255318 0.039735099337748346
3 0.7244680851063829 0.6699779249448123 0.12978723404255318 0.039735099337748346
3 0.3404255319148936 0.07836644591611479 0.023936170212765957 0.02207505518763797
3 0.37553191489361704 0.07836644591611479 0.026595744680851064 0.02207505518763797
3 0.4223404255319149 0.07836644591611479 0.047872340425531915 0.02207505518763797
3 0.4648936170212766 0.07836644591611479 0.018617021276595744 0.02207505518763797
3 0.4957446808510638 0.07836644591611479 0.023936170212765957 0.02207505518763797
3 0.5276595744680851 0.07836644591611479 0.02074468085106383 0.02207505518763797
3 0.20904255319148937 0.423841059602649 0.06914893617021277 0.019867549668874173
3 0.20638297872340425 0.5099337748344371 0.06436170212765957 0.019867549668874173
3 0.22021276595744682 0.5364238410596026 0.09148936170212765 0.019867549668874173
3 0.22446808510638297 0.5629139072847682 0.1 0.019867549668874173
3 0.19946808510638298 0.5894039735099338 0.05053191489361702 0.019867549668874173
3 0.19095744680851065 0.6158940397350994 0.03297872340425532 0.019867549668874173
3 0.20212765957446807 0.6423841059602649 0.05585106382978723 0.019867549668874173
3 0.20585106382978724 0.6688741721854304 0.0627659574468085 0.019867549668874173
3 0.2175531914893617 0.695364238410596 0.08670212765957447 0.019867549668874173
3 0.19680851063829788 0.7218543046357616 0.04468085106382979 0.019867549668874173
3 0.18404255319148935 0.8377483443708609 0.019148936170212766 0.019867549668874173
3 0.2175531914893617 0.9238410596026491 0.08670212765957447 0.019867549668874173
3 0.251063829787234 0.423841059602649 0.009574468085106383 0.019867549668874173
3 0.2526595744680851 0.5099337748344371 0.02127659574468085 0.019867549668874173
3 0.27393617021276595 0.5364238410596026 0.011170212765957447 0.019867549668874173
3 0.28191489361702127 0.5629139072847682 0.009574468085106383 0.019867549668874173
3 0.23297872340425532 0.5894039735099338 0.010106382978723405 0.019867549668874173
3 0.21648936170212765 0.6158940397350994 0.01223404255319149 0.019867549668874173
3 0.23829787234042554 0.6423841059602649 0.010106382978723405 0.019867549668874173
3 0.24468085106382978 0.6688741721854304 0.009574468085106383 0.019867549668874173
3 0.2680851063829787 0.695364238410596 0.007446808510638298 0.019867549668874173
3 0.22606382978723405 0.7218543046357616 0.007446808510638298 0.019867549668874173
3 0.20319148936170212 0.8377483443708609 0.013829787234042552 0.019867549668874173
3 0.27074468085106385 0.9238410596026491 0.013829787234042552 0.019867549668874173
3 0.2127659574468085 0.06181015452538632 0.061170212765957445 0.02207505518763797
3 0.20851063829787234 0.08278145695364239 0.061170212765957445 0.02207505518763797
3 0.21382978723404256 0.1479028697571744 0.07872340425531915 0.02207505518763797
3 0.23563829787234042 0.15894039735099338 0.12234042553191489 0.04415011037527594