0 0.5928571428571429 0.02032967032967033 0.02486772486772487 0.04065934065934066
0 0.2761904761904762 0.26263736263736265 0.010582010582010581 0.02197802197802198
0 0.7402116402116402 0.15494505494505495 0.059788359788359786 0.015384615384615385
1 0.7246031746031746 0.020879120879120878 0.18042328042328043 0.041758241758241756
1 0.39576719576719577 0.3065934065934066 0.08465608465608465 0.17582417582417584
1 0.39576719576719577 0.5274725274725275 0.08465608465608465 0.17582417582417584
1 0.39576719576719577 0.7483516483516484 0.08465608465608465 0.17582417582417584
1 0.2253968253968254 0.01978021978021978 0.07089947089947089 0.03736263736263736
2 0.44682539682539685 0.02032967032967033 0.31693121693121695 0.04065934065934066
2 0.4804232804232804 0.01868131868131868 0.007407407407407408 0.015384615384615385
3 0.5248677248677248 0.01978021978021978 0.11216931216931217 0.02857142857142857
3 0.6164021164021164 0.2945054945054945 0.33174603174603173 0.015384615384615385
3 0.47883597883597884 0.36923076923076925 0.056084656084656084 0.020879120879120878
3 0.48994708994708996 0.5351648351648352 0.07883597883597884 0.020879120879120878
3 0.47883597883597884 0.756043956043956 0.056084656084656084 0.020879120879120878
3 0.48994708994708996 0.9769230769230769 0.07883597883597884 0.020879120879120878
3 0.5301587301587302 0.01868131868131868 0.08677248677248678 0.02197802197802198
3 0.5301587301587302 0.01868131868131868 0.08677248677248678 0.02197802197802198
3 0.2597883597883598 0.1901098901098901 0.14708994708994708 0.03296703296703297
3 0.6164021164021164 0.2725274725274725 0.33174603174603173 0.02857142857142857
3 0.6164021164021164 0.45384615384615384 0.33174603174603173 0.02857142857142857
3 0.6164021164021164 0.6747252747252748 0.33174603174603173 0.02857142857142857
3 0.6164021164021164 0.8956043956043956 0.33174603174603173 0.02857142857142857
3 0.3513227513227513 0.07582417582417582 0.023809523809523808 0.02197802197802198
3 0.3862433862433862 0.07582417582417582 0.026455026455026454 0.02197802197802198
3 0.4328042328042328 0.07582417582417582 0.047619047619047616 0.02197802197802198
3 0.47513227513227513 0.07582417582417582 0.018518518518518517 0.02197802197802198
3 0.5058201058201058 0.07582417582417582 0.023809523809523808 0.02197802197802198
3 0.5375661375661376 0.07582417582417582 0.020634920634920634 0.02197802197802198
3 0.22063492063492063 0.5395604395604395 0.06878306878306878 0.01978021978021978
3 0.21851851851851853 0.6252747252747253 0.06455026455026455 0.01978021978021978
3 0.21957671957671956 0.6516483516483517 0.06666666666666667 0.01978021978021978
3 0.22486772486772486 0.6780219780219781 0.07777777777777778 0.01978021978021978
3 0.22063492063492063 0.7043956043956044 0.06878306878306878 0.01978021978021978
3 0.2 0.7307692307692307 0.027513227513227514 0.01978021978021978
3 0.22433862433862434 0.7571428571428571 0.0761904761904762 0.01978021978021978
3 0.22698412698412698 0.7835164835164835 0.082010582010582 0.01978021978021978
3 0.23227513227513227 0.8098901098901099 0.09206349206349207 0.01978021978021978
3 0.22857142857142856 0.8362637362637363 0.08518518518518518 0.01978021978021978
3 0.19576719576719576 0.9516483516483516 0.01904761904761905 0.01978021978021978
3 0.2634920634920635 0.5395604395604395 0.01164021164021164 0.01978021978021978
3 0.2613756613756614 0.6252747252747253 0.015343915343915344 0.01978021978021978
3 0.2613756613756614 0.6516483516483517 0.01164021164021164 0.01978021978021978
3 0.273015873015873 0.6780219780219781 0.01164021164021164 0.01978021978021978
3 0.26402116402116405 0.7043956043956044 0.01216931216931217 0.01978021978021978
3 0.2201058201058201 0.7307692307692307 0.007407407407407408 0.01978021978021978
3 0.26825396825396824 0.7571428571428571 0.0068783068783068784 0.01978021978021978
3 0.2746031746031746 0.7835164835164835 0.007407407407407408 0.01978021978021978
3 0.2851851851851852 0.8098901098901099 0.007936507936507936 0.01978021978021978
3 0.2777777777777778 0.8362637362637363 0.007407407407407408 0.01978021978021978
3 0.21375661375661376 0.9516483516483516 0.01164021164021164 0.01978021978021978
3 0.22433862433862434 0.05934065934065934 0.06084656084656084 0.02197802197802198
3 0.2201058201058201 0.08021978021978023 0.06084656084656084 0.02197802197802198
3 0.2164021164021164 0.14505494505494507 0.06084656084656084 0.02197802197802198