0 0.573463687150838 0.008700696055684454 0.026256983240223464 0.01740139211136891
0 0.2223463687150838 0.2517401392111369 0.0111731843575419 0.02320185614849188
0 0.729050279329609 0.12877030162412992 0.06312849162011173 0.016241299303944315
0 0.8106145251396648 0.21577726218097448 0.017877094972067038 0.037122969837587005
1 0.7125698324022346 0.009280742459396751 0.19050279329608938 0.018561484918793503
1 0.32513966480446926 0.21693735498839908 0.030726256983240222 0.06380510440835267
1 0.45083798882681564 0.21693735498839908 0.030726256983240222 0.06380510440835267
1 0.576536312849162 0.21693735498839908 0.030726256983240222 0.06380510440835267
1 0.3653631284916201 0.39327146171693733 0.0893854748603352 0.18561484918793503
1 0.3653631284916201 0.6264501160092807 0.0893854748603352 0.18561484918793503
1 0.3653631284916201 0.8596287703016241 0.0893854748603352 0.18561484918793503
1 0.1857541899441341 0.008120649651972157 0.07541899441340782 0.016241299303944315
2 0.4192737430167598 0.008700696055684454 0.3346368715083799 0.01740139211136891
2 0.4622905027932961 0.0017401392111368909 0.008379888268156424 0.0034802784222737818
3 0.5050279329608939 0.00580046403712297 0.11173184357541899 0.01160092807424594
3 0.5983240223463687 0.3805104408352668 0.35027932960893854 0.016241299303944315
3 0.453072625698324 0.4593967517401392 0.05921787709497207 0.022041763341067284
3 0.5983240223463687 0.5719257540603249 0.35027932960893854 0.016241299303944315
3 0.4430167597765363 0.6461716937354989 0.03966480446927374 0.016241299303944315
3 0.5983240223463687 0.8051044083526682 0.35027932960893854 0.016241299303944315
3 0.453072625698324 0.8839907192575406 0.05921787709497207 0.022041763341067284
3 0.5106145251396648 0.0034802784222737818 0.08491620111731843 0.0069605568445475635
3 0.5106145251396648 0.0034802784222737818 0.08491620111731843 0.0069605568445475635
3 0.2217877094972067 0.1751740139211137 0.1553072625698324 0.03480278422273782
3 0.5983240223463687 0.35730858468677495 0.35027932960893854 0.030162412993039442
3 0.5983240223463687 0.548723897911833 0.35027932960893854 0.030162412993039442
3 0.5983240223463687 0.7819025522041764 0.35027932960893854 0.030162412993039442
3 0.38212290502793295 0.20301624129930396 0.07262569832402235 0.022041763341067284
3 0.5078212290502794 0.20301624129930396 0.07262569832402235 0.022041763341067284
3 0.6335195530726258 0.20301624129930396 0.07262569832402235 0.022041763341067284
3 0.759217877094972 0.20301624129930396 0.07262569832402235 0.022041763341067284
3 0.31843575418994413 0.054524361948955914 0.025139664804469275 0.02320185614849188
3 0.3553072625698324 0.054524361948955914 0.027932960893854747 0.02320185614849188
3 0.4044692737430168 0.054524361948955914 0.05027932960893855 0.02320185614849188
3 0.4491620111731844 0.054524361948955914 0.019553072625698324 0.02320185614849188
3 0.48156424581005586 0.054524361948955914 0.025139664804469275 0.02320185614849188
3 0.5150837988826815 0.054524361948955914 0.021787709497206705 0.02320185614849188
3 0.1782122905027933 0.5440835266821346 0.06815642458100558 0.02088167053364269
3 0.18435754189944134 0.5719257540603249 0.08044692737430167 0.02088167053364269
3 0.1793296089385475 0.5997679814385151 0.07039106145251396 0.02088167053364269
3 0.18491620111731844 0.6276102088167054 0.08212290502793296 0.02088167053364269
3 0.1871508379888268 0.6554524361948956 0.08659217877094973 0.02088167053364269
3 0.18100558659217877 0.6832946635730859 0.07430167597765364 0.02088167053364269
3 0.15418994413407822 0.7737819025522041 0.02011173184357542 0.02088167053364269
3 0.1893854748603352 0.8642691415313225 0.09106145251396648 0.02088167053364269
3 0.16145251396648044 0.9547563805104409 0.034636871508379886 0.02088167053364269
3 0.2217877094972067 0.5440835266821346 0.012290502793296089 0.02088167053364269
3 0.23128491620111732 0.5719257540603249 0.00782122905027933 0.02088167053364269
3 0.2212290502793296 0.5997679814385151 0.00782122905027933 0.02088167053364269
3 0.2324022346368715 0.6276102088167054 0.006145251396648044 0.02088167053364269
3 0.23631284916201117 0.6554524361948956 0.00558659217877095 0.02088167053364269
3 0.2240223463687151 0.6832946635730859 0.00558659217877095 0.02088167053364269
3 0.17150837988826817 0.7737819025522041 0.009497206703910615 0.02088167053364269
3 0.2441340782122905 0.8642691415313225 0.012290502793296089 0.02088167053364269
3 0.188268156424581 0.9547563805104409 0.012849162011173185 0.02088167053364269
3 0.17486033519553074 0.9825986078886311 0.00782122905027933 0.02088167053364269
3 0.18435754189944134 0.037122969837587005 0.06424581005586592 0.02320185614849188
3 0.17988826815642459 0.05916473317865429 0.06424581005586592 0.02320185614849188
3 0.17597765363128492 0.12761020881670534 0.06424581005586592 0.02320185614849188