0 0.5840540540540541 0.010089686098654708 0.025405405405405406 0.020179372197309416
1 0.7186486486486486 0.010650224215246636 0.18432432432432433 0.021300448430493273
1 0.49135135135135133 0.15807174887892378 0.8648648648648649 0.15695067264573992
1 0.27513513513513516 0.47197309417040356 0.20756756756756756 0.26905829596412556
1 0.49135135135135133 0.47197309417040356 0.20756756756756756 0.26905829596412556
1 0.7075675675675676 0.47197309417040356 0.20756756756756756 0.26905829596412556
1 0.3291891891891892 0.7858744394618834 0.31567567567567567 0.26905829596412556
1 0.6535135135135135 0.7858744394618834 0.31567567567567567 0.26905829596412556
1 0.20891891891891892 0.00952914798206278 0.07297297297297298 0.01905829596412556
2 0.43486486486486486 0.010089686098654708 0.3237837837837838 0.020179372197309416
3 0.49135135135135133 0.3060538116591928 0.64 0.053811659192825115
3 0.27513513513513516 0.6053811659192825 0.15567567567567567 0.02242152466367713
3 0.49135135135135133 0.6053811659192825 0.15567567567567567 0.02242152466367713
3 0.7075675675675676 0.6053811659192825 0.15567567567567567 0.02242152466367713
3 0.3291891891891892 0.9192825112107623 0.1945945945945946 0.02242152466367713
3 0.6535135135135135 0.9192825112107623 0.1945945945945946 0.02242152466367713
3 0.3372972972972973 0.05605381165919283 0.024324324324324326 0.02242152466367713
3 0.372972972972973 0.05605381165919283 0.02702702702702703 0.02242152466367713
3 0.4205405405405405 0.05605381165919283 0.04864864864864865 0.02242152466367713
3 0.46378378378378377 0.05605381165919283 0.01891891891891892 0.02242152466367713
3 0.49513513513513513 0.05605381165919283 0.024324324324324326 0.02242152466367713
3 0.5275675675675676 0.05605381165919283 0.02108108108108108 0.02242152466367713
3 0.20756756756756756 0.03923766816143498 0.062162162162162166 0.02242152466367713
3 0.20324324324324325 0.06053811659192825 0.062162162162162166 0.02242152466367713