1 0.47 0.14318706697459585 0.8888888888888888 0.16166281755196305
1 0.2477777777777778 0.4665127020785219 0.21333333333333335 0.27713625866050806
1 0.47 0.4665127020785219 0.21333333333333335 0.27713625866050806
1 0.6922222222222222 0.4665127020785219 0.21333333333333335 0.27713625866050806
1 0.47 0.745958429561201 0.6577777777777778 0.1905311778290993
1 0.41444444444444445 0.941108545034642 0.05555555555555555 0.11547344110854503
3 0.47 0.2956120092378753 0.6577777777777778 0.05542725173210162
3 0.2477777777777778 0.6039260969976905 0.16 0.023094688221709007
3 0.47 0.6039260969976905 0.16 0.023094688221709007
3 0.6922222222222222 0.6039260969976905 0.16 0.023094688221709007
3 0.31166666666666665 0.03810623556581986 0.025 0.023094688221709007
3 0.34833333333333333 0.03810623556581986 0.027777777777777776 0.023094688221709007
3 0.3972222222222222 0.03810623556581986 0.05 0.023094688221709007
3 0.44166666666666665 0.03810623556581986 0.019444444444444445 0.023094688221709007
3 0.4738888888888889 0.03810623556581986 0.025 0.023094688221709007
3 0.5072222222222222 0.03810623556581986 0.021666666666666667 0.023094688221709007
3 0.17833333333333334 0.020785219399538105 0.06388888888888888 0.023094688221709007
3 0.1738888888888889 0.042725173210161664 0.06388888888888888 0.023094688221709007