0 0.5771186440677966 0.014084507042253521 0.02655367231638418 0.028169014084507043
1 0.7177966101694915 0.014671361502347418 0.19265536723163842 0.029342723004694836
1 0.480225988700565 0.17253521126760563 0.903954802259887 0.1643192488262911
1 0.2542372881355932 0.5011737089201878 0.21694915254237288 0.28169014084507044
1 0.480225988700565 0.5011737089201878 0.21694915254237288 0.28169014084507044
1 0.7062146892655368 0.5011737089201878 0.21694915254237288 0.28169014084507044
1 0.480225988700565 0.7852112676056338 0.6689265536723163 0.1936619718309859
1 0.42401129943502824 0.9618544600938967 0.05706214689265537 0.07394366197183098
1 0.1850282485875706 0.013497652582159625 0.07627118644067797 0.02699530516431925
2 0.4211864406779661 0.014084507042253521 0.3384180790960452 0.028169014084507043
3 0.480225988700565 0.3274647887323944 0.6689265536723163 0.056338028169014086
3 0.2542372881355932 0.6408450704225352 0.16271186440677965 0.023474178403755867
3 0.480225988700565 0.6408450704225352 0.16271186440677965 0.023474178403755867
3 0.7062146892655368 0.6408450704225352 0.16271186440677965 0.023474178403755867
3 0.3192090395480226 0.06572769953051644 0.025423728813559324 0.023474178403755867
3 0.35649717514124296 0.06572769953051644 0.02824858757062147 0.023474178403755867
3 0.4062146892655367 0.06572769953051644 0.05084745762711865 0.023474178403755867
3 0.4514124293785311 0.06572769953051644 0.01977401129943503 0.023474178403755867
3 0.48418079096045197 0.06572769953051644 0.025423728813559324 0.023474178403755867
3 0.5180790960451978 0.06572769953051644 0.022033898305084745 0.023474178403755867
3 0.18361581920903955 0.04812206572769953 0.06497175141242938 0.023474178403755867
3 0.1790960451977401 0.07042253521126761 0.06497175141242938 0.023474178403755867