0 0.6024590163934426 0.015873015873015872 0.025683060109289616 0.031746031746031744
0 0.2754098360655738 0.36281179138321995 0.01092896174863388 0.022675736961451247
0 0.7546448087431694 0.25170068027210885 0.06174863387978142 0.015873015873015872
1 0.7385245901639345 0.016439909297052153 0.18633879781420765 0.032879818594104306
1 0.3989071038251366 0.40816326530612246 0.08743169398907104 0.18140589569160998
1 0.3989071038251366 0.6360544217687075 0.08743169398907104 0.18140589569160998
1 0.3989071038251366 0.8639455782312925 0.08743169398907104 0.18140589569160998
1 0.223224043715847 0.015306122448979591 0.07377049180327869 0.030612244897959183
2 0.4516393442622951 0.015873015873015872 0.3273224043715847 0.031746031746031744
2 0.48688524590163934 0.009070294784580499 0.007650273224043716 0.015873015873015872
3 0.5322404371584699 0.013038548752834467 0.11584699453551912 0.026077097505668934
3 0.49508196721311476 0.41609977324263037 0.07868852459016394 0.021541950113378686
3 0.49508196721311476 0.6439909297052154 0.07868852459016394 0.021541950113378686
3 0.49508196721311476 0.8718820861678005 0.07868852459016394 0.021541950113378686
3 0.5377049180327869 0.010770975056689343 0.08961748633879782 0.021541950113378686
3 0.5377049180327869 0.010770975056689343 0.08961748633879782 0.021541950113378686
3 0.25846994535519124 0.28798185941043086 0.15191256830601094 0.034013605442176874
3 0.6267759562841531 0.3321995464852608 0.34262295081967215 0.02947845804988662
3 0.6267759562841531 0.5600907029478458 0.34262295081967215 0.02947845804988662
3 0.6267759562841531 0.7879818594104309 0.34262295081967215 0.02947845804988662
3 0.35300546448087433 0.06802721088435375 0.02459016393442623 0.022675736961451247
3 0.38907103825136613 0.06802721088435375 0.0273224043715847 0.022675736961451247
3 0.4371584699453552 0.06802721088435375 0.04918032786885246 0.022675736961451247
3 0.4808743169398907 0.06802721088435375 0.01912568306010929 0.022675736961451247
3 0.512568306010929 0.06802721088435375 0.02459016393442623 0.022675736961451247
3 0.5453551912568306 0.06802721088435375 0.021311475409836064 0.022675736961451247
3 0.2180327868852459 0.6485260770975056 0.07103825136612021 0.02040816326530612
3 0.19672131147540983 0.7369614512471655 0.02841530054644809 0.02040816326530612
3 0.22185792349726777 0.764172335600907 0.07868852459016394 0.02040816326530612
3 0.2191256830601093 0.7913832199546486 0.073224043715847 0.02040816326530612
3 0.20655737704918034 0.81859410430839 0.048087431693989074 0.02040816326530612
3 0.19289617486338798 0.8458049886621315 0.021311475409836064 0.02040816326530612
3 0.19726775956284154 0.873015873015873 0.030054644808743168 0.02040816326530612
3 0.22240437158469945 0.9002267573696145 0.08032786885245902 0.02040816326530612
3 0.22185792349726777 0.927437641723356 0.07868852459016394 0.02040816326530612
3 0.25956284153005466 0.6485260770975056 0.007103825136612022 0.02040816326530612
3 0.22021857923497268 0.7369614512471655 0.01366120218579235 0.02040816326530612
3 0.26994535519125684 0.764172335600907 0.012021857923497269 0.02040816326530612
3 0.26284153005464483 0.7913832199546486 0.007650273224043716 0.02040816326530612
3 0.2371584699453552 0.81859410430839 0.007650273224043716 0.02040816326530612
3 0.20928961748633879 0.8458049886621315 0.00546448087431694 0.02040816326530612
3 0.2180327868852459 0.873015873015873 0.00546448087431694 0.02040816326530612
3 0.2683060109289617 0.9002267573696145 0.00546448087431694 0.02040816326530612
3 0.26666666666666666 0.927437641723356 0.00546448087431694 0.02040816326530612
3 0.22185792349726777 0.05102040816326531 0.06284153005464481 0.022675736961451247
3 0.2174863387978142 0.07256235827664399 0.06284153005464481 0.022675736961451247
3 0.21366120218579235 0.24149659863945577 0.06284153005464481 0.022675736961451247