0 0.584375 0.02922077922077922 0.023958333333333335 0.04220779220779221
0 0.27291666666666664 0.36688311688311687 0.010416666666666666 0.021645021645021644
0 0.7296875 0.26082251082251084 0.058854166666666666 0.015151515151515152
1 0.7140625 0.030303030303030304 0.17708333333333334 0.04220779220779221
1 0.390625 0.4101731601731602 0.08333333333333333 0.17316017316017315
1 0.390625 0.6277056277056277 0.08333333333333333 0.17316017316017315
1 0.390625 0.8452380952380952 0.08333333333333333 0.17316017316017315
1 0.22291666666666668 0.030303030303030304 0.06979166666666667 0.0367965367965368
2 0.440625 0.02922077922077922 0.31145833333333334 0.04220779220779221
2 0.4744791666666667 0.02922077922077922 0.007291666666666667 0.015151515151515152
3 0.5177083333333333 0.030303030303030304 0.10989583333333333 0.02813852813852814
3 0.4822916666666667 0.41774891774891776 0.075 0.020562770562770564
3 0.4822916666666667 0.6352813852813853 0.075 0.020562770562770564
3 0.4822916666666667 0.8528138528138528 0.075 0.020562770562770564
3 0.5229166666666667 0.02922077922077922 0.08489583333333334 0.021645021645021644
3 0.5229166666666667 0.02922077922077922 0.08489583333333334 0.021645021645021644
3 0.25677083333333334 0.29545454545454547 0.14479166666666668 0.032467532467532464
3 0.6078125 0.33766233766233766 0.3265625 0.02813852813852814
3 0.6078125 0.5551948051948052 0.3265625 0.02813852813852814
3 0.6078125 0.7727272727272727 0.3265625 0.02813852813852814
3 0.346875 0.0854978354978355 0.0234375 0.021645021645021644
3 0.38125 0.0854978354978355 0.026041666666666668 0.021645021645021644
3 0.4270833333333333 0.0854978354978355 0.046875 0.021645021645021644
3 0.46875 0.0854978354978355 0.018229166666666668 0.021645021645021644
3 0.49895833333333334 0.0854978354978355 0.0234375 0.021645021645021644
3 0.5302083333333333 0.0854978354978355 0.0203125 0.021645021645021644
3 0.21822916666666667 0.6396103896103896 0.06770833333333333 0.01948051948051948
3 0.19791666666666666 0.724025974025974 0.027083333333333334 0.01948051948051948
3 0.221875 0.75 0.075 0.01948051948051948
3 0.21927083333333333 0.775974025974026 0.06979166666666667 0.01948051948051948
3 0.20729166666666668 0.801948051948052 0.04583333333333333 0.01948051948051948
3 0.19427083333333334 0.827922077922078 0.0203125 0.01948051948051948
3 0.1984375 0.8538961038961039 0.028645833333333332 0.01948051948051948
3 0.22239583333333332 0.8798701298701299 0.0765625 0.01948051948051948
3 0.221875 0.9058441558441559 0.075 0.01948051948051948
3 0.19375 0.9902597402597403 0.01875 0.01948051948051948
3 0.2578125 0.6396103896103896 0.0067708333333333336 0.01948051948051948
3 0.2203125 0.724025974025974 0.013020833333333334 0.01948051948051948
3 0.2677083333333333 0.75 0.011458333333333333 0.01948051948051948
3 0.2609375 0.775974025974026 0.007291666666666667 0.01948051948051948
3 0.23645833333333333 0.801948051948052 0.007291666666666667 0.01948051948051948
3 0.20989583333333334 0.827922077922078 0.005208333333333333 0.01948051948051948
3 0.21822916666666667 0.8538961038961039 0.005208333333333333 0.01948051948051948
3 0.26614583333333336 0.8798701298701299 0.005208333333333333 0.01948051948051948
3 0.26458333333333334 0.9058441558441559 0.005208333333333333 0.01948051948051948
3 0.21302083333333333 0.9902597402597403 0.015104166666666667 0.01948051948051948
3 0.221875 0.06926406926406926 0.059895833333333336 0.021645021645021644
3 0.21770833333333334 0.08982683982683982 0.059895833333333336 0.021645021645021644
3 0.2140625 0.2510822510822511 0.059895833333333336 0.021645021645021644