0 0.20730337078651687 0.3177570093457944 0.011235955056179775 0.02336448598130841
0 0.7730337078651686 0.20327102803738317 0.06348314606741573 0.016355140186915886
1 0.40730337078651685 0.3644859813084112 0.0898876404494382 0.18691588785046728
1 0.40730337078651685 0.5992990654205608 0.0898876404494382 0.18691588785046728
1 0.40730337078651685 0.8341121495327103 0.0898876404494382 0.18691588785046728
3 0.5185393258426966 0.3726635514018692 0.10561797752808989 0.02219626168224299
3 0.5073033707865169 0.6074766355140186 0.08370786516853933 0.02219626168224299
3 0.5185393258426966 0.8422897196261683 0.10561797752808989 0.02219626168224299
3 0.26292134831460673 0.24065420560747663 0.15617977528089888 0.035046728971962614
3 0.6415730337078651 0.286214953271028 0.35224719101123597 0.030373831775700934
3 0.6415730337078651 0.5210280373831776 0.35224719101123597 0.030373831775700934
3 0.6415730337078651 0.7558411214953271 0.35224719101123597 0.030373831775700934
3 0.3601123595505618 0.014018691588785047 0.025280898876404494 0.02336448598130841
3 0.39719101123595507 0.014018691588785047 0.028089887640449437 0.02336448598130841
3 0.44662921348314605 0.014018691588785047 0.05056179775280899 0.02336448598130841
3 0.49157303370786515 0.014018691588785047 0.019662921348314606 0.02336448598130841
3 0.5241573033707865 0.014018691588785047 0.025280898876404494 0.02336448598130841
3 0.5578651685393259 0.014018691588785047 0.021910112359550562 0.02336448598130841
3 0.20280898876404493 0.6121495327102804 0.03651685393258427 0.02102803738317757
3 0.22977528089887642 0.6401869158878505 0.0898876404494382 0.02102803738317757
3 0.1949438202247191 0.7313084112149533 0.020224719101123594 0.02102803738317757
3 0.2303370786516854 0.822429906542056 0.09157303370786517 0.02102803738317757
3 0.2 0.9135514018691588 0.030337078651685393 0.02102803738317757
3 0.2 0.9415887850467289 0.030337078651685393 0.02102803738317757
3 0.21797752808988763 0.969626168224299 0.06685393258426967 0.02102803738317757
3 0.2292134831460674 0.6121495327102804 0.010112359550561797 0.02102803738317757
3 0.2808988764044944 0.6401869158878505 0.006179775280898876 0.02102803738317757
3 0.21292134831460674 0.7313084112149533 0.010674157303370787 0.02102803738317757
3 0.2842696629213483 0.822429906542056 0.010112359550561797 0.02102803738317757
3 0.22191011235955055 0.9135514018691588 0.007865168539325843 0.02102803738317757
3 0.22191011235955055 0.9415887850467289 0.007865168539325843 0.02102803738317757
3 0.2589887640449438 0.969626168224299 0.007865168539325843 0.02102803738317757
3 0.22528089887640448 0.004672897196261682 0.0651685393258427 0.009345794392523364
3 0.22078651685393258 0.018691588785046728 0.06460674157303371 0.02336448598130841
3 0.21685393258426966 0.1927570093457944 0.06460674157303371 0.02336448598130841