0 0.588421052631579 0.0262582056892779 0.024210526315789474 0.04266958424507659
0 0.7352631578947368 0.2603938730853392 0.05947368421052632 0.015317286652078774
1 0.7194736842105263 0.02735229759299781 0.17894736842105263 0.04266958424507659
1 0.39263157894736844 0.4113785557986871 0.08421052631578947 0.175054704595186
1 0.39263157894736844 0.6312910284463895 0.08421052631578947 0.175054704595186
1 0.39263157894736844 0.8512035010940919 0.08421052631578947 0.175054704595186
1 0.2231578947368421 0.02735229759299781 0.07052631578947369 0.037199124726477024
2 0.4431578947368421 0.0262582056892779 0.31473684210526315 0.04266958424507659
2 0.45263157894736844 0.0262582056892779 0.007368421052631579 0.015317286652078774
3 0.5089473684210526 0.02735229759299781 0.13578947368421052 0.028446389496717725
3 0.47526315789473683 0.45842450765864334 0.05578947368421053 0.020787746170678335
3 0.47526315789473683 0.6586433260393874 0.05578947368421053 0.020787746170678335
3 0.47526315789473683 0.8588621444201313 0.05578947368421053 0.020787746170678335
3 0.5142105263157895 0.0262582056892779 0.11052631578947368 0.02188183807439825
3 0.5142105263157895 0.0262582056892779 0.11052631578947368 0.02188183807439825
3 0.2573684210526316 0.29540481400437635 0.1463157894736842 0.03282275711159737
3 0.6121052631578947 0.3774617067833698 0.33 0.028446389496717725
3 0.6121052631578947 0.5579868708971554 0.33 0.028446389496717725
3 0.6121052631578947 0.7778993435448578 0.33 0.028446389496717725
3 0.34842105263157896 0.08315098468271334 0.02368421052631579 0.02188183807439825
3 0.3831578947368421 0.08315098468271334 0.02631578947368421 0.02188183807439825
3 0.42947368421052634 0.08315098468271334 0.04736842105263158 0.02188183807439825
3 0.47157894736842104 0.08315098468271334 0.018421052631578946 0.02188183807439825
3 0.5021052631578947 0.08315098468271334 0.02368421052631579 0.02188183807439825
3 0.5336842105263158 0.08315098468271334 0.020526315789473684 0.02188183807439825
3 0.21842105263157896 0.5864332603938731 0.06842105263157895 0.019693654266958426
3 0.23421052631578948 0.6717724288840262 0.10052631578947369 0.019693654266958426
3 0.23473684210526316 0.6980306345733042 0.10105263157894737 0.019693654266958426
3 0.22894736842105262 0.7242888402625821 0.08947368421052632 0.019693654266958426
3 0.20473684210526316 0.75054704595186 0.04105263157894737 0.019693654266958426
3 0.22 0.7768052516411379 0.07210526315789474 0.019693654266958426
3 0.22736842105263158 0.8030634573304157 0.0863157894736842 0.019693654266958426
3 0.2268421052631579 0.8293216630196937 0.08526315789473685 0.019693654266958426
3 0.2326315789473684 0.8555798687089715 0.0968421052631579 0.019693654266958426
3 0.20578947368421052 0.8818380743982495 0.04368421052631579 0.019693654266958426
3 0.19394736842105262 0.9928884026258206 0.019473684210526317 0.012035010940919038
3 0.26052631578947366 0.5864332603938731 0.011052631578947368 0.019693654266958426
3 0.2963157894736842 0.6717724288840262 0.017894736842105262 0.019693654266958426
3 0.29578947368421055 0.6980306345733042 0.01631578947368421 0.019693654266958426
3 0.2847368421052632 0.7242888402625821 0.015789473684210527 0.019693654266958426
3 0.23421052631578948 0.75054704595186 0.011578947368421053 0.019693654266958426
3 0.26526315789473687 0.7768052516411379 0.011578947368421053 0.019693654266958426
3 0.27842105263157896 0.8030634573304157 0.011052631578947368 0.019693654266958426
3 0.27842105263157896 0.8293216630196937 0.012105263157894737 0.019693654266958426
3 0.29 0.8555798687089715 0.011578947368421053 0.019693654266958426
3 0.2363157894736842 0.8818380743982495 0.011578947368421053 0.019693654266958426
3 0.21526315789473685 0.9928884026258206 0.02 0.012035010940919038
3 0.22210526315789475 0.06673960612691467 0.060526315789473685 0.02188183807439825
3 0.21789473684210525 0.087527352297593 0.060526315789473685 0.02188183807439825
3 0.2268421052631579 0.25054704595185995 0.08526315789473685 0.02188183807439825