0 0.7453703703703703 0.23197115384615385 0.06539351851851852 0.016826923076923076
1 0.36863425925925924 0.39783653846153844 0.09259259259259259 0.19230769230769232
1 0.36863425925925924 0.6394230769230769 0.09259259259259259 0.19230769230769232
1 0.36863425925925924 0.8810096153846154 0.09259259259259259 0.19230769230769232
3 0.45949074074074076 0.4495192307692308 0.061342592592592594 0.02283653846153846
3 0.45949074074074076 0.6694711538461539 0.061342592592592594 0.02283653846153846
3 0.45949074074074076 0.8894230769230769 0.061342592592592594 0.02283653846153846
3 0.2199074074074074 0.2704326923076923 0.16087962962962962 0.036057692307692304
3 0.6099537037037037 0.3605769230769231 0.3628472222222222 0.03125
3 0.6099537037037037 0.5588942307692307 0.3628472222222222 0.03125
3 0.6099537037037037 0.8004807692307693 0.3628472222222222 0.03125
3 0.32002314814814814 0.037259615384615384 0.026041666666666668 0.02403846153846154
3 0.3582175925925926 0.037259615384615384 0.028935185185185185 0.02403846153846154
3 0.40914351851851855 0.037259615384615384 0.052083333333333336 0.02403846153846154
3 0.4554398148148148 0.037259615384615384 0.02025462962962963 0.02403846153846154
3 0.48900462962962965 0.037259615384615384 0.026041666666666668 0.02403846153846154
3 0.5237268518518519 0.037259615384615384 0.022569444444444444 0.02403846153846154
3 0.17708333333333334 0.5901442307692307 0.07523148148148148 0.021634615384615384
3 0.19444444444444445 0.6838942307692307 0.11053240740740741 0.021634615384615384
3 0.19502314814814814 0.7127403846153846 0.1111111111111111 0.021634615384615384
3 0.1886574074074074 0.7415865384615384 0.09837962962962964 0.021634615384615384
3 0.16203703703703703 0.7704326923076923 0.04513888888888889 0.021634615384615384
3 0.17881944444444445 0.7992788461538461 0.07928240740740741 0.021634615384615384
3 0.1869212962962963 0.828125 0.09490740740740741 0.021634615384615384
3 0.1863425925925926 0.8569711538461539 0.09375 0.021634615384615384
3 0.19270833333333334 0.8858173076923077 0.10648148148148148 0.021634615384615384
3 0.16319444444444445 0.9146634615384616 0.048032407407407406 0.021634615384615384
3 0.22337962962962962 0.5901442307692307 0.012152777777777778 0.021634615384615384
3 0.26273148148148145 0.6838942307692307 0.019675925925925927 0.021634615384615384
3 0.2621527777777778 0.7127403846153846 0.017939814814814815 0.021634615384615384
3 0.25 0.7415865384615384 0.017361111111111112 0.021634615384615384
3 0.19444444444444445 0.7704326923076923 0.01273148148148148 0.021634615384615384
3 0.22858796296296297 0.7992788461538461 0.01273148148148148 0.021634615384615384
3 0.24305555555555555 0.828125 0.012152777777777778 0.021634615384615384
3 0.24305555555555555 0.8569711538461539 0.013310185185185185 0.021634615384615384
3 0.25578703703703703 0.8858173076923077 0.01273148148148148 0.021634615384615384
3 0.19675925925925927 0.9146634615384616 0.01273148148148148 0.021634615384615384
3 0.18113425925925927 0.019230769230769232 0.06655092592592593 0.02403846153846154
3 0.17650462962962962 0.042067307692307696 0.06655092592592593 0.02403846153846154
3 0.1863425925925926 0.22115384615384615 0.09375 0.02403846153846154