0 0.5904761904761905 0.024175824175824177 0.02433862433862434 0.04285714285714286
0 0.2687830687830688 0.8131868131868132 0.012698412698412698 0.026373626373626374
0 0.7380952380952381 0.46263736263736266 0.059788359788359786 0.015384615384615385
1 0.7222222222222222 0.025274725274725275 0.17989417989417988 0.04285714285714286
1 0.41375661375661377 0.6604395604395604 0.15026455026455027 0.3120879120879121
1 0.5724867724867725 0.6604395604395604 0.15026455026455027 0.3120879120879121
1 0.7312169312169312 0.6604395604395604 0.15026455026455027 0.3120879120879121
1 0.22328042328042327 0.025274725274725275 0.07089947089947089 0.03736263736263736
2 0.4444444444444444 0.024175824175824177 0.3164021164021164 0.04285714285714286
2 0.4835978835978836 0.024175824175824177 0.007407407407407408 0.015384615384615385
2 0.2 0.810989010989011 0.0328042328042328 0.027472527472527472
2 0.24232804232804234 0.810989010989011 0.0328042328042328 0.027472527472527472
3 0.5253968253968254 0.025274725274725275 0.10687830687830688 0.02857142857142857
3 0.5306878306878307 0.024175824175824177 0.08148148148148149 0.02197802197802198
3 0.2 0.8131868131868132 0.031746031746031744 0.03406593406593406
3 0.24232804232804234 0.8131868131868132 0.031746031746031744 0.03406593406593406
3 0.5306878306878307 0.024175824175824177 0.08148148148148149 0.02197802197802198
3 0.2 0.8131868131868132 0.031746031746031744 0.03406593406593406
3 0.24232804232804234 0.8131868131868132 0.031746031746031744 0.03406593406593406
3 0.25767195767195766 0.5615384615384615 0.14708994708994708 0.06593406593406594
3 0.41375661375661377 0.9186813186813186 0.1291005291005291 0.03956043956043956
3 0.5724867724867725 0.9186813186813186 0.1291005291005291 0.03956043956043956
3 0.7312169312169312 0.9186813186813186 0.1291005291005291 0.03956043956043956
3 0.3492063492063492 0.08131868131868132 0.023809523809523808 0.02197802197802198
3 0.38412698412698415 0.08131868131868132 0.026455026455026454 0.02197802197802198
3 0.4306878306878307 0.08131868131868132 0.047619047619047616 0.02197802197802198
3 0.473015873015873 0.08131868131868132 0.018518518518518517 0.02197802197802198
3 0.5037037037037037 0.08131868131868132 0.023809523809523808 0.02197802197802198
3 0.5354497354497354 0.08131868131868132 0.020634920634920634 0.02197802197802198
3 0.20952380952380953 0.701098901098901 0.051322751322751325 0.01978021978021978
3 0.20952380952380953 0.7274725274725274 0.051322751322751325 0.01978021978021978
3 0.2105820105820106 0.7538461538461538 0.05291005291005291 0.01978021978021978
3 0.2105820105820106 0.7802197802197802 0.05291005291005291 0.01978021978021978
3 0.1984126984126984 0.9054945054945055 0.02857142857142857 0.01978021978021978
3 0.1925925925925926 0.9318681318681319 0.016931216931216932 0.01978021978021978
3 0.21798941798941798 0.9582417582417583 0.06825396825396825 0.01978021978021978
3 0.20846560846560847 0.9846153846153847 0.049206349206349205 0.01978021978021978
3 0.24444444444444444 0.701098901098901 0.01164021164021164 0.01978021978021978
3 0.24285714285714285 0.7274725274725274 0.010052910052910053 0.01978021978021978
3 0.24391534391534392 0.7538461538461538 0.007936507936507936 0.01978021978021978
3 0.24391534391534392 0.7802197802197802 0.007936507936507936 0.01978021978021978
3 0.22116402116402117 0.9054945054945055 0.01164021164021164 0.01978021978021978
3 0.21005291005291005 0.9318681318681319 0.01216931216931217 0.01978021978021978
3 0.2608465608465608 0.9582417582417583 0.01164021164021164 0.01978021978021978
3 0.2417989417989418 0.9846153846153847 0.01164021164021164 0.01978021978021978
3 0.2222222222222222 0.06483516483516484 0.06084656084656084 0.02197802197802198
3 0.21798941798941798 0.08571428571428572 0.06084656084656084 0.02197802197802198
3 0.21216931216931217 0.47802197802197804 0.056084656084656084 0.02197802197802198
3 0.24338624338624337 0.489010989010989 0.11904761904761904 0.04395604395604396
3 0.25925925925925924 0.5 0.06772486772486773 0.02197802197802198
3 0.31216931216931215 0.5 0.01798941798941799 0.02197802197802198