0 0.584375 0.02922077922077922 0.023958333333333335 0.04220779220779221
1 0.7140625 0.030303030303030304 0.17708333333333334 0.04220779220779221
1 0.4953125 0.18398268398268397 0.8333333333333334 0.15151515151515152
1 0.2869791666666667 0.487012987012987 0.2 0.2597402597402597
1 0.4953125 0.487012987012987 0.2 0.2597402597402597
1 0.7036458333333333 0.487012987012987 0.2 0.2597402597402597
1 0.24270833333333333 0.7878787878787878 0.09583333333333334 0.2012987012987013
1 0.4432291666666667 0.7359307359307359 0.052083333333333336 0.10822510822510822
1 0.5552083333333333 0.7878787878787878 0.09583333333333334 0.2012987012987013
1 0.7557291666666667 0.7359307359307359 0.052083333333333336 0.10822510822510822
1 0.22291666666666668 0.030303030303030304 0.06979166666666667 0.0367965367965368
2 0.440625 0.02922077922077922 0.31145833333333334 0.04220779220779221
3 0.34270833333333334 0.8311688311688312 0.07239583333333334 0.015151515151515152
3 0.4432291666666667 0.8917748917748918 0.09583333333333334 0.015151515151515152
3 0.6552083333333333 0.8311688311688312 0.07239583333333334 0.015151515151515152
3 0.7557291666666667 0.8917748917748918 0.09583333333333334 0.015151515151515152
3 0.4953125 0.3268398268398268 0.6166666666666667 0.05194805194805195
3 0.2869791666666667 0.6158008658008658 0.15 0.021645021645021644
3 0.4953125 0.6158008658008658 0.15 0.021645021645021644
3 0.7036458333333333 0.6158008658008658 0.15 0.021645021645021644
3 0.34270833333333334 0.7770562770562771 0.07239583333333334 0.06060606060606061
3 0.4432291666666667 0.8441558441558441 0.08020833333333334 0.025974025974025976
3 0.6552083333333333 0.7770562770562771 0.07239583333333334 0.06060606060606061
3 0.7557291666666667 0.8441558441558441 0.08020833333333334 0.05194805194805195
3 0.346875 0.0854978354978355 0.0234375 0.021645021645021644
3 0.38125 0.0854978354978355 0.026041666666666668 0.021645021645021644
3 0.4270833333333333 0.0854978354978355 0.046875 0.021645021645021644
3 0.46875 0.0854978354978355 0.018229166666666668 0.021645021645021644
3 0.49895833333333334 0.0854978354978355 0.0234375 0.021645021645021644
3 0.5302083333333333 0.0854978354978355 0.0203125 0.021645021645021644
3 0.221875 0.06926406926406926 0.059895833333333336 0.021645021645021644
3 0.21770833333333334 0.08982683982683982 0.059895833333333336 0.021645021645021644