0 0.27848101265822783 0.24641148325358853 0.011507479861910242 0.023923444976076555
0 0.783084004602992 0.1291866028708134 0.06501726121979287 0.01674641148325359
1 0.43037974683544306 0.3444976076555024 0.16340621403912542 0.3397129186602871
1 0.6029919447640967 0.3444976076555024 0.16340621403912542 0.3397129186602871
1 0.7756041426927502 0.3444976076555024 0.16340621403912542 0.3397129186602871
1 0.4306674338319908 0.8528708133971292 0.16398158803222093 0.291866028708134
1 0.6032796317606444 0.8528708133971292 0.16398158803222093 0.291866028708134
1 0.775891829689298 0.8528708133971292 0.16398158803222093 0.291866028708134
3 0.39010356731875717 0.5944976076555024 0.05983889528193326 0.022727272727272728
3 0.5627157652474108 0.5944976076555024 0.05983889528193326 0.022727272727272728
3 0.7353279631760644 0.5944976076555024 0.05983889528193326 0.022727272727272728
3 0.26064441887226697 0.1674641148325359 0.15995397008055237 0.03588516746411483
3 0.43037974683544306 0.6423444976076556 0.14039125431530494 0.0430622009569378
3 0.6029919447640967 0.6423444976076556 0.14039125431530494 0.0430622009569378
3 0.7756041426927502 0.6423444976076556 0.14039125431530494 0.0430622009569378
3 0.36018411967779057 0.0430622009569378 0.025891829689298044 0.023923444976076555
3 0.39815880322209435 0.0430622009569378 0.028768699654775604 0.023923444976076555
3 0.4487917146144994 0.0430622009569378 0.05178365937859609 0.023923444976076555
3 0.4948216340621404 0.0430622009569378 0.020138089758342925 0.023923444976076555
3 0.5281933256616801 0.0430622009569378 0.025891829689298044 0.023923444976076555
3 0.5627157652474108 0.0430622009569378 0.02243958573072497 0.023923444976076555
3 0.2180667433831991 0.5478468899521531 0.07479861910241657 0.0215311004784689
3 0.22612197928653624 0.6411483253588517 0.09090909090909091 0.0215311004784689
3 0.19390103567318756 0.6698564593301436 0.02704257767548907 0.0215311004784689
3 0.19792865362485615 0.6985645933014354 0.035097813578826235 0.0215311004784689
3 0.22324510932105868 0.7272727272727273 0.08515535097813579 0.0215311004784689
3 0.21921749136939012 0.7559808612440191 0.07767548906789414 0.0215311004784689
3 0.1904487917146145 0.784688995215311 0.019562715765247412 0.0215311004784689
3 0.19102416570771003 0.8779904306220095 0.020713463751438434 0.0215311004784689
3 0.19850402761795166 0.9712918660287081 0.03567318757192175 0.0215311004784689
3 0.26352128883774456 0.5478468899521531 0.010356731875719217 0.0215311004784689
3 0.2836593785960875 0.6411483253588517 0.01726121979286536 0.0215311004784689
3 0.21691599539700807 0.6698564593301436 0.013233601841196778 0.0215311004784689
3 0.2238204833141542 0.6985645933014354 0.01093210586881473 0.0215311004784689
3 0.27330264672036825 0.7272727272727273 0.00863060989643268 0.0215311004784689
3 0.26409666283084005 0.7559808612440191 0.005753739930955121 0.0215311004784689
3 0.2094361334867664 0.784688995215311 0.012658227848101266 0.0215311004784689
3 0.21001150747986191 0.8779904306220095 0.012082853855005753 0.0215311004784689
3 0.2284234752589183 0.9712918660287081 0.017836593785960874 0.0215311004784689
3 0.21231300345224396 0.9940191387559809 0.009205983889528193 0.009569377990430622
3 0.22209436133486765 0.025119617224880382 0.0661680092059839 0.023923444976076555
3 0.21749136939010358 0.04784688995215311 0.0661680092059839 0.023923444976076555
3 0.23014959723820483 0.11842105263157894 0.09896432681242807 0.023923444976076555