0 0.6328125 0.01141826923076923 0.027199074074074073 0.02283653846153846
0 0.2864583333333333 0.265625 0.011574074074074073 0.02403846153846154
0 0.7939814814814815 0.14783653846153846 0.06539351851851852 0.016826923076923076
1 0.7769097222222222 0.01201923076923077 0.19733796296296297 0.02403846153846154
1 0.4392361111111111 0.3641826923076923 0.16435185185185186 0.34134615384615385
1 0.6128472222222222 0.3641826923076923 0.16435185185185186 0.34134615384615385
1 0.7864583333333334 0.3641826923076923 0.16435185185185186 0.34134615384615385
1 0.43952546296296297 0.8635817307692307 0.16493055555555555 0.2704326923076923
1 0.6131365740740741 0.8635817307692307 0.16493055555555555 0.2704326923076923
1 0.7867476851851852 0.8635817307692307 0.16493055555555555 0.2704326923076923
1 0.23119212962962962 0.010817307692307692 0.078125 0.021634615384615384
2 0.4730902777777778 0.01141826923076923 0.34664351851851855 0.02283653846153846
2 0.4782986111111111 0.004206730769230769 0.008680555555555556 0.008413461538461538
3 0.5422453703703703 0.008413461538461538 0.1550925925925926 0.016826923076923076
3 0.39872685185185186 0.6153846153846154 0.06018518518518518 0.02283653846153846
3 0.5723379629629629 0.6153846153846154 0.06018518518518518 0.02283653846153846
3 0.7459490740740741 0.6153846153846154 0.06018518518518518 0.02283653846153846
3 0.5480324074074074 0.006009615384615385 0.12731481481481483 0.01201923076923077
3 0.5480324074074074 0.006009615384615385 0.12731481481481483 0.01201923076923077
3 0.26851851851851855 0.18629807692307693 0.16087962962962962 0.036057692307692304
3 0.4392361111111111 0.6634615384615384 0.1412037037037037 0.04326923076923077
3 0.6128472222222222 0.6634615384615384 0.1412037037037037 0.04326923076923077
3 0.7864583333333334 0.6634615384615384 0.1412037037037037 0.04326923076923077
3 0.36863425925925924 0.06129807692307692 0.026041666666666668 0.02403846153846154
3 0.4068287037037037 0.06129807692307692 0.028935185185185185 0.02403846153846154
3 0.45775462962962965 0.06129807692307692 0.052083333333333336 0.02403846153846154
3 0.5040509259259259 0.06129807692307692 0.02025462962962963 0.02403846153846154
3 0.5376157407407407 0.06129807692307692 0.026041666666666668 0.02403846153846154
3 0.5723379629629629 0.06129807692307692 0.022569444444444444 0.02403846153846154
3 0.22569444444444445 0.5685096153846154 0.07523148148148148 0.021634615384615384
3 0.2337962962962963 0.6622596153846154 0.09143518518518519 0.021634615384615384
3 0.2013888888888889 0.6911057692307693 0.027199074074074073 0.021634615384615384
3 0.20543981481481483 0.7199519230769231 0.03530092592592592 0.021634615384615384
3 0.2309027777777778 0.7487980769230769 0.08564814814814815 0.021634615384615384
3 0.22685185185185186 0.7776442307692307 0.078125 0.021634615384615384
3 0.19791666666666666 0.8064903846153846 0.019675925925925927 0.021634615384615384
3 0.19849537037037038 0.9002403846153846 0.020833333333333332 0.021634615384615384
3 0.20630787037037038 0.9909855769230769 0.036458333333333336 0.015625
3 0.27141203703703703 0.5685096153846154 0.010416666666666666 0.021634615384615384
3 0.2916666666666667 0.6622596153846154 0.017361111111111112 0.021634615384615384
3 0.22453703703703703 0.6911057692307693 0.013310185185185185 0.021634615384615384
3 0.23148148148148148 0.7199519230769231 0.01099537037037037 0.021634615384615384
3 0.28125 0.7487980769230769 0.008680555555555556 0.021634615384615384
3 0.27199074074074076 0.7776442307692307 0.005787037037037037 0.021634615384615384
3 0.2170138888888889 0.8064903846153846 0.01273148148148148 0.021634615384615384
3 0.2175925925925926 0.9002403846153846 0.012152777777777778 0.021634615384615384
3 0.2361111111111111 0.9909855769230769 0.018518518518518517 0.015625
3 0.22974537037037038 0.04326923076923077 0.06655092592592593 0.02403846153846154
3 0.22511574074074073 0.06610576923076923 0.06655092592592593 0.02403846153846154
3 0.2378472222222222 0.13701923076923078 0.09953703703703703 0.02403846153846154