0 0.5821052631578948 0.02735229759299781 0.024210526315789474 0.04266958424507659
0 0.19894736842105262 0.2702407002188184 0.010526315789473684 0.02188183807439825
0 0.7289473684210527 0.16301969365426697 0.05947368421052632 0.015317286652078774
1 0.7131578947368421 0.028446389496717725 0.17894736842105263 0.04266958424507659
1 0.4063157894736842 0.3599562363238512 0.14947368421052631 0.31072210065645517
1 0.5642105263157895 0.3599562363238512 0.14947368421052631 0.31072210065645517
1 0.7221052631578947 0.3599562363238512 0.14947368421052631 0.31072210065645517
1 0.2168421052631579 0.028446389496717725 0.07052631578947369 0.037199124726477024
2 0.4368421052631579 0.02735229759299781 0.31473684210526315 0.04266958424507659
2 0.44157894736842107 0.02735229759299781 0.007368421052631579 0.015317286652078774
3 0.5 0.028446389496717725 0.1405263157894737 0.028446389496717725
3 0.38 0.5886214442013129 0.07578947368421053 0.020787746170678335
3 0.5378947368421053 0.5886214442013129 0.07578947368421053 0.020787746170678335
3 0.6957894736842105 0.5886214442013129 0.07578947368421053 0.020787746170678335
3 0.7221052631578947 0.6608315098468271 0.12842105263157894 0.014223194748358862
3 0.5052631578947369 0.02735229759299781 0.11526315789473685 0.02188183807439825
3 0.5052631578947369 0.02735229759299781 0.11526315789473685 0.02188183807439825
3 0.25105263157894736 0.19803063457330417 0.1463157894736842 0.03282275711159737
3 0.4063157894736842 0.6323851203501094 0.12842105263157894 0.03938730853391685
3 0.5642105263157895 0.6323851203501094 0.12842105263157894 0.03938730853391685
3 0.7221052631578947 0.6323851203501094 0.12842105263157894 0.03938730853391685
3 0.34210526315789475 0.08424507658643327 0.02368421052631579 0.02188183807439825
3 0.37684210526315787 0.08424507658643327 0.02631578947368421 0.02188183807439825
3 0.4231578947368421 0.08424507658643327 0.04736842105263158 0.02188183807439825
3 0.4652631578947368 0.08424507658643327 0.018421052631578946 0.02188183807439825
3 0.4957894736842105 0.08424507658643327 0.02368421052631579 0.02188183807439825
3 0.5273684210526316 0.08424507658643327 0.020526315789473684 0.02188183807439825
3 0.21210526315789474 0.5459518599562363 0.06842105263157895 0.019693654266958426
3 0.18368421052631578 0.6312910284463895 0.011578947368421053 0.019693654266958426
3 0.1868421052631579 0.6575492341356673 0.017894736842105262 0.019693654266958426
3 0.22052631578947368 0.7428884026258206 0.08578947368421053 0.019693654266958426
3 0.19473684210526315 0.8282275711159738 0.034210526315789476 0.019693654266958426
3 0.20894736842105263 0.9135667396061269 0.06263157894736843 0.019693654266958426
3 0.20210526315789473 0.9398249452954048 0.04894736842105263 0.019693654266958426
3 0.25263157894736843 0.5459518599562363 0.007368421052631579 0.019693654266958426
3 0.19631578947368422 0.6312910284463895 0.007894736842105263 0.019693654266958426
3 0.20105263157894737 0.6575492341356673 0.005789473684210527 0.019693654266958426
3 0.27 0.7428884026258206 0.007368421052631579 0.019693654266958426
3 0.21736842105263157 0.8282275711159738 0.005263157894736842 0.019693654266958426
3 0.24736842105263157 0.9135667396061269 0.007368421052631579 0.019693654266958426
3 0.2331578947368421 0.9398249452954048 0.007368421052631579 0.019693654266958426
3 0.21578947368421053 0.06783369803063458 0.060526315789473685 0.02188183807439825
3 0.21157894736842106 0.0886214442013129 0.060526315789473685 0.02188183807439825
3 0.2231578947368421 0.15317286652078774 0.09052631578947369 0.02188183807439825