0 0.6069060773480663 0.005733944954128441 0.025966850828729283 0.011467889908256881
0 0.2596685082872928 0.24311926605504589 0.011049723756906077 0.022935779816513763
0 0.7607734806629834 0.12155963302752294 0.062430939226519336 0.016055045871559634
0 0.8414364640883978 0.20756880733944955 0.017679558011049725 0.03669724770642202
1 0.744475138121547 0.006307339449541285 0.18839779005524862 0.01261467889908257
1 0.36132596685082874 0.20871559633027523 0.03038674033149171 0.06307339449541284
1 0.4856353591160221 0.20871559633027523 0.03038674033149171 0.06307339449541284
1 0.6099447513812155 0.20871559633027523 0.03038674033149171 0.06307339449541284
1 0.4220994475138122 0.43119266055045874 0.1569060773480663 0.3256880733944954
1 0.5878453038674033 0.43119266055045874 0.1569060773480663 0.3256880733944954
1 0.7535911602209945 0.43119266055045874 0.1569060773480663 0.3256880733944954
1 0.22348066298342542 0.005160550458715597 0.07458563535911603 0.010321100917431193
2 0.4544198895027624 0.005733944954128441 0.330939226519337 0.011467889908256881
3 0.39447513812154694 0.6708715596330275 0.07955801104972375 0.021788990825688075
3 0.4220994475138122 0.7465596330275229 0.13480662983425415 0.014908256880733946
3 0.549171270718232 0.6708715596330275 0.057458563535911604 0.021788990825688075
3 0.5878453038674033 0.7465596330275229 0.13480662983425415 0.014908256880733946
3 0.7149171270718232 0.6708715596330275 0.057458563535911604 0.021788990825688075
3 0.7535911602209945 0.7465596330275229 0.13480662983425415 0.014908256880733946
3 0.2591160220994475 0.16743119266055045 0.15359116022099448 0.034403669724770644
3 0.4220994475138122 0.716743119266055 0.13480662983425415 0.04128440366972477
3 0.5878453038674033 0.716743119266055 0.13480662983425415 0.04128440366972477
3 0.7535911602209945 0.716743119266055 0.13480662983425415 0.04128440366972477
3 0.4176795580110497 0.19495412844036697 0.0718232044198895 0.021788990825688075
3 0.541988950276243 0.19495412844036697 0.0718232044198895 0.021788990825688075
3 0.6662983425414365 0.19495412844036697 0.0718232044198895 0.021788990825688075
3 0.7906077348066298 0.19495412844036697 0.0718232044198895 0.021788990825688075
3 0.3546961325966851 0.0481651376146789 0.024861878453038673 0.022935779816513763
3 0.3911602209944751 0.0481651376146789 0.027624309392265192 0.022935779816513763
3 0.4397790055248619 0.0481651376146789 0.049723756906077346 0.022935779816513763
3 0.4839779005524862 0.0481651376146789 0.019337016574585635 0.022935779816513763
3 0.5160220994475138 0.0481651376146789 0.024861878453038673 0.022935779816513763
3 0.549171270718232 0.0481651376146789 0.02154696132596685 0.022935779816513763
3 0.22596685082872928 0.5321100917431193 0.08729281767955802 0.020642201834862386
3 0.19889502762430938 0.5596330275229358 0.03370165745856354 0.020642201834862386
3 0.19226519337016573 0.6490825688073395 0.019889502762430938 0.020642201834862386
3 0.22707182320441988 0.7385321100917431 0.09005524861878453 0.020642201834862386
3 0.1994475138121547 0.8279816513761468 0.03425414364640884 0.020642201834862386
3 0.2 0.944954128440367 0.03591160220994475 0.020642201834862386
3 0.27900552486187846 0.5321100917431193 0.01270718232044199 0.020642201834862386
3 0.22154696132596685 0.5596330275229358 0.0055248618784530384 0.020642201834862386
3 0.21049723756906077 0.6490825688073395 0.011602209944751382 0.020642201834862386
3 0.28011049723756903 0.7385321100917431 0.009944751381215469 0.020642201834862386
3 0.22596685082872928 0.8279816513761468 0.01270718232044199 0.020642201834862386
3 0.212707182320442 0.8555045871559633 0.0077348066298342545 0.020642201834862386
3 0.2265193370165746 0.944954128440367 0.011602209944751382 0.020642201834862386
3 0.22209944751381216 0.03096330275229358 0.06353591160220995 0.022935779816513763
3 0.2176795580110497 0.052752293577981654 0.06353591160220995 0.022935779816513763
3 0.22983425414364642 0.12041284403669725 0.09502762430939227 0.022935779816513763