0 0.5827127659574468 0.017660044150110375 0.025 0.03532008830022075
0 0.7308510638297873 0.18653421633554085 0.0601063829787234 0.01545253863134658
1 0.7151595744680851 0.018211920529801324 0.18138297872340425 0.03642384105960265
1 0.4047872340425532 0.3852097130242826 0.15106382978723404 0.31346578366445915
1 0.5643617021276596 0.3852097130242826 0.15106382978723404 0.31346578366445915
1 0.7239361702127659 0.3852097130242826 0.15106382978723404 0.31346578366445915
1 0.21356382978723404 0.017108167770419427 0.07180851063829788 0.03421633554083885
2 0.43590425531914895 0.017660044150110375 0.31861702127659575 0.03532008830022075
2 0.4824468085106383 0.013245033112582781 0.007446808510638298 0.01545253863134658
3 0.5207446808510638 0.01434878587196468 0.1 0.02869757174392936
3 0.3781914893617021 0.6346578366445916 0.07659574468085106 0.02097130242825607
3 0.4047872340425532 0.7075055187637969 0.12978723404255318 0.01434878587196468
3 0.527127659574468 0.6158940397350994 0.05531914893617021 0.02097130242825607
3 0.6973404255319149 0.6158940397350994 0.07659574468085106 0.02097130242825607
3 0.5260638297872341 0.013245033112582781 0.07446808510638298 0.02207505518763797
3 0.5260638297872341 0.013245033112582781 0.07446808510638298 0.02207505518763797
3 0.2478723404255319 0.22185430463576158 0.1478723404255319 0.033112582781456956
3 0.4047872340425532 0.6788079470198676 0.12978723404255318 0.039735099337748346
3 0.5643617021276596 0.6600441501103753 0.12978723404255318 0.039735099337748346
3 0.7239361702127659 0.6600441501103753 0.12978723404255318 0.039735099337748346
3 0.3398936170212766 0.0706401766004415 0.023936170212765957 0.02207505518763797
3 0.375 0.0706401766004415 0.026595744680851064 0.02207505518763797
3 0.4218085106382979 0.0706401766004415 0.047872340425531915 0.02207505518763797
3 0.4643617021276596 0.0706401766004415 0.018617021276595744 0.02207505518763797
3 0.4952127659574468 0.0706401766004415 0.023936170212765957 0.02207505518763797
3 0.527127659574468 0.0706401766004415 0.02074468085106383 0.02207505518763797
3 0.20851063829787234 0.5154525386313465 0.06914893617021277 0.019867549668874173
3 0.22659574468085106 0.6015452538631346 0.10585106382978723 0.019867549668874173
3 0.2170212765957447 0.6280353200883002 0.08617021276595745 0.019867549668874173
3 0.2154255319148936 0.6545253863134658 0.08351063829787234 0.019867549668874173
3 0.19893617021276597 0.6810154525386314 0.05 0.019867549668874173
3 0.2074468085106383 0.7075055187637969 0.06702127659574468 0.019867549668874173
3 0.21329787234042552 0.7339955849889624 0.07925531914893617 0.019867549668874173
3 0.22180851063829787 0.760485651214128 0.09627659574468085 0.019867549668874173
3 0.20851063829787234 0.7869757174392936 0.06968085106382979 0.019867549668874173
3 0.20797872340425533 0.8134657836644592 0.06808510638297872 0.019867549668874173
3 0.18351063829787234 0.9293598233995585 0.019148936170212766 0.019867549668874173
3 0.25638297872340426 0.5154525386313465 0.021808510638297873 0.019867549668874173
3 0.29521276595744683 0.6015452538631346 0.02553191489361702 0.019867549668874173
3 0.2776595744680851 0.6280353200883002 0.03031914893617021 0.019867549668874173
3 0.27287234042553193 0.6545253863134658 0.025 0.019867549668874173
3 0.2393617021276596 0.6810154525386314 0.02446808510638298 0.019867549668874173
3 0.25638297872340426 0.7075055187637969 0.026063829787234042 0.019867549668874173
3 0.2691489361702128 0.7339955849889624 0.026595744680851064 0.019867549668874173
3 0.2835106382978723 0.760485651214128 0.02074468085106383 0.019867549668874173
3 0.2569148936170213 0.7869757174392936 0.021808510638297873 0.019867549668874173
3 0.2553191489361702 0.8134657836644592 0.02021276595744681 0.019867549668874173
3 0.20851063829787234 0.9293598233995585 0.026063829787234042 0.019867549668874173
3 0.21223404255319148 0.05408388520971302 0.061170212765957445 0.02207505518763797
3 0.20797872340425533 0.07505518763796909 0.061170212765957445 0.02207505518763797
3 0.21329787234042552 0.17660044150110377 0.07872340425531915 0.02207505518763797