0 0.5823033707865168 0.02219626168224299 0.026404494382022473 0.04439252336448598
0 0.7387640449438202 0.2044392523364486 0.06348314606741573 0.016355140186915886
1 0.7221910112359551 0.0227803738317757 0.19157303370786516 0.0455607476635514
1 0.3943820224719101 0.4147196261682243 0.15955056179775282 0.3317757009345794
1 0.5629213483146067 0.4147196261682243 0.15955056179775282 0.3317757009345794
1 0.7314606741573034 0.4147196261682243 0.15955056179775282 0.3317757009345794
1 0.19213483146067414 0.02219626168224299 0.07528089887640449 0.0397196261682243
2 0.427247191011236 0.02219626168224299 0.3365168539325843 0.04439252336448598
2 0.4764044943820225 0.02102803738317757 0.007865168539325843 0.016355140186915886
3 0.5168539325842697 0.02219626168224299 0.10561797752808989 0.030373831775700934
3 0.36629213483146067 0.6787383177570093 0.08089887640449438 0.02219626168224299
3 0.3943820224719101 0.7558411214953271 0.13707865168539327 0.015186915887850467
3 0.5235955056179775 0.6588785046728972 0.058426966292134834 0.02219626168224299
3 0.7033707865168539 0.6588785046728972 0.08089887640449438 0.02219626168224299
3 0.5224719101123596 0.02102803738317757 0.07865168539325842 0.02336448598130841
3 0.5224719101123596 0.02102803738317757 0.07865168539325842 0.02336448598130841
3 0.22865168539325842 0.24182242990654207 0.15617977528089888 0.035046728971962614
3 0.3943820224719101 0.7254672897196262 0.13707865168539327 0.04205607476635514
3 0.5629213483146067 0.705607476635514 0.13707865168539327 0.04205607476635514
3 0.7314606741573034 0.705607476635514 0.13707865168539327 0.04205607476635514
3 0.3258426966292135 0.08177570093457943 0.025280898876404494 0.02336448598130841
3 0.36292134831460676 0.08177570093457943 0.028089887640449437 0.02336448598130841
3 0.41235955056179774 0.08177570093457943 0.05056179775280899 0.02336448598130841
3 0.45730337078651684 0.08177570093457943 0.019662921348314606 0.02336448598130841
3 0.4898876404494382 0.08177570093457943 0.025280898876404494 0.02336448598130841
3 0.5235955056179775 0.08177570093457943 0.021910112359550562 0.02336448598130841
3 0.18707865168539325 0.552570093457944 0.07303370786516854 0.02102803738317757
3 0.20617977528089887 0.6436915887850467 0.11179775280898877 0.02102803738317757
3 0.1960674157303371 0.6717289719626168 0.09101123595505618 0.02102803738317757
3 0.1943820224719101 0.6997663551401869 0.08820224719101123 0.02102803738317757
3 0.17696629213483145 0.727803738317757 0.052808988764044947 0.02102803738317757
3 0.18595505617977529 0.7558411214953271 0.07078651685393259 0.02102803738317757
3 0.19213483146067414 0.7838785046728972 0.08370786516853933 0.02102803738317757
3 0.20112359550561798 0.8119158878504673 0.10168539325842697 0.02102803738317757
3 0.18707865168539325 0.8399532710280374 0.07359550561797752 0.02102803738317757
3 0.18651685393258427 0.8679906542056075 0.07191011235955057 0.02102803738317757
3 0.1609550561797753 0.9894859813084113 0.020786516853932586 0.018691588785046728
3 0.23764044943820226 0.552570093457944 0.023033707865168538 0.02102803738317757
3 0.2786516853932584 0.6436915887850467 0.02696629213483146 0.02102803738317757
3 0.2601123595505618 0.6717289719626168 0.03202247191011236 0.02102803738317757
3 0.2550561797752809 0.6997663551401869 0.026404494382022473 0.02102803738317757
3 0.2196629213483146 0.727803738317757 0.025842696629213482 0.02102803738317757
3 0.23764044943820226 0.7558411214953271 0.02752808988764045 0.02102803738317757
3 0.25112359550561797 0.7838785046728972 0.028089887640449437 0.02102803738317757
3 0.2662921348314607 0.8119158878504673 0.021910112359550562 0.02102803738317757
3 0.23820224719101124 0.8399532710280374 0.023033707865168538 0.02102803738317757
3 0.23651685393258426 0.8679906542056075 0.021348314606741574 0.02102803738317757
3 0.18707865168539325 0.9894859813084113 0.028089887640449437 0.018691588785046728
3 0.19101123595505617 0.06425233644859812 0.06460674157303371 0.02336448598130841
3 0.18651685393258427 0.08644859813084112 0.06460674157303371 0.02336448598130841
3 0.19213483146067414 0.1939252336448598 0.08314606741573034 0.02336448598130841