0 0.7207053469852105 0.15484633569739953 0.06427758816837315 0.016548463356973995
1 0.3720136518771331 0.367612293144208 0.161547212741752 0.33569739952718675
1 0.5426621160409556 0.367612293144208 0.161547212741752 0.33569739952718675
1 0.7133105802047781 0.367612293144208 0.161547212741752 0.33569739952718675
3 0.3321956769055745 0.6619385342789598 0.05915813424345848 0.022458628841607566
3 0.4931740614334471 0.6122931442080378 0.040386803185438 0.016548463356973995
3 0.6848691695108078 0.6146572104018913 0.08191126279863481 0.022458628841607566
3 0.20420932878270762 0.21040189125295508 0.15813424345847554 0.07092198581560284
3 0.3720136518771331 0.7092198581560284 0.13879408418657566 0.0425531914893617
3 0.5426621160409556 0.6560283687943262 0.13879408418657566 0.0425531914893617
3 0.7133105802047781 0.6619385342789598 0.13879408418657566 0.0425531914893617
3 0.3026166097838453 0.030732860520094562 0.025597269624573378 0.02364066193853428
3 0.34015927189988626 0.030732860520094562 0.02844141069397042 0.02364066193853428
3 0.3902161547212742 0.030732860520094562 0.051194539249146756 0.02364066193853428
3 0.43572241183162685 0.030732860520094562 0.019908987485779295 0.02364066193853428
3 0.46871444823663255 0.030732860520094562 0.025597269624573378 0.02364066193853428
3 0.502844141069397 0.030732860520094562 0.02218430034129693 0.02364066193853428
3 0.1621160409556314 0.5425531914893617 0.07394766780432309 0.02127659574468085
3 0.1353811149032992 0.6347517730496454 0.020477815699658702 0.02127659574468085
3 0.1422070534698521 0.6631205673758865 0.034129692832764506 0.02127659574468085
3 0.1410693970420933 0.6914893617021277 0.032423208191126277 0.02127659574468085
3 0.1552901023890785 0.7198581560283688 0.0608646188850967 0.02127659574468085
3 0.1547212741751991 0.74822695035461 0.059726962457337884 0.02127659574468085
3 0.17633674630261661 0.776595744680851 0.10238907849829351 0.02127659574468085
3 0.13936291240045506 0.8049645390070922 0.02901023890784983 0.02127659574468085
3 0.14675767918088736 0.8333333333333334 0.04323094425483504 0.02127659574468085
3 0.13936291240045506 0.8617021276595744 0.02901023890784983 0.02127659574468085
3 0.1353811149032992 0.9858156028368794 0.020477815699658702 0.02127659574468085
3 0.21217292377701935 0.5425531914893617 0.02104664391353811 0.02127659574468085
3 0.16382252559726962 0.6347517730496454 0.030716723549488054 0.02127659574468085
3 0.1751990898748578 0.6631205673758865 0.026734926052332197 0.02127659574468085
3 0.17292377701934017 0.6914893617021277 0.025597269624573378 0.02127659574468085
3 0.19908987485779295 0.7198581560283688 0.02104664391353811 0.02127659574468085
3 0.19965870307167236 0.74822695035461 0.022753128555176336 0.02127659574468085
3 0.24232081911262798 0.776595744680851 0.023321956769055744 0.02127659574468085
3 0.16837315130830488 0.8049645390070922 0.023321956769055744 0.02127659574468085
3 0.1820250284414107 0.8333333333333334 0.02104664391353811 0.02127659574468085
3 0.16723549488054607 0.8617021276595744 0.02104664391353811 0.02127659574468085
3 0.1621160409556314 0.9858156028368794 0.027872582480091012 0.02127659574468085
3 0.16609783845278725 0.013002364066193853 0.06541524459613197 0.02364066193853428
3 0.161547212741752 0.03546099290780142 0.06541524459613197 0.02364066193853428
3 0.16723549488054607 0.14420803782505912 0.08418657565415244 0.02364066193853428
3 0.24630261660978384 0.14420803782505912 0.05233219567690557 0.02364066193853428