0 0.6337744533947065 0.020933014354066987 0.02704257767548907 0.041866028708133975
0 0.7940161104718066 0.20574162679425836 0.06501726121979287 0.01674641148325359
1 0.7770425776754891 0.0215311004784689 0.1962025316455696 0.0430622009569378
1 0.44131185270425777 0.42105263157894735 0.16340621403912542 0.3397129186602871
1 0.6139240506329114 0.42105263157894735 0.16340621403912542 0.3397129186602871
1 0.786536248561565 0.42105263157894735 0.16340621403912542 0.3397129186602871
1 0.2344649021864212 0.02033492822966507 0.07767548906789414 0.04066985645933014
2 0.47497123130034524 0.020933014354066987 0.34464902186421176 0.041866028708133975
2 0.543728423475259 0.017942583732057416 0.00805523590333717 0.01674641148325359
3 0.5759493670886076 0.019138755980861243 0.08975834292289989 0.03110047846889952
3 0.39298043728423476 0.7188995215311005 0.04430379746835443 0.022727272727272728
3 0.5655926352128884 0.6710526315789473 0.04430379746835443 0.022727272727272728
3 0.738204833141542 0.6913875598086124 0.04430379746835443 0.022727272727272728
3 0.5817031070195627 0.017942583732057416 0.06214039125431531 0.023923444976076555
3 0.5817031070195627 0.017942583732057416 0.06214039125431531 0.023923444976076555
3 0.2715765247410817 0.2679425837320574 0.15995397008055237 0.03588516746411483
3 0.44131185270425777 0.7667464114832536 0.14039125431530494 0.0430622009569378
3 0.6139240506329114 0.7188995215311005 0.14039125431530494 0.0430622009569378
3 0.786536248561565 0.7392344497607656 0.14039125431530494 0.0430622009569378
3 0.3711162255466053 0.08014354066985646 0.025891829689298044 0.023923444976076555
3 0.4090909090909091 0.08014354066985646 0.028768699654775604 0.023923444976076555
3 0.45972382048331417 0.08014354066985646 0.05178365937859609 0.023923444976076555
3 0.5057537399309551 0.08014354066985646 0.020138089758342925 0.023923444976076555
3 0.5391254315304949 0.08014354066985646 0.025891829689298044 0.023923444976076555
3 0.5736478711162255 0.08014354066985646 0.02243958573072497 0.023923444976076555
3 0.2289988492520138 0.5861244019138756 0.07479861910241657 0.0215311004784689
3 0.22266973532796316 0.6794258373205742 0.06271576524741082 0.0215311004784689
3 0.21001150747986191 0.7081339712918661 0.03682393555811277 0.0215311004784689
3 0.20828538550057538 0.7368421052631579 0.0333716915995397 0.0215311004784689
3 0.21001150747986191 0.7655502392344498 0.037399309551208286 0.0215311004784689
3 0.21001150747986191 0.7942583732057417 0.03682393555811277 0.0215311004784689
3 0.20138089758342922 0.8229665071770335 0.019562715765247412 0.0215311004784689
3 0.20195627157652474 0.916267942583732 0.020713463751438434 0.0215311004784689
3 0.2773302646720368 0.5861244019138756 0.01668584579976985 0.0215311004784689
3 0.2681242807825086 0.6794258373205742 0.020713463751438434 0.0215311004784689
3 0.24510932105868816 0.7081339712918661 0.026467203682393557 0.0215311004784689
3 0.2376294591484465 0.7368421052631579 0.020138089758342925 0.0215311004784689
3 0.24395857307249713 0.7655502392344498 0.024165707710011506 0.0215311004784689
3 0.24050632911392406 0.7942583732057417 0.017836593785960874 0.0215311004784689
3 0.22209436133486765 0.8229665071770335 0.01668584579976985 0.0215311004784689
3 0.22554660529344073 0.916267942583732 0.021288837744533946 0.0215311004784689
3 0.2330264672036824 0.06220095693779904 0.0661680092059839 0.023923444976076555
3 0.2284234752589183 0.08492822966507177 0.0661680092059839 0.023923444976076555
3 0.23417721518987342 0.19497607655502391 0.08515535097813579 0.023923444976076555
3 0.3141542002301496 0.19497607655502391 0.05293440736478711 0.023923444976076555
3 0.238204833141542 0.21889952153110048 0.09321058688147296 0.023923444976076555