0 0.5703804347826087 0.006207674943566591 0.025543478260869567 0.012415349887133182
0 0.7217391304347827 0.1670428893905192 0.06141304347826087 0.01580135440180587
1 0.7057065217391304 0.006772009029345372 0.18532608695652175 0.013544018058690745
1 0.38858695652173914 0.37020316027088035 0.15434782608695652 0.32054176072234764
1 0.5516304347826086 0.37020316027088035 0.15434782608695652 0.32054176072234764
1 0.7146739130434783 0.37020316027088035 0.15434782608695652 0.32054176072234764
1 0.19320652173913044 0.0056433408577878106 0.07336956521739131 0.011286681715575621
2 0.42038043478260867 0.006207674943566591 0.32554347826086955 0.012415349887133182
3 0.5141304347826087 0.003386004514672686 0.08804347826086957 0.006772009029345372
3 0.34293478260869564 0.6060948081264108 0.04184782608695652 0.02144469525959368
3 0.5059782608695652 0.6060948081264108 0.04184782608695652 0.02144469525959368
3 0.6690217391304348 0.6252821670428894 0.04184782608695652 0.02144469525959368
3 0.22826086956521738 0.22573363431151242 0.15108695652173912 0.033860045146726865
3 0.38858695652173914 0.6512415349887133 0.13260869565217392 0.040632054176072234
3 0.5516304347826086 0.6512415349887133 0.13260869565217392 0.040632054176072234
3 0.7146739130434783 0.6602708803611738 0.13260869565217392 0.020316027088036117
3 0.3222826086956522 0.04853273137697517 0.024456521739130436 0.022573363431151242
3 0.3581521739130435 0.04853273137697517 0.02717391304347826 0.022573363431151242
3 0.40597826086956523 0.04853273137697517 0.04891304347826087 0.022573363431151242
3 0.4494565217391304 0.04853273137697517 0.019021739130434784 0.022573363431151242
3 0.48097826086956524 0.04853273137697517 0.024456521739130436 0.022573363431151242
3 0.5135869565217391 0.04853273137697517 0.021195652173913043 0.022573363431151242
3 0.18804347826086956 0.5259593679458239 0.07065217391304347 0.020316027088036117
3 0.1625 0.6139954853273137 0.01956521739130435 0.020316027088036117
3 0.17119565217391305 0.7020316027088036 0.03695652173913044 0.020316027088036117
3 0.1967391304347826 0.7291196388261851 0.08858695652173913 0.020316027088036117
3 0.16956521739130434 0.8171557562076749 0.03369565217391304 0.020316027088036117
3 0.1701086956521739 0.9322799097065463 0.035326086956521736 0.020316027088036117
3 0.2298913043478261 0.5259593679458239 0.007608695652173913 0.020316027088036117
3 0.17880434782608695 0.6139954853273137 0.007608695652173913 0.020316027088036117
3 0.19891304347826086 0.7020316027088036 0.01358695652173913 0.020316027088036117
3 0.2510869565217391 0.7291196388261851 0.014130434782608696 0.020316027088036117
3 0.1967391304347826 0.8171557562076749 0.014673913043478261 0.020316027088036117
3 0.1826086956521739 0.8442437923250564 0.008152173913043478 0.020316027088036117
3 0.1967391304347826 0.9322799097065463 0.011956521739130435 0.020316027088036117
3 0.19184782608695652 0.03160270880361174 0.0625 0.022573363431151242
3 0.1875 0.05304740406320542 0.0625 0.022573363431151242
3 0.19293478260869565 0.15688487584650113 0.08043478260869565 0.022573363431151242
3 0.2684782608695652 0.15688487584650113 0.05 0.022573363431151242
3 0.1967391304347826 0.17945823927765236 0.08804347826086957 0.022573363431151242
3 0.266304347826087 0.17945823927765236 0.03206521739130435 0.022573363431151242