0 0.6227116704805492 0.014251781472684086 0.02688787185354691 0.028503562945368172
0 0.7820366132723112 0.19121140142517815 0.06464530892448513 0.0166270783847981
1 0.7651601830663616 0.014845605700712588 0.1950800915331808 0.029691211401425176
1 0.43135011441647597 0.40498812351543945 0.16247139588100687 0.33729216152019004
1 0.602974828375286 0.40498812351543945 0.16247139588100687 0.33729216152019004
1 0.7745995423340961 0.40498812351543945 0.16247139588100687 0.33729216152019004
1 0.22568649885583525 0.013657957244655582 0.07723112128146453 0.027315914489311165
2 0.46481693363844395 0.014251781472684086 0.3426773455377574 0.028503562945368172
2 0.506578947368421 0.007125890736342043 0.008581235697940504 0.014251781472684086
3 0.551487414187643 0.011282660332541567 0.11670480549199085 0.022565320665083134
3 0.38329519450800914 0.7007125890736342 0.044050343249427915 0.022565320665083134
3 0.5549199084668193 0.6532066508313539 0.044050343249427915 0.022565320665083134
3 0.7374141876430206 0.6532066508313539 0.06578947368421052 0.022565320665083134
3 0.5572082379862701 0.008907363420427554 0.08924485125858124 0.017814726840855107
3 0.5572082379862701 0.008907363420427554 0.08924485125858124 0.017814726840855107
3 0.2625858123569794 0.2529691211401425 0.15903890160183065 0.035629453681710214
3 0.43135011441647597 0.7482185273159145 0.13958810068649885 0.04275534441805225
3 0.602974828375286 0.7007125890736342 0.13958810068649885 0.04275534441805225
3 0.7745995423340961 0.7007125890736342 0.13958810068649885 0.04275534441805225
3 0.36155606407322655 0.0665083135391924 0.02574370709382151 0.023752969121140142
3 0.39931350114416475 0.0665083135391924 0.028604118993135013 0.023752969121140142
3 0.4496567505720824 0.0665083135391924 0.05148741418764302 0.023752969121140142
3 0.4954233409610984 0.0665083135391924 0.02002288329519451 0.023752969121140142
3 0.528604118993135 0.0665083135391924 0.02574370709382151 0.023752969121140142
3 0.562929061784897 0.0665083135391924 0.02231121281464531 0.023752969121140142
3 0.2202517162471396 0.5688836104513064 0.07437070938215103 0.021377672209026127
3 0.20137299771167047 0.661520190023753 0.03718535469107551 0.021377672209026127
3 0.2139588100686499 0.6900237529691211 0.062356979405034325 0.021377672209026127
3 0.2225400457665904 0.7185273159144893 0.07951945080091533 0.021377672209026127
3 0.2048054919908467 0.7470308788598575 0.043478260869565216 0.021377672209026127
3 0.2208237986270023 0.7755344418052257 0.07608695652173914 0.021377672209026127
3 0.2299771167048055 0.8040380047505938 0.09382151029748284 0.021377672209026127
3 0.19279176201372997 0.832541567695962 0.019450800915331808 0.021377672209026127
3 0.19336384439359267 0.9251781472684085 0.020594965675057208 0.021377672209026127
3 0.2665903890160183 0.5688836104513064 0.012585812356979404 0.021377672209026127
3 0.2345537757437071 0.661520190023753 0.021739130434782608 0.021377672209026127
3 0.2574370709382151 0.6900237529691211 0.01887871853546911 0.021377672209026127
3 0.2745995423340961 0.7185273159144893 0.017162471395881007 0.021377672209026127
3 0.2379862700228833 0.7470308788598575 0.017734553775743706 0.021377672209026127
3 0.2700228832951945 0.7755344418052257 0.016590389016018305 0.021377672209026127
3 0.284324942791762 0.8040380047505938 0.008009153318077803 0.021377672209026127
3 0.20938215102974828 0.832541567695962 0.008009153318077803 0.021377672209026127
3 0.2151029748283753 0.9251781472684085 0.017162471395881007 0.021377672209026127
3 0.2242562929061785 0.048693586698337295 0.06578947368421052 0.023752969121140142
3 0.21967963386727687 0.07125890736342043 0.06578947368421052 0.023752969121140142
3 0.22540045766590389 0.18052256532066507 0.08466819221967964 0.023752969121140142
3 0.3049199084668192 0.18052256532066507 0.05263157894736842 0.023752969121140142
3 0.2294050343249428 0.2042755344418052 0.09267734553775744 0.023752969121140142