0 0.5869109947643979 0.025 0.024083769633507852 0.042391304347826085
0 0.7329842931937173 0.15978260869565217 0.059162303664921465 0.015217391304347827
0 0.6319371727748692 0.30434782608695654 0.034031413612565446 0.02826086956521739
0 0.6340314136125654 0.5228260869565218 0.03821989528795811 0.02826086956521739
0 0.7832460732984293 0.45652173913043476 0.018848167539267015 0.0391304347826087
0 0.6602094240837696 0.741304347826087 0.09005235602094241 0.02826086956521739
0 0.6340314136125654 0.9597826086956521 0.03821989528795811 0.02826086956521739
1 0.7172774869109948 0.02608695652173913 0.17801047120418848 0.042391304347826085
1 0.39214659685863873 0.30978260869565216 0.08376963350785341 0.17391304347826086
1 0.39214659685863873 0.5282608695652173 0.08376963350785341 0.17391304347826086
1 0.39214659685863873 0.7467391304347826 0.08376963350785341 0.17391304347826086
1 0.22356020942408378 0.02608695652173913 0.07015706806282722 0.03695652173913044
2 0.4424083769633508 0.025 0.31308900523560207 0.042391304347826085
2 0.46335078534031415 0.025 0.007329842931937173 0.015217391304347827
3 0.5136125654450262 0.02608695652173913 0.12356020942408377 0.02826086956521739
3 0.6036649214659686 0.30434782608695654 0.018848167539267015 0.01956521739130435
3 0.6036649214659686 0.5228260869565218 0.018848167539267015 0.01956521739130435
3 0.6036649214659686 0.741304347826087 0.018848167539267015 0.01956521739130435
3 0.6036649214659686 0.9597826086956521 0.018848167539267015 0.01956521739130435
3 0.518848167539267 0.025 0.09842931937172775 0.021739130434782608
3 0.518848167539267 0.025 0.09842931937172775 0.021739130434782608
3 0.25759162303664923 0.21630434782608696 0.14554973821989528 0.03260869565217391
3 0.6104712041884817 0.23695652173913043 0.32827225130890053 0.02826086956521739
3 0.6104712041884817 0.45543478260869563 0.32827225130890053 0.02826086956521739
3 0.6104712041884817 0.6739130434782609 0.32827225130890053 0.02826086956521739
3 0.6104712041884817 0.8923913043478261 0.32827225130890053 0.02826086956521739
3 0.3481675392670157 0.08152173913043478 0.02356020942408377 0.021739130434782608
3 0.38272251308900523 0.08152173913043478 0.02617801047120419 0.021739130434782608
3 0.42879581151832463 0.08152173913043478 0.04712041884816754 0.021739130434782608
3 0.4706806282722513 0.08152173913043478 0.01832460732984293 0.021739130434782608
3 0.5010471204188481 0.08152173913043478 0.02356020942408377 0.021739130434782608
3 0.5324607329842932 0.08152173913043478 0.020418848167539267 0.021739130434782608
3 0.218848167539267 0.5054347826086957 0.06806282722513089 0.01956521739130435
3 0.22041884816753926 0.5902173913043478 0.07172774869109948 0.01956521739130435
3 0.21204188481675393 0.616304347826087 0.05445026178010471 0.01956521739130435
3 0.22356020942408378 0.6423913043478261 0.07801047120418848 0.01956521739130435
3 0.22251308900523561 0.6684782608695652 0.07539267015706806 0.01956521739130435
3 0.22670157068062827 0.6945652173913044 0.08429319371727749 0.01956521739130435
3 0.2157068062827225 0.7206521739130435 0.06230366492146597 0.01956521739130435
3 0.21099476439790577 0.7467391304347826 0.05287958115183246 0.01956521739130435
3 0.22827225130890053 0.7728260869565218 0.08691099476439791 0.01956521739130435
3 0.20157068062827224 0.7989130434782609 0.033507853403141365 0.01956521739130435
3 0.19424083769633507 0.9130434782608695 0.018848167539267015 0.01956521739130435
3 0.26230366492146595 0.5054347826086957 0.013612565445026177 0.01956521739130435
3 0.26910994764397905 0.5902173913043478 0.019895287958115182 0.01956521739130435
3 0.2518324607329843 0.616304347826087 0.018848167539267015 0.01956521739130435
3 0.27277486910994764 0.6423913043478261 0.015183246073298429 0.01956521739130435
3 0.2696335078534031 0.6684782608695652 0.013612565445026177 0.01956521739130435
3 0.2780104712041885 0.6945652173913044 0.012041884816753926 0.01956521739130435
3 0.256020942408377 0.7206521739130435 0.011518324607329843 0.01956521739130435
3 0.24659685863874345 0.7467391304347826 0.012041884816753926 0.01956521739130435
3 0.27958115183246074 0.7728260869565218 0.01099476439790576 0.01956521739130435
3 0.22670157068062827 0.7989130434782609 0.011518324607329843 0.01956521739130435
3 0.2130890052356021 0.9130434782608695 0.013612565445026177 0.01956521739130435
3 0.22251308900523561 0.06521739130434782 0.060209424083769635 0.021739130434782608
3 0.21832460732984293 0.08586956521739131 0.060209424083769635 0.021739130434782608
3 0.22356020942408378 0.15 0.0774869109947644 0.021739130434782608
3 0.25392670157068065 0.1608695652173913 0.1387434554973822 0.043478260869565216