0 0.5684065934065934 0.021689497716894976 0.025824175824175823 0.04337899543378995
0 0.1912087912087912 0.319634703196347 0.01098901098901099 0.0228310502283105
0 0.7214285714285714 0.16210045662100456 0.06208791208791209 0.01598173515981735
1 0.7052197802197803 0.02226027397260274 0.18736263736263736 0.04452054794520548
1 0.38461538461538464 0.3675799086757991 0.15604395604395604 0.3242009132420091
1 0.5494505494505495 0.3675799086757991 0.15604395604395604 0.3242009132420091
1 0.7142857142857143 0.3675799086757991 0.15604395604395604 0.3242009132420091
1 0.18681318681318682 0.021689497716894976 0.07362637362637363 0.03881278538812785
2 0.4167582417582418 0.021689497716894976 0.3291208791208791 0.04337899543378995
2 0.4565934065934066 0.02054794520547945 0.007692307692307693 0.01598173515981735
3 0.5 0.021689497716894976 0.11153846153846154 0.02968036529680365
3 0.3384615384615385 0.6518264840182648 0.04230769230769231 0.021689497716894976
3 0.5032967032967033 0.6061643835616438 0.04230769230769231 0.021689497716894976
3 0.6681318681318681 0.6267123287671232 0.04230769230769231 0.021689497716894976
3 0.5054945054945055 0.02054794520547945 0.08516483516483517 0.0228310502283105
3 0.5054945054945055 0.02054794520547945 0.08516483516483517 0.0228310502283105
3 0.22252747252747251 0.24429223744292236 0.15274725274725276 0.03424657534246575
3 0.38461538461538464 0.6974885844748858 0.13406593406593406 0.0410958904109589
3 0.5494505494505495 0.6518264840182648 0.13406593406593406 0.0410958904109589
3 0.7142857142857143 0.6723744292237442 0.13406593406593406 0.0410958904109589
3 0.31758241758241756 0.07990867579908675 0.024725274725274724 0.0228310502283105
3 0.35384615384615387 0.07990867579908675 0.027472527472527472 0.0228310502283105
3 0.4021978021978022 0.07990867579908675 0.04945054945054945 0.0228310502283105
3 0.4461538461538462 0.07990867579908675 0.019230769230769232 0.0228310502283105
3 0.47802197802197804 0.07990867579908675 0.024725274725274724 0.0228310502283105
3 0.510989010989011 0.07990867579908675 0.02142857142857143 0.0228310502283105
3 0.18186813186813186 0.519406392694064 0.07142857142857142 0.02054794520547945
3 0.15604395604395604 0.6084474885844748 0.01978021978021978 0.02054794520547945
3 0.16373626373626374 0.6974885844748858 0.03571428571428571 0.02054794520547945
3 0.15714285714285714 0.7865296803652968 0.02197802197802198 0.02054794520547945
3 0.15714285714285714 0.8139269406392694 0.02197802197802198 0.02054794520547945
3 0.17142857142857143 0.9029680365296804 0.0510989010989011 0.02054794520547945
3 0.17417582417582417 0.930365296803653 0.056593406593406594 0.02054794520547945
3 0.17802197802197803 0.9577625570776256 0.06428571428571428 0.02054794520547945
3 0.17857142857142858 0.9851598173515982 0.06538461538461539 0.02054794520547945
3 0.22417582417582418 0.519406392694064 0.007692307692307693 0.02054794520547945
3 0.17252747252747253 0.6084474885844748 0.007692307692307693 0.02054794520547945
3 0.18956043956043955 0.6974885844748858 0.00989010989010989 0.02054794520547945
3 0.17747252747252748 0.7865296803652968 0.012087912087912088 0.02054794520547945
3 0.17417582417582417 0.8139269406392694 0.007142857142857143 0.02054794520547945
3 0.20604395604395603 0.9029680365296804 0.012087912087912088 0.02054794520547945
3 0.20934065934065935 0.930365296803653 0.007692307692307693 0.02054794520547945
3 0.21703296703296704 0.9577625570776256 0.007692307692307693 0.02054794520547945
3 0.2175824175824176 0.9851598173515982 0.006043956043956044 0.02054794520547945
3 0.18571428571428572 0.06278538812785388 0.06318681318681318 0.0228310502283105
3 0.1813186813186813 0.08447488584474885 0.06318681318681318 0.0228310502283105
3 0.18681318681318682 0.15182648401826485 0.08131868131868132 0.0228310502283105
3 0.2631868131868132 0.15182648401826485 0.05054945054945055 0.0228310502283105
3 0.19065934065934065 0.17465753424657535 0.08901098901098901 0.0228310502283105
3 0.2087912087912088 0.1860730593607306 0.12527472527472527 0.045662100456621