0 0.7726256983240224 0.10904872389791183 0.06312849162011173 0.016241299303944315
1 0.4301675977653631 0.31786542923433875 0.15865921787709497 0.3294663573085847
1 0.5977653631284916 0.31786542923433875 0.15865921787709497 0.3294663573085847
1 0.7653631284916201 0.31786542923433875 0.15865921787709497 0.3294663573085847
3 0.5508379888268157 0.5603248259860789 0.043016759776536316 0.022041763341067284
3 0.7184357541899441 0.5603248259860789 0.043016759776536316 0.022041763341067284
3 0.26536312849162014 0.16937354988399073 0.1553072625698324 0.03480278422273782
3 0.4301675977653631 0.617169373549884 0.13631284916201117 0.04176334106728538
3 0.5977653631284916 0.6067285382830626 0.13631284916201117 0.04176334106728538
3 0.7653631284916201 0.6067285382830626 0.13631284916201117 0.04176334106728538
3 0.36201117318435755 0.025522041763341066 0.025139664804469275 0.02320185614849188
3 0.39888268156424583 0.025522041763341066 0.027932960893854747 0.02320185614849188
3 0.4480446927374302 0.025522041763341066 0.05027932960893855 0.02320185614849188
3 0.49273743016759775 0.025522041763341066 0.019553072625698324 0.02320185614849188
3 0.5251396648044693 0.025522041763341066 0.025139664804469275 0.02320185614849188
3 0.5586592178770949 0.025522041763341066 0.021787709497206705 0.02320185614849188
3 0.19776536312849163 0.388631090487239 0.02011173184357542 0.02088167053364269
3 0.20670391061452514 0.4791183294663573 0.03798882681564246 0.02088167053364269
3 0.2329608938547486 0.5069605568445475 0.09106145251396648 0.02088167053364269
3 0.20502793296089386 0.5974477958236659 0.034636871508379886 0.02088167053364269
3 0.20558659217877095 0.6879350348027842 0.036312849162011177 0.02088167053364269
3 0.19888268156424582 0.7784222737819025 0.0223463687150838 0.02088167053364269
3 0.19888268156424582 0.8062645011600929 0.0223463687150838 0.02088167053364269
3 0.21340782122905028 0.8967517401392111 0.05195530726256983 0.02088167053364269
3 0.21620111731843575 0.9245939675174014 0.057541899441340784 0.02088167053364269
3 0.2201117318435754 0.9524361948955916 0.06536312849162011 0.02088167053364269
3 0.2206703910614525 0.9802784222737819 0.0664804469273743 0.02088167053364269
3 0.21564245810055865 0.388631090487239 0.010614525139664804 0.02088167053364269
3 0.2324022346368715 0.4791183294663573 0.00782122905027933 0.02088167053364269
3 0.28547486033519553 0.5069605568445475 0.00782122905027933 0.02088167053364269
3 0.2335195530726257 0.5974477958236659 0.01564245810055866 0.02088167053364269
3 0.23072625698324023 0.6879350348027842 0.00782122905027933 0.02088167053364269
3 0.21955307262569831 0.7784222737819025 0.012849162011173185 0.02088167053364269
3 0.21843575418994413 0.8062645011600929 0.011731843575418994 0.02088167053364269
3 0.24860335195530725 0.8967517401392111 0.012849162011173185 0.02088167053364269
3 0.2541899441340782 0.9245939675174014 0.012849162011173185 0.02088167053364269
3 0.2608938547486033 0.9524361948955916 0.010614525139664804 0.02088167053364269
3 0.26145251396648045 0.9802784222737819 0.00782122905027933 0.02088167053364269
3 0.22793296089385476 0.010440835266821345 0.06480446927374302 0.02088167053364269
3 0.22346368715083798 0.030162412993039442 0.06424581005586592 0.02320185614849188
3 0.22905027932960895 0.09860788863109049 0.08268156424581005 0.02320185614849188
3 0.3067039106145251 0.09860788863109049 0.05139664804469274 0.02320185614849188
3 0.2329608938547486 0.12180974477958237 0.09050279329608939 0.02320185614849188
3 0.30223463687150837 0.12180974477958237 0.027932960893854747 0.02320185614849188