0 0.6008241758241758 0.017123287671232876 0.025824175824175823 0.03424657534246575
0 0.7538461538461538 0.15296803652968036 0.06208791208791209 0.01598173515981735
1 0.7376373626373627 0.01769406392694064 0.18736263736263736 0.03538812785388128
1 0.41703296703296705 0.3584474885844749 0.15604395604395604 0.3242009132420091
1 0.5818681318681319 0.3584474885844749 0.15604395604395604 0.3242009132420091
1 0.7467032967032967 0.3584474885844749 0.15604395604395604 0.3242009132420091
1 0.2195054945054945 0.016552511415525113 0.07417582417582418 0.033105022831050226
2 0.4491758241758242 0.017123287671232876 0.3291208791208791 0.03424657534246575
2 0.5192307692307693 0.01141552511415525 0.007692307692307693 0.01598173515981735
3 0.5480769230769231 0.014269406392694063 0.08186813186813187 0.028538812785388126
3 0.5357142857142857 0.5970319634703196 0.04230769230769231 0.021689497716894976
3 0.7005494505494505 0.5970319634703196 0.04230769230769231 0.021689497716894976
3 0.5532967032967033 0.01141552511415525 0.054945054945054944 0.0228310502283105
3 0.5532967032967033 0.01141552511415525 0.054945054945054944 0.0228310502283105
3 0.2549450549450549 0.21232876712328766 0.15274725274725276 0.03424657534246575
3 0.41703296703296705 0.6529680365296804 0.13406593406593406 0.0410958904109589
3 0.5818681318681319 0.6426940639269406 0.13406593406593406 0.0410958904109589
3 0.7467032967032967 0.6426940639269406 0.13406593406593406 0.0410958904109589
3 0.35 0.07077625570776255 0.024725274725274724 0.0228310502283105
3 0.3862637362637363 0.07077625570776255 0.027472527472527472 0.0228310502283105
3 0.4346153846153846 0.07077625570776255 0.04945054945054945 0.0228310502283105
3 0.4785714285714286 0.07077625570776255 0.019230769230769232 0.0228310502283105
3 0.5104395604395604 0.07077625570776255 0.024725274725274724 0.0228310502283105
3 0.5434065934065934 0.07077625570776255 0.02142857142857143 0.0228310502283105
3 0.18846153846153846 0.4280821917808219 0.01978021978021978 0.02054794520547945
3 0.19725274725274725 0.5171232876712328 0.03736263736263736 0.02054794520547945
3 0.2230769230769231 0.5445205479452054 0.08956043956043956 0.02054794520547945
3 0.1956043956043956 0.6335616438356164 0.03406593406593406 0.02054794520547945
3 0.19615384615384615 0.7226027397260274 0.03571428571428571 0.02054794520547945
3 0.18956043956043955 0.8116438356164384 0.02197802197802198 0.02054794520547945
3 0.18956043956043955 0.839041095890411 0.02197802197802198 0.02054794520547945
3 0.20384615384615384 0.928082191780822 0.0510989010989011 0.02054794520547945
3 0.20659340659340658 0.9554794520547946 0.056593406593406594 0.02054794520547945
3 0.21043956043956044 0.9828767123287672 0.06428571428571428 0.02054794520547945
3 0.20604395604395603 0.4280821917808219 0.010439560439560439 0.02054794520547945
3 0.22252747252747251 0.5171232876712328 0.007692307692307693 0.02054794520547945
3 0.27472527472527475 0.5445205479452054 0.007692307692307693 0.02054794520547945
3 0.22362637362637364 0.6335616438356164 0.015384615384615385 0.02054794520547945
3 0.22087912087912087 0.7226027397260274 0.007692307692307693 0.02054794520547945
3 0.2098901098901099 0.8116438356164384 0.012637362637362638 0.02054794520547945
3 0.2087912087912088 0.839041095890411 0.011538461538461539 0.02054794520547945
3 0.23846153846153847 0.928082191780822 0.012637362637362638 0.02054794520547945
3 0.24395604395604395 0.9554794520547946 0.012637362637362638 0.02054794520547945
3 0.25054945054945055 0.9828767123287672 0.010439560439560439 0.02054794520547945
3 0.21813186813186813 0.05365296803652968 0.06318681318681318 0.0228310502283105
3 0.21373626373626373 0.07534246575342465 0.06318681318681318 0.0228310502283105
3 0.21923076923076923 0.14269406392694065 0.08131868131868132 0.0228310502283105
3 0.2956043956043956 0.14269406392694065 0.05054945054945055 0.0228310502283105
3 0.2230769230769231 0.16552511415525115 0.08901098901098901 0.0228310502283105
3 0.29120879120879123 0.16552511415525115 0.027472527472527472 0.0228310502283105