0 0.5853403141361256 0.02717391304347826 0.024083769633507852 0.042391304347826085
0 0.731413612565445 0.19782608695652174 0.059162303664921465 0.015217391304347827
1 0.7157068062827225 0.02826086956521739 0.17801047120418848 0.042391304347826085
1 0.41047120418848165 0.3934782608695652 0.1486910994764398 0.30869565217391304
1 0.5675392670157068 0.3934782608695652 0.1486910994764398 0.30869565217391304
1 0.724607329842932 0.3934782608695652 0.1486910994764398 0.30869565217391304
1 0.22198952879581152 0.02826086956521739 0.07015706806282722 0.03695652173913044
2 0.4408376963350785 0.02717391304347826 0.31308900523560207 0.042391304347826085
2 0.5078534031413613 0.02717391304347826 0.007329842931937173 0.015217391304347827
3 0.5350785340314136 0.02826086956521739 0.0774869109947644 0.02826086956521739
3 0.36649214659685864 0.6641304347826087 0.04031413612565445 0.020652173913043477
3 0.5235602094240838 0.6206521739130435 0.04031413612565445 0.020652173913043477
3 0.680628272251309 0.6391304347826087 0.04031413612565445 0.020652173913043477
3 0.5403141361256545 0.02717391304347826 0.05235602094240838 0.021739130434782608
3 0.5403141361256545 0.02717391304347826 0.05235602094240838 0.021739130434782608
3 0.256020942408377 0.2543478260869565 0.14554973821989528 0.03260869565217391
3 0.41047120418848165 0.7076086956521739 0.12774869109947645 0.0391304347826087
3 0.5675392670157068 0.6641304347826087 0.12774869109947645 0.0391304347826087
3 0.724607329842932 0.6826086956521739 0.12774869109947645 0.0391304347826087
3 0.34659685863874345 0.08369565217391305 0.02356020942408377 0.021739130434782608
3 0.381151832460733 0.08369565217391305 0.02617801047120419 0.021739130434782608
3 0.4272251308900524 0.08369565217391305 0.04712041884816754 0.021739130434782608
3 0.46910994764397906 0.08369565217391305 0.01832460732984293 0.021739130434782608
3 0.49947643979057593 0.08369565217391305 0.02356020942408377 0.021739130434782608
3 0.5308900523560209 0.08369565217391305 0.020418848167539267 0.021739130434782608
3 0.21727748691099477 0.5434782608695652 0.06806282722513089 0.01956521739130435
3 0.19267015706806281 0.6282608695652174 0.018848167539267015 0.01956521739130435
3 0.20104712041884817 0.7130434782608696 0.0356020942408377 0.01956521739130435
3 0.2256544502617801 0.7391304347826086 0.08534031413612565 0.01956521739130435
3 0.19947643979057592 0.8239130434782609 0.032460732984293195 0.01956521739130435
3 0.2 0.9347826086956522 0.034031413612565446 0.01956521739130435
3 0.2570680628272251 0.5434782608695652 0.006806282722513089 0.01956521739130435
3 0.21099476439790577 0.6282608695652174 0.013089005235602094 0.01956521739130435
3 0.2293193717277487 0.7130434782608696 0.015706806282722512 0.01956521739130435
3 0.27905759162303667 0.7391304347826086 0.015706806282722512 0.01956521739130435
3 0.22879581151832462 0.8239130434782609 0.019895287958115182 0.01956521739130435
3 0.21204188481675393 0.85 0.007853403141361256 0.01956521739130435
3 0.22670157068062827 0.9347826086956522 0.014136125654450262 0.01956521739130435
3 0.22094240837696336 0.06739130434782609 0.060209424083769635 0.021739130434782608
3 0.21675392670157068 0.08804347826086957 0.060209424083769635 0.021739130434782608
3 0.22198952879581152 0.18804347826086956 0.0774869109947644 0.021739130434782608
3 0.29476439790575915 0.18804347826086956 0.048167539267015703 0.021739130434782608
3 0.2256544502617801 0.20978260869565218 0.08481675392670157 0.021739130434782608