0 0.5856382978723405 0.02869757174392936 0.02446808510638298 0.04304635761589404
0 0.7340425531914894 0.16556291390728478 0.0601063829787234 0.01545253863134658
1 0.7180851063829787 0.029801324503311258 0.18085106382978725 0.04304635761589404
1 0.40797872340425534 0.36423841059602646 0.15106382978723404 0.31346578366445915
1 0.5675531914893617 0.36423841059602646 0.15106382978723404 0.31346578366445915
1 0.7271276595744681 0.36423841059602646 0.15106382978723404 0.31346578366445915
1 0.40824468085106386 0.8487858719646799 0.15159574468085107 0.30022075055187636
1 0.5678191489361702 0.8487858719646799 0.15159574468085107 0.30022075055187636
1 0.7273936170212766 0.8487858719646799 0.15159574468085107 0.30022075055187636
1 0.21648936170212765 0.029801324503311258 0.07127659574468086 0.037527593818984545
2 0.43882978723404253 0.02869757174392936 0.3180851063829787 0.04304635761589404
2 0.43936170212765957 0.02869757174392936 0.007446808510638298 0.01545253863134658
3 0.500531914893617 0.029801324503311258 0.14627659574468085 0.02869757174392936
3 0.36329787234042554 0.5949227373068433 0.040957446808510635 0.02097130242825607
3 0.5228723404255319 0.5949227373068433 0.040957446808510635 0.02097130242825607
3 0.6824468085106383 0.5949227373068433 0.040957446808510635 0.02097130242825607
3 0.5063829787234042 0.02869757174392936 0.12127659574468085 0.02207505518763797
3 0.5063829787234042 0.02869757174392936 0.12127659574468085 0.02207505518763797
3 0.251063829787234 0.24503311258278146 0.1478723404255319 0.033112582781456956
3 0.40797872340425534 0.6390728476821192 0.12978723404255318 0.039735099337748346
3 0.5675531914893617 0.6390728476821192 0.12978723404255318 0.039735099337748346
3 0.7271276595744681 0.6390728476821192 0.12978723404255318 0.039735099337748346
3 0.34308510638297873 0.08609271523178808 0.023936170212765957 0.02207505518763797
3 0.3781914893617021 0.08609271523178808 0.026595744680851064 0.02207505518763797
3 0.425 0.08609271523178808 0.047872340425531915 0.02207505518763797
3 0.4675531914893617 0.08609271523178808 0.018617021276595744 0.02207505518763797
3 0.49840425531914895 0.08609271523178808 0.023936170212765957 0.02207505518763797
3 0.5303191489361702 0.08609271523178808 0.02074468085106383 0.02207505518763797
3 0.21010638297872342 0.45364238410596025 0.06595744680851064 0.019867549668874173
3 0.19680851063829788 0.48013245033112584 0.0398936170212766 0.019867549668874173
3 0.18617021276595744 0.5066225165562914 0.018085106382978722 0.019867549668874173
3 0.1952127659574468 0.5927152317880795 0.036170212765957444 0.019867549668874173
3 0.22021276595744682 0.6192052980132451 0.08670212765957447 0.019867549668874173
3 0.18776595744680852 0.7052980132450332 0.02127659574468085 0.019867549668874173
3 0.18776595744680852 0.7317880794701986 0.02127659574468085 0.019867549668874173
3 0.20159574468085106 0.8178807947019867 0.04946808510638298 0.019867549668874173
3 0.20797872340425533 0.8443708609271523 0.06223404255319149 0.019867549668874173
3 0.1973404255319149 0.9304635761589404 0.04042553191489362 0.019867549668874173
3 0.19840425531914893 0.956953642384106 0.04308510638297872 0.019867549668874173
3 0.19840425531914893 0.9834437086092715 0.04308510638297872 0.019867549668874173
3 0.25053191489361704 0.45364238410596025 0.010106382978723405 0.019867549668874173
3 0.22393617021276596 0.48013245033112584 0.007446808510638298 0.019867549668874173
3 0.20159574468085106 0.5066225165562914 0.007446808510638298 0.019867549668874173
3 0.21968085106382979 0.5927152317880795 0.007446808510638298 0.019867549668874173
3 0.2696808510638298 0.6192052980132451 0.006914893617021276 0.019867549668874173
3 0.2074468085106383 0.7052980132450332 0.011702127659574468 0.019867549668874173
3 0.2047872340425532 0.7317880794701986 0.007446808510638298 0.019867549668874173
3 0.23404255319148937 0.8178807947019867 0.010106382978723405 0.019867549668874173
3 0.24574468085106382 0.8443708609271523 0.007446808510638298 0.019867549668874173
3 0.22393617021276596 0.9304635761589404 0.007446808510638298 0.019867549668874173
3 0.22659574468085106 0.956953642384106 0.007446808510638298 0.019867549668874173
3 0.22819148936170214 0.9834437086092715 0.009574468085106383 0.019867549668874173
3 0.2154255319148936 0.0695364238410596 0.061170212765957445 0.02207505518763797
3 0.21117021276595746 0.09050772626931568 0.061170212765957445 0.02207505518763797
3 0.21648936170212765 0.15562913907284767 0.07872340425531915 0.02207505518763797
3 0.2904255319148936 0.15562913907284767 0.04893617021276596 0.02207505518763797
3 0.22021276595744682 0.17770419426048564 0.08617021276595745 0.02207505518763797
3 0.24468085106382978 0.18874172185430463 0.1351063829787234 0.04415011037527594