0 0.6095108695652174 0.014108352144469526 0.025543478260869567 0.028216704288939052
0 0.7608695652173914 0.1455981941309255 0.06141304347826087 0.01580135440180587
1 0.7448369565217391 0.014672686230248307 0.18532608695652175 0.029345372460496615
1 0.4277173913043478 0.34875846501128666 0.15434782608695652 0.32054176072234764
1 0.5907608695652173 0.34875846501128666 0.15434782608695652 0.32054176072234764
1 0.753804347826087 0.34875846501128666 0.15434782608695652 0.32054176072234764
1 0.4279891304347826 0.8448081264108352 0.15489130434782608 0.30812641083521447
1 0.5910326086956522 0.8448081264108352 0.15489130434782608 0.30812641083521447
1 0.7540760869565217 0.8448081264108352 0.15489130434782608 0.30812641083521447
1 0.23233695652173914 0.013544018058690745 0.07336956521739131 0.02708803611738149
2 0.4595108695652174 0.014108352144469526 0.32554347826086955 0.028216704288939052
2 0.46005434782608695 0.007336343115124154 0.008152173913043478 0.014672686230248307
3 0.5222826086956521 0.011286681715575621 0.15 0.022573363431151242
3 0.38206521739130433 0.5846501128668171 0.04184782608695652 0.02144469525959368
3 0.5451086956521739 0.5846501128668171 0.04184782608695652 0.02144469525959368
3 0.7081521739130435 0.5846501128668171 0.04184782608695652 0.02144469525959368
3 0.5285326086956522 0.009029345372460496 0.12445652173913044 0.01805869074492099
3 0.5285326086956522 0.009029345372460496 0.12445652173913044 0.01805869074492099
3 0.2673913043478261 0.22686230248307 0.15108695652173912 0.033860045146726865
3 0.4277173913043478 0.6297968397291196 0.13260869565217392 0.040632054176072234
3 0.5907608695652173 0.6297968397291196 0.13260869565217392 0.040632054176072234
3 0.753804347826087 0.6297968397291196 0.13260869565217392 0.040632054176072234
3 0.36141304347826086 0.06433408577878104 0.024456521739130436 0.022573363431151242
3 0.3972826086956522 0.06433408577878104 0.02717391304347826 0.022573363431151242
3 0.4451086956521739 0.06433408577878104 0.04891304347826087 0.022573363431151242
3 0.4885869565217391 0.06433408577878104 0.019021739130434784 0.022573363431151242
3 0.5201086956521739 0.06433408577878104 0.024456521739130436 0.022573363431151242
3 0.5527173913043478 0.06433408577878104 0.021195652173913043 0.022573363431151242
3 0.22554347826086957 0.4401805869074492 0.06739130434782609 0.020316027088036117
3 0.21195652173913043 0.4672686230248307 0.04076086956521739 0.020316027088036117
3 0.20108695652173914 0.49435665914221216 0.01847826086956522 0.020316027088036117
3 0.21032608695652175 0.582392776523702 0.03695652173913044 0.020316027088036117
3 0.2358695652173913 0.6094808126410836 0.08858695652173913 0.020316027088036117
3 0.20271739130434782 0.6975169300225733 0.021739130434782608 0.020316027088036117
3 0.20271739130434782 0.7246049661399548 0.021739130434782608 0.020316027088036117
3 0.21684782608695652 0.8126410835214447 0.050543478260869565 0.020316027088036117
3 0.2233695652173913 0.8397291196388262 0.06358695652173912 0.020316027088036117
3 0.2125 0.927765237020316 0.041304347826086954 0.020316027088036117
3 0.21358695652173912 0.9548532731376975 0.044021739130434785 0.020316027088036117
3 0.21358695652173912 0.981941309255079 0.044021739130434785 0.020316027088036117
3 0.2668478260869565 0.4401805869074492 0.010326086956521738 0.020316027088036117
3 0.23967391304347826 0.4672686230248307 0.007608695652173913 0.020316027088036117
3 0.21684782608695652 0.49435665914221216 0.007608695652173913 0.020316027088036117
3 0.23532608695652174 0.582392776523702 0.007608695652173913 0.020316027088036117
3 0.28641304347826085 0.6094808126410836 0.007065217391304348 0.020316027088036117
3 0.22282608695652173 0.6975169300225733 0.011956521739130435 0.020316027088036117
3 0.22010869565217392 0.7246049661399548 0.007608695652173913 0.020316027088036117
3 0.25 0.8126410835214447 0.010326086956521738 0.020316027088036117
3 0.2619565217391304 0.8397291196388262 0.007608695652173913 0.020316027088036117
3 0.23967391304347826 0.927765237020316 0.007608695652173913 0.020316027088036117
3 0.24239130434782608 0.9548532731376975 0.007608695652173913 0.020316027088036117
3 0.2440217391304348 0.981941309255079 0.009782608695652175 0.020316027088036117
3 0.23097826086956522 0.04740406320541761 0.0625 0.022573363431151242
3 0.2266304347826087 0.06884875846501129 0.0625 0.022573363431151242
3 0.23206521739130434 0.13544018058690746 0.08043478260869565 0.022573363431151242
3 0.3076086956521739 0.13544018058690746 0.05 0.022573363431151242
3 0.2358695652173913 0.1580135440180587 0.08804347826086957 0.022573363431151242
3 0.2608695652173913 0.16930022573363432 0.13804347826086957 0.045146726862302484