0 0.1753472222222222 0.2536057692307692 0.011574074074074073 0.02403846153846154
0 0.2204861111111111 0.7740384615384616 0.013888888888888888 0.028846153846153848
0 0.7337962962962963 0.08774038461538461 0.06539351851851852 0.016826923076923076
1 0.37905092592592593 0.30408653846153844 0.16435185185185186 0.34134615384615385
1 0.5526620370370371 0.30408653846153844 0.16435185185185186 0.34134615384615385
1 0.7262731481481481 0.30408653846153844 0.16435185185185186 0.34134615384615385
1 0.3793402777777778 0.8335336538461539 0.16493055555555555 0.33052884615384615
1 0.5529513888888888 0.8335336538461539 0.16493055555555555 0.33052884615384615
1 0.7265625 0.8335336538461539 0.16493055555555555 0.33052884615384615
2 0.14525462962962962 0.7716346153846154 0.03587962962962963 0.030048076923076924
2 0.19155092592592593 0.7716346153846154 0.03587962962962963 0.030048076923076924
3 0.3304398148148148 0.5552884615384616 0.04456018518518518 0.02283653846153846
3 0.5040509259259259 0.5552884615384616 0.04456018518518518 0.02283653846153846
3 0.6776620370370371 0.5552884615384616 0.04456018518518518 0.02283653846153846
3 0.14525462962962962 0.7740384615384616 0.034722222222222224 0.037259615384615384
3 0.19155092592592593 0.7740384615384616 0.034722222222222224 0.037259615384615384
3 0.14525462962962962 0.7740384615384616 0.034722222222222224 0.037259615384615384
3 0.19155092592592593 0.7740384615384616 0.034722222222222224 0.037259615384615384
3 0.20833333333333334 0.17427884615384615 0.16087962962962962 0.036057692307692304
3 0.37905092592592593 0.6033653846153846 0.1412037037037037 0.04326923076923077
3 0.5526620370370371 0.6033653846153846 0.1412037037037037 0.04326923076923077
3 0.7262731481481481 0.6033653846153846 0.1412037037037037 0.04326923076923077
3 0.30844907407407407 0.007211538461538462 0.02662037037037037 0.014423076923076924
3 0.34693287037037035 0.007211538461538462 0.029513888888888888 0.014423076923076924
3 0.3978587962962963 0.007211538461538462 0.052662037037037035 0.014423076923076924
3 0.44386574074074076 0.007211538461538462 0.020833333333333332 0.014423076923076924
3 0.4774305555555556 0.007211538461538462 0.02662037037037037 0.014423076923076924
3 0.5121527777777778 0.007211538461538462 0.023148148148148147 0.014423076923076924
3 0.14930555555555555 0.4639423076923077 0.043402777777777776 0.021634615384615384
3 0.13773148148148148 0.49278846153846156 0.019675925925925927 0.021634615384615384
3 0.1545138888888889 0.5865384615384616 0.05381944444444445 0.021634615384615384
3 0.16145833333333334 0.6153846153846154 0.06770833333333333 0.021634615384615384
3 0.14988425925925927 0.7091346153846154 0.04398148148148148 0.021634615384615384
3 0.15162037037037038 0.7379807692307693 0.047453703703703706 0.021634615384615384
3 0.16898148148148148 0.875 0.08275462962962964 0.021634615384615384
3 0.17476851851851852 0.9038461538461539 0.0943287037037037 0.021634615384615384
3 0.1712962962962963 0.9326923076923077 0.08738425925925926 0.021634615384615384
3 0.1423611111111111 0.9615384615384616 0.029513888888888888 0.021634615384615384
3 0.15538194444444445 0.9891826923076923 0.05497685185185185 0.019230769230769232
3 0.17881944444444445 0.4639423076923077 0.008680555555555556 0.021634615384615384
3 0.1545138888888889 0.49278846153846156 0.008101851851851851 0.021634615384615384
3 0.1886574074074074 0.5865384615384616 0.008101851851851851 0.021634615384615384
3 0.2025462962962963 0.6153846153846154 0.008101851851851851 0.021634615384615384
3 0.17881944444444445 0.7091346153846154 0.008101851851851851 0.021634615384615384
3 0.18229166666666666 0.7379807692307693 0.008101851851851851 0.021634615384615384
3 0.16493055555555555 0.009615384615384616 0.06712962962962964 0.019230769230769232
3 0.1707175925925926 0.07692307692307693 0.08564814814814815 0.02403846153846154
3 0.2511574074074074 0.07692307692307693 0.05324074074074074 0.02403846153846154
3 0.17476851851851852 0.10096153846153846 0.09375 0.02403846153846154
3 0.2013888888888889 0.11298076923076923 0.14699074074074073 0.04807692307692308