0 0.1568287037037037 0.2776442307692308 0.011574074074074073 0.02403846153846154
0 0.2019675925925926 0.7980769230769231 0.013888888888888888 0.028846153846153848
0 0.7152777777777778 0.11177884615384616 0.06539351851851852 0.016826923076923076
1 0.3605324074074074 0.328125 0.16435185185185186 0.34134615384615385
1 0.5341435185185185 0.328125 0.16435185185185186 0.34134615384615385
1 0.7077546296296297 0.328125 0.16435185185185186 0.34134615384615385
1 0.36082175925925924 0.8455528846153846 0.16493055555555555 0.30649038461538464
1 0.5344328703703703 0.8455528846153846 0.16493055555555555 0.30649038461538464
1 0.7080439814814815 0.8455528846153846 0.16493055555555555 0.30649038461538464
2 0.1267361111111111 0.7956730769230769 0.03587962962962963 0.030048076923076924
2 0.1730324074074074 0.7956730769230769 0.03587962962962963 0.030048076923076924
3 0.3119212962962963 0.5793269230769231 0.04456018518518518 0.02283653846153846
3 0.4855324074074074 0.5793269230769231 0.04456018518518518 0.02283653846153846
3 0.6591435185185185 0.5793269230769231 0.04456018518518518 0.02283653846153846
3 0.1267361111111111 0.7980769230769231 0.034722222222222224 0.037259615384615384
3 0.1730324074074074 0.7980769230769231 0.034722222222222224 0.037259615384615384
3 0.1267361111111111 0.7980769230769231 0.034722222222222224 0.037259615384615384
3 0.1730324074074074 0.7980769230769231 0.034722222222222224 0.037259615384615384
3 0.18981481481481483 0.19831730769230768 0.16087962962962962 0.036057692307692304
3 0.3605324074074074 0.6274038461538461 0.1412037037037037 0.04326923076923077
3 0.5341435185185185 0.6274038461538461 0.1412037037037037 0.04326923076923077
3 0.7077546296296297 0.6274038461538461 0.1412037037037037 0.04326923076923077
3 0.2899305555555556 0.025240384615384616 0.026041666666666668 0.02403846153846154
3 0.328125 0.025240384615384616 0.028935185185185185 0.02403846153846154
3 0.37905092592592593 0.025240384615384616 0.052083333333333336 0.02403846153846154
3 0.4253472222222222 0.025240384615384616 0.02025462962962963 0.02403846153846154
3 0.45891203703703703 0.025240384615384616 0.026041666666666668 0.02403846153846154
3 0.49363425925925924 0.025240384615384616 0.022569444444444444 0.02403846153846154
3 0.13078703703703703 0.4879807692307692 0.043402777777777776 0.021634615384615384
3 0.11921296296296297 0.5168269230769231 0.019675925925925927 0.021634615384615384
3 0.13599537037037038 0.6105769230769231 0.05381944444444445 0.021634615384615384
3 0.14293981481481483 0.6394230769230769 0.06770833333333333 0.021634615384615384
3 0.13136574074074073 0.7331730769230769 0.04398148148148148 0.021634615384615384
3 0.13310185185185186 0.7620192307692307 0.047453703703703706 0.021634615384615384
3 0.15046296296296297 0.8990384615384616 0.08275462962962964 0.021634615384615384
3 0.15625 0.9278846153846154 0.0943287037037037 0.021634615384615384
3 0.1527777777777778 0.9567307692307693 0.08738425925925926 0.021634615384615384
3 0.12384259259259259 0.9855769230769231 0.029513888888888888 0.021634615384615384
3 0.16030092592592593 0.4879807692307692 0.008680555555555556 0.021634615384615384
3 0.13599537037037038 0.5168269230769231 0.008101851851851851 0.021634615384615384
3 0.1701388888888889 0.6105769230769231 0.008101851851851851 0.021634615384615384
3 0.1840277777777778 0.6394230769230769 0.008101851851851851 0.021634615384615384
3 0.16030092592592593 0.7331730769230769 0.008101851851851851 0.021634615384615384
3 0.16377314814814814 0.7620192307692307 0.008101851851851851 0.021634615384615384
3 0.15104166666666666 0.010216346153846154 0.06712962962962964 0.020432692307692308
3 0.14641203703703703 0.030048076923076924 0.06655092592592593 0.02403846153846154
3 0.15219907407407407 0.10096153846153846 0.08564814814814815 0.02403846153846154
3 0.2326388888888889 0.10096153846153846 0.05324074074074074 0.02403846153846154
3 0.15625 0.125 0.09375 0.02403846153846154
3 0.18287037037037038 0.13701923076923078 0.14699074074074073 0.04807692307692308