0 0.586436170212766 0.017660044150110375 0.025 0.03532008830022075
0 0.22127659574468084 0.2803532008830022 0.010638297872340425 0.02207505518763797
0 0.7345744680851064 0.15011037527593818 0.0601063829787234 0.01545253863134658
1 0.7188829787234042 0.018211920529801324 0.18138297872340425 0.03642384105960265
1 0.3882978723404255 0.30242825607064017 0.0851063829787234 0.17660044150110377
1 0.3882978723404255 0.5242825607064018 0.0851063829787234 0.17660044150110377
1 0.3882978723404255 0.7461368653421634 0.0851063829787234 0.17660044150110377
1 0.21728723404255318 0.017108167770419427 0.07180851063829788 0.03421633554083885
2 0.4396276595744681 0.017660044150110375 0.31861702127659575 0.03532008830022075
2 0.5042553191489362 0.013245033112582781 0.007446808510638298 0.01545253863134658
3 0.5335106382978724 0.01434878587196468 0.08191489361702127 0.02869757174392936
3 0.4643617021276596 0.31015452538631344 0.04202127659574468 0.02097130242825607
3 0.4643617021276596 0.5320088300220751 0.04202127659574468 0.02097130242825607
3 0.474468085106383 0.7538631346578366 0.06223404255319149 0.02097130242825607
3 0.4643617021276596 0.9757174392935982 0.04202127659574468 0.02097130242825607
3 0.5388297872340425 0.013245033112582781 0.05638297872340425 0.02207505518763797
3 0.5388297872340425 0.013245033112582781 0.05638297872340425 0.02207505518763797
3 0.25159574468085105 0.20750551876379691 0.1478723404255319 0.033112582781456956
3 0.6101063829787234 0.22847682119205298 0.33351063829787236 0.02869757174392936
3 0.6101063829787234 0.4503311258278146 0.33351063829787236 0.02869757174392936
3 0.6101063829787234 0.6721854304635762 0.33351063829787236 0.02869757174392936
3 0.6101063829787234 0.8940397350993378 0.33351063829787236 0.02869757174392936
3 0.34361702127659577 0.0706401766004415 0.023936170212765957 0.02207505518763797
3 0.37872340425531914 0.0706401766004415 0.026595744680851064 0.02207505518763797
3 0.425531914893617 0.0706401766004415 0.047872340425531915 0.02207505518763797
3 0.46808510638297873 0.0706401766004415 0.018617021276595744 0.02207505518763797
3 0.498936170212766 0.0706401766004415 0.023936170212765957 0.02207505518763797
3 0.5308510638297872 0.0706401766004415 0.02074468085106383 0.02207505518763797
3 0.21223404255319148 0.4735099337748344 0.06914893617021277 0.019867549668874173
3 0.1898936170212766 0.5596026490066225 0.025 0.019867549668874173
3 0.20106382978723406 0.5860927152317881 0.04734042553191489 0.019867549668874173
3 0.1898936170212766 0.6125827814569537 0.025 0.019867549668874173
3 0.18723404255319148 0.6986754966887417 0.019148936170212766 0.019867549668874173
3 0.20212765957446807 0.7847682119205298 0.04946808510638298 0.019867549668874173
3 0.20904255319148937 0.8112582781456954 0.06329787234042553 0.019867549668874173
3 0.20851063829787234 0.8377483443708609 0.06223404255319149 0.019867549668874173
3 0.2 0.9238410596026491 0.04468085106382979 0.019867549668874173
3 0.2047872340425532 0.9503311258278145 0.05425531914893617 0.019867549668874173
3 0.2026595744680851 0.9768211920529801 0.05 0.019867549668874173
3 0.2521276595744681 0.4735099337748344 0.005319148936170213 0.019867549668874173
3 0.20904255319148937 0.5596026490066225 0.007446808510638298 0.019867549668874173
3 0.23191489361702128 0.5860927152317881 0.007978723404255319 0.019867549668874173
3 0.20957446808510638 0.6125827814569537 0.007978723404255319 0.019867549668874173
3 0.20319148936170212 0.6986754966887417 0.007446808510638298 0.019867549668874173
3 0.23297872340425532 0.7847682119205298 0.006914893617021276 0.019867549668874173
3 0.2478723404255319 0.8112582781456954 0.007978723404255319 0.019867549668874173
3 0.24521276595744682 0.8377483443708609 0.005851063829787234 0.019867549668874173
3 0.22925531914893618 0.9238410596026491 0.007446808510638298 0.019867549668874173
3 0.23829787234042554 0.9503311258278145 0.007446808510638298 0.019867549668874173
3 0.23404255319148937 0.9768211920529801 0.007446808510638298 0.019867549668874173
3 0.21595744680851064 0.05408388520971302 0.061170212765957445 0.02207505518763797
3 0.21170212765957447 0.07505518763796909 0.061170212765957445 0.02207505518763797
3 0.2170212765957447 0.1401766004415011 0.07872340425531915 0.02207505518763797
3 0.29095744680851066 0.1401766004415011 0.04893617021276596 0.02207505518763797
3 0.22074468085106383 0.16225165562913907 0.08617021276595745 0.02207505518763797
3 0.28829787234042553 0.16225165562913907 0.03031914893617021 0.02207505518763797