0 0.6024861878453038 0.016055045871559634 0.025966850828729283 0.03211009174311927
0 0.2662983425414365 0.7454128440366973 0.013259668508287293 0.027522935779816515
0 0.2662983425414365 0.9598623853211009 0.013259668508287293 0.027522935779816515
0 0.7563535911602209 0.15137614678899083 0.062430939226519336 0.016055045871559634
0 0.6497237569060773 0.3038990825688073 0.03535911602209945 0.02981651376146789
0 0.6497237569060773 0.5756880733944955 0.03535911602209945 0.02981651376146789
0 0.8093922651933702 0.9254587155963303 0.019889502762430938 0.04128440366972477
1 0.7400552486187846 0.016628440366972478 0.18839779005524862 0.033256880733944956
1 0.3966850828729282 0.30963302752293576 0.08839779005524862 0.1834862385321101
1 0.3966850828729282 0.5401376146788991 0.08839779005524862 0.1834862385321101
1 0.3966850828729282 0.7706422018348624 0.08839779005524862 0.1834862385321101
1 0.219060773480663 0.01548165137614679 0.07458563535911603 0.03096330275229358
2 0.45 0.016055045871559634 0.330939226519337 0.03211009174311927
2 0.48011049723756904 0.009174311926605505 0.0077348066298342545 0.016055045871559634
2 0.19447513812154696 0.7431192660550459 0.03425414364640884 0.028669724770642203
2 0.23867403314917127 0.7431192660550459 0.03425414364640884 0.028669724770642203
2 0.19447513812154696 0.9564220183486238 0.03425414364640884 0.028669724770642203
2 0.23867403314917127 0.9564220183486238 0.03425414364640884 0.028669724770642203
3 0.5287292817679557 0.013188073394495414 0.12265193370165746 0.026376146788990827
3 0.49392265193370166 0.3176605504587156 0.07955801104972375 0.021788990825688075
3 0.6198895027624309 0.3038990825688073 0.019889502762430938 0.020642201834862386
3 0.5060773480662983 0.5894495412844036 0.10386740331491713 0.021788990825688075
3 0.6198895027624309 0.5756880733944955 0.019889502762430938 0.020642201834862386
3 0.48342541436464087 0.7786697247706422 0.05856353591160221 0.021788990825688075
3 0.5342541436464089 0.010894495412844037 0.09613259668508287 0.021788990825688075
3 0.19447513812154696 0.7454128440366973 0.03314917127071823 0.03555045871559633
3 0.23867403314917127 0.7454128440366973 0.03314917127071823 0.03555045871559633
3 0.19447513812154696 0.9587155963302753 0.03314917127071823 0.03555045871559633
3 0.23867403314917127 0.9587155963302753 0.03314917127071823 0.03555045871559633
3 0.5342541436464089 0.010894495412844037 0.09613259668508287 0.021788990825688075
3 0.19447513812154696 0.7454128440366973 0.03314917127071823 0.03555045871559633
3 0.23867403314917127 0.7454128440366973 0.03314917127071823 0.03555045871559633
3 0.19447513812154696 0.9587155963302753 0.03314917127071823 0.03555045871559633
3 0.23867403314917127 0.9587155963302753 0.03314917127071823 0.03555045871559633
3 0.2546961325966851 0.23394495412844038 0.15359116022099448 0.034403669724770644
3 0.6270718232044199 0.23279816513761467 0.34640883977900555 0.02981651376146789
3 0.6270718232044199 0.5045871559633027 0.34640883977900555 0.02981651376146789
3 0.6270718232044199 0.6938073394495413 0.34640883977900555 0.02981651376146789
3 0.6270718232044199 0.9243119266055045 0.34640883977900555 0.02981651376146789
3 0.35027624309392263 0.06880733944954129 0.024861878453038673 0.022935779816513763
3 0.3867403314917127 0.06880733944954129 0.027624309392265192 0.022935779816513763
3 0.4353591160220994 0.06880733944954129 0.049723756906077346 0.022935779816513763
3 0.47955801104972373 0.06880733944954129 0.019337016574585635 0.022935779816513763
3 0.5116022099447514 0.06880733944954129 0.024861878453038673 0.022935779816513763
3 0.5447513812154696 0.06880733944954129 0.02154696132596685 0.022935779816513763
3 0.2138121546961326 0.5389908256880734 0.0718232044198895 0.020642201834862386
3 0.20662983425414364 0.6284403669724771 0.058011049723756904 0.020642201834862386
3 0.2 0.6559633027522935 0.04419889502762431 0.020642201834862386
3 0.2005524861878453 0.6834862385321101 0.045303867403314914 0.020642201834862386
3 0.2005524861878453 0.7110091743119266 0.04585635359116022 0.020642201834862386
3 0.19613259668508287 0.841743119266055 0.036464088397790057 0.020642201834862386
3 0.20276243093922652 0.8692660550458715 0.05027624309392265 0.020642201834862386
3 0.20276243093922652 0.8967889908256881 0.05027624309392265 0.020642201834862386
3 0.20773480662983426 0.9243119266055045 0.06022099447513812 0.020642201834862386
3 0.2591160220994475 0.5389908256880734 0.013812154696132596 0.020642201834862386
3 0.24640883977900552 0.6284403669724771 0.016022099447513812 0.020642201834862386
3 0.23314917127071824 0.6559633027522935 0.016574585635359115 0.020642201834862386
3 0.23425414364640884 0.6834862385321101 0.016022099447513812 0.020642201834862386
3 0.23535911602209944 0.7110091743119266 0.01712707182320442 0.020642201834862386
3 0.2281767955801105 0.841743119266055 0.02154696132596685 0.020642201834862386
3 0.23867403314917127 0.8692660550458715 0.016022099447513812 0.020642201834862386
3 0.23812154696132598 0.8967889908256881 0.014917127071823204 0.020642201834862386
3 0.24640883977900552 0.9243119266055045 0.011602209944751382 0.020642201834862386
3 0.2176795580110497 0.051605504587155966 0.06353591160220995 0.022935779816513763
3 0.2132596685082873 0.07339449541284404 0.06353591160220995 0.022935779816513763
3 0.21878453038674034 0.14105504587155962 0.08176795580110498 0.022935779816513763
3 0.25082872928176797 0.15252293577981652 0.1464088397790055 0.045871559633027525
3 0.25524861878453037 0.16399082568807338 0.09171270718232044 0.022935779816513763
3 0.2121546961325967 0.18692660550458715 0.06906077348066299 0.022935779816513763