0 0.5689944134078212 0.020301624129930394 0.026256983240223464 0.04060324825986079
0 0.7245810055865922 0.19953596287703015 0.06312849162011173 0.016241299303944315
1 0.7081005586592178 0.02088167053364269 0.19050279329608938 0.04176334106728538
1 0.38212290502793295 0.40835266821345706 0.15865921787709497 0.3294663573085847
1 0.5497206703910614 0.40835266821345706 0.15865921787709497 0.3294663573085847
1 0.71731843575419 0.40835266821345706 0.15865921787709497 0.3294663573085847
1 0.1812849162011173 0.019721577726218097 0.07541899441340782 0.03944315545243619
2 0.41480446927374304 0.020301624129930394 0.3346368715083799 0.04060324825986079
2 0.41396648044692735 0.01740139211136891 0.00782122905027933 0.016241299303944315
3 0.4787709497206704 0.018561484918793503 0.1547486033519553 0.030162412993039442
3 0.33519553072625696 0.6705336426914154 0.043016759776536316 0.022041763341067284
3 0.5027932960893855 0.6508120649651972 0.043016759776536316 0.022041763341067284
3 0.6703910614525139 0.6705336426914154 0.043016759776536316 0.022041763341067284
3 0.48435754189944136 0.01740139211136891 0.12793296089385475 0.02320185614849188
3 0.48435754189944136 0.01740139211136891 0.12793296089385475 0.02320185614849188
3 0.21731843575418994 0.25406032482598606 0.1553072625698324 0.06960556844547564
3 0.38212290502793295 0.7169373549883991 0.13631284916201117 0.04176334106728538
3 0.5497206703910614 0.697215777262181 0.13631284916201117 0.04176334106728538
3 0.71731843575419 0.7169373549883991 0.13631284916201117 0.04176334106728538
3 0.3139664804469274 0.0777262180974478 0.025139664804469275 0.02320185614849188
3 0.35083798882681566 0.0777262180974478 0.027932960893854747 0.02320185614849188
3 0.4 0.0777262180974478 0.05027932960893855 0.02320185614849188
3 0.4446927374301676 0.0777262180974478 0.019553072625698324 0.02320185614849188
3 0.4770949720670391 0.0777262180974478 0.025139664804469275 0.02320185614849188
3 0.5106145251396648 0.0777262180974478 0.021787709497206705 0.02320185614849188
3 0.17597765363128492 0.580046403712297 0.07262569832402235 0.02088167053364269
3 0.17597765363128492 0.6705336426914154 0.07262569832402235 0.02088167053364269
3 0.18435754189944134 0.6983758700696056 0.0893854748603352 0.02088167053364269
3 0.16368715083798882 0.7262180974477959 0.048044692737430165 0.02088167053364269
3 0.17374301675977655 0.7540603248259861 0.06815642458100558 0.02088167053364269
3 0.1553072625698324 0.7819025522041764 0.03128491620111732 0.02088167053364269
3 0.1782122905027933 0.8097447795823666 0.0776536312849162 0.02088167053364269
3 0.1547486033519553 0.8375870069605569 0.030726256983240222 0.02088167053364269
3 0.15810055865921788 0.8654292343387471 0.03687150837988827 0.02088167053364269
3 0.17094972067039105 0.8932714617169374 0.06256983240223464 0.02088167053364269
3 0.2206703910614525 0.580046403712297 0.011731843575418994 0.02088167053364269
3 0.22681564245810057 0.6705336426914154 0.0223463687150838 0.02088167053364269
3 0.24189944134078212 0.6983758700696056 0.01899441340782123 0.02088167053364269
3 0.2011173184357542 0.7262180974477959 0.02011173184357542 0.02088167053364269
3 0.2217877094972067 0.7540603248259861 0.021787709497206705 0.02088167053364269
3 0.18379888268156425 0.7819025522041764 0.019553072625698324 0.02088167053364269
3 0.22793296089385476 0.8097447795823666 0.015083798882681564 0.02088167053364269
3 0.18156424581005587 0.8375870069605569 0.016201117318435754 0.02088167053364269
3 0.1871508379888268 0.8654292343387471 0.016201117318435754 0.02088167053364269
3 0.21284916201117318 0.8932714617169374 0.01452513966480447 0.02088167053364269
3 0.17988826815642459 0.060324825986078884 0.06424581005586592 0.02320185614849188
3 0.17541899441340783 0.08236658932714618 0.06424581005586592 0.02320185614849188
3 0.18100558659217877 0.18909512761020883 0.08268156424581005 0.02320185614849188
3 0.25865921787709495 0.18909512761020883 0.05139664804469274 0.02320185614849188