0 0.5815789473684211 0.02516411378555799 0.024210526315789474 0.04266958424507659
0 0.728421052631579 0.19693654266958424 0.05947368421052632 0.015317286652078774
1 0.7126315789473684 0.0262582056892779 0.17894736842105263 0.04266958424507659
1 0.40578947368421053 0.3938730853391685 0.14947368421052631 0.31072210065645517
1 0.5636842105263158 0.3938730853391685 0.14947368421052631 0.31072210065645517
1 0.7215789473684211 0.3938730853391685 0.14947368421052631 0.31072210065645517
1 0.2163157894736842 0.0262582056892779 0.07052631578947369 0.037199124726477024
2 0.4363157894736842 0.02516411378555799 0.31473684210526315 0.04266958424507659
2 0.4357894736842105 0.02516411378555799 0.007368421052631579 0.015317286652078774
3 0.4968421052631579 0.0262582056892779 0.14578947368421052 0.028446389496717725
3 0.36157894736842106 0.6411378555798687 0.04052631578947368 0.020787746170678335
3 0.5194736842105263 0.6225382932166302 0.04052631578947368 0.020787746170678335
3 0.6773684210526316 0.6411378555798687 0.04052631578947368 0.020787746170678335
3 0.5021052631578947 0.02516411378555799 0.12052631578947369 0.02188183807439825
3 0.5021052631578947 0.02516411378555799 0.12052631578947369 0.02188183807439825
3 0.2505263157894737 0.24835886214442013 0.1463157894736842 0.06564551422319474
3 0.40578947368421053 0.6849015317286652 0.12842105263157894 0.03938730853391685
3 0.5636842105263158 0.6663019693654267 0.12842105263157894 0.03938730853391685
3 0.7215789473684211 0.6849015317286652 0.12842105263157894 0.03938730853391685
3 0.34157894736842104 0.08205689277899343 0.02368421052631579 0.02188183807439825
3 0.3763157894736842 0.08205689277899343 0.02631578947368421 0.02188183807439825
3 0.4226315789473684 0.08205689277899343 0.04736842105263158 0.02188183807439825
3 0.46473684210526317 0.08205689277899343 0.018421052631578946 0.02188183807439825
3 0.49526315789473685 0.08205689277899343 0.02368421052631579 0.02188183807439825
3 0.5268421052631579 0.08205689277899343 0.020526315789473684 0.02188183807439825
3 0.21157894736842106 0.5557986870897156 0.06842105263157895 0.019693654266958426
3 0.21157894736842106 0.6411378555798687 0.06842105263157895 0.019693654266958426
3 0.21947368421052632 0.6673960612691466 0.08421052631578947 0.019693654266958426
3 0.2 0.6936542669584245 0.045263157894736845 0.019693654266958426
3 0.2094736842105263 0.7199124726477024 0.06421052631578947 0.019693654266958426
3 0.19210526315789472 0.7461706783369803 0.029473684210526315 0.019693654266958426
3 0.21368421052631578 0.7724288840262582 0.0731578947368421 0.019693654266958426
3 0.19157894736842104 0.7986870897155361 0.02894736842105263 0.019693654266958426
3 0.19473684210526315 0.824945295404814 0.034736842105263156 0.019693654266958426
3 0.20684210526315788 0.8512035010940919 0.05894736842105263 0.019693654266958426
3 0.1868421052631579 0.9660831509846827 0.018947368421052633 0.019693654266958426
3 0.2536842105263158 0.5557986870897156 0.011052631578947368 0.019693654266958426
3 0.2594736842105263 0.6411378555798687 0.021052631578947368 0.019693654266958426
3 0.2736842105263158 0.6673960612691466 0.017894736842105262 0.019693654266958426
3 0.23526315789473684 0.6936542669584245 0.018947368421052633 0.019693654266958426
3 0.25473684210526315 0.7199124726477024 0.020526315789473684 0.019693654266958426
3 0.21894736842105264 0.7461706783369803 0.018421052631578946 0.019693654266958426
3 0.26052631578947366 0.7724288840262582 0.014210526315789474 0.019693654266958426
3 0.2168421052631579 0.7986870897155361 0.015263157894736841 0.019693654266958426
3 0.22210526315789475 0.824945295404814 0.015263157894736841 0.019693654266958426
3 0.2463157894736842 0.8512035010940919 0.01368421052631579 0.019693654266958426
3 0.20894736842105263 0.9660831509846827 0.020526315789473684 0.019693654266958426
3 0.21526315789473685 0.06564551422319474 0.060526315789473685 0.02188183807439825
3 0.21105263157894738 0.08643326039387308 0.060526315789473685 0.02188183807439825
3 0.2163157894736842 0.18708971553610504 0.07789473684210527 0.02188183807439825
3 0.2894736842105263 0.18708971553610504 0.04842105263157895 0.02188183807439825