0 0.5827225130890052 0.029347826086956522 0.024083769633507852 0.042391304347826085
0 0.22356020942408378 0.3141304347826087 0.010471204188481676 0.021739130434782608
0 0.7287958115183246 0.1641304347826087 0.059162303664921465 0.015217391304347827
1 0.7130890052356021 0.030434782608695653 0.17801047120418848 0.042391304347826085
1 0.40785340314136126 0.35978260869565215 0.1486910994764398 0.30869565217391304
1 0.5649214659685864 0.35978260869565215 0.1486910994764398 0.30869565217391304
1 0.7219895287958115 0.35978260869565215 0.1486910994764398 0.30869565217391304
1 0.40785340314136126 0.8434782608695652 0.1486910994764398 0.30869565217391304
1 0.5649214659685864 0.8434782608695652 0.1486910994764398 0.30869565217391304
1 0.7219895287958115 0.8434782608695652 0.1486910994764398 0.30869565217391304
1 0.2193717277486911 0.030434782608695653 0.07015706806282722 0.03695652173913044
2 0.4382198952879581 0.029347826086956522 0.31308900523560207 0.042391304347826085
2 0.4638743455497382 0.029347826086956522 0.007329842931937173 0.015217391304347827
3 0.5115183246073298 0.030434782608695653 0.11884816753926701 0.02826086956521739
3 0.36387434554973824 0.5869565217391305 0.04031413612565445 0.020652173913043477
3 0.5209424083769634 0.5869565217391305 0.04031413612565445 0.020652173913043477
3 0.6780104712041884 0.5869565217391305 0.04031413612565445 0.020652173913043477
3 0.5167539267015707 0.029347826086956522 0.093717277486911 0.021739130434782608
3 0.5167539267015707 0.029347826086956522 0.093717277486911 0.021739130434782608
3 0.2534031413612565 0.24239130434782608 0.14554973821989528 0.03260869565217391
3 0.40785340314136126 0.6304347826086957 0.12774869109947645 0.0391304347826087
3 0.5649214659685864 0.6304347826086957 0.12774869109947645 0.0391304347826087
3 0.7219895287958115 0.6304347826086957 0.12774869109947645 0.0391304347826087
3 0.34397905759162306 0.08586956521739131 0.02356020942408377 0.021739130434782608
3 0.3785340314136126 0.08586956521739131 0.02617801047120419 0.021739130434782608
3 0.4246073298429319 0.08586956521739131 0.04712041884816754 0.021739130434782608
3 0.4664921465968586 0.08586956521739131 0.01832460732984293 0.021739130434782608
3 0.4968586387434555 0.08586956521739131 0.02356020942408377 0.021739130434782608
3 0.5282722513089005 0.08586956521739131 0.020418848167539267 0.021739130434782608
3 0.21465968586387435 0.5043478260869565 0.06806282722513089 0.01956521739130435
3 0.20104712041884817 0.5891304347826087 0.041361256544502616 0.01956521739130435
3 0.20104712041884817 0.6152173913043478 0.040837696335078534 0.01956521739130435
3 0.225130890052356 0.6413043478260869 0.08900523560209424 0.01956521739130435
3 0.18952879581151832 0.6673913043478261 0.01780104712041885 0.01956521739130435
3 0.19005235602094242 0.7521739130434782 0.018848167539267015 0.01956521739130435
3 0.1973821989528796 0.8369565217391305 0.034031413612565446 0.01956521739130435
3 0.19109947643979058 0.9217391304347826 0.020942408376963352 0.01956521739130435
3 0.19109947643979058 0.9478260869565217 0.020942408376963352 0.01956521739130435
3 0.256020942408377 0.5043478260869565 0.009424083769633508 0.01956521739130435
3 0.23141361256544501 0.5891304347826087 0.013612565445026177 0.01956521739130435
3 0.22984293193717278 0.6152173913043478 0.012041884816753926 0.01956521739130435
3 0.27591623036649215 0.6413043478260869 0.007329842931937173 0.01956521739130435
3 0.2036649214659686 0.6673913043478261 0.005759162303664921 0.01956521739130435
3 0.2089005235602094 0.7521739130434782 0.013612565445026177 0.01956521739130435
3 0.22303664921465968 0.8369565217391305 0.012041884816753926 0.01956521739130435
3 0.21256544502617802 0.9217391304347826 0.015706806282722512 0.01956521739130435
3 0.20732984293193718 0.9478260869565217 0.006806282722513089 0.01956521739130435
3 0.21832460732984293 0.06956521739130435 0.060209424083769635 0.021739130434782608
3 0.21413612565445025 0.09021739130434783 0.060209424083769635 0.021739130434782608
3 0.2193717277486911 0.15434782608695652 0.0774869109947644 0.021739130434782608
3 0.29214659685863875 0.15434782608695652 0.048167539267015703 0.021739130434782608
3 0.22774869109947643 0.17608695652173914 0.09476439790575916 0.021739130434782608
3 0.25078534031413613 0.18695652173913044 0.14031413612565444 0.043478260869565216