0 0.6139277389277389 0.023002421307506054 0.027389277389277388 0.04600484261501211
0 0.21386946386946387 0.3389830508474576 0.011655011655011656 0.024213075060532687
0 0.7762237762237763 0.17191283292978207 0.06585081585081586 0.01694915254237288
1 0.759032634032634 0.02360774818401937 0.1987179487179487 0.04721549636803874
1 0.418997668997669 0.3898305084745763 0.1655011655011655 0.34382566585956414
1 0.5938228438228438 0.3898305084745763 0.1655011655011655 0.34382566585956414
1 0.7686480186480187 0.3898305084745763 0.1655011655011655 0.34382566585956414
1 0.4192890442890443 0.8777239709443099 0.1660839160839161 0.24213075060532688
1 0.5941142191142191 0.8777239709443099 0.1660839160839161 0.24213075060532688
1 0.7689393939393939 0.8777239709443099 0.1660839160839161 0.24213075060532688
1 0.2092074592074592 0.023002421307506054 0.0780885780885781 0.04116222760290557
2 0.4530885780885781 0.023002421307506054 0.34906759906759904 0.04600484261501211
2 0.4813519813519814 0.021791767554479417 0.008158508158508158 0.01694915254237288
3 0.5343822843822844 0.023002421307506054 0.13228438228438227 0.031476997578692496
3 0.37004662004662003 0.6428571428571429 0.04487179487179487 0.023002421307506054
3 0.5448717948717948 0.6428571428571429 0.04487179487179487 0.023002421307506054
3 0.7196969696969697 0.6428571428571429 0.04487179487179487 0.023002421307506054
3 0.5402097902097902 0.021791767554479417 0.10431235431235432 0.024213075060532687
3 0.5402097902097902 0.021791767554479417 0.10431235431235432 0.024213075060532687
3 0.24708624708624707 0.25907990314769974 0.16200466200466201 0.03631961259079903
3 0.418997668997669 0.6912832929782082 0.14219114219114218 0.043583535108958835
3 0.5938228438228438 0.6912832929782082 0.14219114219114218 0.043583535108958835
3 0.7686480186480187 0.6912832929782082 0.14219114219114218 0.043583535108958835
3 0.3479020979020979 0.0847457627118644 0.026223776223776224 0.024213075060532687
3 0.38636363636363635 0.0847457627118644 0.029137529137529136 0.024213075060532687
3 0.4376456876456876 0.0847457627118644 0.05244755244755245 0.024213075060532687
3 0.48426573426573427 0.0847457627118644 0.020396270396270396 0.024213075060532687
3 0.5180652680652681 0.0847457627118644 0.026223776223776224 0.024213075060532687
3 0.553030303030303 0.0847457627118644 0.022727272727272728 0.024213075060532687
3 0.20396270396270397 0.5508474576271186 0.07575757575757576 0.021791767554479417
3 0.1888111888111888 0.6452784503631961 0.04603729603729604 0.021791767554479417
3 0.1888111888111888 0.6743341404358354 0.045454545454545456 0.021791767554479417
3 0.21561771561771562 0.7033898305084746 0.09906759906759907 0.021791767554479417
3 0.175990675990676 0.7324455205811138 0.019813519813519812 0.021791767554479417
3 0.17657342657342656 0.8268765133171913 0.02097902097902098 0.021791767554479417
3 0.18473193473193472 0.9213075060532687 0.03787878787878788 0.021791767554479417
3 0.25 0.5508474576271186 0.01048951048951049 0.021791767554479417
3 0.22261072261072262 0.6452784503631961 0.015151515151515152 0.021791767554479417
3 0.22086247086247085 0.6743341404358354 0.013403263403263404 0.021791767554479417
3 0.27214452214452217 0.7033898305084746 0.008158508158508158 0.021791767554479417
3 0.19172494172494173 0.7324455205811138 0.00641025641025641 0.021791767554479417
3 0.19755244755244755 0.8268765133171913 0.015151515151515152 0.021791767554479417
3 0.21328671328671328 0.9213075060532687 0.013403263403263404 0.021791767554479417
3 0.20804195804195805 0.06658595641646489 0.06701631701631702 0.024213075060532687
3 0.20337995337995338 0.08958837772397095 0.06701631701631702 0.024213075060532687
3 0.2092074592074592 0.16101694915254236 0.08624708624708624 0.024213075060532687
3 0.2902097902097902 0.16101694915254236 0.053613053613053616 0.024213075060532687
3 0.21853146853146854 0.18523002421307505 0.10547785547785547 0.024213075060532687
3 0.24417249417249418 0.1973365617433414 0.1561771561771562 0.048426150121065374