0 0.5906417112299466 0.015555555555555555 0.025133689839572194 0.03111111111111111
0 0.26524064171122996 0.6111111111111112 0.012834224598930482 0.02666666666666667
0 0.739572192513369 0.14666666666666667 0.06042780748663101 0.015555555555555555
1 0.7237967914438502 0.01611111111111111 0.18235294117647058 0.03222222222222222
1 0.4117647058823529 0.3466666666666667 0.1518716577540107 0.31555555555555553
1 0.5721925133689839 0.3466666666666667 0.1518716577540107 0.31555555555555553
1 0.732620320855615 0.3466666666666667 0.1518716577540107 0.31555555555555553
1 0.4117647058823529 0.8355555555555556 0.1518716577540107 0.31555555555555553
1 0.5721925133689839 0.8355555555555556 0.1518716577540107 0.31555555555555553
1 0.732620320855615 0.8355555555555556 0.1518716577540107 0.31555555555555553
1 0.2195187165775401 0.015 0.07219251336898395 0.03
2 0.443048128342246 0.015555555555555555 0.32032085561497325 0.03111111111111111
2 0.4716577540106952 0.008888888888888889 0.0074866310160427805 0.015555555555555555
2 0.19572192513368983 0.6088888888888889 0.033155080213903745 0.027777777777777776
2 0.23850267379679144 0.6088888888888889 0.033155080213903745 0.027777777777777776
3 0.5195187165775401 0.012777777777777779 0.11925133689839572 0.025555555555555557
3 0.36524064171122994 0.5766666666666667 0.03796791443850268 0.015555555555555555
3 0.5256684491978609 0.5766666666666667 0.03796791443850268 0.015555555555555555
3 0.5248663101604278 0.010555555555555556 0.09358288770053476 0.021111111111111112
3 0.19572192513368983 0.6111111111111112 0.03208556149732621 0.034444444444444444
3 0.23850267379679144 0.6111111111111112 0.03208556149732621 0.034444444444444444
3 0.5248663101604278 0.010555555555555556 0.09358288770053476 0.021111111111111112
3 0.19572192513368983 0.6111111111111112 0.03208556149732621 0.034444444444444444
3 0.23850267379679144 0.6111111111111112 0.03208556149732621 0.034444444444444444
3 0.2540106951871658 0.22666666666666666 0.14866310160427806 0.03333333333333333
3 0.4117647058823529 0.6177777777777778 0.1304812834224599 0.04
3 0.5721925133689839 0.6177777777777778 0.1304812834224599 0.04
3 0.732620320855615 0.5888888888888889 0.1304812834224599 0.04
3 0.34652406417112297 0.06666666666666667 0.02406417112299465 0.022222222222222223
3 0.38181818181818183 0.06666666666666667 0.026737967914438502 0.022222222222222223
3 0.4288770053475936 0.06666666666666667 0.0481283422459893 0.022222222222222223
3 0.4716577540106952 0.06666666666666667 0.01871657754010695 0.022222222222222223
3 0.5026737967914439 0.06666666666666667 0.02406417112299465 0.022222222222222223
3 0.5347593582887701 0.06666666666666667 0.02085561497326203 0.022222222222222223
3 0.1893048128342246 0.3511111111111111 0.019251336898395723 0.02
3 0.19411764705882353 0.43777777777777777 0.028877005347593583 0.02
3 0.20427807486631017 0.46444444444444444 0.04973262032085562 0.02
3 0.2021390374331551 0.5511111111111111 0.045454545454545456 0.02
3 0.20374331550802138 0.5777777777777777 0.0481283422459893 0.02
3 0.21336898395721926 0.7044444444444444 0.06737967914438503 0.02
3 0.1925133689839572 0.7911111111111111 0.026203208556149733 0.02
3 0.19893048128342247 0.8177777777777778 0.039037433155080216 0.02
3 0.20481283422459892 0.8444444444444444 0.05080213903743316 0.02
3 0.193048128342246 0.8711111111111111 0.026737967914438502 0.02
3 0.21550802139037434 0.8977777777777778 0.07219251336898395 0.02
3 0.20909090909090908 0.9244444444444444 0.059358288770053474 0.02
3 0.19197860962566846 0.9511111111111111 0.025133689839572194 0.02
3 0.1983957219251337 0.9777777777777777 0.03796791443850268 0.02
3 0.2053475935828877 0.3511111111111111 0.0074866310160427805 0.02
3 0.2144385026737968 0.43777777777777777 0.006951871657754011 0.02
3 0.2358288770053476 0.46444444444444444 0.0074866310160427805 0.02
3 0.23155080213903742 0.5511111111111111 0.0074866310160427805 0.02
3 0.23475935828877006 0.5777777777777777 0.0074866310160427805 0.02
3 0.2540106951871658 0.7044444444444444 0.008021390374331552 0.02
3 0.21818181818181817 0.05 0.06149732620320856 0.022222222222222223
3 0.21390374331550802 0.07111111111111111 0.06149732620320856 0.022222222222222223
3 0.2192513368983957 0.13666666666666666 0.07914438502673797 0.022222222222222223
3 0.29358288770053476 0.13666666666666666 0.04919786096256684 0.022222222222222223
3 0.22780748663101605 0.15888888888888889 0.09679144385026738 0.022222222222222223
3 0.25133689839572193 0.17 0.14331550802139037 0.044444444444444446
3 0.2545454545454545 0.1811111111111111 0.06684491978609626 0.022222222222222223