0 0.1996527777777778 0.5949519230769231 0.013888888888888888 0.028846153846153848
0 0.7129629629629629 0.09254807692307693 0.06539351851851852 0.016826923076923076
1 0.3582175925925926 0.3088942307692308 0.16435185185185186 0.34134615384615385
1 0.5318287037037037 0.3088942307692308 0.16435185185185186 0.34134615384615385
1 0.7054398148148148 0.3088942307692308 0.16435185185185186 0.34134615384615385
1 0.3585069444444444 0.8329326923076923 0.16493055555555555 0.3317307692307692
1 0.5321180555555556 0.8329326923076923 0.16493055555555555 0.3317307692307692
1 0.7057291666666666 0.8329326923076923 0.16493055555555555 0.3317307692307692
2 0.1244212962962963 0.5925480769230769 0.03587962962962963 0.030048076923076924
2 0.1707175925925926 0.5925480769230769 0.03587962962962963 0.030048076923076924
3 0.30787037037037035 0.5576923076923077 0.041087962962962965 0.016826923076923076
3 0.48148148148148145 0.5576923076923077 0.041087962962962965 0.016826923076923076
3 0.1244212962962963 0.5949519230769231 0.034722222222222224 0.037259615384615384
3 0.1707175925925926 0.5949519230769231 0.034722222222222224 0.037259615384615384
3 0.1244212962962963 0.5949519230769231 0.034722222222222224 0.037259615384615384
3 0.1707175925925926 0.5949519230769231 0.034722222222222224 0.037259615384615384
3 0.1875 0.17908653846153846 0.16087962962962962 0.036057692307692304
3 0.3582175925925926 0.6021634615384616 0.1412037037037037 0.04326923076923077
3 0.5318287037037037 0.6021634615384616 0.1412037037037037 0.04326923076923077
3 0.7054398148148148 0.5709134615384616 0.1412037037037037 0.04326923076923077
3 0.28761574074074076 0.009615384615384616 0.02662037037037037 0.019230769230769232
3 0.32609953703703703 0.009615384615384616 0.029513888888888888 0.019230769230769232
3 0.37702546296296297 0.009615384615384616 0.052662037037037035 0.019230769230769232
3 0.4230324074074074 0.009615384615384616 0.020833333333333332 0.019230769230769232
3 0.4565972222222222 0.009615384615384616 0.02662037037037037 0.019230769230769232
3 0.4913194444444444 0.009615384615384616 0.023148148148148147 0.019230769230769232
3 0.11747685185185185 0.3137019230769231 0.020833333333333332 0.021634615384615384
3 0.12268518518518519 0.4074519230769231 0.03125 0.021634615384615384
3 0.13368055555555555 0.4362980769230769 0.05381944444444445 0.021634615384615384
3 0.13136574074074073 0.5300480769230769 0.04918981481481482 0.021634615384615384
3 0.13310185185185186 0.5588942307692307 0.052083333333333336 0.021634615384615384
3 0.14351851851851852 0.6959134615384616 0.07291666666666667 0.021634615384615384
3 0.12094907407407407 0.7896634615384616 0.028356481481481483 0.021634615384615384
3 0.12789351851851852 0.8185096153846154 0.04224537037037037 0.021634615384615384
3 0.13425925925925927 0.8473557692307693 0.05497685185185185 0.021634615384615384
3 0.12152777777777778 0.8762019230769231 0.028935185185185185 0.021634615384615384
3 0.14583333333333334 0.9050480769230769 0.078125 0.021634615384615384
3 0.1388888888888889 0.9338942307692307 0.0642361111111111 0.021634615384615384
3 0.12037037037037036 0.9627403846153846 0.027199074074074073 0.021634615384615384
3 0.12731481481481483 0.9897836538461539 0.041666666666666664 0.018028846153846152
3 0.13483796296296297 0.3137019230769231 0.008101851851851851 0.021634615384615384
3 0.14467592592592593 0.4074519230769231 0.007523148148148148 0.021634615384615384
3 0.16782407407407407 0.4362980769230769 0.008101851851851851 0.021634615384615384
3 0.16319444444444445 0.5300480769230769 0.008101851851851851 0.021634615384615384
3 0.16666666666666666 0.5588942307692307 0.008101851851851851 0.021634615384615384
3 0.1875 0.6959134615384616 0.008680555555555556 0.021634615384615384
3 0.1440972222222222 0.01201923076923077 0.06712962962962964 0.02403846153846154
3 0.14988425925925927 0.08173076923076923 0.08564814814814815 0.02403846153846154
3 0.23032407407407407 0.08173076923076923 0.05324074074074074 0.02403846153846154
3 0.15914351851851852 0.10576923076923077 0.10474537037037036 0.02403846153846154
3 0.18460648148148148 0.11778846153846154 0.1550925925925926 0.04807692307692308
3 0.1880787037037037 0.12980769230769232 0.07233796296296297 0.02403846153846154