0 0.584375 0.02918918918918919 0.023958333333333335 0.04216216216216216
1 0.7140625 0.03027027027027027 0.17708333333333334 0.04216216216216216
1 0.2171875 0.2745945945945946 0.052083333333333336 0.10810810810810811
1 0.20833333333333334 0.4454054054054054 0.022916666666666665 0.04756756756756757
1 0.40677083333333336 0.7145945945945946 0.34791666666666665 0.505945945945946
1 0.20833333333333334 0.5102702702702703 0.022916666666666665 0.04756756756756757
1 0.20833333333333334 0.5751351351351351 0.022916666666666665 0.04756756756756757
1 0.20833333333333334 0.64 0.022916666666666665 0.04756756756756757
1 0.20833333333333334 0.7048648648648649 0.022916666666666665 0.04756756756756757
1 0.20833333333333334 0.7697297297297298 0.022916666666666665 0.04756756756756757
2 0.440625 0.02918918918918919 0.31145833333333334 0.04216216216216216
3 0.1828125 0 0 0
3 0.22291666666666668 0.03027027027027027 0.06979166666666667 0.036756756756756756
3 0.6729166666666667 0.08540540540540541 0.057291666666666664 0.021621621621621623
3 0.71875 0.08540540540540541 0.034375 0.021621621621621623
3 0.7609375 0.08540540540540541 0.050520833333333334 0.021621621621621623
3 0.21770833333333334 0.07783783783783783 0.06927083333333334 0.043243243243243246
3 0.30520833333333336 0.08540540540540541 0.04114583333333333 0.021621621621621623
3 0.346875 0.08540540540540541 0.0234375 0.021621621621621623
3 0.38125 0.08540540540540541 0.026041666666666668 0.021621621621621623
3 0.4270833333333333 0.08540540540540541 0.046875 0.021621621621621623
3 0.46875 0.08540540540540541 0.018229166666666668 0.021621621621621623
3 0.49895833333333334 0.08540540540540541 0.0234375 0.021621621621621623
3 0.5302083333333333 0.08540540540540541 0.0203125 0.021621621621621623
3 0.7963541666666667 0.08324324324324324 0.013020833333333334 0.022702702702702703
3 0.7140625 0.03351351351351351 0.17708333333333334 0.04756756756756757
3 0.3015625 0.1372972972972973 0.04739583333333333 0.021621621621621623
3 0.36302083333333335 0.1372972972972973 0.06302083333333333 0.021621621621621623
3 0.41458333333333336 0.1372972972972973 0.027083333333333334 0.021621621621621623
3 0.45729166666666665 0.1372972972972973 0.04635416666666667 0.021621621621621623
3 0.5119791666666667 0.1372972972972973 0.05 0.021621621621621623
3 0.5666666666666667 0.1372972972972973 0.04739583333333333 0.021621621621621623
3 0.3411458333333333 0.27675675675675676 0.3 0.11351351351351352
3 0.21197916666666666 0.3772972972972973 0.050520833333333334 0.015135135135135135
3 0.2890625 0.3772972972972973 0.07708333333333334 0.015135135135135135
3 0.3734375 0.3772972972972973 0.07291666666666667 0.015135135135135135
3 0.4625 0.3772972972972973 0.08645833333333333 0.015135135135135135
3 0.5401041666666667 0.3772972972972973 0.051041666666666666 0.015135135135135135
3 0.5932291666666667 0.3772972972972973 0.03697916666666667 0.015135135135135135
3 0.7760416666666666 0.37945945945945947 0.0546875 0.015135135135135135
3 0.7807291666666667 0.4843243243243243 0.011458333333333333 0.022702702702702703
3 0.66875 0.572972972972973 0.09583333333333334 0.01945945945945946
3 0.6583333333333333 0.7221621621621621 0.07552083333333333 0.01945945945945946
3 0.6796875 0.8108108108108109 0.08645833333333333 0.01945945945945946
3 0.6557291666666667 0.8994594594594595 0.0421875 0.01945945945945946
3 0.6765625 0.6972972972972973 0.11145833333333334 0.01945945945945946
3 0.7036458333333333 0.9502702702702702 0.165625 0.022702702702702703
3 0.20833333333333334 0.4627027027027027 0.026041666666666668 0.023783783783783784
3 0.20833333333333334 0.5275675675675676 0.026041666666666668 0.023783783783783784
3 0.20833333333333334 0.5924324324324325 0.026041666666666668 0.023783783783783784
3 0.20833333333333334 0.6572972972972972 0.026041666666666668 0.023783783783783784
3 0.20833333333333334 0.7221621621621621 0.026041666666666668 0.023783783783783784
3 0.20833333333333334 0.787027027027027 0.026041666666666668 0.023783783783783784
3 0.20833333333333334 0.4627027027027027 0.026041666666666668 0.023783783783783784
3 0.20833333333333334 0.5275675675675676 0.026041666666666668 0.023783783783783784
3 0.20833333333333334 0.5924324324324325 0.026041666666666668 0.023783783783783784
3 0.20833333333333334 0.6572972972972972 0.026041666666666668 0.023783783783783784
3 0.20833333333333334 0.7221621621621621 0.026041666666666668 0.023783783783783784
3 0.20833333333333334 0.787027027027027 0.026041666666666668 0.023783783783783784
3 0.69375 0.5135135135135135 0.14635416666666667 0.08108108108108109
3 0.3734375 0.24432432432432433 0.23489583333333333 0.01945945945945946
3 0.7114583333333333 0.7643243243243243 0.15 0.021621621621621623
3 0.7114583333333333 0.787027027027027 0.15 0.01945945945945946
3 0.7104166666666667 0.8529729729729729 0.1515625 0.021621621621621623
3 0.7104166666666667 0.8756756756756757 0.1515625 0.01945945945945946