0 0.5867724867724867 0.02857142857142857 0.02433862433862434 0.04285714285714286
0 0.7343915343915344 0.15604395604395604 0.059788359788359786 0.015384615384615385
0 0.8005291005291005 0.34615384615384615 0.01904761904761905 0.03956043956043956
1 0.7185185185185186 0.02967032967032967 0.17989417989417988 0.04285714285714286
1 0.4756613756613757 0.3098901098901099 0.05714285714285714 0.14505494505494507
1 0.47354497354497355 0.2879120879120879 0.07724867724867725 0.16043956043956045
1 0.5687830687830688 0.2879120879120879 0.07724867724867725 0.16043956043956045
1 0.6640211640211641 0.2879120879120879 0.07724867724867725 0.16043956043956045
1 0.7592592592592593 0.2879120879120879 0.07724867724867725 0.16043956043956045
1 0.38994708994708993 0.6274725274725275 0.08465608465608465 0.17582417582417584
1 0.38994708994708993 0.8483516483516483 0.08465608465608465 0.17582417582417584
1 0.21957671957671956 0.02967032967032967 0.07089947089947089 0.03736263736263736
2 0.44074074074074077 0.02857142857142857 0.3164021164021164 0.04285714285714286
2 0.4804232804232804 0.02857142857142857 0.007407407407407408 0.015384615384615385
3 0.5216931216931217 0.02967032967032967 0.10634920634920635 0.02857142857142857
3 0.3952380952380952 0.26263736263736265 0.09523809523809523 0.05934065934065934
3 0.3952380952380952 0.34285714285714286 0.09523809523809523 0.06593406593406594
3 0.42592592592592593 0.43626373626373627 0.182010582010582 0.04835164835164835
3 0.47354497354497355 0.44285714285714284 0.07407407407407407 0.03076923076923077
3 0.5687830687830688 0.44285714285714284 0.07407407407407407 0.03076923076923077
3 0.6640211640211641 0.44285714285714284 0.07407407407407407 0.03076923076923077
3 0.7592592592592593 0.44285714285714284 0.07407407407407407 0.03076923076923077
3 0.4656084656084656 0.6351648351648351 0.0417989417989418 0.020879120879120878
3 0.6105820105820106 0.7967032967032966 0.33174603174603173 0.015384615384615385
3 0.48412698412698413 0.8714285714285714 0.07883597883597884 0.020879120879120878
3 0.526984126984127 0.02857142857142857 0.08095238095238096 0.02197802197802198
3 0.526984126984127 0.02857142857142857 0.08095238095238096 0.02197802197802198
3 0.25396825396825395 0.22197802197802197 0.14708994708994708 0.03296703296703297
3 0.6105820105820106 0.5538461538461539 0.33174603174603173 0.02857142857142857
3 0.6105820105820106 0.7747252747252747 0.33174603174603173 0.02857142857142857
3 0.3455026455026455 0.08571428571428572 0.023809523809523808 0.02197802197802198
3 0.38042328042328044 0.08571428571428572 0.026455026455026454 0.02197802197802198
3 0.42698412698412697 0.08571428571428572 0.047619047619047616 0.02197802197802198
3 0.4693121693121693 0.08571428571428572 0.018518518518518517 0.02197802197802198
3 0.5 0.08571428571428572 0.023809523809523808 0.02197802197802198
3 0.5317460317460317 0.08571428571428572 0.020634920634920634 0.02197802197802198
3 0.21481481481481482 0.5142857142857142 0.06878306878306878 0.01978021978021978
3 0.20317460317460317 0.6 0.0455026455026455 0.01978021978021978
3 0.18888888888888888 0.6263736263736264 0.016931216931216932 0.01978021978021978
3 0.2037037037037037 0.6527472527472528 0.04708994708994709 0.01978021978021978
3 0.21005291005291005 0.6791208791208792 0.05925925925925926 0.01978021978021978
3 0.19417989417989417 0.7054945054945055 0.027513227513227514 0.01978021978021978
3 0.21693121693121692 0.7318681318681318 0.07301587301587302 0.01978021978021978
3 0.21164021164021163 0.7582417582417582 0.06296296296296296 0.01978021978021978
3 0.20793650793650795 0.7846153846153846 0.05502645502645503 0.01978021978021978
3 0.18941798941798943 0.810989010989011 0.01798941798941799 0.01978021978021978
3 0.18994708994708995 0.8967032967032967 0.01904761904761905 0.01978021978021978
3 0.1984126984126984 0.9824175824175824 0.03597883597883598 0.01978021978021978
3 0.2597883597883598 0.5142857142857142 0.015873015873015872 0.01978021978021978
3 0.23862433862433863 0.6 0.019576719576719578 0.01978021978021978
3 0.20634920634920634 0.6263736263736264 0.01164021164021164 0.01978021978021978
3 0.2365079365079365 0.6527472527472528 0.01216931216931217 0.01978021978021978
3 0.24867724867724866 0.6791208791208792 0.01216931216931217 0.01978021978021978
3 0.21693121693121692 0.7054945054945055 0.01164021164021164 0.01978021978021978
3 0.2597883597883598 0.7318681318681318 0.007407407407407408 0.01978021978021978
3 0.24973544973544973 0.7582417582417582 0.007407407407407408 0.01978021978021978
3 0.24232804232804234 0.7846153846153846 0.007936507936507936 0.01978021978021978
3 0.20687830687830688 0.810989010989011 0.01164021164021164 0.01978021978021978
3 0.20793650793650795 0.8967032967032967 0.01216931216931217 0.01978021978021978
3 0.22857142857142856 0.9824175824175824 0.01904761904761905 0.01978021978021978
3 0.21851851851851853 0.06923076923076923 0.06084656084656084 0.02197802197802198
3 0.21428571428571427 0.09010989010989011 0.06084656084656084 0.02197802197802198
3 0.22486772486772486 0.15494505494505495 0.08888888888888889 0.02197802197802198
3 0.24232804232804234 0.16593406593406593 0.12433862433862433 0.04395604395604396