0 0.6056756756756757 0.010650224215246636 0.025405405405405406 0.021300448430493273
0 0.23459459459459459 0.2701793721973094 0.010810810810810811 0.02242152466367713
0 0.7562162162162163 0.13789237668161436 0.06108108108108108 0.01569506726457399
1 0.7402702702702703 0.011210762331838564 0.18432432432432433 0.02242152466367713
1 0.4043243243243243 0.29260089686098656 0.08648648648648649 0.17937219730941703
1 0.4043243243243243 0.5179372197309418 0.08648648648648649 0.17937219730941703
1 0.4043243243243243 0.7432735426008968 0.08648648648648649 0.17937219730941703
1 0.23054054054054055 0.010089686098654708 0.07297297297297298 0.020179372197309416
2 0.4564864864864865 0.010650224215246636 0.3237837837837838 0.021300448430493273
2 0.497027027027027 0.003923766816143498 0.008108108108108109 0.007847533632286996
3 0.538918918918919 0.007847533632286996 0.10918918918918918 0.01569506726457399
3 0.48162162162162164 0.3004484304932735 0.042702702702702704 0.021300448430493273
3 0.6297297297297297 0.46524663677130046 0.3389189189189189 0.01569506726457399
3 0.48162162162162164 0.5627802690582959 0.042702702702702704 0.021300448430493273
3 0.6297297297297297 0.6905829596412556 0.3389189189189189 0.01569506726457399
3 0.48162162162162164 0.7881165919282511 0.042702702702702704 0.021300448430493273
3 0.48162162162162164 0.976457399103139 0.042702702702702704 0.021300448430493273
3 0.5443243243243243 0.005605381165919282 0.08324324324324324 0.011210762331838564
3 0.5443243243243243 0.005605381165919282 0.08324324324324324 0.011210762331838564
3 0.2654054054054054 0.1961883408071749 0.15027027027027026 0.033632286995515695
3 0.6297297297297297 0.21748878923766815 0.3389189189189189 0.02914798206278027
3 0.6297297297297297 0.4428251121076233 0.3389189189189189 0.02914798206278027
3 0.6297297297297297 0.6681614349775785 0.3389189189189189 0.02914798206278027
3 0.6297297297297297 0.8934977578475336 0.3389189189189189 0.02914798206278027
3 0.3589189189189189 0.05717488789237668 0.024324324324324326 0.02242152466367713
3 0.3945945945945946 0.05717488789237668 0.02702702702702703 0.02242152466367713
3 0.44216216216216214 0.05717488789237668 0.04864864864864865 0.02242152466367713
3 0.4854054054054054 0.05717488789237668 0.01891891891891892 0.02242152466367713
3 0.5167567567567568 0.05717488789237668 0.024324324324324326 0.02242152466367713
3 0.5491891891891892 0.05717488789237668 0.02108108108108108 0.02242152466367713
3 0.2254054054054054 0.4663677130044843 0.07027027027027027 0.020179372197309416
3 0.21351351351351353 0.5538116591928252 0.046486486486486484 0.020179372197309416
3 0.1989189189189189 0.5807174887892377 0.017297297297297298 0.020179372197309416
3 0.21405405405405406 0.6076233183856502 0.04810810810810811 0.020179372197309416
3 0.22054054054054054 0.6345291479820628 0.06054054054054054 0.020179372197309416
3 0.22756756756756757 0.6614349775784754 0.0745945945945946 0.020179372197309416
3 0.20432432432432432 0.6883408071748879 0.02810810810810811 0.020179372197309416
3 0.19945945945945945 0.7152466367713004 0.018378378378378378 0.020179372197309416
3 0.2 0.8026905829596412 0.01945945945945946 0.020179372197309416
3 0.20756756756756756 0.8901345291479821 0.03513513513513514 0.020179372197309416
3 0.21513513513513513 0.9775784753363229 0.05027027027027027 0.020179372197309416
3 0.2702702702702703 0.4663677130044843 0.014594594594594595 0.020179372197309416
3 0.25027027027027027 0.5538116591928252 0.02108108108108108 0.020179372197309416
3 0.21675675675675676 0.5807174887892377 0.012432432432432432 0.020179372197309416
3 0.24756756756756756 0.6076233183856502 0.012432432432432432 0.020179372197309416
3 0.25891891891891894 0.6345291479820628 0.01027027027027027 0.020179372197309416
3 0.27135135135135136 0.6614349775784754 0.0075675675675675675 0.020179372197309416
3 0.2254054054054054 0.6883408071748879 0.0075675675675675675 0.020179372197309416
3 0.2145945945945946 0.7152466367713004 0.007027027027027027 0.020179372197309416
3 0.21837837837837837 0.8026905829596412 0.011891891891891892 0.020179372197309416
3 0.23405405405405405 0.8901345291479821 0.011891891891891892 0.020179372197309416
3 0.25135135135135134 0.9775784753363229 0.016756756756756756 0.020179372197309416
3 0.22918918918918918 0.04035874439461883 0.062162162162162166 0.02242152466367713
3 0.22486486486486487 0.061659192825112105 0.062162162162162166 0.02242152466367713
3 0.23567567567567568 0.12780269058295965 0.09081081081081081 0.02242152466367713
3 0.25351351351351353 0.13901345291479822 0.12702702702702703 0.04484304932735426