0 0.5958563535911602 0.011467889908256881 0.025966850828729283 0.022935779816513763
0 0.19337016574585636 0.2775229357798165 0.011049723756906077 0.022935779816513763
0 0.7497237569060774 0.14220183486238533 0.062430939226519336 0.016055045871559634
1 0.7334254143646409 0.012041284403669725 0.18839779005524862 0.02408256880733945
1 0.39005524861878454 0.30045871559633025 0.08839779005524862 0.1834862385321101
1 0.39005524861878454 0.5309633027522935 0.08839779005524862 0.1834862385321101
1 0.39005524861878454 0.7614678899082569 0.08839779005524862 0.1834862385321101
1 0.21243093922651934 0.010894495412844037 0.07458563535911603 0.021788990825688075
2 0.44337016574585636 0.011467889908256881 0.330939226519337 0.022935779816513763
2 0.48480662983425415 0.0045871559633027525 0.008287292817679558 0.009174311926605505
3 0.5276243093922652 0.008600917431192661 0.11160220994475138 0.017201834862385322
3 0.6204419889502762 0.24655963302752293 0.34640883977900555 0.016055045871559634
3 0.48839779005524864 0.32454128440366975 0.08232044198895028 0.021788990825688075
3 0.6204419889502762 0.518348623853211 0.34640883977900555 0.016055045871559634
3 0.48839779005524864 0.5963302752293578 0.08232044198895028 0.021788990825688075
3 0.6204419889502762 0.7075688073394495 0.34640883977900555 0.016055045871559634
3 0.48839779005524864 0.7855504587155964 0.08232044198895028 0.021788990825688075
3 0.5331491712707183 0.006307339449541285 0.08508287292817679 0.01261467889908257
3 0.5331491712707183 0.006307339449541285 0.08508287292817679 0.01261467889908257
3 0.24806629834254143 0.2018348623853211 0.15359116022099448 0.034403669724770644
3 0.6204419889502762 0.22362385321100917 0.34640883977900555 0.02981651376146789
3 0.6204419889502762 0.4954128440366973 0.34640883977900555 0.02981651376146789
3 0.6204419889502762 0.6846330275229358 0.34640883977900555 0.02981651376146789
3 0.6204419889502762 0.9151376146788991 0.34640883977900555 0.02981651376146789
3 0.343646408839779 0.05963302752293578 0.024861878453038673 0.022935779816513763
3 0.38011049723756907 0.05963302752293578 0.027624309392265192 0.022935779816513763
3 0.4287292817679558 0.05963302752293578 0.049723756906077346 0.022935779816513763
3 0.47292817679558014 0.05963302752293578 0.019337016574585635 0.022935779816513763
3 0.5049723756906077 0.05963302752293578 0.024861878453038673 0.022935779816513763
3 0.538121546961326 0.05963302752293578 0.02154696132596685 0.022935779816513763
3 0.20718232044198895 0.5665137614678899 0.0718232044198895 0.020642201834862386
3 0.19502762430939227 0.6559633027522935 0.04751381215469613 0.020642201834862386
3 0.2022099447513812 0.6834862385321101 0.061878453038674036 0.020642201834862386
3 0.1856353591160221 0.7110091743119266 0.028729281767955802 0.020642201834862386
3 0.18011049723756906 0.7385321100917431 0.017679558011049725 0.020642201834862386
3 0.2160220994475138 0.8279816513761468 0.09005524861878453 0.020642201834862386
3 0.20386740331491712 0.9174311926605505 0.06574585635359116 0.020642201834862386
3 0.19668508287292819 0.944954128440367 0.05138121546961326 0.020642201834862386
3 0.2513812154696133 0.5665137614678899 0.011602209944751382 0.020642201834862386
3 0.2281767955801105 0.6559633027522935 0.01270718232044199 0.020642201834862386
3 0.24033149171270718 0.6834862385321101 0.0077348066298342545 0.020642201834862386
3 0.20718232044198895 0.7110091743119266 0.0077348066298342545 0.020642201834862386
3 0.19502762430939227 0.7385321100917431 0.0060773480662983425 0.020642201834862386
3 0.269060773480663 0.8279816513761468 0.009944751381215469 0.020642201834862386
3 0.24640883977900552 0.9174311926605505 0.012154696132596685 0.020642201834862386
3 0.2292817679558011 0.944954128440367 0.0077348066298342545 0.020642201834862386
3 0.2110497237569061 0.04243119266055046 0.06353591160220995 0.022935779816513763
3 0.20662983425414364 0.06422018348623854 0.06353591160220995 0.022935779816513763
3 0.2176795580110497 0.13188073394495411 0.09281767955801105 0.022935779816513763
3 0.23591160220994475 0.143348623853211 0.1298342541436464 0.045871559633027525