0 0.6212384259259259 0.013822115384615384 0.027199074074074073 0.027644230769230768
0 0.1996527777777778 0.29447115384615385 0.011574074074074073 0.02403846153846154
0 0.7824074074074074 0.15264423076923078 0.06539351851851852 0.016826923076923076
1 0.7653356481481481 0.014423076923076924 0.19733796296296297 0.028846153846153848
1 0.4056712962962963 0.31850961538461536 0.09259259259259259 0.19230769230769232
1 0.4056712962962963 0.5600961538461539 0.09259259259259259 0.19230769230769232
1 0.4056712962962963 0.8016826923076923 0.09259259259259259 0.19230769230769232
1 0.21961805555555555 0.013221153846153846 0.078125 0.026442307692307692
2 0.4615162037037037 0.013822115384615384 0.34664351851851855 0.027644230769230768
2 0.5049189814814815 0.006610576923076923 0.008680555555555556 0.013221153846153846
3 0.5497685185185185 0.010817307692307692 0.11689814814814815 0.021634615384615384
3 0.6469907407407407 0.2620192307692308 0.3628472222222222 0.016826923076923076
3 0.5086805555555556 0.34375 0.08622685185185185 0.02283653846153846
3 0.6469907407407407 0.546875 0.3628472222222222 0.016826923076923076
3 0.5086805555555556 0.6286057692307693 0.08622685185185185 0.02283653846153846
3 0.6469907407407407 0.7451923076923077 0.3628472222222222 0.016826923076923076
3 0.5086805555555556 0.8269230769230769 0.08622685185185185 0.02283653846153846
3 0.5555555555555556 0.008413461538461538 0.08912037037037036 0.016826923076923076
3 0.5555555555555556 0.008413461538461538 0.08912037037037036 0.016826923076923076
3 0.2569444444444444 0.21514423076923078 0.16087962962962962 0.036057692307692304
3 0.6469907407407407 0.23798076923076922 0.3628472222222222 0.03125
3 0.6469907407407407 0.5228365384615384 0.3628472222222222 0.03125
3 0.6469907407407407 0.7211538461538461 0.3628472222222222 0.03125
3 0.6469907407407407 0.9627403846153846 0.3628472222222222 0.03125
3 0.3570601851851852 0.06610576923076923 0.026041666666666668 0.02403846153846154
3 0.39525462962962965 0.06610576923076923 0.028935185185185185 0.02403846153846154
3 0.4461805555555556 0.06610576923076923 0.052083333333333336 0.02403846153846154
3 0.49247685185185186 0.06610576923076923 0.02025462962962963 0.02403846153846154
3 0.5260416666666666 0.06610576923076923 0.026041666666666668 0.02403846153846154
3 0.5607638888888888 0.06610576923076923 0.022569444444444444 0.02403846153846154
3 0.21412037037037038 0.5973557692307693 0.07523148148148148 0.021634615384615384
3 0.2013888888888889 0.6911057692307693 0.04976851851851852 0.021634615384615384
3 0.20891203703703703 0.7199519230769231 0.06481481481481481 0.021634615384615384
3 0.19155092592592593 0.7487980769230769 0.03009259259259259 0.021634615384615384
3 0.1857638888888889 0.7776442307692307 0.018518518518518517 0.021634615384615384
3 0.22337962962962962 0.8713942307692307 0.0943287037037037 0.021634615384615384
3 0.21064814814814814 0.9651442307692307 0.06886574074074074 0.021634615384615384
3 0.203125 0.9909855769230769 0.05439814814814815 0.015625
3 0.2604166666666667 0.5973557692307693 0.012152777777777778 0.021634615384615384
3 0.2361111111111111 0.6911057692307693 0.013310185185185185 0.021634615384615384
3 0.2488425925925926 0.7199519230769231 0.008101851851851851 0.021634615384615384
3 0.21412037037037038 0.7487980769230769 0.008101851851851851 0.021634615384615384
3 0.2013888888888889 0.7776442307692307 0.00636574074074074 0.021634615384615384
3 0.2789351851851852 0.8713942307692307 0.010416666666666666 0.021634615384615384
3 0.2552083333333333 0.9651442307692307 0.01273148148148148 0.021634615384615384
3 0.23755787037037038 0.9909855769230769 0.008680555555555556 0.015625
3 0.2181712962962963 0.04807692307692308 0.06655092592592593 0.02403846153846154
3 0.21354166666666666 0.07091346153846154 0.06655092592592593 0.02403846153846154
3 0.22511574074074073 0.14182692307692307 0.09722222222222222 0.02403846153846154
3 0.24421296296296297 0.15384615384615385 0.13599537037037038 0.04807692307692308