0 0.5622905027932961 0.010440835266821345 0.026256983240223464 0.02088167053364269
0 0.1553072625698324 0.27842227378190254 0.0111731843575419 0.02320185614849188
0 0.7178770949720671 0.14153132250580047 0.06312849162011173 0.016241299303944315
1 0.7013966480446927 0.011020881670533642 0.19050279329608938 0.022041763341067284
1 0.3541899441340782 0.30162412993039445 0.0893854748603352 0.18561484918793503
1 0.3541899441340782 0.5348027842227379 0.0893854748603352 0.18561484918793503
1 0.3541899441340782 0.7679814385150812 0.0893854748603352 0.18561484918793503
1 0.17458100558659218 0.009860788863109048 0.07541899441340782 0.019721577726218097
2 0.4081005586592179 0.010440835266821345 0.3346368715083799 0.02088167053364269
2 0.45 0.0034802784222737818 0.008379888268156424 0.0069605568445475635
3 0.49329608938547487 0.0075406032482598605 0.11284916201117319 0.015081206496519721
3 0.5871508379888268 0.2470997679814385 0.35027932960893854 0.016241299303944315
3 0.45363128491620114 0.3259860788863109 0.08324022346368715 0.022041763341067284
3 0.5871508379888268 0.5220417633410673 0.35027932960893854 0.016241299303944315
3 0.45363128491620114 0.6009280742459396 0.08324022346368715 0.022041763341067284
3 0.5871508379888268 0.7134570765661253 0.35027932960893854 0.016241299303944315
3 0.45363128491620114 0.7923433874709976 0.08324022346368715 0.022041763341067284
3 0.4988826815642458 0.005220417633410673 0.08603351955307263 0.010440835266821345
3 0.4988826815642458 0.005220417633410673 0.08603351955307263 0.010440835266821345
3 0.2106145251396648 0.20185614849187936 0.1553072625698324 0.03480278422273782
3 0.5871508379888268 0.22389791183294663 0.35027932960893854 0.030162412993039442
3 0.5871508379888268 0.4988399071925754 0.35027932960893854 0.030162412993039442
3 0.5871508379888268 0.6902552204176334 0.35027932960893854 0.030162412993039442
3 0.5871508379888268 0.9234338747099768 0.35027932960893854 0.030162412993039442
3 0.30726256983240224 0.058004640371229696 0.025139664804469275 0.02320185614849188
3 0.34413407821229053 0.058004640371229696 0.027932960893854747 0.02320185614849188
3 0.39329608938547483 0.058004640371229696 0.05027932960893855 0.02320185614849188
3 0.43798882681564244 0.058004640371229696 0.019553072625698324 0.02320185614849188
3 0.47039106145251397 0.058004640371229696 0.025139664804469275 0.02320185614849188
3 0.5039106145251396 0.058004640371229696 0.021787709497206705 0.02320185614849188
3 0.16927374301675976 0.5707656612529002 0.07262569832402235 0.02088167053364269
3 0.1569832402234637 0.6612529002320185 0.048044692737430165 0.02088167053364269
3 0.16424581005586592 0.6890951276102089 0.06256983240223464 0.02088167053364269
3 0.14748603351955308 0.7169373549883991 0.02905027932960894 0.02088167053364269
3 0.1418994413407821 0.7447795823665894 0.017877094972067038 0.02088167053364269
3 0.1782122905027933 0.8352668213457076 0.09106145251396648 0.02088167053364269
3 0.1659217877094972 0.925754060324826 0.0664804469273743 0.02088167053364269
3 0.15865921787709497 0.9535962877030162 0.05195530726256983 0.02088167053364269
3 0.21396648044692737 0.5707656612529002 0.011731843575418994 0.02088167053364269
3 0.19050279329608938 0.6612529002320185 0.012849162011173185 0.02088167053364269
3 0.20279329608938548 0.6890951276102089 0.00782122905027933 0.02088167053364269
3 0.16927374301675976 0.7169373549883991 0.00782122905027933 0.02088167053364269
3 0.1569832402234637 0.7447795823665894 0.006145251396648044 0.02088167053364269
3 0.23184357541899442 0.8352668213457076 0.01005586592178771 0.02088167053364269
3 0.20893854748603352 0.925754060324826 0.012290502793296089 0.02088167053364269
3 0.19162011173184357 0.9535962877030162 0.00782122905027933 0.02088167053364269
3 0.17318435754189945 0.04060324825986079 0.06424581005586592 0.02320185614849188
3 0.16871508379888267 0.06264501160092807 0.06424581005586592 0.02320185614849188
3 0.17988826815642459 0.13109048723897912 0.09385474860335195 0.02320185614849188
3 0.19832402234636873 0.14269141531322505 0.13128491620111732 0.04640371229698376