0 0.597027027027027 0.010089686098654708 0.025405405405405406 0.020179372197309416
0 0.2572972972972973 0.26905829596412556 0.010810810810810811 0.02242152466367713
0 0.7475675675675676 0.12780269058295965 0.06108108108108108 0.01569506726457399
0 0.8264864864864865 0.21188340807174888 0.017297297297297298 0.03587443946188341
1 0.7316216216216216 0.010650224215246636 0.18432432432432433 0.021300448430493273
1 0.3567567567567568 0.21300448430493274 0.02972972972972973 0.061659192825112105
1 0.4783783783783784 0.21300448430493274 0.02972972972972973 0.061659192825112105
1 0.6 0.21300448430493274 0.02972972972972973 0.061659192825112105
1 0.7216216216216216 0.21300448430493274 0.02972972972972973 0.061659192825112105
1 0.3956756756756757 0.3834080717488789 0.08648648648648649 0.17937219730941703
1 0.3956756756756757 0.6087443946188341 0.08648648648648649 0.17937219730941703
1 0.3956756756756757 0.8340807174887892 0.08648648648648649 0.17937219730941703
1 0.2218918918918919 0.00952914798206278 0.07297297297297298 0.01905829596412556
2 0.4478378378378378 0.010089686098654708 0.3237837837837838 0.020179372197309416
2 0.48945945945945946 0.0033632286995515697 0.008108108108108109 0.006726457399103139
3 0.5308108108108108 0.0072869955156950675 0.10810810810810811 0.014573991031390135
3 0.6210810810810811 0.3307174887892377 0.3389189189189189 0.01569506726457399
3 0.4918918918918919 0.4069506726457399 0.08054054054054054 0.021300448430493273
3 0.6210810810810811 0.5964125560538116 0.3389189189189189 0.01569506726457399
3 0.4918918918918919 0.672645739910314 0.08054054054054054 0.021300448430493273
3 0.6210810810810811 0.781390134529148 0.3389189189189189 0.01569506726457399
3 0.4918918918918919 0.8576233183856502 0.08054054054054054 0.021300448430493273
3 0.5362162162162162 0.005044843049327354 0.08216216216216216 0.010089686098654708
3 0.5362162162162162 0.005044843049327354 0.08216216216216216 0.010089686098654708
3 0.25675675675675674 0.19506726457399104 0.15027027027027026 0.033632286995515695
3 0.6210810810810811 0.30829596412556054 0.3389189189189189 0.02914798206278027
3 0.6210810810810811 0.5739910313901345 0.3389189189189189 0.02914798206278027
3 0.6210810810810811 0.7589686098654709 0.3389189189189189 0.02914798206278027
3 0.6210810810810811 0.984304932735426 0.3389189189189189 0.02914798206278027
3 0.4118918918918919 0.19955156950672645 0.07027027027027027 0.021300448430493273
3 0.5335135135135135 0.19955156950672645 0.07027027027027027 0.021300448430493273
3 0.6551351351351351 0.19955156950672645 0.07027027027027027 0.021300448430493273
3 0.7767567567567567 0.19955156950672645 0.07027027027027027 0.021300448430493273
3 0.35027027027027025 0.05605381165919283 0.024324324324324326 0.02242152466367713
3 0.38594594594594595 0.05605381165919283 0.02702702702702703 0.02242152466367713
3 0.4335135135135135 0.05605381165919283 0.04864864864864865 0.02242152466367713
3 0.47675675675675677 0.05605381165919283 0.01891891891891892 0.02242152466367713
3 0.5081081081081081 0.05605381165919283 0.024324324324324326 0.02242152466367713
3 0.5405405405405406 0.05605381165919283 0.02108108108108108 0.02242152466367713
3 0.20486486486486485 0.5515695067264574 0.046486486486486484 0.020179372197309416
3 0.19027027027027027 0.57847533632287 0.017297297297297298 0.020179372197309416
3 0.20540540540540542 0.6053811659192825 0.04810810810810811 0.020179372197309416
3 0.2118918918918919 0.6322869955156951 0.06054054054054054 0.020179372197309416
3 0.19567567567567568 0.6591928251121076 0.02810810810810811 0.020179372197309416
3 0.1908108108108108 0.6860986547085202 0.018378378378378378 0.020179372197309416
3 0.19135135135135134 0.773542600896861 0.01945945945945946 0.020179372197309416
3 0.2 0.8609865470852018 0.036756756756756756 0.020179372197309416
3 0.2254054054054054 0.8878923766816144 0.08810810810810811 0.020179372197309416
3 0.19837837837837838 0.9753363228699552 0.03351351351351351 0.020179372197309416
3 0.23945945945945946 0.5515695067264574 0.016756756756756756 0.020179372197309416
3 0.20702702702702702 0.57847533632287 0.00972972972972973 0.020179372197309416
3 0.23675675675675675 0.6053811659192825 0.008108108108108109 0.020179372197309416
3 0.2491891891891892 0.6322869955156951 0.008108108108108109 0.020179372197309416
3 0.21675675675675676 0.6591928251121076 0.008108108108108109 0.020179372197309416
3 0.2064864864864865 0.6860986547085202 0.0075675675675675675 0.020179372197309416
3 0.20756756756756756 0.773542600896861 0.0075675675675675675 0.020179372197309416
3 0.2281081081081081 0.8609865470852018 0.014594594594594595 0.020179372197309416
3 0.28054054054054056 0.8878923766816144 0.016216216216216217 0.020179372197309416
3 0.22648648648648648 0.9753363228699552 0.016216216216216217 0.020179372197309416
3 0.22054054054054054 0.03923766816143498 0.062162162162162166 0.02242152466367713
3 0.21621621621621623 0.06053811659192825 0.062162162162162166 0.02242152466367713
3 0.22702702702702704 0.1266816143497758 0.09081081081081081 0.02242152466367713
3 0.24486486486486486 0.13789237668161436 0.12702702702702703 0.04484304932735426