0 0.5650172612197929 0.029904306220095694 0.026467203682393557 0.04665071770334928
0 0.7255466052934407 0.21770334928229665 0.06501726121979287 0.01674641148325359
0 0.6133486766398158 0.8624401913875598 0.03452243958573072 0.03110047846889952
1 0.7082853855005754 0.03110047846889952 0.1956271576524741 0.04665071770334928
1 0.35097813578826237 0.3827751196172249 0.09205983889528194 0.19138755980861244
1 0.35097813578826237 0.6279904306220095 0.09205983889528194 0.19138755980861244
1 0.35097813578826237 0.868421052631579 0.09205983889528194 0.19138755980861244
1 0.16570771001150747 0.03110047846889952 0.07710011507479862 0.04066985645933014
2 0.4062140391254315 0.029904306220095694 0.3440736478711162 0.04665071770334928
2 0.42922899884925203 0.029904306220095694 0.00805523590333717 0.01674641148325359
3 0.4844649021864212 0.03110047846889952 0.13578826237054084 0.03110047846889952
3 0.4441887226697353 0.4569377990430622 0.06731875719217491 0.022727272727272728
3 0.5834292289988493 0.8624401913875598 0.020713463751438434 0.0215311004784689
3 0.4902186421173763 0.029904306220095694 0.10817031070195628 0.023923444976076555
3 0.4902186421173763 0.029904306220095694 0.10817031070195628 0.023923444976076555
3 0.20310701956271576 0.27392344497607657 0.15995397008055237 0.07177033492822966
3 0.5909090909090909 0.3456937799043062 0.36075949367088606 0.03110047846889952
3 0.5909090909090909 0.5478468899521531 0.36075949367088606 0.03110047846889952
3 0.5909090909090909 0.7882775119617225 0.36075949367088606 0.03110047846889952
3 0.30264672036823936 0.09210526315789473 0.025891829689298044 0.023923444976076555
3 0.34062140391254314 0.09210526315789473 0.028768699654775604 0.023923444976076555
3 0.3912543153049482 0.09210526315789473 0.05178365937859609 0.023923444976076555
3 0.4372842347525892 0.09210526315789473 0.020138089758342925 0.023923444976076555
3 0.4706559263521289 0.09210526315789473 0.025891829689298044 0.023923444976076555
3 0.5051783659378596 0.09210526315789473 0.02243958573072497 0.023923444976076555
3 0.16052934407364788 0.6100478468899522 0.07479861910241657 0.0215311004784689
3 0.17088607594936708 0.7033492822966507 0.09551208285385501 0.0215311004784689
3 0.1622554660529344 0.7320574162679426 0.07882623705408516 0.0215311004784689
3 0.16915995397008055 0.7607655502392344 0.09263521288837745 0.0215311004784689
3 0.16455696202531644 0.7894736842105263 0.08285385500575373 0.0215311004784689
3 0.17031070195627157 0.8181818181818182 0.09436133486766399 0.0215311004784689
3 0.17088607594936708 0.84688995215311 0.09551208285385501 0.0215311004784689
3 0.16513233601841196 0.8755980861244019 0.08457997698504027 0.0215311004784689
3 0.14154200230149597 0.9043062200956937 0.03682393555811277 0.0215311004784689
3 0.15304948216340622 0.9330143540669856 0.05983889528193326 0.0215311004784689
3 0.21173762945914845 0.6100478468899522 0.02243958573072497 0.0215311004784689
3 0.23532796317606444 0.7033492822966507 0.02819332566168009 0.0215311004784689
3 0.21749136939010358 0.7320574162679426 0.02531645569620253 0.0215311004784689
3 0.23245109321058688 0.7607655502392344 0.026467203682393557 0.0215311004784689
3 0.22324510932105868 0.7894736842105263 0.028768699654775604 0.0215311004784689
3 0.23417721518987342 0.8181818181818182 0.02819332566168009 0.0215311004784689
3 0.23647871116225547 0.84688995215311 0.028768699654775604 0.0215311004784689
3 0.22324510932105868 0.8755980861244019 0.025891829689298044 0.0215311004784689
3 0.1760644418872267 0.9043062200956937 0.026467203682393557 0.0215311004784689
3 0.1996547756041427 0.9330143540669856 0.02704257767548907 0.0215311004784689
3 0.16455696202531644 0.07416267942583732 0.0661680092059839 0.023923444976076555
3 0.15995397008055237 0.09688995215311005 0.0661680092059839 0.023923444976076555
3 0.16570771001150747 0.2069377990430622 0.08515535097813579 0.023923444976076555