0 0.5616319444444444 0.015625 0.027199074074074073 0.03125
0 0.20949074074074073 0.7163461538461539 0.013888888888888888 0.028846153846153848
0 0.7228009259259259 0.15625 0.06539351851851852 0.016826923076923076
1 0.7057291666666666 0.01622596153846154 0.19733796296296297 0.03245192307692308
1 0.3460648148148148 0.32211538461538464 0.09259259259259259 0.19230769230769232
1 0.3460648148148148 0.5637019230769231 0.09259259259259259 0.19230769230769232
1 0.3460648148148148 0.8052884615384616 0.09259259259259259 0.19230769230769232
1 0.16001157407407407 0.015024038461538462 0.078125 0.030048076923076924
2 0.4019097222222222 0.015625 0.34664351851851855 0.03125
2 0.4765625 0.008413461538461538 0.008680555555555556 0.016826923076923076
2 0.13425925925925927 0.7139423076923077 0.03587962962962963 0.030048076923076924
2 0.18055555555555555 0.7139423076923077 0.03587962962962963 0.030048076923076924
3 0.5057870370370371 0.012620192307692308 0.08564814814814815 0.025240384615384616
3 0.5115740740740741 0.010216346153846154 0.05787037037037037 0.020432692307692308
3 0.13425925925925927 0.7163461538461539 0.034722222222222224 0.037259615384615384
3 0.18055555555555555 0.7163461538461539 0.034722222222222224 0.037259615384615384
3 0.5115740740740741 0.010216346153846154 0.05787037037037037 0.020432692307692308
3 0.13425925925925927 0.7163461538461539 0.034722222222222224 0.037259615384615384
3 0.18055555555555555 0.7163461538461539 0.034722222222222224 0.037259615384615384
3 0.19733796296296297 0.24278846153846154 0.16087962962962962 0.036057692307692304
3 0.5873842592592593 0.24158653846153846 0.3628472222222222 0.03125
3 0.5873842592592593 0.4831730769230769 0.3628472222222222 0.03125
3 0.5873842592592593 0.7680288461538461 0.3628472222222222 0.03125
3 0.5873842592592593 0.9663461538461539 0.3628472222222222 0.03125
3 0.2974537037037037 0.06971153846153846 0.026041666666666668 0.02403846153846154
3 0.33564814814814814 0.06971153846153846 0.028935185185185185 0.02403846153846154
3 0.38657407407407407 0.06971153846153846 0.052083333333333336 0.02403846153846154
3 0.43287037037037035 0.06971153846153846 0.02025462962962963 0.02403846153846154
3 0.4664351851851852 0.06971153846153846 0.026041666666666668 0.02403846153846154
3 0.5011574074074074 0.06971153846153846 0.022569444444444444 0.02403846153846154
3 0.1545138888888889 0.37740384615384615 0.07523148148148148 0.021634615384615384
3 0.14467592592592593 0.47115384615384615 0.05555555555555555 0.021634615384615384
3 0.15046296296296297 0.5 0.06770833333333333 0.021634615384615384
3 0.13194444444444445 0.59375 0.03009259259259259 0.021634615384615384
3 0.13483796296296297 0.6225961538461539 0.03587962962962963 0.021634615384615384
3 0.13425925925925927 0.6514423076923077 0.03530092592592592 0.021634615384615384
3 0.14641203703703703 0.6802884615384616 0.059027777777777776 0.021634615384615384
3 0.12731481481481483 0.8173076923076923 0.020833333333333332 0.021634615384615384
3 0.13541666666666666 0.9110576923076923 0.03761574074074074 0.021634615384615384
3 0.12876157407407407 0.9963942307692307 0.023726851851851853 0.004807692307692308
3 0.19907407407407407 0.37740384615384615 0.008101851851851851 0.021634615384615384
3 0.1857638888888889 0.47115384615384615 0.02141203703703704 0.021634615384615384
3 0.19560185185185186 0.5 0.015625 0.021634615384615384
3 0.15393518518518517 0.59375 0.008101851851851851 0.021634615384615384
3 0.16203703703703703 0.6225961538461539 0.01273148148148148 0.021634615384615384
3 0.16377314814814814 0.6514423076923077 0.01678240740740741 0.021634615384615384
3 0.18171296296296297 0.6802884615384616 0.005787037037037037 0.021634615384615384
3 0.14641203703703703 0.8173076923076923 0.012152777777777778 0.021634615384615384
3 0.16608796296296297 0.9110576923076923 0.017361111111111112 0.021634615384615384
3 0.15104166666666666 0.9963942307692307 0.016203703703703703 0.004807692307692308
3 0.15856481481481483 0.051682692307692304 0.06655092592592593 0.02403846153846154
3 0.15393518518518517 0.07451923076923077 0.06655092592592593 0.02403846153846154
3 0.1597222222222222 0.14543269230769232 0.08564814814814815 0.02403846153846154
3 0.19328703703703703 0.15745192307692307 0.15335648148148148 0.04807692307692308
3 0.19791666666666666 0.16947115384615385 0.09606481481481481 0.02403846153846154
3 0.13136574074074073 0.1935096153846154 0.028935185185185185 0.02403846153846154