0 0.584375 0.02918918918918919 0.023958333333333335 0.04216216216216216
0 0.6864583333333333 0.6605405405405406 0.13125 0.01945945945945946
0 0.7036458333333333 0.7221621621621621 0.165625 0.05189189189189189
0 0.7036458333333333 0.7827027027027027 0.165625 0.05189189189189189
1 0.7140625 0.03027027027027027 0.17708333333333334 0.04216216216216216
1 0.20833333333333334 0.19675675675675675 0.022916666666666665 0.04756756756756757
1 0.40677083333333336 0.46594594594594596 0.34791666666666665 0.505945945945946
1 0.20833333333333334 0.2616216216216216 0.022916666666666665 0.04756756756756757
1 0.20833333333333334 0.3264864864864865 0.022916666666666665 0.04756756756756757
1 0.20833333333333334 0.39135135135135135 0.022916666666666665 0.04756756756756757
1 0.20833333333333334 0.4562162162162162 0.022916666666666665 0.04756756756756757
1 0.20833333333333334 0.5210810810810811 0.022916666666666665 0.04756756756756757
1 0.20833333333333334 0.585945945945946 0.022916666666666665 0.04756756756756757
1 0.20833333333333334 0.6508108108108108 0.022916666666666665 0.04756756756756757
2 0.440625 0.02918918918918919 0.31145833333333334 0.04216216216216216
3 0.1828125 0 0 0
3 0.22291666666666668 0.03027027027027027 0.06979166666666667 0.036756756756756756
3 0.6729166666666667 0.08540540540540541 0.057291666666666664 0.021621621621621623
3 0.71875 0.08540540540540541 0.034375 0.021621621621621623
3 0.7609375 0.08540540540540541 0.050520833333333334 0.021621621621621623
3 0.21770833333333334 0.07783783783783783 0.06927083333333334 0.043243243243243246
3 0.30520833333333336 0.08540540540540541 0.04114583333333333 0.021621621621621623
3 0.346875 0.08540540540540541 0.0234375 0.021621621621621623
3 0.38125 0.08540540540540541 0.026041666666666668 0.021621621621621623
3 0.4270833333333333 0.08540540540540541 0.046875 0.021621621621621623
3 0.46875 0.08540540540540541 0.018229166666666668 0.021621621621621623
3 0.49895833333333334 0.08540540540540541 0.0234375 0.021621621621621623
3 0.5302083333333333 0.08540540540540541 0.0203125 0.021621621621621623
3 0.7963541666666667 0.08324324324324324 0.013020833333333334 0.022702702702702703
3 0.7140625 0.03351351351351351 0.17708333333333334 0.04756756756756757
3 0.21197916666666666 0.12864864864864864 0.050520833333333334 0.015135135135135135
3 0.2953125 0.12864864864864864 0.08958333333333333 0.015135135135135135
3 0.3651041666666667 0.12864864864864864 0.03177083333333333 0.015135135135135135
3 0.4046875 0.12864864864864864 0.0296875 0.015135135135135135
3 0.45677083333333335 0.12864864864864864 0.05572916666666667 0.015135135135135135
3 0.7760416666666666 0.1308108108108108 0.0546875 0.015135135135135135
3 0.7807291666666667 0.23567567567567568 0.011458333333333333 0.022702702702702703
3 0.6640625 0.2972972972972973 0.08645833333333333 0.01945945945945946
3 0.6583333333333333 0.40216216216216216 0.07552083333333333 0.01945945945945946
3 0.6708333333333333 0.4908108108108108 0.06875 0.01945945945945946
3 0.6916666666666667 0.5437837837837838 0.058333333333333334 0.021621621621621623
3 0.6635416666666667 0.8443243243243244 0.058333333333333334 0.021621621621621623
3 0.6604166666666667 0.9027027027027027 0.052083333333333336 0.021621621621621623
3 0.6583333333333333 0.3772972972972973 0.07552083333333333 0.01945945945945946
3 0.6708333333333333 0.5632432432432433 0.1 0.01945945945945946
3 0.20833333333333334 0.21405405405405406 0.026041666666666668 0.023783783783783784
3 0.20833333333333334 0.2789189189189189 0.026041666666666668 0.023783783783783784
3 0.20833333333333334 0.34378378378378377 0.026041666666666668 0.023783783783783784
3 0.20833333333333334 0.40864864864864864 0.026041666666666668 0.023783783783783784
3 0.20833333333333334 0.4735135135135135 0.026041666666666668 0.023783783783783784
3 0.20833333333333334 0.5383783783783784 0.026041666666666668 0.023783783783783784
3 0.20833333333333334 0.6032432432432432 0.026041666666666668 0.023783783783783784
3 0.20833333333333334 0.6681081081081081 0.026041666666666668 0.023783783783783784
3 0.20833333333333334 0.21405405405405406 0.026041666666666668 0.023783783783783784
3 0.20833333333333334 0.2789189189189189 0.026041666666666668 0.023783783783783784
3 0.20833333333333334 0.34378378378378377 0.026041666666666668 0.023783783783783784
3 0.20833333333333334 0.40864864864864864 0.026041666666666668 0.023783783783783784
3 0.20833333333333334 0.4735135135135135 0.026041666666666668 0.023783783783783784
3 0.20833333333333334 0.5383783783783784 0.026041666666666668 0.023783783783783784
3 0.20833333333333334 0.6032432432432432 0.026041666666666668 0.023783783783783784
3 0.20833333333333334 0.6681081081081081 0.026041666666666668 0.023783783783783784
3 0.69375 0.2518918918918919 0.14635416666666667 0.05405405405405406
3 0.7114583333333333 0.44432432432432434 0.15 0.021621621621621623
3 0.7114583333333333 0.46702702702702703 0.15 0.01945945945945946
3 0.7104166666666667 0.8540540540540541 0.15208333333333332 0.03891891891891892
3 0.7104166666666667 0.9027027027027027 0.15208333333333332 0.01945945945945946
3 0.6708333333333333 0.5437837837837838 0.1 0.018378378378378378
3 0.6979166666666666 0.6183783783783784 0.15416666666666667 0.021621621621621623