0 0.7706214689265537 0.08333333333333333 0.06384180790960452 0.01643192488262911
0 0.8412429378531073 0.2863849765258216 0.020338983050847456 0.04225352112676056
1 0.4943502824858757 0.2476525821596244 0.061016949152542375 0.15492957746478872
1 0.492090395480226 0.22417840375586853 0.08248587570621468 0.17136150234741784
1 0.5937853107344633 0.22417840375586853 0.08248587570621468 0.17136150234741784
1 0.6954802259887005 0.22417840375586853 0.08248587570621468 0.17136150234741784
1 0.7971751412429379 0.22417840375586853 0.08248587570621468 0.17136150234741784
1 0.4242937853107345 0.636150234741784 0.16045197740112993 0.3333333333333333
1 0.5937853107344633 0.636150234741784 0.16045197740112993 0.3333333333333333
1 0.7632768361581921 0.636150234741784 0.16045197740112993 0.3333333333333333
3 0.40847457627118644 0.19718309859154928 0.1016949152542373 0.06338028169014084
3 0.40847457627118644 0.2828638497652582 0.1016949152542373 0.07042253521126761
3 0.44124293785310736 0.3826291079812207 0.1943502824858757 0.051643192488262914
3 0.492090395480226 0.38967136150234744 0.07909604519774012 0.03286384976525822
3 0.5937853107344633 0.38967136150234744 0.07909604519774012 0.03286384976525822
3 0.6954802259887005 0.38967136150234744 0.07909604519774012 0.03286384976525822
3 0.7971751412429379 0.38967136150234744 0.07909604519774012 0.03286384976525822
3 0.3751412429378531 0.9002347417840375 0.04011299435028248 0.01643192488262911
3 0.4242937853107345 0.9741784037558685 0.13785310734463277 0.015258215962441314
3 0.2576271186440678 0.13028169014084506 0.15706214689265538 0.035211267605633804
3 0.4242937853107345 0.9436619718309859 0.13785310734463277 0.04225352112676056
3 0.5937853107344633 0.9131455399061033 0.13785310734463277 0.04225352112676056
3 0.7632768361581921 0.892018779342723 0.13785310734463277 0.04225352112676056
3 0.3553672316384181 0.01056338028169014 0.02598870056497175 0.02112676056338028
3 0.39293785310734464 0.01056338028169014 0.0288135593220339 0.02112676056338028
3 0.4426553672316384 0.01056338028169014 0.05141242937853107 0.02112676056338028
3 0.48757062146892655 0.01056338028169014 0.020338983050847456 0.02112676056338028
3 0.5203389830508475 0.01056338028169014 0.02598870056497175 0.02112676056338028
3 0.5542372881355933 0.01056338028169014 0.022598870056497175 0.02112676056338028
3 0.21581920903954802 0.26173708920187794 0.07344632768361582 0.02112676056338028
3 0.19265536723163842 0.3532863849765258 0.02711864406779661 0.02112676056338028
3 0.19265536723163842 0.3814553990610329 0.02768361581920904 0.02112676056338028
3 0.188135593220339 0.4096244131455399 0.01864406779661017 0.02112676056338028
3 0.19096045197740114 0.43779342723004694 0.023728813559322035 0.02112676056338028
3 0.19152542372881357 0.465962441314554 0.024858757062146894 0.02112676056338028
3 0.19548022598870057 0.49413145539906106 0.0327683615819209 0.02112676056338028
3 0.1903954802259887 0.5223004694835681 0.023163841807909605 0.02112676056338028
3 0.19491525423728814 0.5504694835680751 0.03220338983050847 0.02112676056338028
3 0.1903954802259887 0.5786384976525821 0.023163841807909605 0.02112676056338028
3 0.18587570621468927 0.7018779342723005 0.013559322033898305 0.02112676056338028
3 0.2016949152542373 0.7300469483568075 0.04519774011299435 0.02112676056338028
3 0.19378531073446328 0.7582159624413145 0.02937853107344633 0.02112676056338028
3 0.19491525423728814 0.8497652582159625 0.03220338983050847 0.02112676056338028
3 0.1977401129943503 0.8779342723004695 0.03785310734463277 0.02112676056338028
3 0.1977401129943503 0.9061032863849765 0.03785310734463277 0.02112676056338028
3 0.1977401129943503 0.9342723004694836 0.03785310734463277 0.02112676056338028
3 0.2096045197740113 0.9624413145539906 0.061016949152542375 0.02112676056338028
3 0.2632768361581921 0.26173708920187794 0.01638418079096045 0.02112676056338028
3 0.2175141242937853 0.3532863849765258 0.01694915254237288 0.02112676056338028
3 0.21807909604519773 0.3814553990610329 0.01694915254237288 0.02112676056338028
3 0.2096045197740113 0.4096244131455399 0.01751412429378531 0.02112676056338028
3 0.2135593220338983 0.43779342723004694 0.01638418079096045 0.02112676056338028
3 0.21412429378531073 0.465962441314554 0.014689265536723164 0.02112676056338028
3 0.22372881355932203 0.49413145539906106 0.01751412429378531 0.02112676056338028
3 0.21412429378531073 0.5223004694835681 0.01751412429378531 0.02112676056338028
3 0.22259887005649717 0.5504694835680751 0.01694915254237288 0.02112676056338028
3 0.2135593220338983 0.5786384976525821 0.015819209039548022 0.02112676056338028
3 0.20564971751412428 0.7018779342723005 0.020903954802259886 0.02112676056338028
3 0.2384180790960452 0.7300469483568075 0.021468926553672316 0.02112676056338028
3 0.22033898305084745 0.7582159624413145 0.01694915254237288 0.02112676056338028
3 0.21977401129943502 0.8497652582159625 0.010734463276836158 0.02112676056338028
3 0.22768361581920904 0.8779342723004695 0.015254237288135594 0.02112676056338028
3 0.22768361581920904 0.9061032863849765 0.015254237288135594 0.02112676056338028
3 0.23220338983050848 0.9342723004694836 0.023728813559322035 0.02112676056338028
3 0.2514124293785311 0.9624413145539906 0.01751412429378531 0.02112676056338028
3 0.21525423728813559 0.012910798122065728 0.06497175141242938 0.023474178403755867
3 0.2305084745762712 0.08215962441314555 0.10282485875706214 0.023474178403755867
3 0.30621468926553674 0.08215962441314555 0.02824858757062147 0.023474178403755867