0 0.5998293515358362 0.010638297872340425 0.026734926052332197 0.02127659574468085
0 0.19908987485779295 0.32269503546099293 0.011376564277588168 0.02364066193853428
0 0.25369738339021614 0.7718676122931442 0.013651877133105802 0.028368794326241134
0 0.7582480091012515 0.18321513002364065 0.06427758816837315 0.016548463356973995
1 0.7414675767918089 0.011229314420803783 0.19397042093287828 0.022458628841607566
1 0.40955631399317405 0.3959810874704492 0.161547212741752 0.33569739952718675
1 0.5802047781569966 0.3959810874704492 0.161547212741752 0.33569739952718675
1 0.7508532423208191 0.3959810874704492 0.161547212741752 0.33569739952718675
1 0.20506257110352674 0.01004728132387707 0.07679180887372014 0.02009456264775414
2 0.44283276450511944 0.010638297872340425 0.34072810011376564 0.02127659574468085
2 0.5167804323094426 0.0035460992907801418 0.008532423208191127 0.0070921985815602835
2 0.17974971558589306 0.7695035460992907 0.03526734926052332 0.02955082742316785
2 0.22525597269624573 0.7695035460992907 0.03526734926052332 0.02955082742316785
3 0.5457906712172924 0.0076832151300236405 0.08361774744027303 0.015366430260047281
3 0.5514789533560864 0.005319148936170213 0.05631399317406143 0.010638297872340425
3 0.17974971558589306 0.7718676122931442 0.034129692832764506 0.03664302600472813
3 0.22525597269624573 0.7718676122931442 0.034129692832764506 0.03664302600472813
3 0.5514789533560864 0.005319148936170213 0.05631399317406143 0.010638297872340425
3 0.17974971558589306 0.7718676122931442 0.034129692832764506 0.03664302600472813
3 0.22525597269624573 0.7718676122931442 0.034129692832764506 0.03664302600472813
3 0.24175199089874858 0.24468085106382978 0.15813424345847554 0.03546099290780142
3 0.40955631399317405 0.6749408983451537 0.13879408418657566 0.0425531914893617
3 0.5802047781569966 0.6536643026004728 0.13879408418657566 0.0425531914893617
3 0.7508532423208191 0.6536643026004728 0.13879408418657566 0.0425531914893617
3 0.34015927189988626 0.0591016548463357 0.025597269624573378 0.02364066193853428
3 0.37770193401592717 0.0591016548463357 0.02844141069397042 0.02364066193853428
3 0.42775881683731515 0.0591016548463357 0.051194539249146756 0.02364066193853428
3 0.4732650739476678 0.0591016548463357 0.019908987485779295 0.02364066193853428
3 0.5062571103526735 0.0591016548463357 0.025597269624573378 0.02364066193853428
3 0.540386803185438 0.0591016548463357 0.02218430034129693 0.02364066193853428
3 0.19965870307167236 0.4385342789598109 0.07394766780432309 0.02127659574468085
3 0.1695108077360637 0.5307328605200946 0.013651877133105802 0.02127659574468085
3 0.18543799772468714 0.5591016548463357 0.04550625711035267 0.02127659574468085
3 0.18145620022753128 0.6513002364066194 0.03811149032992037 0.02127659574468085
3 0.18145620022753128 0.6796690307328606 0.03811149032992037 0.02127659574468085
3 0.18145620022753128 0.7080378250591016 0.03811149032992037 0.02127659574468085
3 0.19340159271899887 0.7364066193853428 0.06143344709897611 0.02127659574468085
3 0.17918088737201365 0.8711583924349882 0.03299203640500569 0.02127659574468085
3 0.17292377701934017 0.8995271867612293 0.020477815699658702 0.02127659574468085
3 0.17690557451649602 0.9899527186761229 0.02957906712172924 0.01773049645390071
3 0.24516496018202502 0.4385342789598109 0.011945392491467578 0.02127659574468085
3 0.18771331058020477 0.5307328605200946 0.017064846416382253 0.02127659574468085
3 0.21786120591581343 0.5591016548463357 0.013083048919226393 0.02127659574468085
3 0.20705346985210465 0.6513002364066194 0.006257110352673493 0.02127659574468085
3 0.20819112627986347 0.6796690307328606 0.007963594994311717 0.02127659574468085
3 0.21217292377701935 0.7080378250591016 0.015927189988623434 0.02127659574468085
3 0.229806598407281 0.7364066193853428 0.006257110352673493 0.02127659574468085
3 0.20648464163822525 0.8711583924349882 0.016496018202502846 0.02127659574468085
3 0.19112627986348124 0.8995271867612293 0.010238907849829351 0.02127659574468085
3 0.20392491467576793 0.9899527186761229 0.01763367463026166 0.01773049645390071
3 0.2036405005688282 0.041371158392434985 0.06541524459613197 0.02364066193853428
3 0.19908987485779295 0.06382978723404255 0.06541524459613197 0.02364066193853428
3 0.21444823663253698 0.17257683215130024 0.10352673492605233 0.02364066193853428
3 0.2906712172923777 0.17257683215130024 0.02844141069397042 0.02364066193853428
3 0.17633674630261661 0.19621749408983452 0.027872582480091012 0.02364066193853428