0 0.5894736842105263 0.022975929978118162 0.024210526315789474 0.04266958424507659
0 0.21947368421052632 0.3238512035010941 0.010526315789473684 0.02188183807439825
0 0.2694736842105263 0.7658643326039387 0.01263157894736842 0.0262582056892779
0 0.7363157894736843 0.19474835886214442 0.05947368421052632 0.015317286652078774
1 0.7205263157894737 0.024070021881838075 0.17894736842105263 0.04266958424507659
1 0.41368421052631577 0.3916849015317287 0.14947368421052631 0.31072210065645517
1 0.5715789473684211 0.3916849015317287 0.14947368421052631 0.31072210065645517
1 0.7294736842105263 0.3916849015317287 0.14947368421052631 0.31072210065645517
1 0.22421052631578947 0.024070021881838075 0.07052631578947369 0.037199124726477024
2 0.4442105263157895 0.022975929978118162 0.31473684210526315 0.04266958424507659
2 0.5126315789473684 0.022975929978118162 0.007368421052631579 0.015317286652078774
2 0.20105263157894737 0.7636761487964989 0.03263157894736842 0.02735229759299781
2 0.2431578947368421 0.7636761487964989 0.03263157894736842 0.02735229759299781
3 0.5394736842105263 0.024070021881838075 0.07684210526315789 0.028446389496717725
3 0.5257894736842105 0.637855579868709 0.03736842105263158 0.015317286652078774
3 0.5715789473684211 0.7067833698030634 0.12842105263157894 0.014223194748358862
3 0.5447368421052632 0.022975929978118162 0.05157894736842105 0.02188183807439825
3 0.20105263157894737 0.7658643326039387 0.031578947368421054 0.03391684901531729
3 0.2431578947368421 0.7658643326039387 0.031578947368421054 0.03391684901531729
3 0.5447368421052632 0.022975929978118162 0.05157894736842105 0.02188183807439825
3 0.20105263157894737 0.7658643326039387 0.031578947368421054 0.03391684901531729
3 0.2431578947368421 0.7658643326039387 0.031578947368421054 0.03391684901531729
3 0.25842105263157894 0.25164113785557984 0.1463157894736842 0.03282275711159737
3 0.41368421052631577 0.649890590809628 0.12842105263157894 0.03938730853391685
3 0.5715789473684211 0.6783369803063457 0.12842105263157894 0.03938730853391685
3 0.7294736842105263 0.6301969365426696 0.12842105263157894 0.03938730853391685
3 0.3494736842105263 0.07986870897155361 0.02368421052631579 0.02188183807439825
3 0.38421052631578945 0.07986870897155361 0.02631578947368421 0.02188183807439825
3 0.4305263157894737 0.07986870897155361 0.04736842105263158 0.02188183807439825
3 0.4726315789473684 0.07986870897155361 0.018421052631578946 0.02188183807439825
3 0.5031578947368421 0.07986870897155361 0.02368421052631579 0.02188183807439825
3 0.5347368421052632 0.07986870897155361 0.020526315789473684 0.02188183807439825
3 0.21947368421052632 0.4310722100656455 0.06842105263157895 0.019693654266958426
3 0.19157894736842104 0.5164113785557987 0.01263157894736842 0.019693654266958426
3 0.2063157894736842 0.5426695842450766 0.042105263157894736 0.019693654266958426
3 0.19894736842105262 0.5689277899343544 0.02736842105263158 0.019693654266958426
3 0.2026315789473684 0.6542669584245077 0.035263157894736843 0.019693654266958426
3 0.2026315789473684 0.6805251641137856 0.035263157894736843 0.019693654266958426
3 0.2026315789473684 0.7067833698030634 0.035263157894736843 0.019693654266958426
3 0.21368421052631578 0.7330415754923414 0.056842105263157895 0.019693654266958426
3 0.2005263157894737 0.8577680525164114 0.030526315789473683 0.019693654266958426
3 0.19473684210526315 0.8840262582056893 0.018947368421052633 0.019693654266958426
3 0.19842105263157894 0.9693654266958425 0.026842105263157896 0.019693654266958426
3 0.20394736842105263 0.9923413566739606 0.03736842105263158 0.01312910284463895
3 0.2615789473684211 0.4310722100656455 0.011052631578947368 0.019693654266958426
3 0.20789473684210527 0.5164113785557987 0.015263157894736841 0.019693654266958426
3 0.2373684210526316 0.5426695842450766 0.014210526315789474 0.019693654266958426
3 0.21842105263157896 0.5689277899343544 0.005789473684210527 0.019693654266958426
3 0.22631578947368422 0.6542669584245077 0.005789473684210527 0.019693654266958426
3 0.2294736842105263 0.6805251641137856 0.011578947368421053 0.019693654266958426
3 0.23105263157894737 0.7067833698030634 0.015263157894736841 0.019693654266958426
3 0.24842105263157896 0.7330415754923414 0.007368421052631579 0.019693654266958426
3 0.22631578947368422 0.8577680525164114 0.015789473684210527 0.019693654266958426
3 0.21263157894736842 0.8840262582056893 0.011578947368421053 0.019693654266958426
3 0.22210526315789475 0.9693654266958425 0.014210526315789474 0.019693654266958426
3 0.23078947368421052 0.9923413566739606 0.012105263157894737 0.01312910284463895
3 0.2231578947368421 0.06345733041575492 0.060526315789473685 0.02188183807439825
3 0.21894736842105264 0.08424507658643327 0.060526315789473685 0.02188183807439825
3 0.2331578947368421 0.18490153172866522 0.09578947368421052 0.02188183807439825
3 0.3036842105263158 0.18490153172866522 0.02631578947368421 0.02188183807439825
3 0.19789473684210526 0.20678336980306344 0.025789473684210525 0.02188183807439825