0 0.5980662983425414 0.008600917431192661 0.025966850828729283 0.017201834862385322
0 0.7060773480662983 0.6639908256880734 0.13922651933701657 0.020642201834862386
0 0.7243093922651934 0.7293577981651376 0.17569060773480663 0.05504587155963303
0 0.7243093922651934 0.7935779816513762 0.17569060773480663 0.05504587155963303
1 0.7356353591160221 0.009174311926605505 0.18839779005524862 0.01834862385321101
1 0.19889502762430938 0.1720183486238532 0.02430939226519337 0.05045871559633028
1 0.4093922651933702 0.45756880733944955 0.36906077348066296 0.536697247706422
1 0.19889502762430938 0.2408256880733945 0.02430939226519337 0.05045871559633028
1 0.19889502762430938 0.30963302752293576 0.02430939226519337 0.05045871559633028
1 0.19889502762430938 0.37844036697247707 0.02430939226519337 0.05045871559633028
1 0.19889502762430938 0.44724770642201833 0.02430939226519337 0.05045871559633028
1 0.19889502762430938 0.5160550458715596 0.02430939226519337 0.05045871559633028
1 0.19889502762430938 0.5848623853211009 0.02430939226519337 0.05045871559633028
1 0.19889502762430938 0.6536697247706422 0.02430939226519337 0.05045871559633028
1 0.21464088397790054 0.008027522935779817 0.07458563535911603 0.016055045871559634
2 0.44558011049723756 0.008600917431192661 0.330939226519337 0.017201834862385322
3 0.6762430939226519 0.36353211009174313 0.08011049723756906 0.020642201834862386
3 0.6895027624309392 0.5607798165137615 0.10607734806629834 0.020642201834862386
3 0.19889502762430938 0.19036697247706422 0.027624309392265192 0.02522935779816514
3 0.19889502762430938 0.2591743119266055 0.027624309392265192 0.02522935779816514
3 0.19889502762430938 0.32798165137614677 0.027624309392265192 0.02522935779816514
3 0.19889502762430938 0.3967889908256881 0.027624309392265192 0.02522935779816514
3 0.19889502762430938 0.46559633027522934 0.027624309392265192 0.02522935779816514
3 0.19889502762430938 0.5344036697247706 0.027624309392265192 0.02522935779816514
3 0.19889502762430938 0.6032110091743119 0.027624309392265192 0.02522935779816514
3 0.19889502762430938 0.6720183486238532 0.027624309392265192 0.02522935779816514
3 0.19889502762430938 0.19036697247706422 0.027624309392265192 0.02522935779816514
3 0.19889502762430938 0.2591743119266055 0.027624309392265192 0.02522935779816514
3 0.19889502762430938 0.32798165137614677 0.027624309392265192 0.02522935779816514
3 0.19889502762430938 0.3967889908256881 0.027624309392265192 0.02522935779816514
3 0.19889502762430938 0.46559633027522934 0.027624309392265192 0.02522935779816514
3 0.19889502762430938 0.5344036697247706 0.027624309392265192 0.02522935779816514
3 0.19889502762430938 0.6032110091743119 0.027624309392265192 0.02522935779816514
3 0.19889502762430938 0.6720183486238532 0.027624309392265192 0.02522935779816514
3 0.7138121546961326 0.2305045871559633 0.1552486187845304 0.05733944954128441
3 0.7325966850828729 0.43463302752293576 0.1591160220994475 0.022935779816513763
3 0.7325966850828729 0.45871559633027525 0.1591160220994475 0.020642201834862386
3 0.7314917127071823 0.8692660550458715 0.16132596685082873 0.04128440366972477
3 0.7314917127071823 0.9208715596330275 0.16132596685082873 0.020642201834862386
3 0.6895027624309392 0.5401376146788991 0.10607734806629834 0.0194954128440367
3 0.7182320441988951 0.6192660550458715 0.16353591160220995 0.022935779816513763
3 0.34585635359116024 0.05389908256880734 0.024861878453038673 0.022935779816513763
3 0.38232044198895027 0.05389908256880734 0.027624309392265192 0.022935779816513763
3 0.430939226519337 0.05389908256880734 0.049723756906077346 0.022935779816513763
3 0.47513812154696133 0.05389908256880734 0.019337016574585635 0.022935779816513763
3 0.507182320441989 0.05389908256880734 0.024861878453038673 0.022935779816513763
3 0.5403314917127072 0.05389908256880734 0.02154696132596685 0.022935779816513763
3 0.2132596685082873 0.03669724770642202 0.06353591160220995 0.022935779816513763
3 0.20883977900552486 0.058486238532110095 0.06353591160220995 0.022935779816513763
3 0.29116022099447514 0.09977064220183486 0.09502762430939227 0.016055045871559634
3 0.3651933701657459 0.09977064220183486 0.03370165745856354 0.016055045871559634
3 0.40718232044198893 0.09977064220183486 0.03149171270718232 0.016055045871559634
3 0.46243093922651934 0.09977064220183486 0.05911602209944752 0.016055045871559634