0 0.5839673913043478 0.016930022573363433 0.025543478260869567 0.033860045146726865
0 0.20543478260869566 0.36681715575620766 0.010869565217391304 0.022573363431151242
0 0.28369565217391307 0.36681715575620766 0.010869565217391304 0.022573363431151242
0 0.7353260869565217 0.18848758465011287 0.06141304347826087 0.01580135440180587
1 0.7192934782608695 0.017494356659142212 0.18532608695652175 0.034988713318284424
1 0.40217391304347827 0.39164785553047404 0.15434782608695652 0.32054176072234764
1 0.5652173913043478 0.39164785553047404 0.15434782608695652 0.32054176072234764
1 0.7282608695652174 0.39164785553047404 0.15434782608695652 0.32054176072234764
1 0.20679347826086958 0.01636568848758465 0.07336956521739131 0.0327313769751693
2 0.4339673913043478 0.016930022573363433 0.32554347826086955 0.033860045146726865
2 0.49782608695652175 0.011286681715575621 0.007608695652173913 0.01580135440180587
3 0.5290760869565218 0.014108352144469526 0.08641304347826087 0.028216704288939052
3 0.3641304347826087 0.6275395033860045 0.05652173913043478 0.02144469525959368
3 0.5271739130434783 0.6275395033860045 0.05652173913043478 0.02144469525959368
3 0.6902173913043478 0.6275395033860045 0.05652173913043478 0.02144469525959368
3 0.5342391304347827 0.011286681715575621 0.059782608695652176 0.022573363431151242
3 0.5342391304347827 0.011286681715575621 0.059782608695652176 0.022573363431151242
3 0.2418478260869565 0.2584650112866817 0.15108695652173912 0.10158013544018059
3 0.40217391304347827 0.672686230248307 0.13260869565217392 0.040632054176072234
3 0.5652173913043478 0.672686230248307 0.13260869565217392 0.040632054176072234
3 0.7282608695652174 0.672686230248307 0.13260869565217392 0.040632054176072234
3 0.3358695652173913 0.06997742663656885 0.024456521739130436 0.022573363431151242
3 0.3717391304347826 0.06997742663656885 0.02717391304347826 0.022573363431151242
3 0.41956521739130437 0.06997742663656885 0.04891304347826087 0.022573363431151242
3 0.46304347826086956 0.06997742663656885 0.019021739130434784 0.022573363431151242
3 0.4945652173913043 0.06997742663656885 0.024456521739130436 0.022573363431151242
3 0.5271739130434783 0.06997742663656885 0.021195652173913043 0.022573363431151242
3 0.2016304347826087 0.6512415349887133 0.07065217391304347 0.020316027088036117
3 0.1782608695652174 0.7392776523702032 0.024456521739130436 0.020316027088036117
3 0.17717391304347826 0.7663656884875847 0.022282608695652174 0.020316027088036117
3 0.17717391304347826 0.7934537246049661 0.022282608695652174 0.020316027088036117
3 0.19293478260869565 0.8205417607223476 0.05326086956521739 0.020316027088036117
3 0.1733695652173913 0.8476297968397292 0.014673913043478261 0.020316027088036117
3 0.17282608695652174 0.8747178329571106 0.013043478260869565 0.020316027088036117
3 0.1733695652173913 0.9018058690744921 0.014673913043478261 0.020316027088036117
3 0.17445652173913043 0.9288939051918735 0.016304347826086956 0.020316027088036117
3 0.1733695652173913 0.9559819413092551 0.014130434782608696 0.020316027088036117
3 0.24347826086956523 0.6512415349887133 0.007608695652173913 0.020316027088036117
3 0.2016304347826087 0.7392776523702032 0.01576086956521739 0.020316027088036117
3 0.19891304347826086 0.7663656884875847 0.014673913043478261 0.020316027088036117
3 0.19891304347826086 0.7934537246049661 0.014673913043478261 0.020316027088036117
3 0.22880434782608697 0.8205417607223476 0.0125 0.020316027088036117
3 0.1891304347826087 0.8476297968397292 0.010326086956521738 0.020316027088036117
3 0.18804347826086956 0.8747178329571106 0.0125 0.020316027088036117
3 0.18967391304347825 0.9018058690744921 0.011956521739130435 0.020316027088036117
3 0.19130434782608696 0.9288939051918735 0.011956521739130435 0.020316027088036117
3 0.1891304347826087 0.9559819413092551 0.011956521739130435 0.020316027088036117
3 0.20543478260869566 0.05304740406320542 0.0625 0.022573363431151242
3 0.20108695652173914 0.0744920993227991 0.0625 0.022573363431151242
3 0.21304347826086956 0.17832957110609482 0.09347826086956522 0.022573363431151242
3 0.2858695652173913 0.17832957110609482 0.03260869565217391 0.022573363431151242