0 0.5935483870967742 0.022321428571428572 0.024731182795698924 0.04352678571428571
0 0.21935483870967742 0.37388392857142855 0.010752688172043012 0.022321428571428572
0 0.2967741935483871 0.37388392857142855 0.010752688172043012 0.022321428571428572
0 0.7435483870967742 0.19754464285714285 0.06075268817204301 0.015625
1 0.7274193548387097 0.0234375 0.1827956989247312 0.04352678571428571
1 0.41397849462365593 0.3984375 0.15268817204301074 0.3169642857142857
1 0.5752688172043011 0.3984375 0.15268817204301074 0.3169642857142857
1 0.7365591397849462 0.3984375 0.15268817204301074 0.3169642857142857
1 0.22043010752688172 0.0234375 0.07204301075268817 0.03794642857142857
2 0.44516129032258067 0.022321428571428572 0.32150537634408605 0.04352678571428571
2 0.5086021505376344 0.022321428571428572 0.007526881720430108 0.015625
3 0.539247311827957 0.0234375 0.08494623655913978 0.029017857142857144
3 0.3763440860215054 0.6316964285714286 0.05591397849462366 0.021205357142857144
3 0.5376344086021505 0.6316964285714286 0.05591397849462366 0.021205357142857144
3 0.6989247311827957 0.6316964285714286 0.05591397849462366 0.021205357142857144
3 0.5446236559139785 0.022321428571428572 0.05913978494623656 0.022321428571428572
3 0.5446236559139785 0.022321428571428572 0.05913978494623656 0.022321428571428572
3 0.2553763440860215 0.26674107142857145 0.14946236559139786 0.10044642857142858
3 0.41397849462365593 0.6763392857142857 0.13118279569892474 0.04017857142857143
3 0.5752688172043011 0.6763392857142857 0.13118279569892474 0.04017857142857143
3 0.7365591397849462 0.6763392857142857 0.13118279569892474 0.04017857142857143
3 0.34838709677419355 0.08035714285714286 0.024193548387096774 0.022321428571428572
3 0.38387096774193546 0.08035714285714286 0.026881720430107527 0.022321428571428572
3 0.4311827956989247 0.08035714285714286 0.04838709677419355 0.022321428571428572
3 0.47419354838709676 0.08035714285714286 0.01881720430107527 0.022321428571428572
3 0.5053763440860215 0.08035714285714286 0.024193548387096774 0.022321428571428572
3 0.5376344086021505 0.08035714285714286 0.020967741935483872 0.022321428571428572
3 0.21559139784946235 0.6551339285714286 0.06989247311827956 0.020089285714285716
3 0.1924731182795699 0.7421875 0.024193548387096774 0.020089285714285716
3 0.1913978494623656 0.7689732142857143 0.02204301075268817 0.020089285714285716
3 0.1913978494623656 0.7957589285714286 0.02204301075268817 0.020089285714285716
3 0.20698924731182797 0.8225446428571429 0.05268817204301075 0.020089285714285716
3 0.18763440860215053 0.8493303571428571 0.014516129032258065 0.020089285714285716
3 0.1870967741935484 0.8761160714285714 0.012903225806451613 0.020089285714285716
3 0.18763440860215053 0.9029017857142857 0.014516129032258065 0.020089285714285716
3 0.18870967741935485 0.9296875 0.016129032258064516 0.020089285714285716
3 0.18763440860215053 0.9564732142857143 0.013978494623655914 0.020089285714285716
3 0.256989247311828 0.6551339285714286 0.007526881720430108 0.020089285714285716
3 0.21559139784946235 0.7421875 0.015591397849462365 0.020089285714285716
3 0.2129032258064516 0.7689732142857143 0.014516129032258065 0.020089285714285716
3 0.2129032258064516 0.7957589285714286 0.014516129032258065 0.020089285714285716
3 0.24247311827956988 0.8225446428571429 0.012365591397849462 0.020089285714285716
3 0.2032258064516129 0.8493303571428571 0.01021505376344086 0.020089285714285716
3 0.2021505376344086 0.8761160714285714 0.012365591397849462 0.020089285714285716
3 0.20376344086021506 0.9029017857142857 0.011827956989247311 0.020089285714285716
3 0.2053763440860215 0.9296875 0.011827956989247311 0.020089285714285716
3 0.2032258064516129 0.9564732142857143 0.011827956989247311 0.020089285714285716
3 0.21935483870967742 0.06361607142857142 0.06182795698924731 0.022321428571428572
3 0.21505376344086022 0.08482142857142858 0.06182795698924731 0.022321428571428572
3 0.22688172043010751 0.1875 0.09247311827956989 0.022321428571428572
3 0.2989247311827957 0.1875 0.03225806451612903 0.022321428571428572