0 0.584920634920635 0.020879120879120878 0.02486772486772487 0.041758241758241756
0 0.7322751322751323 0.19230769230769232 0.059788359788359786 0.015384615384615385
1 0.7166666666666667 0.02142857142857143 0.18042328042328043 0.04285714285714286
1 0.40793650793650793 0.3901098901098901 0.15026455026455027 0.3120879120879121
1 0.5666666666666667 0.3901098901098901 0.15026455026455027 0.3120879120879121
1 0.7253968253968254 0.3901098901098901 0.15026455026455027 0.3120879120879121
1 0.21746031746031746 0.020879120879120878 0.07089947089947089 0.03736263736263736
2 0.4388888888888889 0.020879120879120878 0.31693121693121695 0.041758241758241756
2 0.4433862433862434 0.01978021978021978 0.007407407407407408 0.015384615384615385
3 0.5021164021164021 0.020879120879120878 0.14126984126984127 0.02857142857142857
3 0.3708994708994709 0.6637362637362637 0.05502645502645503 0.020879120879120878
3 0.5502645502645502 0.6197802197802198 0.0962962962962963 0.020879120879120878
3 0.5666666666666667 0.6923076923076923 0.1291005291005291 0.014285714285714285
3 0.6984126984126984 0.6197802197802198 0.07513227513227513 0.020879120879120878
3 0.5074074074074074 0.01978021978021978 0.11587301587301588 0.02197802197802198
3 0.5074074074074074 0.01978021978021978 0.11587301587301588 0.02197802197802198
3 0.2518518518518518 0.2043956043956044 0.14708994708994708 0.06593406593406594
3 0.40793650793650793 0.7076923076923077 0.1291005291005291 0.03956043956043956
3 0.5666666666666667 0.6637362637362637 0.1291005291005291 0.03956043956043956
3 0.7253968253968254 0.6637362637362637 0.1291005291005291 0.03956043956043956
3 0.3433862433862434 0.07692307692307693 0.023809523809523808 0.02197802197802198
3 0.3783068783068783 0.07692307692307693 0.026455026455026454 0.02197802197802198
3 0.4248677248677249 0.07692307692307693 0.047619047619047616 0.02197802197802198
3 0.4671957671957672 0.07692307692307693 0.018518518518518517 0.02197802197802198
3 0.4978835978835979 0.07692307692307693 0.023809523809523808 0.02197802197802198
3 0.5296296296296297 0.07692307692307693 0.020634920634920634 0.02197802197802198
3 0.2126984126984127 0.5131868131868131 0.06878306878306878 0.01978021978021978
3 0.21746031746031746 0.5989010989010989 0.07830687830687831 0.01978021978021978
3 0.19047619047619047 0.6252747252747253 0.02486772486772487 0.01978021978021978
3 0.19417989417989417 0.6516483516483517 0.032275132275132276 0.01978021978021978
3 0.22433862433862434 0.6780219780219781 0.09206349206349207 0.01978021978021978
3 0.1931216931216931 0.7043956043956044 0.03015873015873016 0.01978021978021978
3 0.2201058201058201 0.7307692307692307 0.0835978835978836 0.01978021978021978
3 0.21375661375661376 0.7571428571428571 0.07142857142857142 0.01978021978021978
3 0.22592592592592592 0.7835164835164835 0.09576719576719576 0.01978021978021978
3 0.21851851851851853 0.8098901098901099 0.08095238095238096 0.01978021978021978
3 0.18783068783068782 0.9252747252747253 0.01904761904761905 0.01978021978021978
3 0.25925925925925924 0.5131868131868131 0.01904761904761905 0.01978021978021978
3 0.2724867724867725 0.5989010989010989 0.025925925925925925 0.01978021978021978
3 0.21693121693121692 0.6252747252747253 0.02275132275132275 0.01978021978021978
3 0.22645502645502646 0.6516483516483517 0.026984126984126985 0.01978021978021978
3 0.2867724867724868 0.6780219780219781 0.026984126984126985 0.01978021978021978
3 0.22380952380952382 0.7043956043956044 0.025925925925925925 0.01978021978021978
3 0.2761904761904762 0.7307692307692307 0.022222222222222223 0.01978021978021978
3 0.26296296296296295 0.7571428571428571 0.021164021164021163 0.01978021978021978
3 0.2857142857142857 0.7835164835164835 0.01798941798941799 0.01978021978021978
3 0.26931216931216934 0.8098901098901099 0.015343915343915344 0.01978021978021978
3 0.21164021164021163 0.9252747252747253 0.023809523809523808 0.01978021978021978
3 0.2164021164021164 0.06043956043956044 0.06084656084656084 0.02197802197802198
3 0.21216931216931217 0.08131868131868132 0.06084656084656084 0.02197802197802198