0 0.5867724867724867 0.027472527472527472 0.02433862433862434 0.04285714285714286
0 0.7343915343915344 0.2 0.059788359788359786 0.015384615384615385
0 0.4671957671957672 0.8120879120879121 0.01904761904761905 0.03956043956043956
1 0.7185185185185186 0.02857142857142857 0.17989417989417988 0.04285714285714286
1 0.41005291005291006 0.3978021978021978 0.15026455026455027 0.3120879120879121
1 0.5687830687830688 0.3978021978021978 0.15026455026455027 0.3120879120879121
1 0.7275132275132276 0.3978021978021978 0.15026455026455027 0.3120879120879121
1 0.21957671957671956 0.02857142857142857 0.07089947089947089 0.03736263736263736
2 0.44074074074074077 0.027472527472527472 0.3164021164021164 0.04285714285714286
2 0.5031746031746032 0.027472527472527472 0.007407407407407408 0.015384615384615385
3 0.5333333333333333 0.02857142857142857 0.0835978835978836 0.02857142857142857
3 0.373015873015873 0.6274725274725275 0.05502645502645503 0.020879120879120878
3 0.5317460317460317 0.6714285714285714 0.05502645502645503 0.020879120879120878
3 0.6904761904761905 0.6274725274725275 0.05502645502645503 0.020879120879120878
3 0.5386243386243387 0.027472527472527472 0.0582010582010582 0.02197802197802198
3 0.5386243386243387 0.027472527472527472 0.0582010582010582 0.02197802197802198
3 0.25396825396825395 0.23516483516483516 0.14708994708994708 0.03296703296703297
3 0.41005291005291006 0.6714285714285714 0.1291005291005291 0.03956043956043956
3 0.5687830687830688 0.7153846153846154 0.1291005291005291 0.03956043956043956
3 0.7275132275132276 0.6714285714285714 0.1291005291005291 0.03956043956043956
3 0.3455026455026455 0.08461538461538462 0.023809523809523808 0.02197802197802198
3 0.38042328042328044 0.08461538461538462 0.026455026455026454 0.02197802197802198
3 0.42698412698412697 0.08461538461538462 0.047619047619047616 0.02197802197802198
3 0.4693121693121693 0.08461538461538462 0.018518518518518517 0.02197802197802198
3 0.5 0.08461538461538462 0.023809523809523808 0.02197802197802198
3 0.5317460317460317 0.08461538461538462 0.020634920634920634 0.02197802197802198
3 0.21481481481481482 0.5274725274725275 0.06878306878306878 0.01978021978021978
3 0.21216931216931217 0.6131868131868132 0.06402116402116402 0.01978021978021978
3 0.20052910052910053 0.6395604395604395 0.040740740740740744 0.01978021978021978
3 0.20846560846560847 0.6659340659340659 0.056084656084656084 0.01978021978021978
3 0.19947089947089947 0.6923076923076923 0.038624338624338624 0.01978021978021978
3 0.19523809523809524 0.7186813186813187 0.03015873015873016 0.01978021978021978
3 0.19153439153439153 0.7450549450549451 0.02275132275132275 0.01978021978021978
3 0.19947089947089947 0.7714285714285715 0.0380952380952381 0.01978021978021978
3 0.19365079365079366 0.7978021978021979 0.026984126984126985 0.01978021978021978
3 0.19894179894179895 0.8241758241758241 0.037037037037037035 0.01978021978021978
3 0.20846560846560847 0.9395604395604396 0.056613756613756616 0.01978021978021978
3 0.20264550264550266 0.9659340659340659 0.04497354497354497 0.01978021978021978
3 0.2582010582010582 0.5274725274725275 0.012698412698412698 0.01978021978021978
3 0.26031746031746034 0.6131868131868132 0.025925925925925925 0.01978021978021978
3 0.23492063492063492 0.6395604395604395 0.021693121693121695 0.01978021978021978
3 0.2492063492063492 0.6659340659340659 0.019576719576719578 0.01978021978021978
3 0.23227513227513227 0.6923076923076923 0.021693121693121695 0.01978021978021978
3 0.22328042328042327 0.7186813186813187 0.01904761904761905 0.01978021978021978
3 0.21587301587301588 0.7450549450549451 0.01904761904761905 0.01978021978021978
3 0.23174603174603176 0.7714285714285715 0.020105820105820106 0.01978021978021978
3 0.21798941798941798 0.7978021978021979 0.0164021164021164 0.01978021978021978
3 0.2275132275132275 0.8241758241758241 0.015343915343915344 0.01978021978021978
3 0.2523809523809524 0.9395604395604396 0.025925925925925925 0.01978021978021978
3 0.2396825396825397 0.9659340659340659 0.022222222222222223 0.01978021978021978
3 0.21851851851851853 0.06813186813186813 0.06084656084656084 0.02197802197802198
3 0.21428571428571427 0.08901098901098901 0.06084656084656084 0.02197802197802198
3 0.22592592592592592 0.1901098901098901 0.091005291005291 0.02197802197802198