0 0.6146408839779005 0.016055045871559634 0.025966850828729283 0.03211009174311927
0 0.7685082872928177 0.18922018348623854 0.062430939226519336 0.016055045871559634
0 0.4895027624309392 0.8279816513761468 0.019889502762430938 0.04128440366972477
1 0.7522099447513813 0.016628440366972478 0.18839779005524862 0.033256880733944956
1 0.4298342541436464 0.3956422018348624 0.1569060773480663 0.3256880733944954
1 0.5955801104972376 0.3956422018348624 0.1569060773480663 0.3256880733944954
1 0.7613259668508288 0.3956422018348624 0.1569060773480663 0.3256880733944954
1 0.23121546961325967 0.01548165137614679 0.07458563535911603 0.03096330275229358
2 0.4621546961325967 0.016055045871559634 0.330939226519337 0.03211009174311927
2 0.5270718232044199 0.009174311926605505 0.0077348066298342545 0.016055045871559634
3 0.5588397790055248 0.013188073394495414 0.08784530386740332 0.026376146788990827
3 0.3911602209944751 0.6353211009174312 0.057458563535911604 0.021788990825688075
3 0.5569060773480663 0.6811926605504587 0.057458563535911604 0.021788990825688075
3 0.7226519337016575 0.6353211009174312 0.057458563535911604 0.021788990825688075
3 0.5643646408839779 0.010894495412844037 0.06132596685082873 0.021788990825688075
3 0.5643646408839779 0.010894495412844037 0.06132596685082873 0.021788990825688075
3 0.2668508287292818 0.22591743119266056 0.15359116022099448 0.034403669724770644
3 0.4298342541436464 0.6811926605504587 0.13480662983425415 0.04128440366972477
3 0.5955801104972376 0.7270642201834863 0.13480662983425415 0.04128440366972477
3 0.7613259668508288 0.6811926605504587 0.13480662983425415 0.04128440366972477
3 0.3624309392265193 0.06880733944954129 0.024861878453038673 0.022935779816513763
3 0.3988950276243094 0.06880733944954129 0.027624309392265192 0.022935779816513763
3 0.44751381215469616 0.06880733944954129 0.049723756906077346 0.022935779816513763
3 0.49171270718232046 0.06880733944954129 0.019337016574585635 0.022935779816513763
3 0.523756906077348 0.06880733944954129 0.024861878453038673 0.022935779816513763
3 0.5569060773480663 0.06880733944954129 0.02154696132596685 0.022935779816513763
3 0.22596685082872928 0.5309633027522935 0.0718232044198895 0.020642201834862386
3 0.22320441988950276 0.6204128440366973 0.06685082872928177 0.020642201834862386
3 0.2110497237569061 0.6479357798165137 0.042541436464088395 0.020642201834862386
3 0.21933701657458562 0.6754587155963303 0.05856353591160221 0.020642201834862386
3 0.20994475138121546 0.7029816513761468 0.04033149171270718 0.020642201834862386
3 0.20552486187845304 0.7305045871559633 0.03149171270718232 0.020642201834862386
3 0.20165745856353592 0.7580275229357798 0.023756906077348067 0.020642201834862386
3 0.20994475138121546 0.7855504587155964 0.039779005524861875 0.020642201834862386
3 0.20386740331491712 0.8130733944954128 0.0281767955801105 0.020642201834862386
3 0.20939226519337018 0.8405963302752294 0.03867403314917127 0.020642201834862386
3 0.21933701657458562 0.9610091743119266 0.05911602209944752 0.020642201834862386
3 0.2132596685082873 0.9885321100917431 0.04696132596685083 0.020642201834862386
3 0.2712707182320442 0.5309633027522935 0.013259668508287293 0.020642201834862386
3 0.27348066298342544 0.6204128440366973 0.02707182320441989 0.020642201834862386
3 0.24696132596685083 0.6479357798165137 0.022651933701657457 0.020642201834862386
3 0.261878453038674 0.6754587155963303 0.020441988950276244 0.020642201834862386
3 0.24419889502762432 0.7029816513761468 0.022651933701657457 0.020642201834862386
3 0.23480662983425415 0.7305045871559633 0.019889502762430938 0.020642201834862386
3 0.22707182320441988 0.7580275229357798 0.019889502762430938 0.020642201834862386
3 0.243646408839779 0.7855504587155964 0.020994475138121547 0.020642201834862386
3 0.2292817679558011 0.8130733944954128 0.01712707182320442 0.020642201834862386
3 0.23922651933701658 0.8405963302752294 0.016022099447513812 0.020642201834862386
3 0.26519337016574585 0.9610091743119266 0.02707182320441989 0.020642201834862386
3 0.25193370165745854 0.9885321100917431 0.023204419889502764 0.020642201834862386
3 0.22983425414364642 0.051605504587155966 0.06353591160220995 0.022935779816513763
3 0.225414364640884 0.07339449541284404 0.06353591160220995 0.022935779816513763
3 0.23756906077348067 0.17889908256880735 0.09502762430939227 0.022935779816513763