0 0.5853723404255319 0.017660044150110375 0.025 0.03532008830022075
0 0.4728723404255319 0.4492273730684327 0.005319148936170213 0.011037527593818985
0 0.48351063829787233 0.4492273730684327 0.0031914893617021275 0.006622516556291391
0 0.49414893617021277 0.4492273730684327 0.0031914893617021275 0.006622516556291391
0 0.5047872340425532 0.4492273730684327 0.0031914893617021275 0.006622516556291391
0 0.5154255319148936 0.4492273730684327 0.0031914893617021275 0.006622516556291391
1 0.7178191489361702 0.018211920529801324 0.18138297872340425 0.03642384105960265
1 0.20159574468085106 0.28090507726269315 0.4031914893617021 0.3741721854304636
1 0.49840425531914895 0.2803532008830022 0.8462765957446808 0.3730684326710817
1 0.23351063829787233 0.6291390728476821 0.0425531914893617 0.08830022075055188
1 0.3079787234042553 0.6291390728476821 0.0425531914893617 0.08830022075055188
1 0.3824468085106383 0.6291390728476821 0.0425531914893617 0.08830022075055188
1 0.45691489361702126 0.6291390728476821 0.0425531914893617 0.08830022075055188
1 0.5313829787234042 0.6291390728476821 0.0425531914893617 0.08830022075055188
1 0.6058510638297873 0.6291390728476821 0.0425531914893617 0.08830022075055188
1 0.6803191489361702 0.6291390728476821 0.0425531914893617 0.08830022075055188
1 0.7547872340425532 0.6291390728476821 0.0425531914893617 0.08830022075055188
1 0.21622340425531916 0.017108167770419427 0.07180851063829788 0.03421633554083885
2 0.438563829787234 0.017660044150110375 0.31861702127659575 0.03532008830022075
2 0.46595744680851064 0.013245033112582781 0.007446808510638298 0.01545253863134658
3 0.5138297872340426 0.01434878587196468 0.11914893617021277 0.02869757174392936
3 0.5191489361702127 0.013245033112582781 0.09361702127659574 0.02207505518763797
3 0.5191489361702127 0.013245033112582781 0.09361702127659574 0.02207505518763797
3 0.49414893617021277 0.5474613686534217 0.6382978723404256 0.05187637969094923
3 0.49414893617021277 0.8454746136865342 0.6297872340425532 0.052980132450331126
3 0.23351063829787233 0.7086092715231788 0.05319148936170213 0.04856512141280353
3 0.3079787234042553 0.7008830022075055 0.05319148936170213 0.033112582781456956
3 0.3824468085106383 0.7008830022075055 0.05319148936170213 0.033112582781456956
3 0.45691489361702126 0.7008830022075055 0.05319148936170213 0.033112582781456956
3 0.5313829787234042 0.7086092715231788 0.05319148936170213 0.04856512141280353
3 0.6058510638297873 0.7086092715231788 0.05319148936170213 0.04856512141280353
3 0.6803191489361702 0.7008830022075055 0.05319148936170213 0.033112582781456956
3 0.7547872340425532 0.7008830022075055 0.05319148936170213 0.033112582781456956
3 0.3425531914893617 0.0706401766004415 0.023936170212765957 0.02207505518763797
3 0.3776595744680851 0.0706401766004415 0.026595744680851064 0.02207505518763797
3 0.42446808510638295 0.0706401766004415 0.047872340425531915 0.02207505518763797
3 0.46702127659574466 0.0706401766004415 0.018617021276595744 0.02207505518763797
3 0.4978723404255319 0.0706401766004415 0.023936170212765957 0.02207505518763797
3 0.5297872340425532 0.0706401766004415 0.02074468085106383 0.02207505518763797
3 0.2148936170212766 0.05408388520971302 0.061170212765957445 0.02207505518763797
3 0.21063829787234042 0.07505518763796909 0.061170212765957445 0.02207505518763797