0 0.5501165501165501 0.026634382566585957 0.026806526806526808 0.04721549636803874
0 0.1893939393939394 0.2917675544794189 0.020396270396270396 0.03026634382566586
0 0.7127039627039627 0.20702179176755447 0.06585081585081586 0.01694915254237288
0 0.7698135198135199 0.47094430992736075 0.037296037296037296 0.0774818401937046
1 0.6952214452214452 0.02784503631961259 0.19813519813519814 0.04721549636803874
1 0.3409090909090909 0.37409200968523004 0.04079254079254079 0.0847457627118644
1 0.3554778554778555 0.837772397094431 0.1655011655011655 0.25907990314769974
1 0.5303030303030303 0.837772397094431 0.1655011655011655 0.25907990314769974
1 0.7051282051282052 0.837772397094431 0.1655011655011655 0.25907990314769974
1 0.1456876456876457 0.02784503631961259 0.0780885780885781 0.04116222760290557
2 0.38927738927738925 0.026634382566585957 0.3484848484848485 0.04721549636803874
2 0.47144522144522144 0.026634382566585957 0.008158508158508158 0.01694915254237288
3 0.4976689976689977 0.02784503631961259 0.07867132867132867 0.031476997578692496
3 0.5034965034965035 0.026634382566585957 0.050699300699300696 0.024213075060532687
3 0.5034965034965035 0.026634382566585957 0.050699300699300696 0.024213075060532687
3 0.18356643356643357 0.25544794188861986 0.16200466200466201 0.03631961259079903
3 0.42482517482517484 0.3728813559322034 0.10839160839160839 0.05447941888619855
3 0.28438228438228436 0.08958837772397095 0.026223776223776224 0.024213075060532687
3 0.32284382284382285 0.08958837772397095 0.029137529137529136 0.024213075060532687
3 0.3741258741258741 0.08958837772397095 0.05244755244755245 0.024213075060532687
3 0.42074592074592077 0.08958837772397095 0.020396270396270396 0.024213075060532687
3 0.45454545454545453 0.08958837772397095 0.026223776223776224 0.024213075060532687
3 0.48951048951048953 0.08958837772397095 0.022727272727272728 0.024213075060532687
3 0.14044289044289043 0.40314769975786924 0.07575757575757576 0.021791767554479417
3 0.12937062937062938 0.4975786924939467 0.05419580419580419 0.021791767554479417
3 0.13636363636363635 0.5266343825665859 0.06818181818181818 0.021791767554479417
3 0.13228438228438227 0.5556900726392252 0.060023310023310024 0.021791767554479417
3 0.13694638694638694 0.5847457627118644 0.06934731934731934 0.021791767554479417
3 0.13986013986013987 0.6138014527845036 0.07517482517482517 0.021791767554479417
3 0.1182983682983683 0.6428571428571429 0.03146853146853147 0.021791767554479417
3 0.1182983682983683 0.6719128329297821 0.03146853146853147 0.021791767554479417
3 0.14102564102564102 0.7009685230024213 0.0775058275058275 0.021791767554479417
3 0.11888111888111888 0.7300242130750605 0.033216783216783216 0.021791767554479417
3 0.11421911421911422 0.8571428571428571 0.023892773892773892 0.021791767554479417
3 0.11655011655011654 0.8861985472154964 0.027972027972027972 0.021791767554479417
3 0.11538461538461539 0.9152542372881356 0.026223776223776224 0.021791767554479417
3 0.11130536130536131 0.9443099273607748 0.017482517482517484 0.021791767554479417
3 0.11888111888111888 0.9733656174334141 0.033216783216783216 0.021791767554479417
3 0.11858974358974358 0.9951573849878934 0.03205128205128205 0.007263922518159807
3 0.19289044289044288 0.40314769975786924 0.023892773892773892 0.021791767554479417
3 0.17191142191142192 0.4975786924939467 0.024475524475524476 0.021791767554479417
3 0.1853146853146853 0.5266343825665859 0.023892773892773892 0.021791767554479417
3 0.17657342657342656 0.5556900726392252 0.022144522144522144 0.021791767554479417
3 0.1864801864801865 0.5847457627118644 0.022727272727272728 0.021791767554479417
3 0.19230769230769232 0.6138014527845036 0.023892773892773892 0.021791767554479417
3 0.1486013986013986 0.6428571428571429 0.023892773892773892 0.021791767554479417
3 0.14743589743589744 0.6719128329297821 0.02156177156177156 0.021791767554479417
3 0.19347319347319347 0.7009685230024213 0.019813519813519812 0.021791767554479417
3 0.14743589743589744 0.7300242130750605 0.017482517482517484 0.021791767554479417
3 0.14160839160839161 0.8571428571428571 0.023310023310023312 0.021791767554479417
3 0.1451048951048951 0.8861985472154964 0.022727272727272728 0.021791767554479417
3 0.14393939393939395 0.9152542372881356 0.024475524475524476 0.021791767554479417
3 0.1346153846153846 0.9443099273607748 0.023310023310023312 0.021791767554479417
3 0.15034965034965034 0.9733656174334141 0.022144522144522144 0.021791767554479417
3 0.14801864801864803 0.9951573849878934 0.023310023310023312 0.007263922518159807
3 0.1445221445221445 0.07142857142857142 0.06701631701631702 0.024213075060532687
3 0.13986013986013987 0.09443099273607748 0.06701631701631702 0.024213075060532687
3 0.13986013986013987 0.20581113801452786 0.07459207459207459 0.024213075060532687