0 0.5825966850828729 0.008027522935779817 0.025966850828729283 0.016055045871559634
0 0.2430939226519337 0.24426605504587157 0.019337016574585635 0.028669724770642203
0 0.7364640883977901 0.16399082568807338 0.062430939226519336 0.016055045871559634
0 0.4574585635359116 0.9151376146788991 0.019889502762430938 0.04128440366972477
1 0.7201657458563536 0.008600917431192661 0.18839779005524862 0.017201834862385322
1 0.39779005524861877 0.5252293577981652 0.1569060773480663 0.24541284403669725
1 0.56353591160221 0.5252293577981652 0.1569060773480663 0.24541284403669725
1 0.7292817679558011 0.5252293577981652 0.1569060773480663 0.24541284403669725
1 0.19917127071823204 0.007454128440366973 0.07458563535911603 0.014908256880733946
2 0.43011049723756906 0.008027522935779817 0.330939226519337 0.016055045871559634
3 0.5102209944751381 0.005160550458715597 0.12099447513812155 0.010321100917431193
3 0.5157458563535912 0.0028669724770642203 0.09447513812154697 0.005733944954128441
3 0.5157458563535912 0.0028669724770642203 0.09447513812154697 0.005733944954128441
3 0.23480662983425415 0.2098623853211009 0.15359116022099448 0.034403669724770644
3 0.39779005524861877 0.7614678899082569 0.13038674033149172 0.04128440366972477
3 0.56353591160221 0.7511467889908257 0.13038674033149172 0.020642201834862386
3 0.7292817679558011 0.7511467889908257 0.13038674033149172 0.020642201834862386
3 0.3602209944751381 0.35206422018348627 0.08176795580110498 0.03096330275229358
3 0.4414364640883978 0.35206422018348627 0.08176795580110498 0.03096330275229358
3 0.5232044198895027 0.35206422018348627 0.08176795580110498 0.03096330275229358
3 0.6044198895027625 0.35206422018348627 0.08176795580110498 0.03096330275229358
3 0.6861878453038674 0.35206422018348627 0.08176795580110498 0.03096330275229358
3 0.33038674033149174 0.052752293577981654 0.024861878453038673 0.022935779816513763
3 0.36685082872928176 0.052752293577981654 0.027624309392265192 0.022935779816513763
3 0.4154696132596685 0.052752293577981654 0.049723756906077346 0.022935779816513763
3 0.45966850828729283 0.052752293577981654 0.019337016574585635 0.022935779816513763
3 0.49171270718232046 0.052752293577981654 0.024861878453038673 0.022935779816513763
3 0.5248618784530387 0.052752293577981654 0.02154696132596685 0.022935779816513763
3 0.19392265193370165 0.34977064220183485 0.0718232044198895 0.020642201834862386
3 0.18342541436464088 0.43922018348623854 0.05138121546961326 0.020642201834862386
3 0.1861878453038674 0.46674311926605505 0.0569060773480663 0.020642201834862386
3 0.19005524861878453 0.49426605504587157 0.06464088397790055 0.020642201834862386
3 0.19060773480662985 0.5217889908256881 0.06574585635359116 0.020642201834862386
3 0.17292817679558012 0.5493119266055045 0.02983425414364641 0.020642201834862386
3 0.19337016574585636 0.5768348623853211 0.0712707182320442 0.020642201834862386
3 0.17292817679558012 0.6043577981651376 0.02983425414364641 0.020642201834862386
3 0.19447513812154696 0.6318807339449541 0.07348066298342541 0.020642201834862386
3 0.1734806629834254 0.6594036697247706 0.03149171270718232 0.020642201834862386
3 0.17845303867403314 0.7798165137614679 0.04088397790055249 0.020642201834862386
3 0.1707182320441989 0.8073394495412844 0.02541436464088398 0.020642201834862386
3 0.16574585635359115 0.8348623853211009 0.015469613259668509 0.020642201834862386
3 0.1723756906077348 0.8623853211009175 0.028729281767955802 0.020642201834862386
3 0.17458563535911603 0.8899082568807339 0.03314917127071823 0.020642201834862386
3 0.16408839779005524 0.9174311926605505 0.012154696132596685 0.020642201834862386
3 0.16906077348066298 0.944954128440367 0.022651933701657457 0.020642201834862386
3 0.17016574585635358 0.9724770642201835 0.024861878453038673 0.020642201834862386
3 0.1660220994475138 0.9942660550458715 0.016022099447513812 0.009174311926605505
3 0.2425414364640884 0.34977064220183485 0.020441988950276244 0.020642201834862386
3 0.22486187845303868 0.43922018348623854 0.025966850828729283 0.020642201834862386
3 0.2303867403314917 0.46674311926605505 0.02541436464088398 0.020642201834862386
3 0.23812154696132598 0.49426605504587157 0.02541436464088398 0.020642201834862386
3 0.23977900552486187 0.5217889908256881 0.025966850828729283 0.020642201834862386
3 0.2022099447513812 0.5493119266055045 0.023204419889502764 0.020642201834862386
3 0.2430939226519337 0.5768348623853211 0.022651933701657457 0.020642201834862386
3 0.2005524861878453 0.6043577981651376 0.020441988950276244 0.020642201834862386
3 0.24640883977900552 0.6318807339449541 0.023204419889502764 0.020642201834862386
3 0.20276243093922652 0.6594036697247706 0.02154696132596685 0.020642201834862386
3 0.2149171270718232 0.7798165137614679 0.025966850828729283 0.020642201834862386
3 0.1983425414364641 0.8073394495412844 0.023204419889502764 0.020642201834862386
3 0.18895027624309393 0.8348623853211009 0.024861878453038673 0.020642201834862386
3 0.20165745856353592 0.8623853211009175 0.02430939226519337 0.020642201834862386
3 0.20607734806629835 0.8899082568807339 0.024861878453038673 0.020642201834862386
3 0.1850828729281768 0.9174311926605505 0.023756906077348067 0.020642201834862386
3 0.19447513812154696 0.944954128440367 0.022651933701657457 0.020642201834862386
3 0.19613259668508287 0.9724770642201835 0.020994475138121547 0.020642201834862386
3 0.18812154696132596 0.9942660550458715 0.023756906077348067 0.009174311926605505
3 0.19779005524861878 0.03555045871559633 0.06353591160220995 0.022935779816513763
3 0.19337016574585636 0.05733944954128441 0.06353591160220995 0.022935779816513763
3 0.19337016574585636 0.1628440366972477 0.0707182320441989 0.022935779816513763