0 0.5922872340425532 0.019867549668874173 0.025 0.039735099337748346
0 0.2478723404255319 0.2229580573951435 0.018617021276595744 0.02759381898454746
0 0.22074468085106383 0.2560706401766004 0.010638297872340425 0.02207505518763797
0 0.2696808510638298 0.2560706401766004 0.010638297872340425 0.02207505518763797
0 0.7404255319148936 0.1456953642384106 0.0601063829787234 0.01545253863134658
1 0.7247340425531915 0.02041942604856512 0.18138297872340425 0.04083885209713024
1 0.40106382978723404 0.2969094922737307 0.03723404255319149 0.0706401766004415
1 0.41436170212765955 0.7207505518763797 0.15106382978723404 0.23620309050772628
1 0.573936170212766 0.7207505518763797 0.15106382978723404 0.23620309050772628
1 0.7335106382978723 0.7207505518763797 0.15106382978723404 0.23620309050772628
1 0.22287234042553192 0.018763796909492272 0.07127659574468086 0.037527593818984545
2 0.4454787234042553 0.019867549668874173 0.31861702127659575 0.039735099337748346
2 0.47606382978723405 0.017660044150110375 0.007446808510638298 0.01545253863134658
3 0.5223404255319148 0.018763796909492272 0.11595744680851064 0.02869757174392936
3 0.5276595744680851 0.017660044150110375 0.09042553191489362 0.02207505518763797
3 0.5276595744680851 0.017660044150110375 0.09042553191489362 0.02207505518763797
3 0.2574468085106383 0.18984547461368653 0.1478723404255319 0.033112582781456956
3 0.4776595744680851 0.2969094922737307 0.09893617021276596 0.04966887417218543
3 0.41436170212765955 0.9381898454746137 0.125531914893617 0.019867549668874173
3 0.573936170212766 0.9381898454746137 0.125531914893617 0.019867549668874173
3 0.7335106382978723 0.9481236203090507 0.125531914893617 0.039735099337748346
3 0.349468085106383 0.07505518763796909 0.023936170212765957 0.02207505518763797
3 0.38457446808510637 0.07505518763796909 0.026595744680851064 0.02207505518763797
3 0.43138297872340425 0.07505518763796909 0.047872340425531915 0.02207505518763797
3 0.47393617021276596 0.07505518763796909 0.018617021276595744 0.02207505518763797
3 0.5047872340425532 0.07505518763796909 0.023936170212765957 0.02207505518763797
3 0.5367021276595745 0.07505518763796909 0.02074468085106383 0.02207505518763797
3 0.21808510638297873 0.36423841059602646 0.06914893617021277 0.019867549668874173
3 0.21436170212765956 0.4503311258278146 0.06223404255319149 0.019867549668874173
3 0.20797872340425533 0.4768211920529801 0.04946808510638298 0.019867549668874173
3 0.19787234042553192 0.5033112582781457 0.02872340425531915 0.019867549668874173
3 0.19787234042553192 0.5298013245033113 0.02872340425531915 0.019867549668874173
3 0.2148936170212766 0.5562913907284768 0.06329787234042553 0.019867549668874173
3 0.19148936170212766 0.5827814569536424 0.015957446808510637 0.019867549668874173
3 0.19840425531914893 0.609271523178808 0.03031914893617021 0.019867549668874173
3 0.21861702127659574 0.6357615894039735 0.07074468085106383 0.019867549668874173
3 0.21063829787234042 0.6622516556291391 0.054787234042553194 0.019867549668874173
3 0.19148936170212766 0.7781456953642384 0.015957446808510637 0.019867549668874173
3 0.19095744680851065 0.804635761589404 0.015425531914893617 0.019867549668874173
3 0.19095744680851065 0.8311258278145696 0.015425531914893617 0.019867549668874173
3 0.19148936170212766 0.8576158940397351 0.015957446808510637 0.019867549668874173
3 0.19042553191489361 0.8841059602649006 0.013829787234042552 0.019867549668874173
3 0.19148936170212766 0.9105960264900662 0.015957446808510637 0.019867549668874173
3 0.1925531914893617 0.9370860927152318 0.018085106382978722 0.019867549668874173
3 0.1925531914893617 0.9635761589403974 0.018085106382978722 0.019867549668874173
3 0.1920212765957447 0.989514348785872 0.018085106382978722 0.018763796909492272
3 0.25851063829787235 0.36423841059602646 0.006914893617021276 0.019867549668874173
3 0.2542553191489362 0.4503311258278146 0.01223404255319149 0.019867549668874173
3 0.2404255319148936 0.4768211920529801 0.010106382978723405 0.019867549668874173
3 0.21808510638297873 0.5033112582781457 0.006914893617021276 0.019867549668874173
3 0.21861702127659574 0.5298013245033113 0.007446808510638298 0.019867549668874173
3 0.25372340425531914 0.5562913907284768 0.007446808510638298 0.019867549668874173
3 0.20638297872340425 0.5827814569536424 0.007446808510638298 0.019867549668874173
3 0.22021276595744682 0.609271523178808 0.007446808510638298 0.019867549668874173
3 0.2611702127659574 0.6357615894039735 0.007978723404255319 0.019867549668874173
3 0.24468085106382978 0.6622516556291391 0.007446808510638298 0.019867549668874173
3 0.20585106382978724 0.7781456953642384 0.007446808510638298 0.019867549668874173
3 0.20585106382978724 0.804635761589404 0.007446808510638298 0.019867549668874173
3 0.20797872340425533 0.8311258278145696 0.01223404255319149 0.019867549668874173
3 0.20585106382978724 0.8576158940397351 0.007446808510638298 0.019867549668874173
3 0.20425531914893616 0.8841059602649006 0.007446808510638298 0.019867549668874173
3 0.2053191489361702 0.9105960264900662 0.005851063829787234 0.019867549668874173
3 0.20797872340425533 0.9370860927152318 0.007446808510638298 0.019867549668874173
3 0.2074468085106383 0.9635761589403974 0.006914893617021276 0.019867549668874173
3 0.2077127659574468 0.989514348785872 0.007978723404255319 0.018763796909492272
3 0.22180851063829787 0.05849889624724062 0.061170212765957445 0.02207505518763797
3 0.2175531914893617 0.07947019867549669 0.061170212765957445 0.02207505518763797
3 0.2175531914893617 0.1445916114790287 0.06808510638297872 0.02207505518763797
3 0.29414893617021276 0.1445916114790287 0.06542553191489361 0.02207505518763797