0 0.8055235903337169 0.12440191387559808 0.02761795166858458 0.05741626794258373
1 0.33716915995397007 0.09808612440191387 0.02761795166858458 0.05741626794258373
1 0.4223245109321059 0.09808612440191387 0.02761795166858458 0.05741626794258373
1 0.5074798619102416 0.09808612440191387 0.02761795166858458 0.05741626794258373
1 0.5926352128883774 0.09808612440191387 0.02761795166858458 0.05741626794258373
1 0.6777905638665133 0.09808612440191387 0.02761795166858458 0.05741626794258373
1 0.762945914844649 0.09808612440191387 0.02761795166858458 0.05741626794258373
1 0.3739930955120829 0.41626794258373206 0.16340621403912542 0.3397129186602871
1 0.5466052934407365 0.41626794258373206 0.1628308400460299 0.3397129186602871
1 0.7192174913693901 0.41626794258373206 0.16340621403912542 0.3397129186602871
3 0.33716915995397007 0.16028708133971292 0.05753739930955121 0.03827751196172249
3 0.4223245109321059 0.16028708133971292 0.05753739930955121 0.03827751196172249
3 0.5074798619102416 0.16028708133971292 0.05178365937859609 0.03827751196172249
3 0.5926352128883774 0.16028708133971292 0.0333716915995397 0.03827751196172249
3 0.6777905638665133 0.16028708133971292 0.047180667433831994 0.03827751196172249
3 0.762945914844649 0.16028708133971292 0.05753739930955121 0.03827751196172249
3 0.2002301495972382 0.29066985645933013 0.1518987341772152 0.017942583732057416
3 0.3739930955120829 0.7739234449760766 0.14039125431530494 0.0430622009569378
3 0.5466052934407365 0.7739234449760766 0.13981588032220943 0.0430622009569378
3 0.7192174913693901 0.7739234449760766 0.14039125431530494 0.0430622009569378
3 0.2002301495972382 0.11124401913875598 0.1518987341772152 0.04904306220095694
3 0.2002301495972382 0.2583732057416268 0.1518987341772152 0.023923444976076555
3 0.2002301495972382 0.47368421052631576 0.1518987341772152 0.023923444976076555
3 0.2002301495972382 0.5921052631578947 0.1518987341772152 0.023923444976076555
3 0.3009205983889528 0.01555023923444976 0.025891829689298044 0.023923444976076555
3 0.33889528193325663 0.01555023923444976 0.028768699654775604 0.023923444976076555
3 0.3895281933256617 0.01555023923444976 0.05178365937859609 0.023923444976076555
3 0.43555811277330264 0.01555023923444976 0.020138089758342925 0.023923444976076555
3 0.4689298043728424 0.01555023923444976 0.025891829689298044 0.023923444976076555
3 0.503452243958573 0.01555023923444976 0.02243958573072497 0.023923444976076555
3 0.1628308400460299 0.005382775119617225 0.0667433831990794 0.01076555023923445
3 0.15822784810126583 0.02033492822966507 0.0661680092059839 0.023923444976076555
3 0.2002301495972382 0.5047846889952153 0.1518987341772152 0.014354066985645933
3 0.2002301495972382 0.534688995215311 0.1518987341772152 0.014354066985645933
3 0.2002301495972382 0.6232057416267942 0.1518987341772152 0.014354066985645933
3 0.2002301495972382 0.65311004784689 0.1518987341772152 0.014354066985645933
3 0.2002301495972382 0.6830143540669856 0.1518987341772152 0.014354066985645933
3 0.2002301495972382 0.7129186602870813 0.1518987341772152 0.014354066985645933
3 0.2002301495972382 0.742822966507177 0.1518987341772152 0.014354066985645933
3 0.2002301495972382 0.7727272727272727 0.1518987341772152 0.014354066985645933
3 0.2002301495972382 0.8026315789473685 0.1518987341772152 0.014354066985645933
3 0.2002301495972382 0.8325358851674641 0.1518987341772152 0.014354066985645933
3 0.2002301495972382 0.8624401913875598 0.1518987341772152 0.014354066985645933
3 0.2002301495972382 0.8923444976076556 0.1518987341772152 0.014354066985645933
3 0.2002301495972382 0.9222488038277512 0.1518987341772152 0.014354066985645933
3 0.2002301495972382 0.9521531100478469 0.1518987341772152 0.014354066985645933
3 0.2002301495972382 0.9820574162679426 0.1518987341772152 0.014354066985645933