0 0.5901098901098901 0.023972602739726026 0.025274725274725275 0.04452054794520548
0 0.2434065934065934 0.2363013698630137 0.019230769230769232 0.028538812785388126
0 0.18956043956043955 0.2705479452054795 0.01098901098901099 0.0228310502283105
0 0.24505494505494504 0.2705479452054795 0.01098901098901099 0.0228310502283105
0 0.7434065934065934 0.15639269406392695 0.06208791208791209 0.01598173515981735
0 0.7972527472527473 0.4052511415525114 0.035164835164835165 0.0730593607305936
1 0.7269230769230769 0.02511415525114155 0.18681318681318682 0.04452054794520548
1 0.39285714285714285 0.3139269406392694 0.038461538461538464 0.07990867579908675
1 0.4065934065934066 0.7511415525114156 0.15604395604395604 0.24429223744292236
1 0.5714285714285714 0.7511415525114156 0.15604395604395604 0.24429223744292236
1 0.7362637362637363 0.7511415525114156 0.15604395604395604 0.24429223744292236
1 0.2087912087912088 0.02511415525114155 0.07362637362637363 0.03881278538812785
2 0.43846153846153846 0.023972602739726026 0.32857142857142857 0.04452054794520548
2 0.4703296703296703 0.023972602739726026 0.007692307692307693 0.01598173515981735
3 0.5181318681318682 0.02511415525114155 0.11978021978021978 0.02968036529680365
3 0.5236263736263737 0.023972602739726026 0.09340659340659341 0.0228310502283105
3 0.5236263736263737 0.023972602739726026 0.09340659340659341 0.0228310502283105
3 0.2445054945054945 0.20205479452054795 0.15274725274725276 0.03424657534246575
3 0.47197802197802197 0.3127853881278539 0.1021978021978022 0.05136986301369863
3 0.40686813186813187 0.9823059360730594 0.13021978021978023 0.033105022831050226
3 0.5717032967032967 0.9823059360730594 0.13021978021978023 0.033105022831050226
3 0.7365384615384616 0.9823059360730594 0.13021978021978023 0.033105022831050226
3 0.3395604395604396 0.08333333333333333 0.024725274725274724 0.0228310502283105
3 0.3758241758241758 0.08333333333333333 0.027472527472527472 0.0228310502283105
3 0.42417582417582417 0.08333333333333333 0.04945054945054945 0.0228310502283105
3 0.46813186813186813 0.08333333333333333 0.019230769230769232 0.0228310502283105
3 0.5 0.08333333333333333 0.024725274725274724 0.0228310502283105
3 0.532967032967033 0.08333333333333333 0.02142857142857143 0.0228310502283105
3 0.20384615384615384 0.3824200913242009 0.07142857142857142 0.02054794520547945
3 0.1934065934065934 0.4714611872146119 0.0510989010989011 0.02054794520547945
3 0.2 0.4988584474885845 0.06428571428571428 0.02054794520547945
3 0.2032967032967033 0.526255707762557 0.07087912087912088 0.02054794520547945
3 0.20054945054945056 0.5536529680365296 0.06538461538461539 0.02054794520547945
3 0.19615384615384615 0.5810502283105022 0.056593406593406594 0.02054794520547945
3 0.18296703296703296 0.6084474885844748 0.02967032967032967 0.02054794520547945
3 0.18296703296703296 0.6358447488584474 0.02967032967032967 0.02054794520547945
3 0.18516483516483517 0.66324200913242 0.03406593406593406 0.02054794520547945
3 0.2043956043956044 0.6906392694063926 0.07307692307692308 0.02054794520547945
3 0.17197802197802198 0.8105022831050228 0.007692307692307693 0.02054794520547945
3 0.17252747252747253 0.8378995433789954 0.00934065934065934 0.02054794520547945
3 0.1901098901098901 0.865296803652968 0.04450549450549451 0.02054794520547945
3 0.17087912087912088 0.8926940639269406 0.006043956043956044 0.02054794520547945
3 0.17362637362637362 0.9200913242009132 0.01098901098901099 0.02054794520547945
3 0.17197802197802198 0.9474885844748858 0.008241758241758242 0.02054794520547945
3 0.1901098901098901 0.9748858447488584 0.04450549450549451 0.02054794520547945
3 0.1728021978021978 0.9954337899543378 0.00934065934065934 0.00684931506849315
3 0.25054945054945055 0.3824200913242009 0.016483516483516484 0.02054794520547945
3 0.2291208791208791 0.4714611872146119 0.014835164835164835 0.02054794520547945
3 0.2412087912087912 0.4988584474885845 0.012637362637362638 0.02054794520547945
3 0.2478021978021978 0.526255707762557 0.012087912087912088 0.02054794520547945
3 0.24395604395604395 0.5536529680365296 0.014835164835164835 0.02054794520547945
3 0.23461538461538461 0.5810502283105022 0.014285714285714285 0.02054794520547945
3 0.20659340659340658 0.6084474885844748 0.012087912087912088 0.02054794520547945
3 0.20659340659340658 0.6358447488584474 0.012637362637362638 0.02054794520547945
3 0.21153846153846154 0.66324200913242 0.012087912087912088 0.02054794520547945
3 0.25054945054945055 0.6906392694063926 0.012637362637362638 0.02054794520547945
3 0.18626373626373627 0.8105022831050228 0.015934065934065933 0.02054794520547945
3 0.189010989010989 0.8378995433789954 0.01703296703296703 0.02054794520547945
3 0.2230769230769231 0.865296803652968 0.014835164835164835 0.02054794520547945
3 0.18406593406593408 0.8926940639269406 0.014835164835164835 0.02054794520547945
3 0.18736263736263736 0.9200913242009132 0.011538461538461539 0.02054794520547945
3 0.18516483516483517 0.9474885844748858 0.012087912087912088 0.02054794520547945
3 0.21978021978021978 0.9748858447488584 0.008241758241758242 0.02054794520547945
3 0.1835164835164835 0.9954337899543378 0.008791208791208791 0.00684931506849315
3 0.2076923076923077 0.06621004566210045 0.06318681318681318 0.0228310502283105
3 0.2032967032967033 0.08789954337899543 0.06318681318681318 0.0228310502283105
3 0.2032967032967033 0.1552511415525114 0.07032967032967033 0.0228310502283105
3 0.2824175824175824 0.1552511415525114 0.06758241758241758 0.0228310502283105