0 0.5907103825136611 0.02834467120181406 0.025136612021857924 0.04421768707482993
0 0.2459016393442623 0.23922902494331066 0.01912568306010929 0.02834467120181406
0 0.1923497267759563 0.2732426303854875 0.01092896174863388 0.022675736961451247
0 0.24754098360655738 0.2732426303854875 0.01092896174863388 0.022675736961451247
0 0.7431693989071039 0.1598639455782313 0.06174863387978142 0.015873015873015872
0 0.7967213114754098 0.4070294784580499 0.034972677595628415 0.07256235827664399
1 0.726775956284153 0.02947845804988662 0.18579234972677597 0.04421768707482993
1 0.3945355191256831 0.3163265306122449 0.03825136612021858 0.07936507936507936
1 0.4081967213114754 0.7505668934240363 0.1551912568306011 0.24263038548752835
1 0.5721311475409836 0.7505668934240363 0.1551912568306011 0.24263038548752835
1 0.7360655737704918 0.7505668934240363 0.1551912568306011 0.24263038548752835
1 0.21147540983606558 0.02947845804988662 0.073224043715847 0.03854875283446712
2 0.43989071038251365 0.02834467120181406 0.326775956284153 0.04421768707482993
2 0.4715846994535519 0.02834467120181406 0.007650273224043716 0.015873015873015872
3 0.5191256830601093 0.02947845804988662 0.11912568306010929 0.02947845804988662
3 0.5245901639344263 0.02834467120181406 0.09289617486338798 0.022675736961451247
3 0.5245901639344263 0.02834467120181406 0.09289617486338798 0.022675736961451247
3 0.24699453551912567 0.20521541950113378 0.15191256830601094 0.034013605442176874
3 0.473224043715847 0.31519274376417233 0.10163934426229508 0.05102040816326531
3 0.40846994535519127 0.9812925170068028 0.12950819672131147 0.035147392290249435
3 0.5724043715846995 0.9812925170068028 0.12950819672131147 0.035147392290249435
3 0.7363387978142076 0.9812925170068028 0.12950819672131147 0.035147392290249435
3 0.34153005464480873 0.0873015873015873 0.02459016393442623 0.022675736961451247
3 0.37759562841530053 0.0873015873015873 0.0273224043715847 0.022675736961451247
3 0.42568306010928963 0.0873015873015873 0.04918032786885246 0.022675736961451247
3 0.46939890710382515 0.0873015873015873 0.01912568306010929 0.022675736961451247
3 0.5010928961748634 0.0873015873015873 0.02459016393442623 0.022675736961451247
3 0.533879781420765 0.0873015873015873 0.021311475409836064 0.022675736961451247
3 0.20655737704918034 0.3843537414965986 0.07103825136612021 0.02040816326530612
3 0.19617486338797815 0.47278911564625853 0.05081967213114754 0.02040816326530612
3 0.20273224043715846 0.5 0.06393442622950819 0.02040816326530612
3 0.20601092896174864 0.5272108843537415 0.07049180327868852 0.02040816326530612
3 0.20327868852459016 0.5544217687074829 0.06502732240437159 0.02040816326530612
3 0.1989071038251366 0.5816326530612245 0.05628415300546448 0.02040816326530612
3 0.18579234972677597 0.608843537414966 0.029508196721311476 0.02040816326530612
3 0.18579234972677597 0.6360544217687075 0.029508196721311476 0.02040816326530612
3 0.18797814207650274 0.6632653061224489 0.033879781420765025 0.02040816326530612
3 0.20710382513661202 0.6904761904761905 0.0726775956284153 0.02040816326530612
3 0.17486338797814208 0.8095238095238095 0.007650273224043716 0.02040816326530612
3 0.17540983606557378 0.8367346938775511 0.009289617486338797 0.02040816326530612
3 0.19289617486338798 0.8639455782312925 0.04426229508196721 0.02040816326530612
3 0.1737704918032787 0.891156462585034 0.006010928961748634 0.02040816326530612
3 0.17650273224043717 0.9183673469387755 0.01092896174863388 0.02040816326530612
3 0.17486338797814208 0.9455782312925171 0.00819672131147541 0.02040816326530612
3 0.19289617486338798 0.9727891156462585 0.04426229508196721 0.02040816326530612
3 0.1756830601092896 0.9943310657596371 0.009289617486338797 0.009070294784580499
3 0.2530054644808743 0.3843537414965986 0.01639344262295082 0.02040816326530612
3 0.23169398907103825 0.47278911564625853 0.014754098360655738 0.02040816326530612
3 0.24371584699453552 0.5 0.012568306010928962 0.02040816326530612
3 0.2502732240437158 0.5272108843537415 0.012021857923497269 0.02040816326530612
3 0.246448087431694 0.5544217687074829 0.014754098360655738 0.02040816326530612
3 0.2371584699453552 0.5816326530612245 0.014207650273224045 0.02040816326530612
3 0.20928961748633879 0.608843537414966 0.012021857923497269 0.02040816326530612
3 0.20928961748633879 0.6360544217687075 0.012568306010928962 0.02040816326530612
3 0.21420765027322405 0.6632653061224489 0.012021857923497269 0.02040816326530612
3 0.2530054644808743 0.6904761904761905 0.012568306010928962 0.02040816326530612
3 0.18907103825136612 0.8095238095238095 0.015846994535519125 0.02040816326530612
3 0.1918032786885246 0.8367346938775511 0.016939890710382512 0.02040816326530612
3 0.22568306010928962 0.8639455782312925 0.014754098360655738 0.02040816326530612
3 0.18688524590163935 0.891156462585034 0.014754098360655738 0.02040816326530612
3 0.1901639344262295 0.9183673469387755 0.011475409836065573 0.02040816326530612
3 0.18797814207650274 0.9455782312925171 0.012021857923497269 0.02040816326530612
3 0.22240437158469945 0.9727891156462585 0.00819672131147541 0.02040816326530612
3 0.18633879781420765 0.9943310657596371 0.008743169398907104 0.009070294784580499
3 0.2103825136612022 0.07029478458049887 0.06284153005464481 0.022675736961451247
3 0.20601092896174864 0.09183673469387756 0.06284153005464481 0.022675736961451247
3 0.20601092896174864 0.15873015873015872 0.06994535519125683 0.022675736961451247
3 0.28469945355191256 0.15873015873015872 0.06721311475409836 0.022675736961451247