0 0.5769662921348314 0.026869158878504672 0.025842696629213482 0.0455607476635514
0 0.21629213483146068 0.2441588785046729 0.019662921348314606 0.029205607476635514
0 0.17134831460674158 0.27920560747663553 0.011235955056179775 0.02336448598130841
0 0.19297752808988763 0.9935747663551402 0.012921348314606741 0.010514018691588784
0 0.2103932584269663 0.9935747663551402 0.024157303370786518 0.010514018691588784
0 0.7337078651685394 0.16238317757009346 0.06348314606741573 0.016355140186915886
0 0.7887640449438202 0.41705607476635514 0.035955056179775284 0.07476635514018691
1 0.7168539325842697 0.028037383177570093 0.19101123595505617 0.0455607476635514
1 0.3752808988764045 0.32242990654205606 0.03932584269662921 0.054906542056074766
1 0.38932584269662923 0.7710280373831776 0.15955056179775282 0.25
1 0.5578651685393259 0.7710280373831776 0.15955056179775282 0.25
1 0.7264044943820225 0.7710280373831776 0.15955056179775282 0.25
1 0.18707865168539325 0.028037383177570093 0.07528089887640449 0.0397196261682243
2 0.42191011235955056 0.026869158878504672 0.3359550561797753 0.0455607476635514
2 0.4544943820224719 0.026869158878504672 0.007865168539325843 0.016355140186915886
3 0.503370786516854 0.028037383177570093 0.12247191011235956 0.030373831775700934
3 0.5089887640449439 0.026869158878504672 0.09550561797752809 0.02336448598130841
3 0.5089887640449439 0.026869158878504672 0.09550561797752809 0.02336448598130841
3 0.22359550561797753 0.2091121495327103 0.15617977528089888 0.035046728971962614
3 0.45617977528089887 0.32242990654205606 0.10449438202247191 0.052570093457943924
3 0.5581460674157304 0.9947429906542056 0.13314606741573035 0.008177570093457943
3 0.32078651685393256 0.08761682242990654 0.025280898876404494 0.02336448598130841
3 0.3578651685393258 0.08761682242990654 0.028089887640449437 0.02336448598130841
3 0.40730337078651685 0.08761682242990654 0.05056179775280899 0.02336448598130841
3 0.45224719101123595 0.08761682242990654 0.019662921348314606 0.02336448598130841
3 0.4848314606741573 0.08761682242990654 0.025280898876404494 0.02336448598130841
3 0.5185393258426966 0.08761682242990654 0.021910112359550562 0.02336448598130841
3 0.17415730337078653 0.39369158878504673 0.05786516853932584 0.02102803738317757
3 0.17134831460674158 0.4217289719626168 0.052247191011235955 0.02102803738317757
3 0.17808988764044945 0.4497663551401869 0.06573033707865168 0.02102803738317757
3 0.16067415730337078 0.477803738317757 0.030337078651685393 0.02102803738317757
3 0.18146067415730338 0.5058411214953271 0.07247191011235955 0.02102803738317757
3 0.17865168539325843 0.5338785046728972 0.06685393258426967 0.02102803738317757
3 0.16067415730337078 0.5619158878504673 0.030337078651685393 0.02102803738317757
3 0.18258426966292135 0.5899532710280374 0.0747191011235955 0.02102803738317757
3 0.16123595505617977 0.6179906542056075 0.03202247191011236 0.02102803738317757
3 0.15842696629213482 0.7406542056074766 0.026404494382022473 0.02102803738317757
3 0.1556179775280899 0.7686915887850467 0.020786516853932586 0.02102803738317757
3 0.1550561797752809 0.8598130841121495 0.019662921348314606 0.02102803738317757
3 0.15337078651685393 0.8878504672897196 0.015730337078651686 0.02102803738317757
3 0.15168539325842698 0.9158878504672897 0.012359550561797753 0.02102803738317757
3 0.15393258426966291 0.9439252336448598 0.016853932584269662 0.02102803738317757
3 0.21235955056179776 0.39369158878504673 0.012359550561797753 0.02102803738317757
3 0.20674157303370785 0.4217289719626168 0.012359550561797753 0.02102803738317757
3 0.2202247191011236 0.4497663551401869 0.012921348314606741 0.02102803738317757
3 0.18483146067415732 0.477803738317757 0.012359550561797753 0.02102803738317757
3 0.22696629213483147 0.5058411214953271 0.012359550561797753 0.02102803738317757
3 0.22078651685393258 0.5338785046728972 0.010674157303370787 0.02102803738317757
3 0.18370786516853932 0.5619158878504673 0.010674157303370787 0.02102803738317757
3 0.22752808988764045 0.5899532710280374 0.007865168539325843 0.02102803738317757
3 0.1842696629213483 0.6179906542056075 0.007865168539325843 0.02102803738317757
3 0.18258426966292135 0.7406542056074766 0.014606741573033709 0.02102803738317757
3 0.1752808988764045 0.7686915887850467 0.012921348314606741 0.02102803738317757
3 0.1747191011235955 0.8598130841121495 0.012921348314606741 0.02102803738317757
3 0.1707865168539326 0.8878504672897196 0.012359550561797753 0.02102803738317757
3 0.1662921348314607 0.9158878504672897 0.010112359550561797 0.02102803738317757
3 0.1702247191011236 0.9439252336448598 0.010112359550561797 0.02102803738317757
3 0.18595505617977529 0.07009345794392523 0.06460674157303371 0.02336448598130841
3 0.18146067415730338 0.09228971962616822 0.06460674157303371 0.02336448598130841
3 0.18146067415730338 0.16121495327102803 0.07191011235955057 0.02336448598130841
3 0.26235955056179777 0.16121495327102803 0.06910112359550562 0.02336448598130841