0 0.6231843575418995 0.01740139211136891 0.026256983240223464 0.03480278422273782
0 0.26424581005586595 0.2273781902552204 0.019553072625698324 0.029002320185614848
0 0.21955307262569831 0.26218097447795824 0.0111731843575419 0.02320185614849188
0 0.24078212290502793 0.9814385150812065 0.012290502793296089 0.029002320185614848
0 0.2581005586592179 0.9814385150812065 0.02346368715083799 0.029002320185614848
0 0.7787709497206704 0.14617169373549885 0.06312849162011173 0.016241299303944315
0 0.8335195530726257 0.3990719257540603 0.035754189944134075 0.07424593967517401
1 0.7622905027932961 0.017981438515081206 0.19050279329608938 0.03596287703016241
1 0.4223463687150838 0.3051044083526682 0.03910614525139665 0.054524361948955914
1 0.4363128491620112 0.7505800464037123 0.15865921787709497 0.2482598607888631
1 0.6039106145251396 0.7505800464037123 0.15865921787709497 0.2482598607888631
1 0.7715083798882681 0.7505800464037123 0.15865921787709497 0.2482598607888631
1 0.23547486033519552 0.016821345707656612 0.07541899441340782 0.033642691415313224
2 0.4689944134078212 0.01740139211136891 0.3346368715083799 0.03480278422273782
2 0.5011173184357542 0.01160092807424594 0.00782122905027933 0.016241299303944315
3 0.55 0.014501160092807424 0.1223463687150838 0.029002320185614848
3 0.5553072625698324 0.01160092807424594 0.09497206703910614 0.02320185614849188
3 0.5553072625698324 0.01160092807424594 0.09497206703910614 0.02320185614849188
3 0.27150837988826815 0.1925754060324826 0.1553072625698324 0.03480278422273782
3 0.5027932960893855 0.3051044083526682 0.10391061452513967 0.052204176334106726
3 0.43659217877094975 0.9837587006960556 0.1324022346368715 0.030162412993039442
3 0.6039106145251396 0.9791183294663574 0.1318435754189944 0.02088167053364269
3 0.7717877094972067 0.9837587006960556 0.1324022346368715 0.030162412993039442
3 0.36815642458100556 0.07192575406032482 0.025139664804469275 0.02320185614849188
3 0.40502793296089384 0.07192575406032482 0.027932960893854747 0.02320185614849188
3 0.4541899441340782 0.07192575406032482 0.05027932960893855 0.02320185614849188
3 0.4988826815642458 0.07192575406032482 0.019553072625698324 0.02320185614849188
3 0.5312849162011173 0.07192575406032482 0.025139664804469275 0.02320185614849188
3 0.5648044692737431 0.07192575406032482 0.021787709497206705 0.02320185614849188
3 0.2223463687150838 0.37587006960556846 0.057541899441340784 0.02088167053364269
3 0.21955307262569831 0.4037122969837587 0.05195530726256983 0.02088167053364269
3 0.22625698324022347 0.43155452436194897 0.06536312849162011 0.02088167053364269
3 0.20893854748603352 0.4593967517401392 0.030167597765363128 0.02088167053364269
3 0.22960893854748604 0.4872389791183295 0.07206703910614524 0.02088167053364269
3 0.22681564245810057 0.5150812064965197 0.0664804469273743 0.02088167053364269
3 0.20893854748603352 0.54292343387471 0.030167597765363128 0.02088167053364269
3 0.23072625698324023 0.5707656612529002 0.07430167597765364 0.02088167053364269
3 0.20949720670391062 0.5986078886310905 0.031843575418994415 0.02088167053364269
3 0.20670391061452514 0.7204176334106729 0.026256983240223464 0.02088167053364269
3 0.20391061452513967 0.7482598607888631 0.020670391061452513 0.02088167053364269
3 0.20335195530726258 0.8387470997679815 0.019553072625698324 0.02088167053364269
3 0.2016759776536313 0.8665893271461717 0.01564245810055866 0.02088167053364269
3 0.2 0.894431554524362 0.012290502793296089 0.02088167053364269
3 0.2022346368715084 0.9222737819025522 0.01675977653631285 0.02088167053364269
3 0.26033519553072626 0.37587006960556846 0.012290502793296089 0.02088167053364269
3 0.2547486033519553 0.4037122969837587 0.012290502793296089 0.02088167053364269
3 0.2681564245810056 0.43155452436194897 0.012849162011173185 0.02088167053364269
3 0.2329608938547486 0.4593967517401392 0.012290502793296089 0.02088167053364269
3 0.2748603351955307 0.4872389791183295 0.012290502793296089 0.02088167053364269
3 0.2687150837988827 0.5150812064965197 0.010614525139664804 0.02088167053364269
3 0.23184357541899442 0.54292343387471 0.010614525139664804 0.02088167053364269
3 0.27541899441340784 0.5707656612529002 0.00782122905027933 0.02088167053364269
3 0.2324022346368715 0.5986078886310905 0.00782122905027933 0.02088167053364269
3 0.23072625698324023 0.7204176334106729 0.01452513966480447 0.02088167053364269
3 0.22346368715083798 0.7482598607888631 0.012849162011173185 0.02088167053364269
3 0.22290502793296088 0.8387470997679815 0.012849162011173185 0.02088167053364269
3 0.21899441340782122 0.8665893271461717 0.012290502793296089 0.02088167053364269
3 0.21452513966480447 0.894431554524362 0.01005586592178771 0.02088167053364269
3 0.21843575418994413 0.9222737819025522 0.01005586592178771 0.02088167053364269
3 0.2340782122905028 0.054524361948955914 0.06424581005586592 0.02320185614849188
3 0.22960893854748604 0.0765661252900232 0.06424581005586592 0.02320185614849188
3 0.22960893854748604 0.14501160092807425 0.07150837988826815 0.02320185614849188
3 0.3100558659217877 0.14501160092807425 0.06871508379888268 0.02320185614849188