0 0.592741935483871 0.017857142857142856 0.025268817204301075 0.03571428571428571
0 0.6645161290322581 0.5825892857142857 0.08655913978494624 0.05357142857142857
1 0.7266129032258064 0.018415178571428572 0.18333333333333332 0.036830357142857144
1 0.20806451612903226 0.17299107142857142 0.05161290322580645 0.078125
1 0.20430107526881722 0.35267857142857145 0.023655913978494623 0.049107142857142856
1 0.20430107526881722 0.41964285714285715 0.023655913978494623 0.049107142857142856
1 0.20430107526881722 0.48660714285714285 0.023655913978494623 0.049107142857142856
1 0.20430107526881722 0.5535714285714286 0.023655913978494623 0.049107142857142856
1 0.20430107526881722 0.6205357142857143 0.023655913978494623 0.049107142857142856
1 0.20430107526881722 0.6875 0.023655913978494623 0.049107142857142856
1 0.20430107526881722 0.7544642857142857 0.023655913978494623 0.049107142857142856
1 0.40913978494623654 0.6037946428571429 0.3763440860215054 0.5580357142857143
1 0.20430107526881722 0.8214285714285714 0.023655913978494623 0.049107142857142856
1 0.7064516129032258 0.9720982142857143 0.054838709677419356 0.020089285714285716
1 0.2196236559139785 0.017299107142857144 0.07258064516129033 0.03459821428571429
2 0.4443548387096774 0.017857142857142856 0.32204301075268815 0.03571428571428571
3 0.6779569892473118 0.45200892857142855 0.11344086021505376 0.020089285714285716
3 0.7419354838709677 0.7544642857142857 0.03064516129032258 0.026785714285714284
3 0.7123655913978495 0.8091517857142857 0.16236559139784945 0.020089285714285716
3 0.7123655913978495 0.8571428571428571 0.16236559139784945 0.04017857142857143
3 0.7123655913978495 0.9151785714285714 0.16236559139784945 0.04017857142857143
3 0.20430107526881722 0.3705357142857143 0.026881720430107527 0.025669642857142856
3 0.20430107526881722 0.4375 0.026881720430107527 0.025669642857142856
3 0.20430107526881722 0.5044642857142857 0.026881720430107527 0.025669642857142856
3 0.20430107526881722 0.5714285714285714 0.026881720430107527 0.025669642857142856
3 0.20430107526881722 0.6383928571428571 0.026881720430107527 0.025669642857142856
3 0.20430107526881722 0.7053571428571429 0.026881720430107527 0.025669642857142856
3 0.20430107526881722 0.7723214285714286 0.026881720430107527 0.025669642857142856
3 0.20430107526881722 0.8392857142857143 0.026881720430107527 0.025669642857142856
3 0.20430107526881722 0.3705357142857143 0.026881720430107527 0.025669642857142856
3 0.20430107526881722 0.4375 0.026881720430107527 0.025669642857142856
3 0.20430107526881722 0.5044642857142857 0.026881720430107527 0.025669642857142856
3 0.20430107526881722 0.5714285714285714 0.026881720430107527 0.025669642857142856
3 0.20430107526881722 0.6383928571428571 0.026881720430107527 0.025669642857142856
3 0.20430107526881722 0.7053571428571429 0.026881720430107527 0.025669642857142856
3 0.20430107526881722 0.7723214285714286 0.026881720430107527 0.025669642857142856
3 0.20430107526881722 0.8392857142857143 0.026881720430107527 0.025669642857142856
3 0.7 0.40513392857142855 0.1575268817204301 0.05580357142857143
3 0.7172043010752688 0.6462053571428571 0.16344086021505377 0.020089285714285716
3 0.6741935483870968 0.7522321428571429 0.1053763440860215 0.029017857142857144
3 0.3473118279569892 0.07142857142857142 0.024193548387096774 0.022321428571428572
3 0.3827956989247312 0.07142857142857142 0.026881720430107527 0.022321428571428572
3 0.43010752688172044 0.07142857142857142 0.04838709677419355 0.022321428571428572
3 0.4731182795698925 0.07142857142857142 0.01881720430107527 0.022321428571428572
3 0.5043010752688172 0.07142857142857142 0.024193548387096774 0.022321428571428572
3 0.5365591397849462 0.07142857142857142 0.020967741935483872 0.022321428571428572
3 0.21827956989247313 0.0546875 0.06182795698924731 0.022321428571428572
3 0.21397849462365592 0.07589285714285714 0.06182795698924731 0.022321428571428572
3 0.2908602150537634 0.2779017857142857 0.06881720430107527 0.015625
3 0.36774193548387096 0.2779017857142857 0.06559139784946237 0.015625
3 0.4306451612903226 0.2779017857142857 0.03978494623655914 0.015625
3 0.4666666666666667 0.2779017857142857 0.013440860215053764 0.015625