0 0.5837696335078534 0.029347826086956522 0.024083769633507852 0.042391304347826085
0 0.26335078534031414 0.22826086956521738 0.01832460732984293 0.02717391304347826
0 0.7298429319371728 0.19130434782608696 0.059162303664921465 0.015217391304347827
1 0.7141361256544503 0.030434782608695653 0.17801047120418848 0.042391304347826085
1 0.40890052356020945 0.533695652173913 0.1486910994764398 0.2326086956521739
1 0.5659685863874345 0.533695652173913 0.1486910994764398 0.2326086956521739
1 0.7230366492146597 0.533695652173913 0.1486910994764398 0.2326086956521739
1 0.22041884816753926 0.030434782608695653 0.07015706806282722 0.03695652173913044
2 0.43926701570680626 0.029347826086956522 0.31308900523560207 0.042391304347826085
2 0.4664921465968586 0.029347826086956522 0.007329842931937173 0.015217391304347827
3 0.5136125654450262 0.030434782608695653 0.11727748691099477 0.02826086956521739
3 0.518848167539267 0.029347826086956522 0.09214659685863874 0.021739130434782608
3 0.518848167539267 0.029347826086956522 0.09214659685863874 0.021739130434782608
3 0.2544502617801047 0.1956521739130435 0.14554973821989528 0.03260869565217391
3 0.40890052356020945 0.7576086956521739 0.12356020942408377 0.0391304347826087
3 0.5659685863874345 0.7478260869565218 0.12356020942408377 0.01956521739130435
3 0.7230366492146597 0.7576086956521739 0.12356020942408377 0.0391304347826087
3 0.37329842931937174 0.3695652173913043 0.0774869109947644 0.029347826086956522
3 0.450261780104712 0.3695652173913043 0.0774869109947644 0.029347826086956522
3 0.5277486910994764 0.3695652173913043 0.0774869109947644 0.029347826086956522
3 0.6047120418848168 0.3695652173913043 0.0774869109947644 0.029347826086956522
3 0.6821989528795811 0.3695652173913043 0.0774869109947644 0.029347826086956522
3 0.3450261780104712 0.08586956521739131 0.02356020942408377 0.021739130434782608
3 0.3795811518324607 0.08586956521739131 0.02617801047120419 0.021739130434782608
3 0.4256544502617801 0.08586956521739131 0.04712041884816754 0.021739130434782608
3 0.4675392670157068 0.08586956521739131 0.01832460732984293 0.021739130434782608
3 0.4979057591623037 0.08586956521739131 0.02356020942408377 0.021739130434782608
3 0.5293193717277487 0.08586956521739131 0.020418848167539267 0.021739130434782608
3 0.2157068062827225 0.3282608695652174 0.06806282722513089 0.01956521739130435
3 0.20575916230366492 0.41304347826086957 0.04869109947643979 0.01956521739130435
3 0.21204188481675393 0.4391304347826087 0.0612565445026178 0.01956521739130435
3 0.20837696335078534 0.4652173913043478 0.05392670157068063 0.01956521739130435
3 0.21256544502617802 0.49130434782608695 0.06230366492146597 0.01956521739130435
3 0.21518324607329842 0.5173913043478261 0.06753926701570681 0.01956521739130435
3 0.19581151832460733 0.5434782608695652 0.028272251308900525 0.01956521739130435
3 0.19581151832460733 0.5695652173913044 0.028272251308900525 0.01956521739130435
3 0.2162303664921466 0.5956521739130435 0.06963350785340314 0.01956521739130435
3 0.19633507853403143 0.6217391304347826 0.029842931937172777 0.01956521739130435
3 0.20104712041884817 0.7358695652173913 0.0387434554973822 0.01956521739130435
3 0.18900523560209423 0.7619565217391304 0.014659685863874346 0.01956521739130435
3 0.1973821989528796 0.7880434782608695 0.031413612565445025 0.01956521739130435
3 0.193717277486911 0.8141304347826087 0.024083769633507852 0.01956521739130435
3 0.19528795811518324 0.8402173913043478 0.027225130890052355 0.01956521739130435
3 0.187434554973822 0.866304347826087 0.011518324607329843 0.01956521739130435
3 0.19214659685863875 0.8923913043478261 0.021465968586387434 0.01956521739130435
3 0.19214659685863875 0.9184782608695652 0.021465968586387434 0.01956521739130435
3 0.19424083769633507 0.9445652173913044 0.025130890052356022 0.01956521739130435
3 0.26335078534031414 0.3282608695652174 0.02198952879581152 0.01956521739130435
3 0.24554973821989529 0.41304347826086957 0.025654450261780103 0.01956521739130435
3 0.2570680628272251 0.4391304347826087 0.02356020942408377 0.01956521739130435
3 0.25078534031413613 0.4652173913043478 0.025130890052356022 0.01956521739130435
3 0.2602094240837696 0.49130434782608695 0.02617801047120419 0.01956521739130435
3 0.2628272251308901 0.5173913043478261 0.022513089005235604 0.01956521739130435
3 0.22408376963350785 0.5434782608695652 0.023036649214659685 0.01956521739130435
3 0.22251308900523561 0.5695652173913044 0.019895287958115182 0.01956521739130435
3 0.26544502617801047 0.5956521739130435 0.02198952879581152 0.01956521739130435
3 0.22460732984293194 0.6217391304347826 0.021465968586387434 0.01956521739130435
3 0.23455497382198953 0.7358695652173913 0.02198952879581152 0.01956521739130435
3 0.21151832460732983 0.7619565217391304 0.024083769633507852 0.01956521739130435
3 0.22722513089005236 0.7880434782608695 0.02356020942408377 0.01956521739130435
3 0.2198952879581152 0.8141304347826087 0.02198952879581152 0.01956521739130435
3 0.22251308900523561 0.8402173913043478 0.02198952879581152 0.01956521739130435
3 0.20837696335078534 0.866304347826087 0.024083769633507852 0.01956521739130435
3 0.21727748691099477 0.8923913043478261 0.02198952879581152 0.01956521739130435
3 0.21465968586387435 0.9184782608695652 0.01780104712041885 0.01956521739130435
3 0.22094240837696336 0.9445652173913044 0.02198952879581152 0.01956521739130435
3 0.2193717277486911 0.06956521739130435 0.060209424083769635 0.021739130434782608
3 0.21518324607329842 0.09021739130434783 0.060209424083769635 0.021739130434782608