0 0.5961748633879781 0.026077097505668934 0.025136612021857924 0.04421768707482993
0 0.2573770491803279 0.2743764172335601 0.01912568306010929 0.02834467120181406
0 0.22513661202185792 0.30839002267573695 0.01092896174863388 0.022675736961451247
0 0.7486338797814208 0.19501133786848074 0.06174863387978142 0.015873015873015872
0 0.8021857923497268 0.4421768707482993 0.034972677595628415 0.07256235827664399
1 0.73224043715847 0.027210884353741496 0.18579234972677597 0.04421768707482993
1 0.4 0.35034013605442177 0.03825136612021858 0.05782312925170068
1 0.41366120218579233 0.7857142857142857 0.1551912568306011 0.24263038548752835
1 0.5775956284153005 0.7857142857142857 0.1551912568306011 0.24263038548752835
1 0.7415300546448087 0.7857142857142857 0.1551912568306011 0.24263038548752835
1 0.21693989071038253 0.027210884353741496 0.073224043715847 0.03854875283446712
2 0.4453551912568306 0.026077097505668934 0.326775956284153 0.04421768707482993
2 0.47704918032786886 0.026077097505668934 0.007650273224043716 0.015873015873015872
3 0.5245901639344263 0.027210884353741496 0.11912568306010929 0.02947845804988662
3 0.5300546448087432 0.026077097505668934 0.09289617486338798 0.022675736961451247
3 0.5300546448087432 0.026077097505668934 0.09289617486338798 0.022675736961451247
3 0.25245901639344265 0.24036281179138322 0.15191256830601094 0.034013605442176874
3 0.4786885245901639 0.35034013605442177 0.10163934426229508 0.05102040816326531
3 0.3469945355191257 0.08503401360544217 0.02459016393442623 0.022675736961451247
3 0.3830601092896175 0.08503401360544217 0.0273224043715847 0.022675736961451247
3 0.4311475409836066 0.08503401360544217 0.04918032786885246 0.022675736961451247
3 0.4748633879781421 0.08503401360544217 0.01912568306010929 0.022675736961451247
3 0.5065573770491804 0.08503401360544217 0.02459016393442623 0.022675736961451247
3 0.5393442622950819 0.08503401360544217 0.021311475409836064 0.022675736961451247
3 0.21202185792349726 0.41950113378684806 0.07103825136612021 0.02040816326530612
3 0.20163934426229507 0.5079365079365079 0.05081967213114754 0.02040816326530612
3 0.2081967213114754 0.5351473922902494 0.06393442622950819 0.02040816326530612
3 0.20437158469945355 0.562358276643991 0.05628415300546448 0.02040816326530612
3 0.2087431693989071 0.5895691609977324 0.06502732240437159 0.02040816326530612
3 0.21147540983606558 0.6167800453514739 0.07049180327868852 0.02040816326530612
3 0.1912568306010929 0.6439909297052154 0.029508196721311476 0.02040816326530612
3 0.1912568306010929 0.671201814058957 0.029508196721311476 0.02040816326530612
3 0.21256830601092896 0.6984126984126984 0.0726775956284153 0.02040816326530612
3 0.1918032786885246 0.7256235827664399 0.03114754098360656 0.02040816326530612
3 0.18961748633879782 0.844671201814059 0.02622950819672131 0.02040816326530612
3 0.18633879781420765 0.8718820861678005 0.019672131147540985 0.02040816326530612
3 0.19289617486338798 0.8990929705215419 0.03278688524590164 0.02040816326530612
3 0.18633879781420765 0.9263038548752834 0.019672131147540985 0.02040816326530612
3 0.1819672131147541 0.953514739229025 0.011475409836065573 0.02040816326530612
3 0.1830601092896175 0.9807256235827665 0.01366120218579235 0.02040816326530612
3 0.2612021857923497 0.41950113378684806 0.02185792349726776 0.02040816326530612
3 0.24153005464480876 0.5079365079365079 0.022950819672131147 0.02040816326530612
3 0.2540983606557377 0.5351473922902494 0.02185792349726776 0.02040816326530612
3 0.246448087431694 0.562358276643991 0.022404371584699455 0.02040816326530612
3 0.2562841530054645 0.5895691609977324 0.022950819672131147 0.02040816326530612
3 0.260655737704918 0.6167800453514739 0.02185792349726776 0.02040816326530612
3 0.2185792349726776 0.6439909297052154 0.019672131147540985 0.02040816326530612
3 0.21693989071038253 0.671201814058957 0.01639344262295082 0.02040816326530612
3 0.26010928961748636 0.6984126984126984 0.015846994535519125 0.02040816326530612
3 0.2174863387978142 0.7256235827664399 0.014754098360655738 0.02040816326530612
3 0.21639344262295082 0.844671201814059 0.02185792349726776 0.02040816326530612
3 0.2103825136612022 0.8718820861678005 0.022404371584699455 0.02040816326530612
3 0.22295081967213115 0.8990929705215419 0.022404371584699455 0.02040816326530612
3 0.20928961748633879 0.9263038548752834 0.020765027322404372 0.02040816326530612
3 0.20163934426229507 0.953514739229025 0.020765027322404372 0.02040816326530612
3 0.20327868852459016 0.9807256235827665 0.019672131147540985 0.02040816326530612
3 0.21584699453551912 0.06802721088435375 0.06284153005464481 0.022675736961451247
3 0.21147540983606558 0.08956916099773243 0.06284153005464481 0.022675736961451247
3 0.21147540983606558 0.19387755102040816 0.06994535519125683 0.022675736961451247
3 0.2901639344262295 0.19387755102040816 0.06721311475409836 0.022675736961451247