0 0.5995449374288965 0.026004728132387706 0.026166097838452786 0.04609929078014184
0 0.6757679180887372 0.6288416075650118 0.09158134243458475 0.05673758865248227
1 0.7411831626848692 0.027186761229314422 0.19340159271899887 0.04609929078014184
1 0.19283276450511946 0.1950354609929078 0.05460750853242321 0.08274231678486997
1 0.18885096700796358 0.38534278959810875 0.02502844141069397 0.05200945626477541
1 0.4055745164960182 0.6513002364066194 0.3981797497155859 0.5910165484633569
1 0.18885096700796358 0.4562647754137116 0.02502844141069397 0.05200945626477541
1 0.18885096700796358 0.5271867612293144 0.02502844141069397 0.05200945626477541
1 0.18885096700796358 0.5981087470449172 0.02502844141069397 0.05200945626477541
1 0.18885096700796358 0.6690307328605201 0.02502844141069397 0.05200945626477541
1 0.18885096700796358 0.7399527186761229 0.02502844141069397 0.05200945626477541
1 0.18885096700796358 0.8108747044917257 0.02502844141069397 0.05200945626477541
1 0.18885096700796358 0.8817966903073287 0.02502844141069397 0.05200945626477541
1 0.20477815699658702 0.027186761229314422 0.07622298065984073 0.04018912529550828
2 0.44254835039817975 0.026004728132387706 0.34015927189988626 0.04609929078014184
3 0.6899886234357224 0.4905437352245863 0.12002275312855518 0.02127659574468085
3 0.757679180887372 0.8108747044917257 0.032423208191126277 0.028368794326241134
3 0.7263936291240045 0.8687943262411347 0.17178612059158135 0.02127659574468085
3 0.7263936291240045 0.9196217494089834 0.17178612059158135 0.0425531914893617
3 0.7266780432309442 0.9793144208037825 0.17235494880546076 0.03900709219858156
3 0.18885096700796358 0.40425531914893614 0.02844141069397042 0.027186761229314422
3 0.18885096700796358 0.475177304964539 0.02844141069397042 0.027186761229314422
3 0.18885096700796358 0.5460992907801419 0.02844141069397042 0.027186761229314422
3 0.18885096700796358 0.6170212765957447 0.02844141069397042 0.027186761229314422
3 0.18885096700796358 0.6879432624113475 0.02844141069397042 0.027186761229314422
3 0.18885096700796358 0.7588652482269503 0.02844141069397042 0.027186761229314422
3 0.18885096700796358 0.8297872340425532 0.02844141069397042 0.027186761229314422
3 0.18885096700796358 0.900709219858156 0.02844141069397042 0.027186761229314422
3 0.18885096700796358 0.40425531914893614 0.02844141069397042 0.027186761229314422
3 0.18885096700796358 0.475177304964539 0.02844141069397042 0.027186761229314422
3 0.18885096700796358 0.5460992907801419 0.02844141069397042 0.027186761229314422
3 0.18885096700796358 0.6170212765957447 0.02844141069397042 0.027186761229314422
3 0.18885096700796358 0.6879432624113475 0.02844141069397042 0.027186761229314422
3 0.18885096700796358 0.7588652482269503 0.02844141069397042 0.027186761229314422
3 0.18885096700796358 0.8297872340425532 0.02844141069397042 0.027186761229314422
3 0.18885096700796358 0.900709219858156 0.02844141069397042 0.027186761229314422
3 0.7133105802047781 0.44089834515366433 0.16666666666666666 0.0591016548463357
3 0.7315130830489193 0.6962174940898345 0.17292377701934017 0.02127659574468085
3 0.6860068259385665 0.8085106382978723 0.11149032992036405 0.030732860520094562
3 0.34015927189988626 0.08747044917257683 0.025597269624573378 0.02364066193853428
3 0.37770193401592717 0.08747044917257683 0.02844141069397042 0.02364066193853428
3 0.42775881683731515 0.08747044917257683 0.051194539249146756 0.02364066193853428
3 0.4732650739476678 0.08747044917257683 0.019908987485779295 0.02364066193853428
3 0.5062571103526735 0.08747044917257683 0.025597269624573378 0.02364066193853428
3 0.540386803185438 0.08747044917257683 0.02218430034129693 0.02364066193853428
3 0.2036405005688282 0.06973995271867613 0.06541524459613197 0.02364066193853428
3 0.19908987485779295 0.09219858156028368 0.06541524459613197 0.02364066193853428
3 0.2804323094425484 0.3061465721040189 0.07281001137656427 0.016548463356973995
3 0.36177474402730375 0.3061465721040189 0.06939704209328783 0.016548463356973995