0 0.6078804347826087 0.019187358916478554 0.025543478260869567 0.03837471783295711
0 0.6804347826086956 0.5914221218961625 0.0875 0.05417607223476298
1 0.7432065217391305 0.019751693002257337 0.18532608695652175 0.039503386004514675
1 0.2190217391304348 0.17720090293453725 0.05217391304347826 0.07900677200902935
1 0.21521739130434783 0.35891647855530473 0.02391304347826087 0.04966139954853273
1 0.42228260869565215 0.6128668171557562 0.3804347826086957 0.5643340857787811
1 0.21521739130434783 0.42663656884875845 0.02391304347826087 0.04966139954853273
1 0.21521739130434783 0.49435665914221216 0.02391304347826087 0.04966139954853273
1 0.21521739130434783 0.5620767494356659 0.02391304347826087 0.04966139954853273
1 0.21521739130434783 0.6297968397291196 0.02391304347826087 0.04966139954853273
1 0.21521739130434783 0.6975169300225733 0.02391304347826087 0.04966139954853273
1 0.21521739130434783 0.7652370203160271 0.02391304347826087 0.04966139954853273
1 0.21521739130434783 0.8329571106094809 0.02391304347826087 0.04966139954853273
1 0.7228260869565217 0.9853273137697517 0.05543478260869565 0.020316027088036117
1 0.23070652173913042 0.018623024830699775 0.07336956521739131 0.03724604966139955
2 0.4578804347826087 0.019187358916478554 0.32554347826086955 0.03837471783295711
3 0.6940217391304347 0.45936794582392776 0.11467391304347826 0.020316027088036117
3 0.758695652173913 0.7652370203160271 0.03097826086956522 0.02708803611738149
3 0.7288043478260869 0.8205417607223476 0.1641304347826087 0.020316027088036117
3 0.7288043478260869 0.8690744920993227 0.1641304347826087 0.040632054176072234
3 0.7288043478260869 0.927765237020316 0.1641304347826087 0.040632054176072234
3 0.21521739130434783 0.37697516930022573 0.02717391304347826 0.025959367945823927
3 0.21521739130434783 0.44469525959367945 0.02717391304347826 0.025959367945823927
3 0.21521739130434783 0.5124153498871332 0.02717391304347826 0.025959367945823927
3 0.21521739130434783 0.5801354401805869 0.02717391304347826 0.025959367945823927
3 0.21521739130434783 0.6478555304740407 0.02717391304347826 0.025959367945823927
3 0.21521739130434783 0.7155756207674944 0.02717391304347826 0.025959367945823927
3 0.21521739130434783 0.7832957110609481 0.02717391304347826 0.025959367945823927
3 0.21521739130434783 0.8510158013544018 0.02717391304347826 0.025959367945823927
3 0.21521739130434783 0.37697516930022573 0.02717391304347826 0.025959367945823927
3 0.21521739130434783 0.44469525959367945 0.02717391304347826 0.025959367945823927
3 0.21521739130434783 0.5124153498871332 0.02717391304347826 0.025959367945823927
3 0.21521739130434783 0.5801354401805869 0.02717391304347826 0.025959367945823927
3 0.21521739130434783 0.6478555304740407 0.02717391304347826 0.025959367945823927
3 0.21521739130434783 0.7155756207674944 0.02717391304347826 0.025959367945823927
3 0.21521739130434783 0.7832957110609481 0.02717391304347826 0.025959367945823927
3 0.21521739130434783 0.8510158013544018 0.02717391304347826 0.025959367945823927
3 0.716304347826087 0.41196388261851014 0.1592391304347826 0.056433408577878104
3 0.7336956521739131 0.6557562076749436 0.16521739130434782 0.020316027088036117
3 0.6902173913043478 0.7629796839729119 0.10652173913043478 0.029345372460496615
3 0.35978260869565215 0.0744920993227991 0.024456521739130436 0.022573363431151242
3 0.39565217391304347 0.0744920993227991 0.02717391304347826 0.022573363431151242
3 0.4434782608695652 0.0744920993227991 0.04891304347826087 0.022573363431151242
3 0.48695652173913045 0.0744920993227991 0.019021739130434784 0.022573363431151242
3 0.5184782608695652 0.0744920993227991 0.024456521739130436 0.022573363431151242
3 0.5510869565217391 0.0744920993227991 0.021195652173913043 0.022573363431151242
3 0.22934782608695653 0.05756207674943566 0.0625 0.022573363431151242
3 0.225 0.07900677200902935 0.0625 0.022573363431151242
3 0.3027173913043478 0.2832957110609481 0.06956521739130435 0.01580135440180587
3 0.3804347826086957 0.2832957110609481 0.06630434782608696 0.01580135440180587
3 0.4440217391304348 0.2832957110609481 0.04021739130434782 0.01580135440180587
3 0.483695652173913 0.2832957110609481 0.01956521739130435 0.01580135440180587