0 0.5706521739130435 0.023702031602708805 0.025 0.04401805869074492
0 0.6434782608695652 0.5993227990970654 0.0875 0.05417607223476298
1 0.7059782608695652 0.024830699774266364 0.18478260869565216 0.04401805869074492
1 0.18206521739130435 0.18510158013544017 0.05217391304347826 0.07900677200902935
1 0.1782608695652174 0.36681715575620766 0.02391304347826087 0.04966139954853273
1 0.38532608695652176 0.6207674943566591 0.3804347826086957 0.5643340857787811
1 0.1782608695652174 0.4345372460496614 0.02391304347826087 0.04966139954853273
1 0.1782608695652174 0.5022573363431151 0.02391304347826087 0.04966139954853273
1 0.1782608695652174 0.5699774266365688 0.02391304347826087 0.04966139954853273
1 0.1782608695652174 0.6376975169300225 0.02391304347826087 0.04966139954853273
1 0.1782608695652174 0.7054176072234764 0.02391304347826087 0.04966139954853273
1 0.1782608695652174 0.7731376975169301 0.02391304347826087 0.04966139954853273
1 0.1782608695652174 0.8408577878103838 0.02391304347826087 0.04966139954853273
1 0.686141304347826 0.9909706546275395 0.05597826086956522 0.01580135440180587
1 0.1934782608695652 0.024830699774266364 0.07282608695652174 0.03837471783295711
2 0.4206521739130435 0.023702031602708805 0.325 0.04401805869074492
3 0.6570652173913043 0.4672686230248307 0.11467391304347826 0.020316027088036117
3 0.7217391304347827 0.7731376975169301 0.03097826086956522 0.02708803611738149
3 0.6918478260869565 0.8284424379232506 0.1641304347826087 0.020316027088036117
3 0.6918478260869565 0.8769751693002258 0.1641304347826087 0.040632054176072234
3 0.6918478260869565 0.9356659142212189 0.1641304347826087 0.040632054176072234
3 0.1782608695652174 0.38487584650112866 0.02717391304347826 0.025959367945823927
3 0.1782608695652174 0.4525959367945824 0.02717391304347826 0.025959367945823927
3 0.1782608695652174 0.5203160270880361 0.02717391304347826 0.025959367945823927
3 0.1782608695652174 0.5880361173814899 0.02717391304347826 0.025959367945823927
3 0.1782608695652174 0.6557562076749436 0.02717391304347826 0.025959367945823927
3 0.1782608695652174 0.7234762979683973 0.02717391304347826 0.025959367945823927
3 0.1782608695652174 0.791196388261851 0.02717391304347826 0.025959367945823927
3 0.1782608695652174 0.8589164785553047 0.02717391304347826 0.025959367945823927
3 0.1782608695652174 0.38487584650112866 0.02717391304347826 0.025959367945823927
3 0.1782608695652174 0.4525959367945824 0.02717391304347826 0.025959367945823927
3 0.1782608695652174 0.5203160270880361 0.02717391304347826 0.025959367945823927
3 0.1782608695652174 0.5880361173814899 0.02717391304347826 0.025959367945823927
3 0.1782608695652174 0.6557562076749436 0.02717391304347826 0.025959367945823927
3 0.1782608695652174 0.7234762979683973 0.02717391304347826 0.025959367945823927
3 0.1782608695652174 0.791196388261851 0.02717391304347826 0.025959367945823927
3 0.1782608695652174 0.8589164785553047 0.02717391304347826 0.025959367945823927
3 0.6793478260869565 0.4198645598194131 0.1592391304347826 0.056433408577878104
3 0.6967391304347826 0.6636568848758465 0.16521739130434782 0.020316027088036117
3 0.6532608695652173 0.7708803611738149 0.10652173913043478 0.029345372460496615
3 0.32282608695652176 0.08239277652370203 0.024456521739130436 0.022573363431151242
3 0.358695652173913 0.08239277652370203 0.02717391304347826 0.022573363431151242
3 0.40652173913043477 0.08239277652370203 0.04891304347826087 0.022573363431151242
3 0.45 0.08239277652370203 0.019021739130434784 0.022573363431151242
3 0.4815217391304348 0.08239277652370203 0.024456521739130436 0.022573363431151242
3 0.5141304347826087 0.08239277652370203 0.021195652173913043 0.022573363431151242
3 0.1923913043478261 0.0654627539503386 0.0625 0.022573363431151242
3 0.18804347826086956 0.08690744920993228 0.0625 0.022573363431151242
3 0.2657608695652174 0.291196388261851 0.06956521739130435 0.01580135440180587
3 0.34347826086956523 0.291196388261851 0.06630434782608696 0.01580135440180587
3 0.40706521739130436 0.291196388261851 0.04021739130434782 0.01580135440180587
3 0.4467391304347826 0.291196388261851 0.01956521739130435 0.01580135440180587