0 0.61353591160221 0.006880733944954129 0.025966850828729283 0.013761467889908258
0 0.687292817679558 0.5756880733944955 0.08895027624309393 0.05504587155963303
1 0.7511049723756906 0.007454128440366973 0.18839779005524862 0.014908256880733946
1 0.21823204419889503 0.15481651376146788 0.05303867403314917 0.08027522935779817
1 0.2143646408839779 0.3394495412844037 0.02430939226519337 0.05045871559633028
1 0.4248618784530387 0.5974770642201835 0.3867403314917127 0.573394495412844
1 0.2143646408839779 0.40825688073394495 0.02430939226519337 0.05045871559633028
1 0.2143646408839779 0.47706422018348627 0.02430939226519337 0.05045871559633028
1 0.2143646408839779 0.5458715596330275 0.02430939226519337 0.05045871559633028
1 0.2143646408839779 0.6146788990825688 0.02430939226519337 0.05045871559633028
1 0.2143646408839779 0.6834862385321101 0.02430939226519337 0.05045871559633028
1 0.2143646408839779 0.7522935779816514 0.02430939226519337 0.05045871559633028
1 0.2143646408839779 0.8211009174311926 0.02430939226519337 0.05045871559633028
1 0.7303867403314918 0.9759174311926605 0.056353591160221 0.020642201834862386
1 0.23011049723756907 0.006307339449541285 0.07458563535911603 0.01261467889908257
2 0.46104972375690606 0.006880733944954129 0.330939226519337 0.013761467889908258
3 0.7011049723756906 0.4415137614678899 0.11657458563535912 0.020642201834862386
3 0.7668508287292818 0.7522935779816514 0.03149171270718232 0.027522935779816515
3 0.7364640883977901 0.8084862385321101 0.16685082872928178 0.020642201834862386
3 0.7364640883977901 0.8577981651376146 0.16685082872928178 0.04128440366972477
3 0.7364640883977901 0.9174311926605505 0.16685082872928178 0.04128440366972477
3 0.2143646408839779 0.3577981651376147 0.027624309392265192 0.026376146788990827
3 0.2143646408839779 0.42660550458715596 0.027624309392265192 0.026376146788990827
3 0.2143646408839779 0.4954128440366973 0.027624309392265192 0.026376146788990827
3 0.2143646408839779 0.5642201834862385 0.027624309392265192 0.026376146788990827
3 0.2143646408839779 0.6330275229357798 0.027624309392265192 0.026376146788990827
3 0.2143646408839779 0.7018348623853211 0.027624309392265192 0.026376146788990827
3 0.2143646408839779 0.7706422018348624 0.027624309392265192 0.026376146788990827
3 0.2143646408839779 0.8394495412844036 0.027624309392265192 0.026376146788990827
3 0.2143646408839779 0.3577981651376147 0.027624309392265192 0.026376146788990827
3 0.2143646408839779 0.42660550458715596 0.027624309392265192 0.026376146788990827
3 0.2143646408839779 0.4954128440366973 0.027624309392265192 0.026376146788990827
3 0.2143646408839779 0.5642201834862385 0.027624309392265192 0.026376146788990827
3 0.2143646408839779 0.6330275229357798 0.027624309392265192 0.026376146788990827
3 0.2143646408839779 0.7018348623853211 0.027624309392265192 0.026376146788990827
3 0.2143646408839779 0.7706422018348624 0.027624309392265192 0.026376146788990827
3 0.2143646408839779 0.8394495412844036 0.027624309392265192 0.026376146788990827
3 0.7237569060773481 0.393348623853211 0.16187845303867404 0.05733944954128441
3 0.7414364640883978 0.6410550458715596 0.16795580110497238 0.020642201834862386
3 0.6972375690607735 0.75 0.10828729281767956 0.02981651376146789
3 0.36132596685082874 0.05045871559633028 0.024861878453038673 0.022935779816513763
3 0.39779005524861877 0.05045871559633028 0.027624309392265192 0.022935779816513763
3 0.44640883977900553 0.05045871559633028 0.049723756906077346 0.022935779816513763
3 0.49060773480662984 0.05045871559633028 0.019337016574585635 0.022935779816513763
3 0.5226519337016574 0.05045871559633028 0.024861878453038673 0.022935779816513763
3 0.5558011049723757 0.05045871559633028 0.02154696132596685 0.022935779816513763
3 0.2287292817679558 0.033256880733944956 0.06353591160220995 0.022935779816513763
3 0.22430939226519336 0.05504587155963303 0.06353591160220995 0.022935779816513763
3 0.3033149171270718 0.2626146788990826 0.0707182320441989 0.016055045871559634
3 0.38232044198895027 0.2626146788990826 0.06740331491712707 0.016055045871559634
3 0.44696132596685084 0.2626146788990826 0.04088397790055249 0.016055045871559634
3 0.487292817679558 0.2626146788990826 0.019889502762430938 0.016055045871559634