0 0.584375 0.02918918918918919 0.023958333333333335 0.04216216216216216
0 0.8036458333333333 0.1837837837837838 0.025 0.05189189189189189
1 0.7140625 0.03027027027027027 0.17708333333333334 0.04216216216216216
1 0.3796875 0.16 0.025 0.05189189189189189
1 0.45677083333333335 0.16 0.025 0.05189189189189189
1 0.5338541666666666 0.16 0.025 0.05189189189189189
1 0.6109375 0.16 0.025 0.05189189189189189
1 0.6880208333333333 0.16 0.025 0.05189189189189189
1 0.7651041666666667 0.16 0.025 0.05189189189189189
1 0.41302083333333334 0.44756756756756755 0.14791666666666667 0.307027027027027
1 0.5692708333333333 0.44756756756756755 0.14739583333333334 0.307027027027027
1 0.7255208333333333 0.44756756756756755 0.14791666666666667 0.307027027027027
2 0.440625 0.02918918918918919 0.31145833333333334 0.04216216216216216
3 0.1828125 0 0 0
3 0.22291666666666668 0.03027027027027027 0.06979166666666667 0.036756756756756756
3 0.6729166666666667 0.08540540540540541 0.057291666666666664 0.021621621621621623
3 0.71875 0.08540540540540541 0.034375 0.021621621621621623
3 0.7609375 0.08540540540540541 0.050520833333333334 0.021621621621621623
3 0.21770833333333334 0.07783783783783783 0.06927083333333334 0.043243243243243246
3 0.30520833333333336 0.08540540540540541 0.04114583333333333 0.021621621621621623
3 0.346875 0.08540540540540541 0.0234375 0.021621621621621623
3 0.38125 0.08540540540540541 0.026041666666666668 0.021621621621621623
3 0.4270833333333333 0.08540540540540541 0.046875 0.021621621621621623
3 0.46875 0.08540540540540541 0.018229166666666668 0.021621621621621623
3 0.49895833333333334 0.08540540540540541 0.0234375 0.021621621621621623
3 0.5302083333333333 0.08540540540540541 0.0203125 0.021621621621621623
3 0.7963541666666667 0.08324324324324324 0.013020833333333334 0.022702702702702703
3 0.7140625 0.03351351351351351 0.17708333333333334 0.04756756756756757
3 0.2640625 0.1837837837837838 0.15416666666666667 0.15135135135135136
3 0.21666666666666667 0.36972972972972973 0.059895833333333336 0.02918918918918919
3 0.2557291666666667 0.5654054054054054 0.1375 0.012972972972972972
3 0.2557291666666667 0.5924324324324325 0.1375 0.012972972972972972
3 0.2557291666666667 0.6194594594594595 0.1375 0.012972972972972972
3 0.2557291666666667 0.6464864864864864 0.1375 0.012972972972972972
3 0.2557291666666667 0.6735135135135135 0.1375 0.012972972972972972
3 0.2557291666666667 0.7005405405405405 0.1375 0.012972972972972972
3 0.2557291666666667 0.7275675675675676 0.1375 0.012972972972972972
3 0.2557291666666667 0.7545945945945945 0.1375 0.012972972972972972
3 0.2557291666666667 0.7816216216216216 0.1375 0.012972972972972972
3 0.2557291666666667 0.8086486486486486 0.1375 0.012972972972972972
3 0.2557291666666667 0.8356756756756757 0.1375 0.012972972972972972
3 0.2557291666666667 0.8627027027027027 0.1375 0.012972972972972972
3 0.2557291666666667 0.8897297297297297 0.1375 0.012972972972972972
3 0.2557291666666667 0.9167567567567567 0.1375 0.012972972972972972
3 0.2557291666666667 0.9437837837837838 0.1375 0.012972972972972972
3 0.2557291666666667 0.9708108108108108 0.1375 0.012972972972972972
3 0.41302083333333334 0.5708108108108109 0.14791666666666667 0.5535135135135135
3 0.5692708333333333 0.5708108108108109 0.14739583333333334 0.5535135135135135
3 0.7255208333333333 0.5708108108108109 0.14791666666666667 0.5535135135135135
3 0.3796875 0.21621621621621623 0.052083333333333336 0.034594594594594595
3 0.45677083333333335 0.21621621621621623 0.052083333333333336 0.034594594594594595
3 0.5338541666666666 0.21621621621621623 0.046875 0.034594594594594595
3 0.6109375 0.21621621621621623 0.030208333333333334 0.034594594594594595
3 0.6880208333333333 0.21621621621621623 0.035416666666666666 0.034594594594594595
3 0.7651041666666667 0.21621621621621623 0.052083333333333336 0.034594594594594595
3 0.2557291666666667 0.33405405405405403 0.1375 0.016216216216216217
3 0.41302083333333334 0.7708108108108108 0.12708333333333333 0.03891891891891892
3 0.5692708333333333 0.7708108108108108 0.1265625 0.03891891891891892
3 0.7255208333333333 0.7491891891891892 0.12708333333333333 0.03891891891891892
3 0.28541666666666665 0.45297297297297295 0 0.023783783783783784
3 0.28541666666666665 0.45297297297297295 0 0.023783783783783784
3 0.2557291666666667 0.17189189189189188 0.1375 0.04432432432432432
3 0.2557291666666667 0.30486486486486486 0.1375 0.021621621621621623
3 0.2557291666666667 0.5372972972972972 0.1375 0.021621621621621623