0 0.5940217391304348 0.025959367945823927 0.025 0.04401805869074492
0 0.8228260869565217 0.1873589164785553 0.02608695652173913 0.05417607223476298
1 0.7293478260869565 0.02708803611738149 0.18478260869565216 0.04401805869074492
1 0.3804347826086957 0.16252821670428894 0.02608695652173913 0.05417607223476298
1 0.4608695652173913 0.16252821670428894 0.02608695652173913 0.05417607223476298
1 0.5413043478260869 0.16252821670428894 0.02608695652173913 0.05417607223476298
1 0.6217391304347826 0.16252821670428894 0.02608695652173913 0.05417607223476298
1 0.7021739130434783 0.16252821670428894 0.02608695652173913 0.05417607223476298
1 0.782608695652174 0.16252821670428894 0.02608695652173913 0.05417607223476298
1 0.4152173913043478 0.46275395033860045 0.15434782608695652 0.32054176072234764
1 0.5782608695652174 0.46275395033860045 0.15380434782608696 0.32054176072234764
1 0.741304347826087 0.46275395033860045 0.15434782608695652 0.32054176072234764
1 0.21684782608695652 0.02708803611738149 0.07282608695652174 0.03837471783295711
2 0.4440217391304348 0.025959367945823927 0.325 0.04401805869074492
3 0.3804347826086957 0.22121896162528218 0.05434782608695652 0.03611738148984198
3 0.4608695652173913 0.22121896162528218 0.05434782608695652 0.03611738148984198
3 0.5413043478260869 0.22121896162528218 0.04891304347826087 0.03611738148984198
3 0.6217391304347826 0.22121896162528218 0.03152173913043478 0.03611738148984198
3 0.7021739130434783 0.22121896162528218 0.04456521739130435 0.03611738148984198
3 0.782608695652174 0.22121896162528218 0.05434782608695652 0.03611738148984198
3 0.2510869565217391 0.3442437923250564 0.14347826086956522 0.016930022573363433
3 0.4152173913043478 0.8002257336343115 0.13260869565217392 0.040632054176072234
3 0.5782608695652174 0.8002257336343115 0.13206521739130433 0.040632054176072234
3 0.741304347826087 0.8002257336343115 0.13260869565217392 0.040632054176072234
3 0.2510869565217391 0.17494356659142213 0.14347826086956522 0.046275395033860044
3 0.2510869565217391 0.31376975169300225 0.14347826086956522 0.022573363431151242
3 0.2510869565217391 0.5564334085778782 0.14347826086956522 0.022573363431151242
3 0.34619565217391307 0.08465011286681716 0.024456521739130436 0.022573363431151242
3 0.38206521739130433 0.08465011286681716 0.02717391304347826 0.022573363431151242
3 0.4298913043478261 0.08465011286681716 0.04891304347826087 0.022573363431151242
3 0.4733695652173913 0.08465011286681716 0.019021739130434784 0.022573363431151242
3 0.5048913043478261 0.08465011286681716 0.024456521739130436 0.022573363431151242
3 0.5375 0.08465011286681716 0.021195652173913043 0.022573363431151242
3 0.2157608695652174 0.06772009029345373 0.0625 0.022573363431151242
3 0.21141304347826087 0.08916478555304741 0.0625 0.022573363431151242
3 0.2510869565217391 0.5857787810383747 0.14347826086956522 0.013544018058690745
3 0.2510869565217391 0.6139954853273137 0.14347826086956522 0.013544018058690745
3 0.2510869565217391 0.6422121896162528 0.14347826086956522 0.013544018058690745
3 0.2510869565217391 0.6704288939051919 0.14347826086956522 0.013544018058690745
3 0.2510869565217391 0.698645598194131 0.14347826086956522 0.013544018058690745
3 0.2510869565217391 0.7268623024830699 0.14347826086956522 0.013544018058690745
3 0.2510869565217391 0.755079006772009 0.14347826086956522 0.013544018058690745
3 0.2510869565217391 0.7832957110609481 0.14347826086956522 0.013544018058690745
3 0.2510869565217391 0.8115124153498872 0.14347826086956522 0.013544018058690745
3 0.2510869565217391 0.8397291196388262 0.14347826086956522 0.013544018058690745
3 0.2510869565217391 0.8679458239277652 0.14347826086956522 0.013544018058690745
3 0.2510869565217391 0.8961625282167043 0.14347826086956522 0.013544018058690745
3 0.2510869565217391 0.9243792325056434 0.14347826086956522 0.013544018058690745
3 0.2510869565217391 0.9525959367945824 0.14347826086956522 0.013544018058690745
3 0.2510869565217391 0.9808126410835214 0.14347826086956522 0.013544018058690745